# id	 time	 x	 y	 vx	 vy
0	  0.000	  1.087	  1.000	  0.010	  0.010
1	  0.000	  3.261	  1.000	  0.010	  0.010
2	  0.000	  5.435	  1.000	  0.010	  0.010
3	  0.000	  7.609	  1.000	  0.010	  0.010
4	  0.000	  9.783	  1.000	  0.010	  0.010
5	  0.000	 11.957	  1.000	  0.010	  0.010
6	  0.000	 14.130	  1.000	  0.010	  0.010
7	  0.000	 16.304	  1.000	  0.010	  0.010
8	  0.000	 18.478	  1.000	  0.010	  0.010
9	  0.000	 20.652	  1.000	  0.010	  0.010
10	  0.000	 22.826	  1.000	  0.010	  0.010
11	  0.000	 25.000	  1.000	  0.010	  0.010
12	  0.000	 27.174	  1.000	  0.010	  0.010
13	  0.000	 29.348	  1.000	  0.010	  0.010
14	  0.000	 31.522	  1.000	  0.010	  0.010
15	  0.000	 33.696	  1.000	  0.010	  0.010
16	  0.000	 35.870	  1.000	  0.010	  0.010
17	  0.000	 38.043	  1.000	  0.010	  0.010
18	  0.000	 40.217	  1.000	  0.010	  0.010
19	  0.000	 42.391	  1.000	  0.010	  0.010
20	  0.000	 44.565	  1.000	  0.010	  0.010
21	  0.000	 46.739	  1.000	  0.010	  0.010
22	  0.000	 48.913	  1.000	  0.010	  0.010
23	  0.000	 51.087	  1.000	  0.010	  0.010
24	  0.000	 53.261	  1.000	  0.010	  0.010
25	  0.000	 55.435	  1.000	  0.010	  0.010
26	  0.000	 57.609	  1.000	  0.010	  0.010
27	  0.000	 59.783	  1.000	  0.010	  0.010
28	  0.000	 61.957	  1.000	  0.010	  0.010
29	  0.000	 64.130	  1.000	  0.010	  0.010
30	  0.000	 66.304	  1.000	  0.010	  0.010
31	  0.000	 68.478	  1.000	  0.010	  0.010
32	  0.000	 70.652	  1.000	  0.010	  0.010
33	  0.000	 72.826	  1.000	  0.010	  0.010
34	  0.000	 75.000	  1.000	  0.010	  0.010
35	  0.000	 77.174	  1.000	  0.010	  0.010
36	  0.000	 79.348	  1.000	  0.010	  0.010
37	  0.000	 81.522	  1.000	  0.010	  0.010
38	  0.000	 83.696	  1.000	  0.010	  0.010
39	  0.000	 85.870	  1.000	  0.010	  0.010
40	  0.000	 88.043	  1.000	  0.010	  0.010
41	  0.000	 90.217	  1.000	  0.010	  0.010
42	  0.000	 92.391	  1.000	  0.010	  0.010
43	  0.000	 94.565	  1.000	  0.010	  0.010
44	  0.000	 96.739	  1.000	  0.010	  0.010
45	  0.000	 98.913	  1.000	  0.010	  0.010
0	  0.120	  1.107	  1.001	  0.331	  0.008
1	  0.120	  3.280	  1.001	  0.331	  0.008
2	  0.120	  5.454	  1.001	  0.331	  0.008
3	  0.120	  7.628	  1.001	  0.331	  0.008
4	  0.120	  9.802	  1.001	  0.331	  0.008
5	  0.120	 11.976	  1.001	  0.331	  0.008
6	  0.120	 14.150	  1.001	  0.331	  0.008
7	  0.120	 16.324	  1.001	  0.331	  0.008
8	  0.120	 18.498	  1.001	  0.331	  0.008
9	  0.120	 20.672	  1.001	  0.331	  0.008
10	  0.120	 22.846	  1.001	  0.331	  0.008
11	  0.120	 25.020	  1.001	  0.331	  0.008
12	  0.120	 27.194	  1.001	  0.331	  0.008
13	  0.120	 29.367	  1.001	  0.331	  0.008
14	  0.120	 31.541	  1.001	  0.331	  0.008
15	  0.120	 33.715	  1.001	  0.331	  0.008
16	  0.120	 35.889	  1.001	  0.331	  0.008
17	  0.120	 38.063	  1.001	  0.331	  0.008
18	  0.120	 40.237	  1.001	  0.331	  0.008
19	  0.120	 42.411	  1.001	  0.331	  0.008
20	  0.120	 44.585	  1.001	  0.331	  0.008
21	  0.120	 46.759	  1.001	  0.331	  0.008
22	  0.120	 48.933	  1.001	  0.331	  0.008
23	  0.120	 51.107	  1.001	  0.331	  0.008
24	  0.120	 53.280	  1.001	  0.331	  0.008
25	  0.120	 55.454	  1.001	  0.331	  0.008
26	  0.120	 57.628	  1.001	  0.331	  0.008
27	  0.120	 59.802	  1.001	  0.331	  0.008
28	  0.120	 61.976	  1.001	  0.331	  0.008
29	  0.120	 64.150	  1.001	  0.331	  0.008
30	  0.120	 66.324	  1.001	  0.331	  0.008
31	  0.120	 68.498	  1.001	  0.331	  0.008
32	  0.120	 70.672	  1.001	  0.331	  0.008
33	  0.120	 72.846	  1.001	  0.331	  0.008
34	  0.120	 75.020	  1.001	  0.331	  0.008
35	  0.120	 77.194	  1.001	  0.331	  0.008
36	  0.120	 79.367	  1.001	  0.331	  0.008
37	  0.120	 81.541	  1.001	  0.331	  0.008
38	  0.120	 83.715	  1.001	  0.331	  0.008
39	  0.120	 85.889	  1.001	  0.331	  0.008
40	  0.120	 88.063	  1.001	  0.331	  0.008
41	  0.120	 90.237	  1.001	  0.331	  0.008
42	  0.120	 92.411	  1.001	  0.331	  0.008
43	  0.120	 94.585	  1.001	  0.331	  0.008
44	  0.120	 96.759	  1.001	  0.331	  0.008
45	  0.120	 98.933	  1.001	  0.331	  0.008
0	  0.240	  1.161	  1.002	  0.582	  0.006
1	  0.240	  3.335	  1.002	  0.582	  0.006
2	  0.240	  5.509	  1.002	  0.582	  0.006
3	  0.240	  7.682	  1.002	  0.582	  0.006
4	  0.240	  9.856	  1.002	  0.582	  0.006
5	  0.240	 12.030	  1.002	  0.582	  0.006
6	  0.240	 14.204	  1.002	  0.582	  0.006
7	  0.240	 16.378	  1.002	  0.582	  0.006
8	  0.240	 18.552	  1.002	  0.582	  0.006
9	  0.240	 20.726	  1.002	  0.582	  0.006
10	  0.240	 22.900	  1.002	  0.582	  0.006
11	  0.240	 25.074	  1.002	  0.582	  0.006
12	  0.240	 27.248	  1.002	  0.582	  0.006
13	  0.240	 29.422	  1.002	  0.582	  0.006
14	  0.240	 31.595	  1.002	  0.582	  0.006
15	  0.240	 33.769	  1.002	  0.582	  0.006
16	  0.240	 35.943	  1.002	  0.582	  0.006
17	  0.240	 38.117	  1.002	  0.582	  0.006
18	  0.240	 40.291	  1.002	  0.582	  0.006
19	  0.240	 42.465	  1.002	  0.582	  0.006
20	  0.240	 44.639	  1.002	  0.582	  0.006
21	  0.240	 46.813	  1.002	  0.582	  0.006
22	  0.240	 48.987	  1.002	  0.582	  0.006
23	  0.240	 51.161	  1.002	  0.582	  0.006
24	  0.240	 53.335	  1.002	  0.582	  0.006
25	  0.240	 55.509	  1.002	  0.582	  0.006
26	  0.240	 57.682	  1.002	  0.582	  0.006
27	  0.240	 59.856	  1.002	  0.582	  0.006
28	  0.240	 62.030	  1.002	  0.582	  0.006
29	  0.240	 64.204	  1.002	  0.582	  0.006
30	  0.240	 66.378	  1.002	  0.582	  0.006
31	  0.240	 68.552	  1.002	  0.582	  0.006
32	  0.240	 70.726	  1.002	  0.582	  0.006
33	  0.240	 72.900	  1.002	  0.582	  0.006
34	  0.240	 75.074	  1.002	  0.582	  0.006
35	  0.240	 77.248	  1.002	  0.582	  0.006
36	  0.240	 79.422	  1.002	  0.582	  0.006
37	  0.240	 81.595	  1.002	  0.582	  0.006
38	  0.240	 83.769	  1.002	  0.582	  0.006
39	  0.240	 85.943	  1.002	  0.582	  0.006
40	  0.240	 88.117	  1.002	  0.582	  0.006
41	  0.240	 90.291	  1.002	  0.582	  0.006
42	  0.240	 92.465	  1.002	  0.582	  0.006
43	  0.240	 94.639	  1.002	  0.582	  0.006
44	  0.240	 96.813	  1.002	  0.582	  0.006
45	  0.240	 98.987	  1.002	  0.582	  0.006
0	  0.360	  1.242	  1.003	  0.780	  0.005
1	  0.360	  3.416	  1.003	  0.780	  0.005
2	  0.360	  5.590	  1.003	  0.780	  0.005
3	  0.360	  7.764	  1.003	  0.780	  0.005
4	  0.360	  9.938	  1.003	  0.780	  0.005
5	  0.360	 12.112	  1.003	  0.780	  0.005
6	  0.360	 14.285	  1.003	  0.780	  0.005
7	  0.360	 16.459	  1.003	  0.780	  0.005
8	  0.360	 18.633	  1.003	  0.780	  0.005
9	  0.360	 20.807	  1.003	  0.780	  0.005
10	  0.360	 22.981	  1.003	  0.780	  0.005
11	  0.360	 25.155	  1.003	  0.780	  0.005
12	  0.360	 27.329	  1.003	  0.780	  0.005
13	  0.360	 29.503	  1.003	  0.780	  0.005
14	  0.360	 31.677	  1.003	  0.780	  0.005
15	  0.360	 33.851	  1.003	  0.780	  0.005
16	  0.360	 36.025	  1.003	  0.780	  0.005
17	  0.360	 38.198	  1.003	  0.780	  0.005
18	  0.360	 40.372	  1.003	  0.780	  0.005
19	  0.360	 42.546	  1.003	  0.780	  0.005
20	  0.360	 44.720	  1.003	  0.780	  0.005
21	  0.360	 46.894	  1.003	  0.780	  0.005
22	  0.360	 49.068	  1.003	  0.780	  0.005
23	  0.360	 51.242	  1.003	  0.780	  0.005
24	  0.360	 53.416	  1.003	  0.780	  0.005
25	  0.360	 55.590	  1.003	  0.780	  0.005
26	  0.360	 57.764	  1.003	  0.780	  0.005
27	  0.360	 59.938	  1.003	  0.780	  0.005
28	  0.360	 62.112	  1.003	  0.780	  0.005
29	  0.360	 64.285	  1.003	  0.780	  0.005
30	  0.360	 66.459	  1.003	  0.780	  0.005
31	  0.360	 68.633	  1.003	  0.780	  0.005
32	  0.360	 70.807	  1.003	  0.780	  0.005
33	  0.360	 72.981	  1.003	  0.780	  0.005
34	  0.360	 75.155	  1.003	  0.780	  0.005
35	  0.360	 77.329	  1.003	  0.780	  0.005
36	  0.360	 79.503	  1.003	  0.780	  0.005
37	  0.360	 81.677	  1.003	  0.780	  0.005
38	  0.360	 83.851	  1.003	  0.780	  0.005
39	  0.360	 86.025	  1.003	  0.780	  0.005
40	  0.360	 88.198	  1.003	  0.780	  0.005
41	  0.360	 90.372	  1.003	  0.780	  0.005
42	  0.360	 92.546	  1.003	  0.780	  0.005
43	  0.360	 94.720	  1.003	  0.780	  0.005
44	  0.360	 96.894	  1.003	  0.780	  0.005
45	  0.360	 99.068	  1.003	  0.780	  0.005
0	  0.480	  1.344	  1.003	  0.935	  0.004
1	  0.480	  3.518	  1.003	  0.935	  0.004
2	  0.480	  5.692	  1.003	  0.935	  0.004
3	  0.480	  7.866	  1.003	  0.935	  0.004
4	  0.480	 10.040	  1.003	  0.935	  0.004
5	  0.480	 12.214	  1.003	  0.935	  0.004
6	  0.480	 14.388	  1.003	  0.935	  0.004
7	  0.480	 16.562	  1.003	  0.935	  0.004
8	  0.480	 18.736	  1.003	  0.935	  0.004
9	  0.480	 20.910	  1.003	  0.935	  0.004
10	  0.480	 23.084	  1.003	  0.935	  0.004
11	  0.480	 25.257	  1.003	  0.935	  0.004
12	  0.480	 27.431	  1.003	  0.935	  0.004
13	  0.480	 29.605	  1.003	  0.935	  0.004
14	  0.480	 31.779	  1.003	  0.935	  0.004
15	  0.480	 33.953	  1.003	  0.935	  0.004
16	  0.480	 36.127	  1.003	  0.935	  0.004
17	  0.480	 38.301	  1.003	  0.935	  0.004
18	  0.480	 40.475	  1.003	  0.935	  0.004
19	  0.480	 42.649	  1.003	  0.935	  0.004
20	  0.480	 44.823	  1.003	  0.935	  0.004
21	  0.480	 46.997	  1.003	  0.935	  0.004
22	  0.480	 49.171	  1.003	  0.935	  0.004
23	  0.480	 51.344	  1.003	  0.935	  0.004
24	  0.480	 53.518	  1.003	  0.935	  0.004
25	  0.480	 55.692	  1.003	  0.935	  0.004
26	  0.480	 57.866	  1.003	  0.935	  0.004
27	  0.480	 60.040	  1.003	  0.935	  0.004
28	  0.480	 62.214	  1.003	  0.935	  0.004
29	  0.480	 64.388	  1.003	  0.935	  0.004
30	  0.480	 66.562	  1.003	  0.935	  0.004
31	  0.480	 68.736	  1.003	  0.935	  0.004
32	  0.480	 70.910	  1.003	  0.935	  0.004
33	  0.480	 73.084	  1.003	  0.935	  0.004
34	  0.480	 75.257	  1.003	  0.935	  0.004
35	  0.480	 77.431	  1.003	  0.935	  0.004
36	  0.480	 79.605	  1.003	  0.935	  0.004
37	  0.480	 81.779	  1.003	  0.935	  0.004
38	  0.480	 83.953	  1.003	  0.935	  0.004
39	  0.480	 86.127	  1.003	  0.935	  0.004
40	  0.480	 88.301	  1.003	  0.935	  0.004
41	  0.480	 90.475	  1.003	  0.935	  0.004
42	  0.480	 92.649	  1.003	  0.935	  0.004
43	  0.480	 94.823	  1.003	  0.935	  0.004
44	  0.480	 96.997	  1.003	  0.935	  0.004
45	  0.480	 99.171	  1.003	  0.935	  0.004
0	  0.600	  1.464	  1.004	  1.057	  0.003
1	  0.600	  3.638	  1.004	  1.057	  0.003
2	  0.600	  5.811	  1.004	  1.057	  0.003
3	  0.600	  7.985	  1.004	  1.057	  0.003
4	  0.600	 10.159	  1.004	  1.057	  0.003
5	  0.600	 12.333	  1.004	  1.057	  0.003
6	  0.600	 14.507	  1.004	  1.057	  0.003
7	  0.600	 16.681	  1.004	  1.057	  0.003
8	  0.600	 18.855	  1.004	  1.057	  0.003
9	  0.600	 21.029	  1.004	  1.057	  0.003
10	  0.600	 23.203	  1.004	  1.057	  0.003
11	  0.600	 25.377	  1.004	  1.057	  0.003
12	  0.600	 27.551	  1.004	  1.057	  0.003
13	  0.600	 29.724	  1.004	  1.057	  0.003
14	  0.600	 31.898	  1.004	  1.057	  0.003
15	  0.600	 34.072	  1.004	  1.057	  0.003
16	  0.600	 36.246	  1.004	  1.057	  0.003
17	  0.600	 38.420	  1.004	  1.057	  0.003
18	  0.600	 40.594	  1.004	  1.057	  0.003
19	  0.600	 42.768	  1.004	  1.057	  0.003
20	  0.600	 44.942	  1.004	  1.057	  0.003
21	  0.600	 47.116	  1.004	  1.057	  0.003
22	  0.600	 49.290	  1.004	  1.057	  0.003
23	  0.600	 51.464	  1.004	  1.057	  0.003
24	  0.600	 53.638	  1.004	  1.057	  0.003
25	  0.600	 55.811	  1.004	  1.057	  0.003
26	  0.600	 57.985	  1.004	  1.057	  0.003
27	  0.600	 60.159	  1.004	  1.057	  0.003
28	  0.600	 62.333	  1.004	  1.057	  0.003
29	  0.600	 64.507	  1.004	  1.057	  0.003
30	  0.600	 66.681	  1.004	  1.057	  0.003
31	  0.600	 68.855	  1.004	  1.057	  0.003
32	  0.600	 71.029	  1.004	  1.057	  0.003
33	  0.600	 73.203	  1.004	  1.057	  0.003
34	  0.600	 75.377	  1.004	  1.057	  0.003
35	  0.600	 77.551	  1.004	  1.057	  0.003
36	  0.600	 79.724	  1.004	  1.057	  0.003
37	  0.600	 81.898	  1.004	  1.057	  0.003
38	  0.600	 84.072	  1.004	  1.057	  0.003
39	  0.600	 86.246	  1.004	  1.057	  0.003
40	  0.600	 88.420	  1.004	  1.057	  0.003
41	  0.600	 90.594	  1.004	  1.057	  0.003
42	  0.600	 92.768	  1.004	  1.057	  0.003
43	  0.600	 94.942	  1.004	  1.057	  0.003
44	  0.600	 97.116	  1.004	  1.057	  0.003
45	  0.600	 99.290	  1.004	  1.057	  0.003
0	  0.720	  1.596	  1.004	  1.152	  0.002
1	  0.720	  3.770	  1.004	  1.152	  0.002
2	  0.720	  5.944	  1.004	  1.152	  0.002
3	  0.720	  8.118	  1.004	  1.152	  0.002
4	  0.720	 10.292	  1.004	  1.152	  0.002
5	  0.720	 12.465	  1.004	  1.152	  0.002
6	  0.720	 14.639	  1.004	  1.152	  0.002
7	  0.720	 16.813	  1.004	  1.152	  0.002
8	  0.720	 18.987	  1.004	  1.152	  0.002
9	  0.720	 21.161	  1.004	  1.152	  0.002
10	  0.720	 23.335	  1.004	  1.152	  0.002
11	  0.720	 25.509	  1.004	  1.152	  0.002
12	  0.720	 27.683	  1.004	  1.152	  0.002
13	  0.720	 29.857	  1.004	  1.152	  0.002
14	  0.720	 32.031	  1.004	  1.152	  0.002
15	  0.720	 34.205	  1.004	  1.152	  0.002
16	  0.720	 36.378	  1.004	  1.152	  0.002
17	  0.720	 38.552	  1.004	  1.152	  0.002
18	  0.720	 40.726	  1.004	  1.152	  0.002
19	  0.720	 42.900	  1.004	  1.152	  0.002
20	  0.720	 45.074	  1.004	  1.152	  0.002
21	  0.720	 47.248	  1.004	  1.152	  0.002
22	  0.720	 49.422	  1.004	  1.152	  0.002
23	  0.720	 51.596	  1.004	  1.152	  0.002
24	  0.720	 53.770	  1.004	  1.152	  0.002
25	  0.720	 55.944	  1.004	  1.152	  0.002
26	  0.720	 58.118	  1.004	  1.152	  0.002
27	  0.720	 60.292	  1.004	  1.152	  0.002
28	  0.720	 62.465	  1.004	  1.152	  0.002
29	  0.720	 64.639	  1.004	  1.152	  0.002
30	  0.720	 66.813	  1.004	  1.152	  0.002
31	  0.720	 68.987	  1.004	  1.152	  0.002
32	  0.720	 71.161	  1.004	  1.152	  0.002
33	  0.720	 73.335	  1.004	  1.152	  0.002
34	  0.720	 75.509	  1.004	  1.152	  0.002
35	  0.720	 77.683	  1.004	  1.152	  0.002
36	  0.720	 79.857	  1.004	  1.152	  0.002
37	  0.720	 82.031	  1.004	  1.152	  0.002
38	  0.720	 84.205	  1.004	  1.152	  0.002
39	  0.720	 86.378	  1.004	  1.152	  0.002
40	  0.720	 88.552	  1.004	  1.152	  0.002
41	  0.720	 90.726	  1.004	  1.152	  0.002
42	  0.720	 92.900	  1.004	  1.152	  0.002
43	  0.720	 95.074	  1.004	  1.152	  0.002
44	  0.720	 97.248	  1.004	  1.152	  0.002
45	  0.720	 99.422	  1.004	  1.152	  0.002
0	  0.840	  1.738	  1.004	  1.227	  0.002
1	  0.840	  3.912	  1.004	  1.227	  0.002
2	  0.840	  6.086	  1.004	  1.227	  0.002
3	  0.840	  8.260	  1.004	  1.227	  0.002
4	  0.840	 10.434	  1.004	  1.227	  0.002
5	  0.840	 12.608	  1.004	  1.227	  0.002
6	  0.840	 14.782	  1.004	  1.227	  0.002
7	  0.840	 16.956	  1.004	  1.227	  0.002
8	  0.840	 19.130	  1.004	  1.227	  0.002
9	  0.840	 21.304	  1.004	  1.227	  0.002
10	  0.840	 23.478	  1.004	  1.227	  0.002
11	  0.840	 25.651	  1.004	  1.227	  0.002
12	  0.840	 27.825	  1.004	  1.227	  0.002
13	  0.840	 29.999	  1.004	  1.227	  0.002
14	  0.840	 32.173	  1.004	  1.227	  0.002
15	  0.840	 34.347	  1.004	  1.227	  0.002
16	  0.840	 36.521	  1.004	  1.227	  0.002
17	  0.840	 38.695	  1.004	  1.227	  0.002
18	  0.840	 40.869	  1.004	  1.227	  0.002
19	  0.840	 43.043	  1.004	  1.227	  0.002
20	  0.840	 45.217	  1.004	  1.227	  0.002
21	  0.840	 47.391	  1.004	  1.227	  0.002
22	  0.840	 49.565	  1.004	  1.227	  0.002
23	  0.840	 51.738	  1.004	  1.227	  0.002
24	  0.840	 53.912	  1.004	  1.227	  0.002
25	  0.840	 56.086	  1.004	  1.227	  0.002
26	  0.840	 58.260	  1.004	  1.227	  0.002
27	  0.840	 60.434	  1.004	  1.227	  0.002
28	  0.840	 62.608	  1.004	  1.227	  0.002
29	  0.840	 64.782	  1.004	  1.227	  0.002
30	  0.840	 66.956	  1.004	  1.227	  0.002
31	  0.840	 69.130	  1.004	  1.227	  0.002
32	  0.840	 71.304	  1.004	  1.227	  0.002
33	  0.840	 73.478	  1.004	  1.227	  0.002
34	  0.840	 75.651	  1.004	  1.227	  0.002
35	  0.840	 77.825	  1.004	  1.227	  0.002
36	  0.840	 79.999	  1.004	  1.227	  0.002
37	  0.840	 82.173	  1.004	  1.227	  0.002
38	  0.840	 84.347	  1.004	  1.227	  0.002
39	  0.840	 86.521	  1.004	  1.227	  0.002
40	  0.840	 88.695	  1.004	  1.227	  0.002
41	  0.840	 90.869	  1.004	  1.227	  0.002
42	  0.840	 93.043	  1.004	  1.227	  0.002
43	  0.840	 95.217	  1.004	  1.227	  0.002
44	  0.840	 97.391	  1.004	  1.227	  0.002
45	  0.840	 99.565	  1.004	  1.227	  0.002
0	  0.960	  1.889	  1.004	  1.286	  0.001
1	  0.960	  4.063	  1.004	  1.286	  0.001
2	  0.960	  6.237	  1.004	  1.286	  0.001
3	  0.960	  8.411	  1.004	  1.286	  0.001
4	  0.960	 10.585	  1.004	  1.286	  0.001
5	  0.960	 12.759	  1.004	  1.286	  0.001
6	  0.960	 14.933	  1.004	  1.286	  0.001
7	  0.960	 17.106	  1.004	  1.286	  0.001
8	  0.960	 19.280	  1.004	  1.286	  0.001
9	  0.960	 21.454	  1.004	  1.286	  0.001
10	  0.960	 23.628	  1.004	  1.286	  0.001
11	  0.960	 25.802	  1.004	  1.286	  0.001
12	  0.960	 27.976	  1.004	  1.286	  0.001
13	  0.960	 30.150	  1.004	  1.286	  0.001
14	  0.960	 32.324	  1.004	  1.286	  0.001
15	  0.960	 34.498	  1.004	  1.286	  0.001
16	  0.960	 36.672	  1.004	  1.286	  0.001
17	  0.960	 38.846	  1.004	  1.286	  0.001
18	  0.960	 41.019	  1.004	  1.286	  0.001
19	  0.960	 43.193	  1.004	  1.286	  0.001
20	  0.960	 45.367	  1.004	  1.286	  0.001
21	  0.960	 47.541	  1.004	  1.286	  0.001
22	  0.960	 49.715	  1.004	  1.286	  0.001
23	  0.960	 51.889	  1.004	  1.286	  0.001
24	  0.960	 54.063	  1.004	  1.286	  0.001
25	  0.960	 56.237	  1.004	  1.286	  0.001
26	  0.960	 58.411	  1.004	  1.286	  0.001
27	  0.960	 60.585	  1.004	  1.286	  0.001
28	  0.960	 62.759	  1.004	  1.286	  0.001
29	  0.960	 64.933	  1.004	  1.286	  0.001
30	  0.960	 67.106	  1.004	  1.286	  0.001
31	  0.960	 69.280	  1.004	  1.286	  0.001
32	  0.960	 71.454	  1.004	  1.286	  0.001
33	  0.960	 73.628	  1.004	  1.286	  0.001
34	  0.960	 75.802	  1.004	  1.286	  0.001
35	  0.960	 77.976	  1.004	  1.286	  0.001
36	  0.960	 80.150	  1.004	  1.286	  0.001
37	  0.960	 82.324	  1.004	  1.286	  0.001
38	  0.960	 84.498	  1.004	  1.286	  0.001
39	  0.960	 86.672	  1.004	  1.286	  0.001
40	  0.960	 88.846	  1.004	  1.286	  0.001
41	  0.960	 91.019	  1.004	  1.286	  0.001
42	  0.960	 93.193	  1.004	  1.286	  0.001
43	  0.960	 95.367	  1.004	  1.286	  0.001
44	  0.960	 97.541	  1.004	  1.286	  0.001
45	  0.960	 99.715	  1.004	  1.286	  0.001
0	  1.080	  2.046	  1.004	  1.332	  0.001
1	  1.080	  4.220	  1.004	  1.332	  0.001
2	  1.080	  6.394	  1.004	  1.332	  0.001
3	  1.080	  8.568	  1.004	  1.332	  0.001
4	  1.080	 10.742	  1.004	  1.332	  0.001
5	  1.080	 12.916	  1.004	  1.332	  0.001
6	  1.080	 15.089	  1.004	  1.332	  0.001
7	  1.080	 17.263	  1.004	  1.332	  0.001
8	  1.080	 19.437	  1.004	  1.332	  0.001
9	  1.080	 21.611	  1.004	  1.332	  0.001
10	  1.080	 23.785	  1.004	  1.332	  0.001
11	  1.080	 25.959	  1.004	  1.332	  0.001
12	  1.080	 28.133	  1.004	  1.332	  0.001
13	  1.080	 30.307	  1.004	  1.332	  0.001
14	  1.080	 32.481	  1.004	  1.332	  0.001
15	  1.080	 34.655	  1.004	  1.332	  0.001
16	  1.080	 36.829	  1.004	  1.332	  0.001
17	  1.080	 39.002	  1.004	  1.332	  0.001
18	  1.080	 41.176	  1.004	  1.332	  0.001
19	  1.080	 43.350	  1.004	  1.332	  0.001
20	  1.080	 45.524	  1.004	  1.332	  0.001
21	  1.080	 47.698	  1.004	  1.332	  0.001
22	  1.080	 49.872	  1.004	  1.332	  0.001
23	  1.080	 52.046	  1.004	  1.332	  0.001
24	  1.080	 54.220	  1.004	  1.332	  0.001
25	  1.080	 56.394	  1.004	  1.332	  0.001
26	  1.080	 58.568	  1.004	  1.332	  0.001
27	  1.080	 60.742	  1.004	  1.332	  0.001
28	  1.080	 62.916	  1.004	  1.332	  0.001
29	  1.080	 65.089	  1.004	  1.332	  0.001
30	  1.080	 67.263	  1.004	  1.332	  0.001
31	  1.080	 69.437	  1.004	  1.332	  0.001
32	  1.080	 71.611	  1.004	  1.332	  0.001
33	  1.080	 73.785	  1.004	  1.332	  0.001
34	  1.080	 75.959	  1.004	  1.332	  0.001
35	  1.080	 78.133	  1.004	  1.332	  0.001
36	  1.080	 80.307	  1.004	  1.332	  0.001
37	  1.080	 82.481	  1.004	  1.332	  0.001
38	  1.080	 84.655	  1.004	  1.332	  0.001
39	  1.080	 86.829	  1.004	  1.332	  0.001
40	  1.080	 89.002	  1.004	  1.332	  0.001
41	  1.080	 91.176	  1.004	  1.332	  0.001
42	  1.080	 93.350	  1.004	  1.332	  0.001
43	  1.080	 95.524	  1.004	  1.332	  0.001
44	  1.080	 97.698	  1.004	  1.332	  0.001
45	  1.080	 99.872	  1.004	  1.332	  0.001
0	  1.200	  2.208	  1.005	  1.368	  0.001
1	  1.200	  4.382	  1.005	  1.368	  0.001
2	  1.200	  6.556	  1.005	  1.368	  0.001
3	  1.200	  8.730	  1.005	  1.368	  0.001
4	  1.200	 10.904	  1.005	  1.368	  0.001
5	  1.200	 13.077	  1.005	  1.368	  0.001
6	  1.200	 15.251	  1.005	  1.368	  0.001
7	  1.200	 17.425	  1.005	  1.368	  0.001
8	  1.200	 19.599	  1.005	  1.368	  0.001
9	  1.200	 21.773	  1.005	  1.368	  0.001
10	  1.200	 23.947	  1.005	  1.368	  0.001
11	  1.200	 26.121	  1.005	  1.368	  0.001
12	  1.200	 28.295	  1.005	  1.368	  0.001
13	  1.200	 30.469	  1.005	  1.368	  0.001
14	  1.200	 32.643	  1.005	  1.368	  0.001
15	  1.200	 34.817	  1.005	  1.368	  0.001
16	  1.200	 36.990	  1.005	  1.368	  0.001
17	  1.200	 39.164	  1.005	  1.368	  0.001
18	  1.200	 41.338	  1.005	  1.368	  0.001
19	  1.200	 43.512	  1.005	  1.368	  0.001
20	  1.200	 45.686	  1.005	  1.368	  0.001
21	  1.200	 47.860	  1.005	  1.368	  0.001
22	  1.200	 50.034	  1.005	  1.368	  0.001
23	  1.200	 52.208	  1.005	  1.368	  0.001
24	  1.200	 54.382	  1.005	  1.368	  0.001
25	  1.200	 56.556	  1.005	  1.368	  0.001
26	  1.200	 58.730	  1.005	  1.368	  0.001
27	  1.200	 60.904	  1.005	  1.368	  0.001
28	  1.200	 63.077	  1.005	  1.368	  0.001
29	  1.200	 65.251	  1.005	  1.368	  0.001
30	  1.200	 67.425	  1.005	  1.368	  0.001
31	  1.200	 69.599	  1.005	  1.368	  0.001
32	  1.200	 71.773	  1.005	  1.368	  0.001
33	  1.200	 73.947	  1.005	  1.368	  0.001
34	  1.200	 76.121	  1.005	  1.368	  0.001
35	  1.200	 78.295	  1.005	  1.368	  0.001
36	  1.200	 80.469	  1.005	  1.368	  0.001
37	  1.200	 82.643	  1.005	  1.368	  0.001
38	  1.200	 84.817	  1.005	  1.368	  0.001
39	  1.200	 86.990	  1.005	  1.368	  0.001
40	  1.200	 89.164	  1.005	  1.368	  0.001
41	  1.200	 91.338	  1.005	  1.368	  0.001
42	  1.200	 93.512	  1.005	  1.368	  0.001
43	  1.200	 95.686	  1.005	  1.368	  0.001
44	  1.200	 97.860	  1.005	  1.368	  0.001
45	  1.200	100.034	  1.005	  1.368	  0.001
0	  1.320	  2.374	  1.005	  1.396	  0.001
1	  1.320	  4.548	  1.005	  1.396	  0.001
2	  1.320	  6.721	  1.005	  1.396	  0.001
3	  1.320	  8.895	  1.005	  1.396	  0.001
4	  1.320	 11.069	  1.005	  1.396	  0.001
5	  1.320	 13.243	  1.005	  1.396	  0.001
6	  1.320	 15.417	  1.005	  1.396	  0.001
7	  1.320	 17.591	  1.005	  1.396	  0.001
8	  1.320	 19.765	  1.005	  1.396	  0.001
9	  1.320	 21.939	  1.005	  1.396	  0.001
10	  1.320	 24.113	  1.005	  1.396	  0.001
11	  1.320	 26.287	  1.005	  1.396	  0.001
12	  1.320	 28.461	  1.005	  1.396	  0.001
13	  1.320	 30.635	  1.005	  1.396	  0.001
14	  1.320	 32.808	  1.005	  1.396	  0.001
15	  1.320	 34.982	  1.005	  1.396	  0.001
16	  1.320	 37.156	  1.005	  1.396	  0.001
17	  1.320	 39.330	  1.005	  1.396	  0.001
18	  1.320	 41.504	  1.005	  1.396	  0.001
19	  1.320	 43.678	  1.005	  1.396	  0.001
20	  1.320	 45.852	  1.005	  1.396	  0.001
21	  1.320	 48.026	  1.005	  1.396	  0.001
22	  1.320	 50.200	  1.005	  1.396	  0.001
23	  1.320	 52.374	  1.005	  1.396	  0.001
24	  1.320	 54.548	  1.005	  1.396	  0.001
25	  1.320	 56.721	  1.005	  1.396	  0.001
26	  1.320	 58.895	  1.005	  1.396	  0.001
27	  1.320	 61.069	  1.005	  1.396	  0.001
28	  1.320	 63.243	  1.005	  1.396	  0.001
29	  1.320	 65.417	  1.005	  1.396	  0.001
30	  1.320	 67.591	  1.005	  1.396	  0.001
31	  1.320	 69.765	  1.005	  1.396	  0.001
32	  1.320	 71.939	  1.005	  1.396	  0.001
33	  1.320	 74.113	  1.005	  1.396	  0.001
34	  1.320	 76.287	  1.005	  1.396	  0.001
35	  1.320	 78.461	  1.005	  1.396	  0.001
36	  1.320	 80.635	  1.005	  1.396	  0.001
37	  1.320	 82.808	  1.005	  1.396	  0.001
38	  1.320	 84.982	  1.005	  1.396	  0.001
39	  1.320	 87.156	  1.005	  1.396	  0.001
40	  1.320	 89.330	  1.005	  1.396	  0.001
41	  1.320	 91.504	  1.005	  1.396	  0.001
42	  1.320	 93.678	  1.005	  1.396	  0.001
43	  1.320	 95.852	  1.005	  1.396	  0.001
44	  1.320	 98.026	  1.005	  1.396	  0.001
45	  1.320	100.200	  1.005	  1.396	  0.001
0	  1.440	  2.543	  1.005	  1.419	  0.001
1	  1.440	  4.716	  1.005	  1.419	  0.001
2	  1.440	  6.890	  1.005	  1.419	  0.001
3	  1.440	  9.064	  1.005	  1.419	  0.001
4	  1.440	 11.238	  1.005	  1.419	  0.001
5	  1.440	 13.412	  1.005	  1.419	  0.001
6	  1.440	 15.586	  1.005	  1.419	  0.001
7	  1.440	 17.760	  1.005	  1.419	  0.001
8	  1.440	 19.934	  1.005	  1.419	  0.001
9	  1.440	 22.108	  1.005	  1.419	  0.001
10	  1.440	 24.282	  1.005	  1.419	  0.001
11	  1.440	 26.456	  1.005	  1.419	  0.001
12	  1.440	 28.629	  1.005	  1.419	  0.001
13	  1.440	 30.803	  1.005	  1.419	  0.001
14	  1.440	 32.977	  1.005	  1.419	  0.001
15	  1.440	 35.151	  1.005	  1.419	  0.001
16	  1.440	 37.325	  1.005	  1.419	  0.001
17	  1.440	 39.499	  1.005	  1.419	  0.001
18	  1.440	 41.673	  1.005	  1.419	  0.001
19	  1.440	 43.847	  1.005	  1.419	  0.001
20	  1.440	 46.021	  1.005	  1.419	  0.001
21	  1.440	 48.195	  1.005	  1.419	  0.001
22	  1.440	 50.369	  1.005	  1.419	  0.001
23	  1.440	 52.543	  1.005	  1.419	  0.001
24	  1.440	 54.716	  1.005	  1.419	  0.001
25	  1.440	 56.890	  1.005	  1.419	  0.001
26	  1.440	 59.064	  1.005	  1.419	  0.001
27	  1.440	 61.238	  1.005	  1.419	  0.001
28	  1.440	 63.412	  1.005	  1.419	  0.001
29	  1.440	 65.586	  1.005	  1.419	  0.001
30	  1.440	 67.760	  1.005	  1.419	  0.001
31	  1.440	 69.934	  1.005	  1.419	  0.001
32	  1.440	 72.108	  1.005	  1.419	  0.001
33	  1.440	 74.282	  1.005	  1.419	  0.001
34	  1.440	 76.456	  1.005	  1.419	  0.001
35	  1.440	 78.629	  1.005	  1.419	  0.001
36	  1.440	 80.803	  1.005	  1.419	  0.001
37	  1.440	 82.977	  1.005	  1.419	  0.001
38	  1.440	 85.151	  1.005	  1.419	  0.001
39	  1.440	 87.325	  1.005	  1.419	  0.001
40	  1.440	 89.499	  1.005	  1.419	  0.001
41	  1.440	 91.673	  1.005	  1.419	  0.001
42	  1.440	 93.847	  1.005	  1.419	  0.001
43	  1.440	 96.021	  1.005	  1.419	  0.001
44	  1.440	 98.195	  1.005	  1.419	  0.001
45	  1.440	100.369	  1.005	  1.419	  0.001
0	  1.560	  2.714	  1.005	  1.436	  0.000
1	  1.560	  4.888	  1.005	  1.436	  0.000
2	  1.560	  7.062	  1.005	  1.436	  0.000
3	  1.560	  9.235	  1.005	  1.436	  0.000
4	  1.560	 11.409	  1.005	  1.436	  0.000
5	  1.560	 13.583	  1.005	  1.436	  0.000
6	  1.560	 15.757	  1.005	  1.436	  0.000
7	  1.560	 17.931	  1.005	  1.436	  0.000
8	  1.560	 20.105	  1.005	  1.436	  0.000
9	  1.560	 22.279	  1.005	  1.436	  0.000
10	  1.560	 24.453	  1.005	  1.436	  0.000
11	  1.560	 26.627	  1.005	  1.436	  0.000
12	  1.560	 28.801	  1.005	  1.436	  0.000
13	  1.560	 30.975	  1.005	  1.436	  0.000
14	  1.560	 33.149	  1.005	  1.436	  0.000
15	  1.560	 35.322	  1.005	  1.436	  0.000
16	  1.560	 37.496	  1.005	  1.436	  0.000
17	  1.560	 39.670	  1.005	  1.436	  0.000
18	  1.560	 41.844	  1.005	  1.436	  0.000
19	  1.560	 44.018	  1.005	  1.436	  0.000
20	  1.560	 46.192	  1.005	  1.436	  0.000
21	  1.560	 48.366	  1.005	  1.436	  0.000
22	  1.560	 50.540	  1.005	  1.436	  0.000
23	  1.560	 52.714	  1.005	  1.436	  0.000
24	  1.560	 54.888	  1.005	  1.436	  0.000
25	  1.560	 57.062	  1.005	  1.436	  0.000
26	  1.560	 59.235	  1.005	  1.436	  0.000
27	  1.560	 61.409	  1.005	  1.436	  0.000
28	  1.560	 63.583	  1.005	  1.436	  0.000
29	  1.560	 65.757	  1.005	  1.436	  0.000
30	  1.560	 67.931	  1.005	  1.436	  0.000
31	  1.560	 70.105	  1.005	  1.436	  0.000
32	  1.560	 72.279	  1.005	  1.436	  0.000
33	  1.560	 74.453	  1.005	  1.436	  0.000
34	  1.560	 76.627	  1.005	  1.436	  0.000
35	  1.560	 78.801	  1.005	  1.436	  0.000
36	  1.560	 80.975	  1.005	  1.436	  0.000
37	  1.560	 83.149	  1.005	  1.436	  0.000
38	  1.560	 85.322	  1.005	  1.436	  0.000
39	  1.560	 87.496	  1.005	  1.436	  0.000
40	  1.560	 89.670	  1.005	  1.436	  0.000
41	  1.560	 91.844	  1.005	  1.436	  0.000
42	  1.560	 94.018	  1.005	  1.436	  0.000
43	  1.560	 96.192	  1.005	  1.436	  0.000
44	  1.560	 98.366	  1.005	  1.436	  0.000
45	  1.560	100.540	  1.005	  1.436	  0.000
0	  1.680	  2.887	  1.005	  1.450	  0.000
1	  1.680	  5.061	  1.005	  1.450	  0.000
2	  1.680	  7.235	  1.005	  1.450	  0.000
3	  1.680	  9.409	  1.005	  1.450	  0.000
4	  1.680	 11.583	  1.005	  1.450	  0.000
5	  1.680	 13.756	  1.005	  1.450	  0.000
6	  1.680	 15.930	  1.005	  1.450	  0.000
7	  1.680	 18.104	  1.005	  1.450	  0.000
8	  1.680	 20.278	  1.005	  1.450	  0.000
9	  1.680	 22.452	  1.005	  1.450	  0.000
10	  1.680	 24.626	  1.005	  1.450	  0.000
11	  1.680	 26.800	  1.005	  1.450	  0.000
12	  1.680	 28.974	  1.005	  1.450	  0.000
13	  1.680	 31.148	  1.005	  1.450	  0.000
14	  1.680	 33.322	  1.005	  1.450	  0.000
15	  1.680	 35.496	  1.005	  1.450	  0.000
16	  1.680	 37.669	  1.005	  1.450	  0.000
17	  1.680	 39.843	  1.005	  1.450	  0.000
18	  1.680	 42.017	  1.005	  1.450	  0.000
19	  1.680	 44.191	  1.005	  1.450	  0.000
20	  1.680	 46.365	  1.005	  1.450	  0.000
21	  1.680	 48.539	  1.005	  1.450	  0.000
22	  1.680	 50.713	  1.005	  1.450	  0.000
23	  1.680	 52.887	  1.005	  1.450	  0.000
24	  1.680	 55.061	  1.005	  1.450	  0.000
25	  1.680	 57.235	  1.005	  1.450	  0.000
26	  1.680	 59.409	  1.005	  1.450	  0.000
27	  1.680	 61.583	  1.005	  1.450	  0.000
28	  1.680	 63.756	  1.005	  1.450	  0.000
29	  1.680	 65.930	  1.005	  1.450	  0.000
30	  1.680	 68.104	  1.005	  1.450	  0.000
31	  1.680	 70.278	  1.005	  1.450	  0.000
32	  1.680	 72.452	  1.005	  1.450	  0.000
33	  1.680	 74.626	  1.005	  1.450	  0.000
34	  1.680	 76.800	  1.005	  1.450	  0.000
35	  1.680	 78.974	  1.005	  1.450	  0.000
36	  1.680	 81.148	  1.005	  1.450	  0.000
37	  1.680	 83.322	  1.005	  1.450	  0.000
38	  1.680	 85.496	  1.005	  1.450	  0.000
39	  1.680	 87.669	  1.005	  1.450	  0.000
40	  1.680	 89.843	  1.005	  1.450	  0.000
41	  1.680	 92.017	  1.005	  1.450	  0.000
42	  1.680	 94.191	  1.005	  1.450	  0.000
43	  1.680	 96.365	  1.005	  1.450	  0.000
44	  1.680	 98.539	  1.005	  1.450	  0.000
45	  1.680	100.713	  1.005	  1.450	  0.000
0	  1.800	  3.061	  1.005	  1.461	  0.000
1	  1.800	  5.235	  1.005	  1.461	  0.000
2	  1.800	  7.409	  1.005	  1.461	  0.000
3	  1.800	  9.583	  1.005	  1.461	  0.000
4	  1.800	 11.757	  1.005	  1.461	  0.000
5	  1.800	 13.931	  1.005	  1.461	  0.000
6	  1.800	 16.105	  1.005	  1.461	  0.000
7	  1.800	 18.279	  1.005	  1.461	  0.000
8	  1.800	 20.453	  1.005	  1.461	  0.000
9	  1.800	 22.627	  1.005	  1.461	  0.000
10	  1.800	 24.801	  1.005	  1.461	  0.000
11	  1.800	 26.975	  1.005	  1.461	  0.000
12	  1.800	 29.148	  1.005	  1.461	  0.000
13	  1.800	 31.322	  1.005	  1.461	  0.000
14	  1.800	 33.496	  1.005	  1.461	  0.000
15	  1.800	 35.670	  1.005	  1.461	  0.000
16	  1.800	 37.844	  1.005	  1.461	  0.000
17	  1.800	 40.018	  1.005	  1.461	  0.000
18	  1.800	 42.192	  1.005	  1.461	  0.000
19	  1.800	 44.366	  1.005	  1.461	  0.000
20	  1.800	 46.540	  1.005	  1.461	  0.000
21	  1.800	 48.714	  1.005	  1.461	  0.000
22	  1.800	 50.888	  1.005	  1.461	  0.000
23	  1.800	 53.061	  1.005	  1.461	  0.000
24	  1.800	 55.235	  1.005	  1.461	  0.000
25	  1.800	 57.409	  1.005	  1.461	  0.000
26	  1.800	 59.583	  1.005	  1.461	  0.000
27	  1.800	 61.757	  1.005	  1.461	  0.000
28	  1.800	 63.931	  1.005	  1.461	  0.000
29	  1.800	 66.105	  1.005	  1.461	  0.000
30	  1.800	 68.279	  1.005	  1.461	  0.000
31	  1.800	 70.453	  1.005	  1.461	  0.000
32	  1.800	 72.627	  1.005	  1.461	  0.000
33	  1.800	 74.801	  1.005	  1.461	  0.000
34	  1.800	 76.975	  1.005	  1.461	  0.000
35	  1.800	 79.148	  1.005	  1.461	  0.000
36	  1.800	 81.322	  1.005	  1.461	  0.000
37	  1.800	 83.496	  1.005	  1.461	  0.000
38	  1.800	 85.670	  1.005	  1.461	  0.000
39	  1.800	 87.844	  1.005	  1.461	  0.000
40	  1.800	 90.018	  1.005	  1.461	  0.000
41	  1.800	 92.192	  1.005	  1.461	  0.000
42	  1.800	 94.366	  1.005	  1.461	  0.000
43	  1.800	 96.540	  1.005	  1.461	  0.000
44	  1.800	 98.714	  1.005	  1.461	  0.000
45	  1.800	100.888	  1.005	  1.461	  0.000
0	  1.920	  3.237	  1.005	  1.469	  0.000
1	  1.920	  5.411	  1.005	  1.469	  0.000
2	  1.920	  7.585	  1.005	  1.469	  0.000
3	  1.920	  9.759	  1.005	  1.469	  0.000
4	  1.920	 11.933	  1.005	  1.469	  0.000
5	  1.920	 14.107	  1.005	  1.469	  0.000
6	  1.920	 16.281	  1.005	  1.469	  0.000
7	  1.920	 18.455	  1.005	  1.469	  0.000
8	  1.920	 20.629	  1.005	  1.469	  0.000
9	  1.920	 22.802	  1.005	  1.469	  0.000
10	  1.920	 24.976	  1.005	  1.469	  0.000
11	  1.920	 27.150	  1.005	  1.469	  0.000
12	  1.920	 29.324	  1.005	  1.469	  0.000
13	  1.920	 31.498	  1.005	  1.469	  0.000
14	  1.920	 33.672	  1.005	  1.469	  0.000
15	  1.920	 35.846	  1.005	  1.469	  0.000
16	  1.920	 38.020	  1.005	  1.469	  0.000
17	  1.920	 40.194	  1.005	  1.469	  0.000
18	  1.920	 42.368	  1.005	  1.469	  0.000
19	  1.920	 44.542	  1.005	  1.469	  0.000
20	  1.920	 46.716	  1.005	  1.469	  0.000
21	  1.920	 48.889	  1.005	  1.469	  0.000
22	  1.920	 51.063	  1.005	  1.469	  0.000
23	  1.920	 53.237	  1.005	  1.469	  0.000
24	  1.920	 55.411	  1.005	  1.469	  0.000
25	  1.920	 57.585	  1.005	  1.469	  0.000
26	  1.920	 59.759	  1.005	  1.469	  0.000
27	  1.920	 61.933	  1.005	  1.469	  0.000
28	  1.920	 64.107	  1.005	  1.469	  0.000
29	  1.920	 66.281	  1.005	  1.469	  0.000
30	  1.920	 68.455	  1.005	  1.469	  0.000
31	  1.920	 70.629	  1.005	  1.469	  0.000
32	  1.920	 72.802	  1.005	  1.469	  0.000
33	  1.920	 74.976	  1.005	  1.469	  0.000
34	  1.920	 77.150	  1.005	  1.469	  0.000
35	  1.920	 79.324	  1.005	  1.469	  0.000
36	  1.920	 81.498	  1.005	  1.469	  0.000
37	  1.920	 83.672	  1.005	  1.469	  0.000
38	  1.920	 85.846	  1.005	  1.469	  0.000
39	  1.920	 88.020	  1.005	  1.469	  0.000
40	  1.920	 90.194	  1.005	  1.469	  0.000
41	  1.920	 92.368	  1.005	  1.469	  0.000
42	  1.920	 94.542	  1.005	  1.469	  0.000
43	  1.920	 96.716	  1.005	  1.469	  0.000
44	  1.920	 98.889	  1.005	  1.469	  0.000
45	  1.920	101.063	  1.005	  1.469	  0.000
0	  2.040	  3.414	  1.005	  1.476	  0.000
1	  2.040	  5.588	  1.005	  1.476	  0.000
2	  2.040	  7.762	  1.005	  1.476	  0.000
3	  2.040	  9.936	  1.005	  1.476	  0.000
4	  2.040	 12.110	  1.005	  1.476	  0.000
5	  2.040	 14.284	  1.005	  1.476	  0.000
6	  2.040	 16.457	  1.005	  1.476	  0.000
7	  2.040	 18.631	  1.005	  1.476	  0.000
8	  2.040	 20.805	  1.005	  1.476	  0.000
9	  2.040	 22.979	  1.005	  1.476	  0.000
10	  2.040	 25.153	  1.005	  1.476	  0.000
11	  2.040	 27.327	  1.005	  1.476	  0.000
12	  2.040	 29.501	  1.005	  1.476	  0.000
13	  2.040	 31.675	  1.005	  1.476	  0.000
14	  2.040	 33.849	  1.005	  1.476	  0.000
15	  2.040	 36.023	  1.005	  1.476	  0.000
16	  2.040	 38.197	  1.005	  1.476	  0.000
17	  2.040	 40.370	  1.005	  1.476	  0.000
18	  2.040	 42.544	  1.005	  1.476	  0.000
19	  2.040	 44.718	  1.005	  1.476	  0.000
20	  2.040	 46.892	  1.005	  1.476	  0.000
21	  2.040	 49.066	  1.005	  1.476	  0.000
22	  2.040	 51.240	  1.005	  1.476	  0.000
23	  2.040	 53.414	  1.005	  1.476	  0.000
24	  2.040	 55.588	  1.005	  1.476	  0.000
25	  2.040	 57.762	  1.005	  1.476	  0.000
26	  2.040	 59.936	  1.005	  1.476	  0.000
27	  2.040	 62.110	  1.005	  1.476	  0.000
28	  2.040	 64.284	  1.005	  1.476	  0.000
29	  2.040	 66.457	  1.005	  1.476	  0.000
30	  2.040	 68.631	  1.005	  1.476	  0.000
31	  2.040	 70.805	  1.005	  1.476	  0.000
32	  2.040	 72.979	  1.005	  1.476	  0.000
33	  2.040	 75.153	  1.005	  1.476	  0.000
34	  2.040	 77.327	  1.005	  1.476	  0.000
35	  2.040	 79.501	  1.005	  1.476	  0.000
36	  2.040	 81.675	  1.005	  1.476	  0.000
37	  2.040	 83.849	  1.005	  1.476	  0.000
38	  2.040	 86.023	  1.005	  1.476	  0.000
39	  2.040	 88.197	  1.005	  1.476	  0.000
40	  2.040	 90.370	  1.005	  1.476	  0.000
41	  2.040	 92.544	  1.005	  1.476	  0.000
42	  2.040	 94.718	  1.005	  1.476	  0.000
43	  2.040	 96.892	  1.005	  1.476	  0.000
44	  2.040	 99.066	  1.005	  1.476	  0.000
45	  2.040	101.240	  1.005	  1.476	  0.000
0	  2.160	  3.591	  1.005	  1.481	  0.000
1	  2.160	  5.765	  1.005	  1.481	  0.000
2	  2.160	  7.939	  1.005	  1.481	  0.000
3	  2.160	 10.113	  1.005	  1.481	  0.000
4	  2.160	 12.287	  1.005	  1.481	  0.000
5	  2.160	 14.461	  1.005	  1.481	  0.000
6	  2.160	 16.635	  1.005	  1.481	  0.000
7	  2.160	 18.809	  1.005	  1.481	  0.000
8	  2.160	 20.983	  1.005	  1.481	  0.000
9	  2.160	 23.157	  1.005	  1.481	  0.000
10	  2.160	 25.330	  1.005	  1.481	  0.000
11	  2.160	 27.504	  1.005	  1.481	  0.000
12	  2.160	 29.678	  1.005	  1.481	  0.000
13	  2.160	 31.852	  1.005	  1.481	  0.000
14	  2.160	 34.026	  1.005	  1.481	  0.000
15	  2.160	 36.200	  1.005	  1.481	  0.000
16	  2.160	 38.374	  1.005	  1.481	  0.000
17	  2.160	 40.548	  1.005	  1.481	  0.000
18	  2.160	 42.722	  1.005	  1.481	  0.000
19	  2.160	 44.896	  1.005	  1.481	  0.000
20	  2.160	 47.070	  1.005	  1.481	  0.000
21	  2.160	 49.244	  1.005	  1.481	  0.000
22	  2.160	 51.417	  1.005	  1.481	  0.000
23	  2.160	 53.591	  1.005	  1.481	  0.000
24	  2.160	 55.765	  1.005	  1.481	  0.000
25	  2.160	 57.939	  1.005	  1.481	  0.000
26	  2.160	 60.113	  1.005	  1.481	  0.000
27	  2.160	 62.287	  1.005	  1.481	  0.000
28	  2.160	 64.461	  1.005	  1.481	  0.000
29	  2.160	 66.635	  1.005	  1.481	  0.000
30	  2.160	 68.809	  1.005	  1.481	  0.000
31	  2.160	 70.983	  1.005	  1.481	  0.000
32	  2.160	 73.157	  1.005	  1.481	  0.000
33	  2.160	 75.330	  1.005	  1.481	  0.000
34	  2.160	 77.504	  1.005	  1.481	  0.000
35	  2.160	 79.678	  1.005	  1.481	  0.000
36	  2.160	 81.852	  1.005	  1.481	  0.000
37	  2.160	 84.026	  1.005	  1.481	  0.000
38	  2.160	 86.200	  1.005	  1.481	  0.000
39	  2.160	 88.374	  1.005	  1.481	  0.000
40	  2.160	 90.548	  1.005	  1.481	  0.000
41	  2.160	 92.722	  1.005	  1.481	  0.000
42	  2.160	 94.896	  1.005	  1.481	  0.000
43	  2.160	 97.070	  1.005	  1.481	  0.000
44	  2.160	 99.244	  1.005	  1.481	  0.000
45	  2.160	101.417	  1.005	  1.481	  0.000
0	  2.280	  3.769	  1.005	  1.485	  0.000
1	  2.280	  5.943	  1.005	  1.485	  0.000
2	  2.280	  8.117	  1.005	  1.485	  0.000
3	  2.280	 10.291	  1.005	  1.485	  0.000
4	  2.280	 12.465	  1.005	  1.485	  0.000
5	  2.280	 14.639	  1.005	  1.485	  0.000
6	  2.280	 16.813	  1.005	  1.485	  0.000
7	  2.280	 18.987	  1.005	  1.485	  0.000
8	  2.280	 21.161	  1.005	  1.485	  0.000
9	  2.280	 23.335	  1.005	  1.485	  0.000
10	  2.280	 25.508	  1.005	  1.485	  0.000
11	  2.280	 27.682	  1.005	  1.485	  0.000
12	  2.280	 29.856	  1.005	  1.485	  0.000
13	  2.280	 32.030	  1.005	  1.485	  0.000
14	  2.280	 34.204	  1.005	  1.485	  0.000
15	  2.280	 36.378	  1.005	  1.485	  0.000
16	  2.280	 38.552	  1.005	  1.485	  0.000
17	  2.280	 40.726	  1.005	  1.485	  0.000
18	  2.280	 42.900	  1.005	  1.485	  0.000
19	  2.280	 45.074	  1.005	  1.485	  0.000
20	  2.280	 47.248	  1.005	  1.485	  0.000
21	  2.280	 49.421	  1.005	  1.485	  0.000
22	  2.280	 51.595	  1.005	  1.485	  0.000
23	  2.280	 53.769	  1.005	  1.485	  0.000
24	  2.280	 55.943	  1.005	  1.485	  0.000
25	  2.280	 58.117	  1.005	  1.485	  0.000
26	  2.280	 60.291	  1.005	  1.485	  0.000
27	  2.280	 62.465	  1.005	  1.485	  0.000
28	  2.280	 64.639	  1.005	  1.485	  0.000
29	  2.280	 66.813	  1.005	  1.485	  0.000
30	  2.280	 68.987	  1.005	  1.485	  0.000
31	  2.280	 71.161	  1.005	  1.485	  0.000
32	  2.280	 73.335	  1.005	  1.485	  0.000
33	  2.280	 75.508	  1.005	  1.485	  0.000
34	  2.280	 77.682	  1.005	  1.485	  0.000
35	  2.280	 79.856	  1.005	  1.485	  0.000
36	  2.280	 82.030	  1.005	  1.485	  0.000
37	  2.280	 84.204	  1.005	  1.485	  0.000
38	  2.280	 86.378	  1.005	  1.485	  0.000
39	  2.280	 88.552	  1.005	  1.485	  0.000
40	  2.280	 90.726	  1.005	  1.485	  0.000
41	  2.280	 92.900	  1.005	  1.485	  0.000
42	  2.280	 95.074	  1.005	  1.485	  0.000
43	  2.280	 97.248	  1.005	  1.485	  0.000
44	  2.280	 99.421	  1.005	  1.485	  0.000
45	  2.280	101.595	  1.005	  1.485	  0.000
0	  2.400	  3.948	  1.005	  1.488	  0.000
1	  2.400	  6.122	  1.005	  1.488	  0.000
2	  2.400	  8.295	  1.005	  1.488	  0.000
3	  2.400	 10.469	  1.005	  1.488	  0.000
4	  2.400	 12.643	  1.005	  1.488	  0.000
5	  2.400	 14.817	  1.005	  1.488	  0.000
6	  2.400	 16.991	  1.005	  1.488	  0.000
7	  2.400	 19.165	  1.005	  1.488	  0.000
8	  2.400	 21.339	  1.005	  1.488	  0.000
9	  2.400	 23.513	  1.005	  1.488	  0.000
10	  2.400	 25.687	  1.005	  1.488	  0.000
11	  2.400	 27.861	  1.005	  1.488	  0.000
12	  2.400	 30.035	  1.005	  1.488	  0.000
13	  2.400	 32.209	  1.005	  1.488	  0.000
14	  2.400	 34.382	  1.005	  1.488	  0.000
15	  2.400	 36.556	  1.005	  1.488	  0.000
16	  2.400	 38.730	  1.005	  1.488	  0.000
17	  2.400	 40.904	  1.005	  1.488	  0.000
18	  2.400	 43.078	  1.005	  1.488	  0.000
19	  2.400	 45.252	  1.005	  1.488	  0.000
20	  2.400	 47.426	  1.005	  1.488	  0.000
21	  2.400	 49.600	  1.005	  1.488	  0.000
22	  2.400	 51.774	  1.005	  1.488	  0.000
23	  2.400	 53.948	  1.005	  1.488	  0.000
24	  2.400	 56.122	  1.005	  1.488	  0.000
25	  2.400	 58.295	  1.005	  1.488	  0.000
26	  2.400	 60.469	  1.005	  1.488	  0.000
27	  2.400	 62.643	  1.005	  1.488	  0.000
28	  2.400	 64.817	  1.005	  1.488	  0.000
29	  2.400	 66.991	  1.005	  1.488	  0.000
30	  2.400	 69.165	  1.005	  1.488	  0.000
31	  2.400	 71.339	  1.005	  1.488	  0.000
32	  2.400	 73.513	  1.005	  1.488	  0.000
33	  2.400	 75.687	  1.005	  1.488	  0.000
34	  2.400	 77.861	  1.005	  1.488	  0.000
35	  2.400	 80.035	  1.005	  1.488	  0.000
36	  2.400	 82.209	  1.005	  1.488	  0.000
37	  2.400	 84.382	  1.005	  1.488	  0.000
38	  2.400	 86.556	  1.005	  1.488	  0.000
39	  2.400	 88.730	  1.005	  1.488	  0.000
40	  2.400	 90.904	  1.005	  1.488	  0.000
41	  2.400	 93.078	  1.005	  1.488	  0.000
42	  2.400	 95.252	  1.005	  1.488	  0.000
43	  2.400	 97.426	  1.005	  1.488	  0.000
44	  2.400	 99.600	  1.005	  1.488	  0.000
45	  2.400	101.774	  1.005	  1.488	  0.000
0	  2.520	  4.126	  1.005	  1.491	  0.000
1	  2.520	  6.300	  1.005	  1.491	  0.000
2	  2.520	  8.474	  1.005	  1.491	  0.000
3	  2.520	 10.648	  1.005	  1.491	  0.000
4	  2.520	 12.822	  1.005	  1.491	  0.000
5	  2.520	 14.996	  1.005	  1.491	  0.000
6	  2.520	 17.170	  1.005	  1.491	  0.000
7	  2.520	 19.344	  1.005	  1.491	  0.000
8	  2.520	 21.518	  1.005	  1.491	  0.000
9	  2.520	 23.692	  1.005	  1.491	  0.000
10	  2.520	 25.866	  1.005	  1.491	  0.000
11	  2.520	 28.039	  1.005	  1.491	  0.000
12	  2.520	 30.213	  1.005	  1.491	  0.000
13	  2.520	 32.387	  1.005	  1.491	  0.000
14	  2.520	 34.561	  1.005	  1.491	  0.000
15	  2.520	 36.735	  1.005	  1.491	  0.000
16	  2.520	 38.909	  1.005	  1.491	  0.000
17	  2.520	 41.083	  1.005	  1.491	  0.000
18	  2.520	 43.257	  1.005	  1.491	  0.000
19	  2.520	 45.431	  1.005	  1.491	  0.000
20	  2.520	 47.605	  1.005	  1.491	  0.000
21	  2.520	 49.779	  1.005	  1.491	  0.000
22	  2.520	 51.952	  1.005	  1.491	  0.000
23	  2.520	 54.126	  1.005	  1.491	  0.000
24	  2.520	 56.300	  1.005	  1.491	  0.000
25	  2.520	 58.474	  1.005	  1.491	  0.000
26	  2.520	 60.648	  1.005	  1.491	  0.000
27	  2.520	 62.822	  1.005	  1.491	  0.000
28	  2.520	 64.996	  1.005	  1.491	  0.000
29	  2.520	 67.170	  1.005	  1.491	  0.000
30	  2.520	 69.344	  1.005	  1.491	  0.000
31	  2.520	 71.518	  1.005	  1.491	  0.000
32	  2.520	 73.692	  1.005	  1.491	  0.000
33	  2.520	 75.866	  1.005	  1.491	  0.000
34	  2.520	 78.039	  1.005	  1.491	  0.000
35	  2.520	 80.213	  1.005	  1.491	  0.000
36	  2.520	 82.387	  1.005	  1.491	  0.000
37	  2.520	 84.561	  1.005	  1.491	  0.000
38	  2.520	 86.735	  1.005	  1.491	  0.000
39	  2.520	 88.909	  1.005	  1.491	  0.000
40	  2.520	 91.083	  1.005	  1.491	  0.000
41	  2.520	 93.257	  1.005	  1.491	  0.000
42	  2.520	 95.431	  1.005	  1.491	  0.000
43	  2.520	 97.605	  1.005	  1.491	  0.000
44	  2.520	 99.779	  1.005	  1.491	  0.000
45	  2.520	101.952	  1.005	  1.491	  0.000
0	  2.640	  4.305	  1.005	  1.493	  0.000
1	  2.640	  6.479	  1.005	  1.493	  0.000
2	  2.640	  8.653	  1.005	  1.493	  0.000
3	  2.640	 10.827	  1.005	  1.493	  0.000
4	  2.640	 13.001	  1.005	  1.493	  0.000
5	  2.640	 15.175	  1.005	  1.493	  0.000
6	  2.640	 17.349	  1.005	  1.493	  0.000
7	  2.640	 19.523	  1.005	  1.493	  0.000
8	  2.640	 21.697	  1.005	  1.493	  0.000
9	  2.640	 23.871	  1.005	  1.493	  0.000
10	  2.640	 26.045	  1.005	  1.493	  0.000
11	  2.640	 28.218	  1.005	  1.493	  0.000
12	  2.640	 30.392	  1.005	  1.493	  0.000
13	  2.640	 32.566	  1.005	  1.493	  0.000
14	  2.640	 34.740	  1.005	  1.493	  0.000
15	  2.640	 36.914	  1.005	  1.493	  0.000
16	  2.640	 39.088	  1.005	  1.493	  0.000
17	  2.640	 41.262	  1.005	  1.493	  0.000
18	  2.640	 43.436	  1.005	  1.493	  0.000
19	  2.640	 45.610	  1.005	  1.493	  0.000
20	  2.640	 47.784	  1.005	  1.493	  0.000
21	  2.640	 49.958	  1.005	  1.493	  0.000
22	  2.640	 52.132	  1.005	  1.493	  0.000
23	  2.640	 54.305	  1.005	  1.493	  0.000
24	  2.640	 56.479	  1.005	  1.493	  0.000
25	  2.640	 58.653	  1.005	  1.493	  0.000
26	  2.640	 60.827	  1.005	  1.493	  0.000
27	  2.640	 63.001	  1.005	  1.493	  0.000
28	  2.640	 65.175	  1.005	  1.493	  0.000
29	  2.640	 67.349	  1.005	  1.493	  0.000
30	  2.640	 69.523	  1.005	  1.493	  0.000
31	  2.640	 71.697	  1.005	  1.493	  0.000
32	  2.640	 73.871	  1.005	  1.493	  0.000
33	  2.640	 76.045	  1.005	  1.493	  0.000
34	  2.640	 78.218	  1.005	  1.493	  0.000
35	  2.640	 80.392	  1.005	  1.493	  0.000
36	  2.640	 82.566	  1.005	  1.493	  0.000
37	  2.640	 84.740	  1.005	  1.493	  0.000
38	  2.640	 86.914	  1.005	  1.493	  0.000
39	  2.640	 89.088	  1.005	  1.493	  0.000
40	  2.640	 91.262	  1.005	  1.493	  0.000
41	  2.640	 93.436	  1.005	  1.493	  0.000
42	  2.640	 95.610	  1.005	  1.493	  0.000
43	  2.640	 97.784	  1.005	  1.493	  0.000
44	  2.640	 99.958	  1.005	  1.493	  0.000
45	  2.640	102.132	  1.005	  1.493	  0.000
0	  2.760	  4.485	  1.005	  1.494	  0.000
1	  2.760	  6.659	  1.005	  1.494	  0.000
2	  2.760	  8.832	  1.005	  1.494	  0.000
3	  2.760	 11.006	  1.005	  1.494	  0.000
4	  2.760	 13.180	  1.005	  1.494	  0.000
5	  2.760	 15.354	  1.005	  1.494	  0.000
6	  2.760	 17.528	  1.005	  1.494	  0.000
7	  2.760	 19.702	  1.005	  1.494	  0.000
8	  2.760	 21.876	  1.005	  1.494	  0.000
9	  2.760	 24.050	  1.005	  1.494	  0.000
10	  2.760	 26.224	  1.005	  1.494	  0.000
11	  2.760	 28.398	  1.005	  1.494	  0.000
12	  2.760	 30.572	  1.005	  1.494	  0.000
13	  2.760	 32.746	  1.005	  1.494	  0.000
14	  2.760	 34.919	  1.005	  1.494	  0.000
15	  2.760	 37.093	  1.005	  1.494	  0.000
16	  2.760	 39.267	  1.005	  1.494	  0.000
17	  2.760	 41.441	  1.005	  1.494	  0.000
18	  2.760	 43.615	  1.005	  1.494	  0.000
19	  2.760	 45.789	  1.005	  1.494	  0.000
20	  2.760	 47.963	  1.005	  1.494	  0.000
21	  2.760	 50.137	  1.005	  1.494	  0.000
22	  2.760	 52.311	  1.005	  1.494	  0.000
23	  2.760	 54.485	  1.005	  1.494	  0.000
24	  2.760	 56.659	  1.005	  1.494	  0.000
25	  2.760	 58.832	  1.005	  1.494	  0.000
26	  2.760	 61.006	  1.005	  1.494	  0.000
27	  2.760	 63.180	  1.005	  1.494	  0.000
28	  2.760	 65.354	  1.005	  1.494	  0.000
29	  2.760	 67.528	  1.005	  1.494	  0.000
30	  2.760	 69.702	  1.005	  1.494	  0.000
31	  2.760	 71.876	  1.005	  1.494	  0.000
32	  2.760	 74.050	  1.005	  1.494	  0.000
33	  2.760	 76.224	  1.005	  1.494	  0.000
34	  2.760	 78.398	  1.005	  1.494	  0.000
35	  2.760	 80.572	  1.005	  1.494	  0.000
36	  2.760	 82.746	  1.005	  1.494	  0.000
37	  2.760	 84.919	  1.005	  1.494	  0.000
38	  2.760	 87.093	  1.005	  1.494	  0.000
39	  2.760	 89.267	  1.005	  1.494	  0.000
40	  2.760	 91.441	  1.005	  1.494	  0.000
41	  2.760	 93.615	  1.005	  1.494	  0.000
42	  2.760	 95.789	  1.005	  1.494	  0.000
43	  2.760	 97.963	  1.005	  1.494	  0.000
44	  2.760	100.137	  1.005	  1.494	  0.000
45	  2.760	102.311	  1.005	  1.494	  0.000
0	  2.880	  4.664	  1.005	  1.496	  0.000
1	  2.880	  6.838	  1.005	  1.496	  0.000
2	  2.880	  9.012	  1.005	  1.496	  0.000
3	  2.880	 11.186	  1.005	  1.496	  0.000
4	  2.880	 13.360	  1.005	  1.496	  0.000
5	  2.880	 15.534	  1.005	  1.496	  0.000
6	  2.880	 17.707	  1.005	  1.496	  0.000
7	  2.880	 19.881	  1.005	  1.496	  0.000
8	  2.880	 22.055	  1.005	  1.496	  0.000
9	  2.880	 24.229	  1.005	  1.496	  0.000
10	  2.880	 26.403	  1.005	  1.496	  0.000
11	  2.880	 28.577	  1.005	  1.496	  0.000
12	  2.880	 30.751	  1.005	  1.496	  0.000
13	  2.880	 32.925	  1.005	  1.496	  0.000
14	  2.880	 35.099	  1.005	  1.496	  0.000
15	  2.880	 37.273	  1.005	  1.496	  0.000
16	  2.880	 39.447	  1.005	  1.496	  0.000
17	  2.880	 41.621	  1.005	  1.496	  0.000
18	  2.880	 43.794	  1.005	  1.496	  0.000
19	  2.880	 45.968	  1.005	  1.496	  0.000
20	  2.880	 48.142	  1.005	  1.496	  0.000
21	  2.880	 50.316	  1.005	  1.496	  0.000
22	  2.880	 52.490	  1.005	  1.496	  0.000
23	  2.880	 54.664	  1.005	  1.496	  0.000
24	  2.880	 56.838	  1.005	  1.496	  0.000
25	  2.880	 59.012	  1.005	  1.496	  0.000
26	  2.880	 61.186	  1.005	  1.496	  0.000
27	  2.880	 63.360	  1.005	  1.496	  0.000
28	  2.880	 65.534	  1.005	  1.496	  0.000
29	  2.880	 67.707	  1.005	  1.496	  0.000
30	  2.880	 69.881	  1.005	  1.496	  0.000
31	  2.880	 72.055	  1.005	  1.496	  0.000
32	  2.880	 74.229	  1.005	  1.496	  0.000
33	  2.880	 76.403	  1.005	  1.496	  0.000
34	  2.880	 78.577	  1.005	  1.496	  0.000
35	  2.880	 80.751	  1.005	  1.496	  0.000
36	  2.880	 82.925	  1.005	  1.496	  0.000
37	  2.880	 85.099	  1.005	  1.496	  0.000
38	  2.880	 87.273	  1.005	  1.496	  0.000
39	  2.880	 89.447	  1.005	  1.496	  0.000
40	  2.880	 91.621	  1.005	  1.496	  0.000
41	  2.880	 93.794	  1.005	  1.496	  0.000
42	  2.880	 95.968	  1.005	  1.496	  0.000
43	  2.880	 98.142	  1.005	  1.496	  0.000
44	  2.880	100.316	  1.005	  1.496	  0.000
45	  2.880	102.490	  1.005	  1.496	  0.000
0	  3.000	  4.844	  1.005	  1.496	  0.000
1	  3.000	  7.017	  1.005	  1.496	  0.000
2	  3.000	  9.191	  1.005	  1.496	  0.000
3	  3.000	 11.365	  1.005	  1.496	  0.000
4	  3.000	 13.539	  1.005	  1.496	  0.000
5	  3.000	 15.713	  1.005	  1.496	  0.000
6	  3.000	 17.887	  1.005	  1.496	  0.000
7	  3.000	 20.061	  1.005	  1.496	  0.000
8	  3.000	 22.235	  1.005	  1.496	  0.000
9	  3.000	 24.409	  1.005	  1.496	  0.000
10	  3.000	 26.583	  1.005	  1.496	  0.000
11	  3.000	 28.757	  1.005	  1.496	  0.000
12	  3.000	 30.930	  1.005	  1.496	  0.000
13	  3.000	 33.104	  1.005	  1.496	  0.000
14	  3.000	 35.278	  1.005	  1.496	  0.000
15	  3.000	 37.452	  1.005	  1.496	  0.000
16	  3.000	 39.626	  1.005	  1.496	  0.000
17	  3.000	 41.800	  1.005	  1.496	  0.000
18	  3.000	 43.974	  1.005	  1.496	  0.000
19	  3.000	 46.148	  1.005	  1.496	  0.000
20	  3.000	 48.322	  1.005	  1.496	  0.000
21	  3.000	 50.496	  1.005	  1.496	  0.000
22	  3.000	 52.670	  1.005	  1.496	  0.000
23	  3.000	 54.844	  1.005	  1.496	  0.000
24	  3.000	 57.017	  1.005	  1.496	  0.000
25	  3.000	 59.191	  1.005	  1.496	  0.000
26	  3.000	 61.365	  1.005	  1.496	  0.000
27	  3.000	 63.539	  1.005	  1.496	  0.000
28	  3.000	 65.713	  1.005	  1.496	  0.000
29	  3.000	 67.887	  1.005	  1.496	  0.000
30	  3.000	 70.061	  1.005	  1.496	  0.000
31	  3.000	 72.235	  1.005	  1.496	  0.000
32	  3.000	 74.409	  1.005	  1.496	  0.000
33	  3.000	 76.583	  1.005	  1.496	  0.000
34	  3.000	 78.757	  1.005	  1.496	  0.000
35	  3.000	 80.930	  1.005	  1.496	  0.000
36	  3.000	 83.104	  1.005	  1.496	  0.000
37	  3.000	 85.278	  1.005	  1.496	  0.000
38	  3.000	 87.452	  1.005	  1.496	  0.000
39	  3.000	 89.626	  1.005	  1.496	  0.000
40	  3.000	 91.800	  1.005	  1.496	  0.000
41	  3.000	 93.974	  1.005	  1.496	  0.000
42	  3.000	 96.148	  1.005	  1.496	  0.000
43	  3.000	 98.322	  1.005	  1.496	  0.000
44	  3.000	100.496	  1.005	  1.496	  0.000
45	  3.000	102.670	  1.005	  1.496	  0.000
