# id	 time	 x	 y	 vx	 vy
0	  0.000	  0.962	  1.000	  0.010	  0.010
1	  0.000	  2.885	  1.000	  0.010	  0.010
2	  0.000	  4.808	  1.000	  0.010	  0.010
3	  0.000	  6.731	  1.000	  0.010	  0.010
4	  0.000	  8.654	  1.000	  0.010	  0.010
5	  0.000	 10.577	  1.000	  0.010	  0.010
6	  0.000	 12.500	  1.000	  0.010	  0.010
7	  0.000	 14.423	  1.000	  0.010	  0.010
8	  0.000	 16.346	  1.000	  0.010	  0.010
9	  0.000	 18.269	  1.000	  0.010	  0.010
10	  0.000	 20.192	  1.000	  0.010	  0.010
11	  0.000	 22.115	  1.000	  0.010	  0.010
12	  0.000	 24.038	  1.000	  0.010	  0.010
13	  0.000	 25.962	  1.000	  0.010	  0.010
14	  0.000	 27.885	  1.000	  0.010	  0.010
15	  0.000	 29.808	  1.000	  0.010	  0.010
16	  0.000	 31.731	  1.000	  0.010	  0.010
17	  0.000	 33.654	  1.000	  0.010	  0.010
18	  0.000	 35.577	  1.000	  0.010	  0.010
19	  0.000	 37.500	  1.000	  0.010	  0.010
20	  0.000	 39.423	  1.000	  0.010	  0.010
21	  0.000	 41.346	  1.000	  0.010	  0.010
22	  0.000	 43.269	  1.000	  0.010	  0.010
23	  0.000	 45.192	  1.000	  0.010	  0.010
24	  0.000	 47.115	  1.000	  0.010	  0.010
25	  0.000	 49.038	  1.000	  0.010	  0.010
26	  0.000	 50.962	  1.000	  0.010	  0.010
27	  0.000	 52.885	  1.000	  0.010	  0.010
28	  0.000	 54.808	  1.000	  0.010	  0.010
29	  0.000	 56.731	  1.000	  0.010	  0.010
30	  0.000	 58.654	  1.000	  0.010	  0.010
31	  0.000	 60.577	  1.000	  0.010	  0.010
32	  0.000	 62.500	  1.000	  0.010	  0.010
33	  0.000	 64.423	  1.000	  0.010	  0.010
34	  0.000	 66.346	  1.000	  0.010	  0.010
35	  0.000	 68.269	  1.000	  0.010	  0.010
36	  0.000	 70.192	  1.000	  0.010	  0.010
37	  0.000	 72.115	  1.000	  0.010	  0.010
38	  0.000	 74.038	  1.000	  0.010	  0.010
39	  0.000	 75.962	  1.000	  0.010	  0.010
40	  0.000	 77.885	  1.000	  0.010	  0.010
41	  0.000	 79.808	  1.000	  0.010	  0.010
42	  0.000	 81.731	  1.000	  0.010	  0.010
43	  0.000	 83.654	  1.000	  0.010	  0.010
44	  0.000	 85.577	  1.000	  0.010	  0.010
45	  0.000	 87.500	  1.000	  0.010	  0.010
46	  0.000	 89.423	  1.000	  0.010	  0.010
47	  0.000	 91.346	  1.000	  0.010	  0.010
48	  0.000	 93.269	  1.000	  0.010	  0.010
49	  0.000	 95.192	  1.000	  0.010	  0.010
50	  0.000	 97.115	  1.000	  0.010	  0.010
51	  0.000	 99.038	  1.000	  0.010	  0.010
0	  0.120	  0.981	  1.001	  0.330	  0.008
1	  0.120	  2.904	  1.001	  0.330	  0.008
2	  0.120	  4.827	  1.001	  0.330	  0.008
3	  0.120	  6.750	  1.001	  0.330	  0.008
4	  0.120	  8.673	  1.001	  0.330	  0.008
5	  0.120	 10.597	  1.001	  0.330	  0.008
6	  0.120	 12.520	  1.001	  0.330	  0.008
7	  0.120	 14.443	  1.001	  0.330	  0.008
8	  0.120	 16.366	  1.001	  0.330	  0.008
9	  0.120	 18.289	  1.001	  0.330	  0.008
10	  0.120	 20.212	  1.001	  0.330	  0.008
11	  0.120	 22.135	  1.001	  0.330	  0.008
12	  0.120	 24.058	  1.001	  0.330	  0.008
13	  0.120	 25.981	  1.001	  0.330	  0.008
14	  0.120	 27.904	  1.001	  0.330	  0.008
15	  0.120	 29.827	  1.001	  0.330	  0.008
16	  0.120	 31.750	  1.001	  0.330	  0.008
17	  0.120	 33.673	  1.001	  0.330	  0.008
18	  0.120	 35.597	  1.001	  0.330	  0.008
19	  0.120	 37.520	  1.001	  0.330	  0.008
20	  0.120	 39.443	  1.001	  0.330	  0.008
21	  0.120	 41.366	  1.001	  0.330	  0.008
22	  0.120	 43.289	  1.001	  0.330	  0.008
23	  0.120	 45.212	  1.001	  0.330	  0.008
24	  0.120	 47.135	  1.001	  0.330	  0.008
25	  0.120	 49.058	  1.001	  0.330	  0.008
26	  0.120	 50.981	  1.001	  0.330	  0.008
27	  0.120	 52.904	  1.001	  0.330	  0.008
28	  0.120	 54.827	  1.001	  0.330	  0.008
29	  0.120	 56.750	  1.001	  0.330	  0.008
30	  0.120	 58.673	  1.001	  0.330	  0.008
31	  0.120	 60.597	  1.001	  0.330	  0.008
32	  0.120	 62.520	  1.001	  0.330	  0.008
33	  0.120	 64.443	  1.001	  0.330	  0.008
34	  0.120	 66.366	  1.001	  0.330	  0.008
35	  0.120	 68.289	  1.001	  0.330	  0.008
36	  0.120	 70.212	  1.001	  0.330	  0.008
37	  0.120	 72.135	  1.001	  0.330	  0.008
38	  0.120	 74.058	  1.001	  0.330	  0.008
39	  0.120	 75.981	  1.001	  0.330	  0.008
40	  0.120	 77.904	  1.001	  0.330	  0.008
41	  0.120	 79.827	  1.001	  0.330	  0.008
42	  0.120	 81.750	  1.001	  0.330	  0.008
43	  0.120	 83.673	  1.001	  0.330	  0.008
44	  0.120	 85.597	  1.001	  0.330	  0.008
45	  0.120	 87.520	  1.001	  0.330	  0.008
46	  0.120	 89.443	  1.001	  0.330	  0.008
47	  0.120	 91.366	  1.001	  0.330	  0.008
48	  0.120	 93.289	  1.001	  0.330	  0.008
49	  0.120	 95.212	  1.001	  0.330	  0.008
50	  0.120	 97.135	  1.001	  0.330	  0.008
51	  0.120	 99.058	  1.001	  0.330	  0.008
0	  0.240	  1.035	  1.002	  0.582	  0.006
1	  0.240	  2.958	  1.002	  0.582	  0.006
2	  0.240	  4.881	  1.002	  0.582	  0.006
3	  0.240	  6.804	  1.002	  0.582	  0.006
4	  0.240	  8.728	  1.002	  0.582	  0.006
5	  0.240	 10.651	  1.002	  0.582	  0.006
6	  0.240	 12.574	  1.002	  0.582	  0.006
7	  0.240	 14.497	  1.002	  0.582	  0.006
8	  0.240	 16.420	  1.002	  0.582	  0.006
9	  0.240	 18.343	  1.002	  0.582	  0.006
10	  0.240	 20.266	  1.002	  0.582	  0.006
11	  0.240	 22.189	  1.002	  0.582	  0.006
12	  0.240	 24.112	  1.002	  0.582	  0.006
13	  0.240	 26.035	  1.002	  0.582	  0.006
14	  0.240	 27.958	  1.002	  0.582	  0.006
15	  0.240	 29.881	  1.002	  0.582	  0.006
16	  0.240	 31.804	  1.002	  0.582	  0.006
17	  0.240	 33.728	  1.002	  0.582	  0.006
18	  0.240	 35.651	  1.002	  0.582	  0.006
19	  0.240	 37.574	  1.002	  0.582	  0.006
20	  0.240	 39.497	  1.002	  0.582	  0.006
21	  0.240	 41.420	  1.002	  0.582	  0.006
22	  0.240	 43.343	  1.002	  0.582	  0.006
23	  0.240	 45.266	  1.002	  0.582	  0.006
24	  0.240	 47.189	  1.002	  0.582	  0.006
25	  0.240	 49.112	  1.002	  0.582	  0.006
26	  0.240	 51.035	  1.002	  0.582	  0.006
27	  0.240	 52.958	  1.002	  0.582	  0.006
28	  0.240	 54.881	  1.002	  0.582	  0.006
29	  0.240	 56.804	  1.002	  0.582	  0.006
30	  0.240	 58.728	  1.002	  0.582	  0.006
31	  0.240	 60.651	  1.002	  0.582	  0.006
32	  0.240	 62.574	  1.002	  0.582	  0.006
33	  0.240	 64.497	  1.002	  0.582	  0.006
34	  0.240	 66.420	  1.002	  0.582	  0.006
35	  0.240	 68.343	  1.002	  0.582	  0.006
36	  0.240	 70.266	  1.002	  0.582	  0.006
37	  0.240	 72.189	  1.002	  0.582	  0.006
38	  0.240	 74.112	  1.002	  0.582	  0.006
39	  0.240	 76.035	  1.002	  0.582	  0.006
40	  0.240	 77.958	  1.002	  0.582	  0.006
41	  0.240	 79.881	  1.002	  0.582	  0.006
42	  0.240	 81.804	  1.002	  0.582	  0.006
43	  0.240	 83.728	  1.002	  0.582	  0.006
44	  0.240	 85.651	  1.002	  0.582	  0.006
45	  0.240	 87.574	  1.002	  0.582	  0.006
46	  0.240	 89.497	  1.002	  0.582	  0.006
47	  0.240	 91.420	  1.002	  0.582	  0.006
48	  0.240	 93.343	  1.002	  0.582	  0.006
49	  0.240	 95.266	  1.002	  0.582	  0.006
50	  0.240	 97.189	  1.002	  0.582	  0.006
51	  0.240	 99.112	  1.002	  0.582	  0.006
0	  0.360	  1.116	  1.003	  0.779	  0.005
1	  0.360	  3.039	  1.003	  0.779	  0.005
2	  0.360	  4.963	  1.003	  0.779	  0.005
3	  0.360	  6.886	  1.003	  0.779	  0.005
4	  0.360	  8.809	  1.003	  0.779	  0.005
5	  0.360	 10.732	  1.003	  0.779	  0.005
6	  0.360	 12.655	  1.003	  0.779	  0.005
7	  0.360	 14.578	  1.003	  0.779	  0.005
8	  0.360	 16.501	  1.003	  0.779	  0.005
9	  0.360	 18.424	  1.003	  0.779	  0.005
10	  0.360	 20.347	  1.003	  0.779	  0.005
11	  0.360	 22.270	  1.003	  0.779	  0.005
12	  0.360	 24.193	  1.003	  0.779	  0.005
13	  0.360	 26.116	  1.003	  0.779	  0.005
14	  0.360	 28.039	  1.003	  0.779	  0.005
15	  0.360	 29.963	  1.003	  0.779	  0.005
16	  0.360	 31.886	  1.003	  0.779	  0.005
17	  0.360	 33.809	  1.003	  0.779	  0.005
18	  0.360	 35.732	  1.003	  0.779	  0.005
19	  0.360	 37.655	  1.003	  0.779	  0.005
20	  0.360	 39.578	  1.003	  0.779	  0.005
21	  0.360	 41.501	  1.003	  0.779	  0.005
22	  0.360	 43.424	  1.003	  0.779	  0.005
23	  0.360	 45.347	  1.003	  0.779	  0.005
24	  0.360	 47.270	  1.003	  0.779	  0.005
25	  0.360	 49.193	  1.003	  0.779	  0.005
26	  0.360	 51.116	  1.003	  0.779	  0.005
27	  0.360	 53.039	  1.003	  0.779	  0.005
28	  0.360	 54.963	  1.003	  0.779	  0.005
29	  0.360	 56.886	  1.003	  0.779	  0.005
30	  0.360	 58.809	  1.003	  0.779	  0.005
31	  0.360	 60.732	  1.003	  0.779	  0.005
32	  0.360	 62.655	  1.003	  0.779	  0.005
33	  0.360	 64.578	  1.003	  0.779	  0.005
34	  0.360	 66.501	  1.003	  0.779	  0.005
35	  0.360	 68.424	  1.003	  0.779	  0.005
36	  0.360	 70.347	  1.003	  0.779	  0.005
37	  0.360	 72.270	  1.003	  0.779	  0.005
38	  0.360	 74.193	  1.003	  0.779	  0.005
39	  0.360	 76.116	  1.003	  0.779	  0.005
40	  0.360	 78.039	  1.003	  0.779	  0.005
41	  0.360	 79.963	  1.003	  0.779	  0.005
42	  0.360	 81.886	  1.003	  0.779	  0.005
43	  0.360	 83.809	  1.003	  0.779	  0.005
44	  0.360	 85.732	  1.003	  0.779	  0.005
45	  0.360	 87.655	  1.003	  0.779	  0.005
46	  0.360	 89.578	  1.003	  0.779	  0.005
47	  0.360	 91.501	  1.003	  0.779	  0.005
48	  0.360	 93.424	  1.003	  0.779	  0.005
49	  0.360	 95.347	  1.003	  0.779	  0.005
50	  0.360	 97.270	  1.003	  0.779	  0.005
51	  0.360	 99.193	  1.003	  0.779	  0.005
0	  0.480	  1.219	  1.003	  0.934	  0.004
1	  0.480	  3.142	  1.003	  0.934	  0.004
2	  0.480	  5.065	  1.003	  0.934	  0.004
3	  0.480	  6.988	  1.003	  0.934	  0.004
4	  0.480	  8.911	  1.003	  0.934	  0.004
5	  0.480	 10.834	  1.003	  0.934	  0.004
6	  0.480	 12.757	  1.003	  0.934	  0.004
7	  0.480	 14.680	  1.003	  0.934	  0.004
8	  0.480	 16.603	  1.003	  0.934	  0.004
9	  0.480	 18.526	  1.003	  0.934	  0.004
10	  0.480	 20.450	  1.003	  0.934	  0.004
11	  0.480	 22.373	  1.003	  0.934	  0.004
12	  0.480	 24.296	  1.003	  0.934	  0.004
13	  0.480	 26.219	  1.003	  0.934	  0.004
14	  0.480	 28.142	  1.003	  0.934	  0.004
15	  0.480	 30.065	  1.003	  0.934	  0.004
16	  0.480	 31.988	  1.003	  0.934	  0.004
17	  0.480	 33.911	  1.003	  0.934	  0.004
18	  0.480	 35.834	  1.003	  0.934	  0.004
19	  0.480	 37.757	  1.003	  0.934	  0.004
20	  0.480	 39.680	  1.003	  0.934	  0.004
21	  0.480	 41.603	  1.003	  0.934	  0.004
22	  0.480	 43.526	  1.003	  0.934	  0.004
23	  0.480	 45.450	  1.003	  0.934	  0.004
24	  0.480	 47.373	  1.003	  0.934	  0.004
25	  0.480	 49.296	  1.003	  0.934	  0.004
26	  0.480	 51.219	  1.003	  0.934	  0.004
27	  0.480	 53.142	  1.003	  0.934	  0.004
28	  0.480	 55.065	  1.003	  0.934	  0.004
29	  0.480	 56.988	  1.003	  0.934	  0.004
30	  0.480	 58.911	  1.003	  0.934	  0.004
31	  0.480	 60.834	  1.003	  0.934	  0.004
32	  0.480	 62.757	  1.003	  0.934	  0.004
33	  0.480	 64.680	  1.003	  0.934	  0.004
34	  0.480	 66.603	  1.003	  0.934	  0.004
35	  0.480	 68.526	  1.003	  0.934	  0.004
36	  0.480	 70.450	  1.003	  0.934	  0.004
37	  0.480	 72.373	  1.003	  0.934	  0.004
38	  0.480	 74.296	  1.003	  0.934	  0.004
39	  0.480	 76.219	  1.003	  0.934	  0.004
40	  0.480	 78.142	  1.003	  0.934	  0.004
41	  0.480	 80.065	  1.003	  0.934	  0.004
42	  0.480	 81.988	  1.003	  0.934	  0.004
43	  0.480	 83.911	  1.003	  0.934	  0.004
44	  0.480	 85.834	  1.003	  0.934	  0.004
45	  0.480	 87.757	  1.003	  0.934	  0.004
46	  0.480	 89.680	  1.003	  0.934	  0.004
47	  0.480	 91.603	  1.003	  0.934	  0.004
48	  0.480	 93.526	  1.003	  0.934	  0.004
49	  0.480	 95.450	  1.003	  0.934	  0.004
50	  0.480	 97.373	  1.003	  0.934	  0.004
51	  0.480	 99.296	  1.003	  0.934	  0.004
0	  0.600	  1.338	  1.004	  1.056	  0.003
1	  0.600	  3.261	  1.004	  1.056	  0.003
2	  0.600	  5.184	  1.004	  1.056	  0.003
3	  0.600	  7.107	  1.004	  1.056	  0.003
4	  0.600	  9.030	  1.004	  1.056	  0.003
5	  0.600	 10.953	  1.004	  1.056	  0.003
6	  0.600	 12.876	  1.004	  1.056	  0.003
7	  0.600	 14.799	  1.004	  1.056	  0.003
8	  0.600	 16.722	  1.004	  1.056	  0.003
9	  0.600	 18.646	  1.004	  1.056	  0.003
10	  0.600	 20.569	  1.004	  1.056	  0.003
11	  0.600	 22.492	  1.004	  1.056	  0.003
12	  0.600	 24.415	  1.004	  1.056	  0.003
13	  0.600	 26.338	  1.004	  1.056	  0.003
14	  0.600	 28.261	  1.004	  1.056	  0.003
15	  0.600	 30.184	  1.004	  1.056	  0.003
16	  0.600	 32.107	  1.004	  1.056	  0.003
17	  0.600	 34.030	  1.004	  1.056	  0.003
18	  0.600	 35.953	  1.004	  1.056	  0.003
19	  0.600	 37.876	  1.004	  1.056	  0.003
20	  0.600	 39.799	  1.004	  1.056	  0.003
21	  0.600	 41.722	  1.004	  1.056	  0.003
22	  0.600	 43.646	  1.004	  1.056	  0.003
23	  0.600	 45.569	  1.004	  1.056	  0.003
24	  0.600	 47.492	  1.004	  1.056	  0.003
25	  0.600	 49.415	  1.004	  1.056	  0.003
26	  0.600	 51.338	  1.004	  1.056	  0.003
27	  0.600	 53.261	  1.004	  1.056	  0.003
28	  0.600	 55.184	  1.004	  1.056	  0.003
29	  0.600	 57.107	  1.004	  1.056	  0.003
30	  0.600	 59.030	  1.004	  1.056	  0.003
31	  0.600	 60.953	  1.004	  1.056	  0.003
32	  0.600	 62.876	  1.004	  1.056	  0.003
33	  0.600	 64.799	  1.004	  1.056	  0.003
34	  0.600	 66.722	  1.004	  1.056	  0.003
35	  0.600	 68.646	  1.004	  1.056	  0.003
36	  0.600	 70.569	  1.004	  1.056	  0.003
37	  0.600	 72.492	  1.004	  1.056	  0.003
38	  0.600	 74.415	  1.004	  1.056	  0.003
39	  0.600	 76.338	  1.004	  1.056	  0.003
40	  0.600	 78.261	  1.004	  1.056	  0.003
41	  0.600	 80.184	  1.004	  1.056	  0.003
42	  0.600	 82.107	  1.004	  1.056	  0.003
43	  0.600	 84.030	  1.004	  1.056	  0.003
44	  0.600	 85.953	  1.004	  1.056	  0.003
45	  0.600	 87.876	  1.004	  1.056	  0.003
46	  0.600	 89.799	  1.004	  1.056	  0.003
47	  0.600	 91.722	  1.004	  1.056	  0.003
48	  0.600	 93.646	  1.004	  1.056	  0.003
49	  0.600	 95.569	  1.004	  1.056	  0.003
50	  0.600	 97.492	  1.004	  1.056	  0.003
51	  0.600	 99.415	  1.004	  1.056	  0.003
0	  0.720	  1.470	  1.004	  1.151	  0.002
1	  0.720	  3.393	  1.004	  1.151	  0.002
2	  0.720	  5.316	  1.004	  1.151	  0.002
3	  0.720	  7.239	  1.004	  1.151	  0.002
4	  0.720	  9.162	  1.004	  1.151	  0.002
5	  0.720	 11.085	  1.004	  1.151	  0.002
6	  0.720	 13.008	  1.004	  1.151	  0.002
7	  0.720	 14.932	  1.004	  1.151	  0.002
8	  0.720	 16.855	  1.004	  1.151	  0.002
9	  0.720	 18.778	  1.004	  1.151	  0.002
10	  0.720	 20.701	  1.004	  1.151	  0.002
11	  0.720	 22.624	  1.004	  1.151	  0.002
12	  0.720	 24.547	  1.004	  1.151	  0.002
13	  0.720	 26.470	  1.004	  1.151	  0.002
14	  0.720	 28.393	  1.004	  1.151	  0.002
15	  0.720	 30.316	  1.004	  1.151	  0.002
16	  0.720	 32.239	  1.004	  1.151	  0.002
17	  0.720	 34.162	  1.004	  1.151	  0.002
18	  0.720	 36.085	  1.004	  1.151	  0.002
19	  0.720	 38.008	  1.004	  1.151	  0.002
20	  0.720	 39.932	  1.004	  1.151	  0.002
21	  0.720	 41.855	  1.004	  1.151	  0.002
22	  0.720	 43.778	  1.004	  1.151	  0.002
23	  0.720	 45.701	  1.004	  1.151	  0.002
24	  0.720	 47.624	  1.004	  1.151	  0.002
25	  0.720	 49.547	  1.004	  1.151	  0.002
26	  0.720	 51.470	  1.004	  1.151	  0.002
27	  0.720	 53.393	  1.004	  1.151	  0.002
28	  0.720	 55.316	  1.004	  1.151	  0.002
29	  0.720	 57.239	  1.004	  1.151	  0.002
30	  0.720	 59.162	  1.004	  1.151	  0.002
31	  0.720	 61.085	  1.004	  1.151	  0.002
32	  0.720	 63.008	  1.004	  1.151	  0.002
33	  0.720	 64.932	  1.004	  1.151	  0.002
34	  0.720	 66.855	  1.004	  1.151	  0.002
35	  0.720	 68.778	  1.004	  1.151	  0.002
36	  0.720	 70.701	  1.004	  1.151	  0.002
37	  0.720	 72.624	  1.004	  1.151	  0.002
38	  0.720	 74.547	  1.004	  1.151	  0.002
39	  0.720	 76.470	  1.004	  1.151	  0.002
40	  0.720	 78.393	  1.004	  1.151	  0.002
41	  0.720	 80.316	  1.004	  1.151	  0.002
42	  0.720	 82.239	  1.004	  1.151	  0.002
43	  0.720	 84.162	  1.004	  1.151	  0.002
44	  0.720	 86.085	  1.004	  1.151	  0.002
45	  0.720	 88.008	  1.004	  1.151	  0.002
46	  0.720	 89.932	  1.004	  1.151	  0.002
47	  0.720	 91.855	  1.004	  1.151	  0.002
48	  0.720	 93.778	  1.004	  1.151	  0.002
49	  0.720	 95.701	  1.004	  1.151	  0.002
50	  0.720	 97.624	  1.004	  1.151	  0.002
51	  0.720	 99.547	  1.004	  1.151	  0.002
0	  0.840	  1.612	  1.004	  1.226	  0.002
1	  0.840	  3.535	  1.004	  1.226	  0.002
2	  0.840	  5.459	  1.004	  1.226	  0.002
3	  0.840	  7.382	  1.004	  1.226	  0.002
4	  0.840	  9.305	  1.004	  1.226	  0.002
5	  0.840	 11.228	  1.004	  1.226	  0.002
6	  0.840	 13.151	  1.004	  1.226	  0.002
7	  0.840	 15.074	  1.004	  1.226	  0.002
8	  0.840	 16.997	  1.004	  1.226	  0.002
9	  0.840	 18.920	  1.004	  1.226	  0.002
10	  0.840	 20.843	  1.004	  1.226	  0.002
11	  0.840	 22.766	  1.004	  1.226	  0.002
12	  0.840	 24.689	  1.004	  1.226	  0.002
13	  0.840	 26.612	  1.004	  1.226	  0.002
14	  0.840	 28.535	  1.004	  1.226	  0.002
15	  0.840	 30.459	  1.004	  1.226	  0.002
16	  0.840	 32.382	  1.004	  1.226	  0.002
17	  0.840	 34.305	  1.004	  1.226	  0.002
18	  0.840	 36.228	  1.004	  1.226	  0.002
19	  0.840	 38.151	  1.004	  1.226	  0.002
20	  0.840	 40.074	  1.004	  1.226	  0.002
21	  0.840	 41.997	  1.004	  1.226	  0.002
22	  0.840	 43.920	  1.004	  1.226	  0.002
23	  0.840	 45.843	  1.004	  1.226	  0.002
24	  0.840	 47.766	  1.004	  1.226	  0.002
25	  0.840	 49.689	  1.004	  1.226	  0.002
26	  0.840	 51.612	  1.004	  1.226	  0.002
27	  0.840	 53.535	  1.004	  1.226	  0.002
28	  0.840	 55.459	  1.004	  1.226	  0.002
29	  0.840	 57.382	  1.004	  1.226	  0.002
30	  0.840	 59.305	  1.004	  1.226	  0.002
31	  0.840	 61.228	  1.004	  1.226	  0.002
32	  0.840	 63.151	  1.004	  1.226	  0.002
33	  0.840	 65.074	  1.004	  1.226	  0.002
34	  0.840	 66.997	  1.004	  1.226	  0.002
35	  0.840	 68.920	  1.004	  1.226	  0.002
36	  0.840	 70.843	  1.004	  1.226	  0.002
37	  0.840	 72.766	  1.004	  1.226	  0.002
38	  0.840	 74.689	  1.004	  1.226	  0.002
39	  0.840	 76.612	  1.004	  1.226	  0.002
40	  0.840	 78.535	  1.004	  1.226	  0.002
41	  0.840	 80.459	  1.004	  1.226	  0.002
42	  0.840	 82.382	  1.004	  1.226	  0.002
43	  0.840	 84.305	  1.004	  1.226	  0.002
44	  0.840	 86.228	  1.004	  1.226	  0.002
45	  0.840	 88.151	  1.004	  1.226	  0.002
46	  0.840	 90.074	  1.004	  1.226	  0.002
47	  0.840	 91.997	  1.004	  1.226	  0.002
48	  0.840	 93.920	  1.004	  1.226	  0.002
49	  0.840	 95.843	  1.004	  1.226	  0.002
50	  0.840	 97.766	  1.004	  1.226	  0.002
51	  0.840	 99.689	  1.004	  1.226	  0.002
0	  0.960	  1.763	  1.004	  1.284	  0.001
1	  0.960	  3.686	  1.004	  1.284	  0.001
2	  0.960	  5.609	  1.004	  1.284	  0.001
3	  0.960	  7.532	  1.004	  1.284	  0.001
4	  0.960	  9.455	  1.004	  1.284	  0.001
5	  0.960	 11.378	  1.004	  1.284	  0.001
6	  0.960	 13.301	  1.004	  1.284	  0.001
7	  0.960	 15.224	  1.004	  1.284	  0.001
8	  0.960	 17.147	  1.004	  1.284	  0.001
9	  0.960	 19.071	  1.004	  1.284	  0.001
10	  0.960	 20.994	  1.004	  1.284	  0.001
11	  0.960	 22.917	  1.004	  1.284	  0.001
12	  0.960	 24.840	  1.004	  1.284	  0.001
13	  0.960	 26.763	  1.004	  1.284	  0.001
14	  0.960	 28.686	  1.004	  1.284	  0.001
15	  0.960	 30.609	  1.004	  1.284	  0.001
16	  0.960	 32.532	  1.004	  1.284	  0.001
17	  0.960	 34.455	  1.004	  1.284	  0.001
18	  0.960	 36.378	  1.004	  1.284	  0.001
19	  0.960	 38.301	  1.004	  1.284	  0.001
20	  0.960	 40.224	  1.004	  1.284	  0.001
21	  0.960	 42.147	  1.004	  1.284	  0.001
22	  0.960	 44.071	  1.004	  1.284	  0.001
23	  0.960	 45.994	  1.004	  1.284	  0.001
24	  0.960	 47.917	  1.004	  1.284	  0.001
25	  0.960	 49.840	  1.004	  1.284	  0.001
26	  0.960	 51.763	  1.004	  1.284	  0.001
27	  0.960	 53.686	  1.004	  1.284	  0.001
28	  0.960	 55.609	  1.004	  1.284	  0.001
29	  0.960	 57.532	  1.004	  1.284	  0.001
30	  0.960	 59.455	  1.004	  1.284	  0.001
31	  0.960	 61.378	  1.004	  1.284	  0.001
32	  0.960	 63.301	  1.004	  1.284	  0.001
33	  0.960	 65.224	  1.004	  1.284	  0.001
34	  0.960	 67.147	  1.004	  1.284	  0.001
35	  0.960	 69.071	  1.004	  1.284	  0.001
36	  0.960	 70.994	  1.004	  1.284	  0.001
37	  0.960	 72.917	  1.004	  1.284	  0.001
38	  0.960	 74.840	  1.004	  1.284	  0.001
39	  0.960	 76.763	  1.004	  1.284	  0.001
40	  0.960	 78.686	  1.004	  1.284	  0.001
41	  0.960	 80.609	  1.004	  1.284	  0.001
42	  0.960	 82.532	  1.004	  1.284	  0.001
43	  0.960	 84.455	  1.004	  1.284	  0.001
44	  0.960	 86.378	  1.004	  1.284	  0.001
45	  0.960	 88.301	  1.004	  1.284	  0.001
46	  0.960	 90.224	  1.004	  1.284	  0.001
47	  0.960	 92.147	  1.004	  1.284	  0.001
48	  0.960	 94.071	  1.004	  1.284	  0.001
49	  0.960	 95.994	  1.004	  1.284	  0.001
50	  0.960	 97.917	  1.004	  1.284	  0.001
51	  0.960	 99.840	  1.004	  1.284	  0.001
0	  1.080	  1.920	  1.004	  1.331	  0.001
1	  1.080	  3.843	  1.004	  1.331	  0.001
2	  1.080	  5.766	  1.004	  1.331	  0.001
3	  1.080	  7.689	  1.004	  1.331	  0.001
4	  1.080	  9.612	  1.004	  1.331	  0.001
5	  1.080	 11.535	  1.004	  1.331	  0.001
6	  1.080	 13.458	  1.004	  1.331	  0.001
7	  1.080	 15.381	  1.004	  1.331	  0.001
8	  1.080	 17.304	  1.004	  1.331	  0.001
9	  1.080	 19.227	  1.004	  1.331	  0.001
10	  1.080	 21.150	  1.004	  1.331	  0.001
11	  1.080	 23.073	  1.004	  1.331	  0.001
12	  1.080	 24.997	  1.004	  1.331	  0.001
13	  1.080	 26.920	  1.004	  1.331	  0.001
14	  1.080	 28.843	  1.004	  1.331	  0.001
15	  1.080	 30.766	  1.004	  1.331	  0.001
16	  1.080	 32.689	  1.004	  1.331	  0.001
17	  1.080	 34.612	  1.004	  1.331	  0.001
18	  1.080	 36.535	  1.004	  1.331	  0.001
19	  1.080	 38.458	  1.004	  1.331	  0.001
20	  1.080	 40.381	  1.004	  1.331	  0.001
21	  1.080	 42.304	  1.004	  1.331	  0.001
22	  1.080	 44.227	  1.004	  1.331	  0.001
23	  1.080	 46.150	  1.004	  1.331	  0.001
24	  1.080	 48.073	  1.004	  1.331	  0.001
25	  1.080	 49.997	  1.004	  1.331	  0.001
26	  1.080	 51.920	  1.004	  1.331	  0.001
27	  1.080	 53.843	  1.004	  1.331	  0.001
28	  1.080	 55.766	  1.004	  1.331	  0.001
29	  1.080	 57.689	  1.004	  1.331	  0.001
30	  1.080	 59.612	  1.004	  1.331	  0.001
31	  1.080	 61.535	  1.004	  1.331	  0.001
32	  1.080	 63.458	  1.004	  1.331	  0.001
33	  1.080	 65.381	  1.004	  1.331	  0.001
34	  1.080	 67.304	  1.004	  1.331	  0.001
35	  1.080	 69.227	  1.004	  1.331	  0.001
36	  1.080	 71.150	  1.004	  1.331	  0.001
37	  1.080	 73.073	  1.004	  1.331	  0.001
38	  1.080	 74.997	  1.004	  1.331	  0.001
39	  1.080	 76.920	  1.004	  1.331	  0.001
40	  1.080	 78.843	  1.004	  1.331	  0.001
41	  1.080	 80.766	  1.004	  1.331	  0.001
42	  1.080	 82.689	  1.004	  1.331	  0.001
43	  1.080	 84.612	  1.004	  1.331	  0.001
44	  1.080	 86.535	  1.004	  1.331	  0.001
45	  1.080	 88.458	  1.004	  1.331	  0.001
46	  1.080	 90.381	  1.004	  1.331	  0.001
47	  1.080	 92.304	  1.004	  1.331	  0.001
48	  1.080	 94.227	  1.004	  1.331	  0.001
49	  1.080	 96.150	  1.004	  1.331	  0.001
50	  1.080	 98.073	  1.004	  1.331	  0.001
51	  1.080	 99.997	  1.004	  1.331	  0.001
0	  1.200	  2.081	  1.005	  1.367	  0.001
1	  1.200	  4.004	  1.005	  1.367	  0.001
2	  1.200	  5.928	  1.005	  1.367	  0.001
3	  1.200	  7.851	  1.005	  1.367	  0.001
4	  1.200	  9.774	  1.005	  1.367	  0.001
5	  1.200	 11.697	  1.005	  1.367	  0.001
6	  1.200	 13.620	  1.005	  1.367	  0.001
7	  1.200	 15.543	  1.005	  1.367	  0.001
8	  1.200	 17.466	  1.005	  1.367	  0.001
9	  1.200	 19.389	  1.005	  1.367	  0.001
10	  1.200	 21.312	  1.005	  1.367	  0.001
11	  1.200	 23.235	  1.005	  1.367	  0.001
12	  1.200	 25.158	  1.005	  1.367	  0.001
13	  1.200	 27.081	  1.005	  1.367	  0.001
14	  1.200	 29.004	  1.005	  1.367	  0.001
15	  1.200	 30.928	  1.005	  1.367	  0.001
16	  1.200	 32.851	  1.005	  1.367	  0.001
17	  1.200	 34.774	  1.005	  1.367	  0.001
18	  1.200	 36.697	  1.005	  1.367	  0.001
19	  1.200	 38.620	  1.005	  1.367	  0.001
20	  1.200	 40.543	  1.005	  1.367	  0.001
21	  1.200	 42.466	  1.005	  1.367	  0.001
22	  1.200	 44.389	  1.005	  1.367	  0.001
23	  1.200	 46.312	  1.005	  1.367	  0.001
24	  1.200	 48.235	  1.005	  1.367	  0.001
25	  1.200	 50.158	  1.005	  1.367	  0.001
26	  1.200	 52.081	  1.005	  1.367	  0.001
27	  1.200	 54.004	  1.005	  1.367	  0.001
28	  1.200	 55.928	  1.005	  1.367	  0.001
29	  1.200	 57.851	  1.005	  1.367	  0.001
30	  1.200	 59.774	  1.005	  1.367	  0.001
31	  1.200	 61.697	  1.005	  1.367	  0.001
32	  1.200	 63.620	  1.005	  1.367	  0.001
33	  1.200	 65.543	  1.005	  1.367	  0.001
34	  1.200	 67.466	  1.005	  1.367	  0.001
35	  1.200	 69.389	  1.005	  1.367	  0.001
36	  1.200	 71.312	  1.005	  1.367	  0.001
37	  1.200	 73.235	  1.005	  1.367	  0.001
38	  1.200	 75.158	  1.005	  1.367	  0.001
39	  1.200	 77.081	  1.005	  1.367	  0.001
40	  1.200	 79.004	  1.005	  1.367	  0.001
41	  1.200	 80.928	  1.005	  1.367	  0.001
42	  1.200	 82.851	  1.005	  1.367	  0.001
43	  1.200	 84.774	  1.005	  1.367	  0.001
44	  1.200	 86.697	  1.005	  1.367	  0.001
45	  1.200	 88.620	  1.005	  1.367	  0.001
46	  1.200	 90.543	  1.005	  1.367	  0.001
47	  1.200	 92.466	  1.005	  1.367	  0.001
48	  1.200	 94.389	  1.005	  1.367	  0.001
49	  1.200	 96.312	  1.005	  1.367	  0.001
50	  1.200	 98.235	  1.005	  1.367	  0.001
51	  1.200	100.158	  1.005	  1.367	  0.001
0	  1.320	  2.247	  1.005	  1.395	  0.001
1	  1.320	  4.170	  1.005	  1.395	  0.001
2	  1.320	  6.093	  1.005	  1.395	  0.001
3	  1.320	  8.016	  1.005	  1.395	  0.001
4	  1.320	  9.939	  1.005	  1.395	  0.001
5	  1.320	 11.862	  1.005	  1.395	  0.001
6	  1.320	 13.785	  1.005	  1.395	  0.001
7	  1.320	 15.709	  1.005	  1.395	  0.001
8	  1.320	 17.632	  1.005	  1.395	  0.001
9	  1.320	 19.555	  1.005	  1.395	  0.001
10	  1.320	 21.478	  1.005	  1.395	  0.001
11	  1.320	 23.401	  1.005	  1.395	  0.001
12	  1.320	 25.324	  1.005	  1.395	  0.001
13	  1.320	 27.247	  1.005	  1.395	  0.001
14	  1.320	 29.170	  1.005	  1.395	  0.001
15	  1.320	 31.093	  1.005	  1.395	  0.001
16	  1.320	 33.016	  1.005	  1.395	  0.001
17	  1.320	 34.939	  1.005	  1.395	  0.001
18	  1.320	 36.862	  1.005	  1.395	  0.001
19	  1.320	 38.785	  1.005	  1.395	  0.001
20	  1.320	 40.709	  1.005	  1.395	  0.001
21	  1.320	 42.632	  1.005	  1.395	  0.001
22	  1.320	 44.555	  1.005	  1.395	  0.001
23	  1.320	 46.478	  1.005	  1.395	  0.001
24	  1.320	 48.401	  1.005	  1.395	  0.001
25	  1.320	 50.324	  1.005	  1.395	  0.001
26	  1.320	 52.247	  1.005	  1.395	  0.001
27	  1.320	 54.170	  1.005	  1.395	  0.001
28	  1.320	 56.093	  1.005	  1.395	  0.001
29	  1.320	 58.016	  1.005	  1.395	  0.001
30	  1.320	 59.939	  1.005	  1.395	  0.001
31	  1.320	 61.862	  1.005	  1.395	  0.001
32	  1.320	 63.785	  1.005	  1.395	  0.001
33	  1.320	 65.709	  1.005	  1.395	  0.001
34	  1.320	 67.632	  1.005	  1.395	  0.001
35	  1.320	 69.555	  1.005	  1.395	  0.001
36	  1.320	 71.478	  1.005	  1.395	  0.001
37	  1.320	 73.401	  1.005	  1.395	  0.001
38	  1.320	 75.324	  1.005	  1.395	  0.001
39	  1.320	 77.247	  1.005	  1.395	  0.001
40	  1.320	 79.170	  1.005	  1.395	  0.001
41	  1.320	 81.093	  1.005	  1.395	  0.001
42	  1.320	 83.016	  1.005	  1.395	  0.001
43	  1.320	 84.939	  1.005	  1.395	  0.001
44	  1.320	 86.862	  1.005	  1.395	  0.001
45	  1.320	 88.785	  1.005	  1.395	  0.001
46	  1.320	 90.709	  1.005	  1.395	  0.001
47	  1.320	 92.632	  1.005	  1.395	  0.001
48	  1.320	 94.555	  1.005	  1.395	  0.001
49	  1.320	 96.478	  1.005	  1.395	  0.001
50	  1.320	 98.401	  1.005	  1.395	  0.001
51	  1.320	100.324	  1.005	  1.395	  0.001
0	  1.440	  2.416	  1.005	  1.417	  0.001
1	  1.440	  4.339	  1.005	  1.417	  0.001
2	  1.440	  6.262	  1.005	  1.417	  0.001
3	  1.440	  8.185	  1.005	  1.417	  0.001
4	  1.440	 10.108	  1.005	  1.417	  0.001
5	  1.440	 12.031	  1.005	  1.417	  0.001
6	  1.440	 13.954	  1.005	  1.417	  0.001
7	  1.440	 15.877	  1.005	  1.417	  0.001
8	  1.440	 17.800	  1.005	  1.417	  0.001
9	  1.440	 19.723	  1.005	  1.417	  0.001
10	  1.440	 21.646	  1.005	  1.417	  0.001
11	  1.440	 23.570	  1.005	  1.417	  0.001
12	  1.440	 25.493	  1.005	  1.417	  0.001
13	  1.440	 27.416	  1.005	  1.417	  0.001
14	  1.440	 29.339	  1.005	  1.417	  0.001
15	  1.440	 31.262	  1.005	  1.417	  0.001
16	  1.440	 33.185	  1.005	  1.417	  0.001
17	  1.440	 35.108	  1.005	  1.417	  0.001
18	  1.440	 37.031	  1.005	  1.417	  0.001
19	  1.440	 38.954	  1.005	  1.417	  0.001
20	  1.440	 40.877	  1.005	  1.417	  0.001
21	  1.440	 42.800	  1.005	  1.417	  0.001
22	  1.440	 44.723	  1.005	  1.417	  0.001
23	  1.440	 46.646	  1.005	  1.417	  0.001
24	  1.440	 48.570	  1.005	  1.417	  0.001
25	  1.440	 50.493	  1.005	  1.417	  0.001
26	  1.440	 52.416	  1.005	  1.417	  0.001
27	  1.440	 54.339	  1.005	  1.417	  0.001
28	  1.440	 56.262	  1.005	  1.417	  0.001
29	  1.440	 58.185	  1.005	  1.417	  0.001
30	  1.440	 60.108	  1.005	  1.417	  0.001
31	  1.440	 62.031	  1.005	  1.417	  0.001
32	  1.440	 63.954	  1.005	  1.417	  0.001
33	  1.440	 65.877	  1.005	  1.417	  0.001
34	  1.440	 67.800	  1.005	  1.417	  0.001
35	  1.440	 69.723	  1.005	  1.417	  0.001
36	  1.440	 71.646	  1.005	  1.417	  0.001
37	  1.440	 73.570	  1.005	  1.417	  0.001
38	  1.440	 75.493	  1.005	  1.417	  0.001
39	  1.440	 77.416	  1.005	  1.417	  0.001
40	  1.440	 79.339	  1.005	  1.417	  0.001
41	  1.440	 81.262	  1.005	  1.417	  0.001
42	  1.440	 83.185	  1.005	  1.417	  0.001
43	  1.440	 85.108	  1.005	  1.417	  0.001
44	  1.440	 87.031	  1.005	  1.417	  0.001
45	  1.440	 88.954	  1.005	  1.417	  0.001
46	  1.440	 90.877	  1.005	  1.417	  0.001
47	  1.440	 92.800	  1.005	  1.417	  0.001
48	  1.440	 94.723	  1.005	  1.417	  0.001
49	  1.440	 96.646	  1.005	  1.417	  0.001
50	  1.440	 98.570	  1.005	  1.417	  0.001
51	  1.440	100.493	  1.005	  1.417	  0.001
0	  1.560	  2.587	  1.005	  1.435	  0.000
1	  1.560	  4.510	  1.005	  1.435	  0.000
2	  1.560	  6.433	  1.005	  1.435	  0.000
3	  1.560	  8.356	  1.005	  1.435	  0.000
4	  1.560	 10.279	  1.005	  1.435	  0.000
5	  1.560	 12.202	  1.005	  1.435	  0.000
6	  1.560	 14.125	  1.005	  1.435	  0.000
7	  1.560	 16.048	  1.005	  1.435	  0.000
8	  1.560	 17.971	  1.005	  1.435	  0.000
9	  1.560	 19.894	  1.005	  1.435	  0.000
10	  1.560	 21.818	  1.005	  1.435	  0.000
11	  1.560	 23.741	  1.005	  1.435	  0.000
12	  1.560	 25.664	  1.005	  1.435	  0.000
13	  1.560	 27.587	  1.005	  1.435	  0.000
14	  1.560	 29.510	  1.005	  1.435	  0.000
15	  1.560	 31.433	  1.005	  1.435	  0.000
16	  1.560	 33.356	  1.005	  1.435	  0.000
17	  1.560	 35.279	  1.005	  1.435	  0.000
18	  1.560	 37.202	  1.005	  1.435	  0.000
19	  1.560	 39.125	  1.005	  1.435	  0.000
20	  1.560	 41.048	  1.005	  1.435	  0.000
21	  1.560	 42.971	  1.005	  1.435	  0.000
22	  1.560	 44.894	  1.005	  1.435	  0.000
23	  1.560	 46.818	  1.005	  1.435	  0.000
24	  1.560	 48.741	  1.005	  1.435	  0.000
25	  1.560	 50.664	  1.005	  1.435	  0.000
26	  1.560	 52.587	  1.005	  1.435	  0.000
27	  1.560	 54.510	  1.005	  1.435	  0.000
28	  1.560	 56.433	  1.005	  1.435	  0.000
29	  1.560	 58.356	  1.005	  1.435	  0.000
30	  1.560	 60.279	  1.005	  1.435	  0.000
31	  1.560	 62.202	  1.005	  1.435	  0.000
32	  1.560	 64.125	  1.005	  1.435	  0.000
33	  1.560	 66.048	  1.005	  1.435	  0.000
34	  1.560	 67.971	  1.005	  1.435	  0.000
35	  1.560	 69.894	  1.005	  1.435	  0.000
36	  1.560	 71.818	  1.005	  1.435	  0.000
37	  1.560	 73.741	  1.005	  1.435	  0.000
38	  1.560	 75.664	  1.005	  1.435	  0.000
39	  1.560	 77.587	  1.005	  1.435	  0.000
40	  1.560	 79.510	  1.005	  1.435	  0.000
41	  1.560	 81.433	  1.005	  1.435	  0.000
42	  1.560	 83.356	  1.005	  1.435	  0.000
43	  1.560	 85.279	  1.005	  1.435	  0.000
44	  1.560	 87.202	  1.005	  1.435	  0.000
45	  1.560	 89.125	  1.005	  1.435	  0.000
46	  1.560	 91.048	  1.005	  1.435	  0.000
47	  1.560	 92.971	  1.005	  1.435	  0.000
48	  1.560	 94.894	  1.005	  1.435	  0.000
49	  1.560	 96.818	  1.005	  1.435	  0.000
50	  1.560	 98.741	  1.005	  1.435	  0.000
51	  1.560	100.664	  1.005	  1.435	  0.000
0	  1.680	  2.760	  1.005	  1.449	  0.000
1	  1.680	  4.683	  1.005	  1.449	  0.000
2	  1.680	  6.606	  1.005	  1.449	  0.000
3	  1.680	  8.529	  1.005	  1.449	  0.000
4	  1.680	 10.452	  1.005	  1.449	  0.000
5	  1.680	 12.375	  1.005	  1.449	  0.000
6	  1.680	 14.298	  1.005	  1.449	  0.000
7	  1.680	 16.221	  1.005	  1.449	  0.000
8	  1.680	 18.144	  1.005	  1.449	  0.000
9	  1.680	 20.067	  1.005	  1.449	  0.000
10	  1.680	 21.991	  1.005	  1.449	  0.000
11	  1.680	 23.914	  1.005	  1.449	  0.000
12	  1.680	 25.837	  1.005	  1.449	  0.000
13	  1.680	 27.760	  1.005	  1.449	  0.000
14	  1.680	 29.683	  1.005	  1.449	  0.000
15	  1.680	 31.606	  1.005	  1.449	  0.000
16	  1.680	 33.529	  1.005	  1.449	  0.000
17	  1.680	 35.452	  1.005	  1.449	  0.000
18	  1.680	 37.375	  1.005	  1.449	  0.000
19	  1.680	 39.298	  1.005	  1.449	  0.000
20	  1.680	 41.221	  1.005	  1.449	  0.000
21	  1.680	 43.144	  1.005	  1.449	  0.000
22	  1.680	 45.067	  1.005	  1.449	  0.000
23	  1.680	 46.991	  1.005	  1.449	  0.000
24	  1.680	 48.914	  1.005	  1.449	  0.000
25	  1.680	 50.837	  1.005	  1.449	  0.000
26	  1.680	 52.760	  1.005	  1.449	  0.000
27	  1.680	 54.683	  1.005	  1.449	  0.000
28	  1.680	 56.606	  1.005	  1.449	  0.000
29	  1.680	 58.529	  1.005	  1.449	  0.000
30	  1.680	 60.452	  1.005	  1.449	  0.000
31	  1.680	 62.375	  1.005	  1.449	  0.000
32	  1.680	 64.298	  1.005	  1.449	  0.000
33	  1.680	 66.221	  1.005	  1.449	  0.000
34	  1.680	 68.144	  1.005	  1.449	  0.000
35	  1.680	 70.067	  1.005	  1.449	  0.000
36	  1.680	 71.991	  1.005	  1.449	  0.000
37	  1.680	 73.914	  1.005	  1.449	  0.000
38	  1.680	 75.837	  1.005	  1.449	  0.000
39	  1.680	 77.760	  1.005	  1.449	  0.000
40	  1.680	 79.683	  1.005	  1.449	  0.000
41	  1.680	 81.606	  1.005	  1.449	  0.000
42	  1.680	 83.529	  1.005	  1.449	  0.000
43	  1.680	 85.452	  1.005	  1.449	  0.000
44	  1.680	 87.375	  1.005	  1.449	  0.000
45	  1.680	 89.298	  1.005	  1.449	  0.000
46	  1.680	 91.221	  1.005	  1.449	  0.000
47	  1.680	 93.144	  1.005	  1.449	  0.000
48	  1.680	 95.067	  1.005	  1.449	  0.000
49	  1.680	 96.991	  1.005	  1.449	  0.000
50	  1.680	 98.914	  1.005	  1.449	  0.000
51	  1.680	100.837	  1.005	  1.449	  0.000
0	  1.800	  2.934	  1.005	  1.459	  0.000
1	  1.800	  4.857	  1.005	  1.459	  0.000
2	  1.800	  6.780	  1.005	  1.459	  0.000
3	  1.800	  8.703	  1.005	  1.459	  0.000
4	  1.800	 10.627	  1.005	  1.459	  0.000
5	  1.800	 12.550	  1.005	  1.459	  0.000
6	  1.800	 14.473	  1.005	  1.459	  0.000
7	  1.800	 16.396	  1.005	  1.459	  0.000
8	  1.800	 18.319	  1.005	  1.459	  0.000
9	  1.800	 20.242	  1.005	  1.459	  0.000
10	  1.800	 22.165	  1.005	  1.459	  0.000
11	  1.800	 24.088	  1.005	  1.459	  0.000
12	  1.800	 26.011	  1.005	  1.459	  0.000
13	  1.800	 27.934	  1.005	  1.459	  0.000
14	  1.800	 29.857	  1.005	  1.459	  0.000
15	  1.800	 31.780	  1.005	  1.459	  0.000
16	  1.800	 33.703	  1.005	  1.459	  0.000
17	  1.800	 35.627	  1.005	  1.459	  0.000
18	  1.800	 37.550	  1.005	  1.459	  0.000
19	  1.800	 39.473	  1.005	  1.459	  0.000
20	  1.800	 41.396	  1.005	  1.459	  0.000
21	  1.800	 43.319	  1.005	  1.459	  0.000
22	  1.800	 45.242	  1.005	  1.459	  0.000
23	  1.800	 47.165	  1.005	  1.459	  0.000
24	  1.800	 49.088	  1.005	  1.459	  0.000
25	  1.800	 51.011	  1.005	  1.459	  0.000
26	  1.800	 52.934	  1.005	  1.459	  0.000
27	  1.800	 54.857	  1.005	  1.459	  0.000
28	  1.800	 56.780	  1.005	  1.459	  0.000
29	  1.800	 58.703	  1.005	  1.459	  0.000
30	  1.800	 60.627	  1.005	  1.459	  0.000
31	  1.800	 62.550	  1.005	  1.459	  0.000
32	  1.800	 64.473	  1.005	  1.459	  0.000
33	  1.800	 66.396	  1.005	  1.459	  0.000
34	  1.800	 68.319	  1.005	  1.459	  0.000
35	  1.800	 70.242	  1.005	  1.459	  0.000
36	  1.800	 72.165	  1.005	  1.459	  0.000
37	  1.800	 74.088	  1.005	  1.459	  0.000
38	  1.800	 76.011	  1.005	  1.459	  0.000
39	  1.800	 77.934	  1.005	  1.459	  0.000
40	  1.800	 79.857	  1.005	  1.459	  0.000
41	  1.800	 81.780	  1.005	  1.459	  0.000
42	  1.800	 83.703	  1.005	  1.459	  0.000
43	  1.800	 85.627	  1.005	  1.459	  0.000
44	  1.800	 87.550	  1.005	  1.459	  0.000
45	  1.800	 89.473	  1.005	  1.459	  0.000
46	  1.800	 91.396	  1.005	  1.459	  0.000
47	  1.800	 93.319	  1.005	  1.459	  0.000
48	  1.800	 95.242	  1.005	  1.459	  0.000
49	  1.800	 97.165	  1.005	  1.459	  0.000
50	  1.800	 99.088	  1.005	  1.459	  0.000
51	  1.800	101.011	  1.005	  1.459	  0.000
0	  1.920	  3.110	  1.005	  1.468	  0.000
1	  1.920	  5.033	  1.005	  1.468	  0.000
2	  1.920	  6.956	  1.005	  1.468	  0.000
3	  1.920	  8.879	  1.005	  1.468	  0.000
4	  1.920	 10.802	  1.005	  1.468	  0.000
5	  1.920	 12.725	  1.005	  1.468	  0.000
6	  1.920	 14.648	  1.005	  1.468	  0.000
7	  1.920	 16.571	  1.005	  1.468	  0.000
8	  1.920	 18.494	  1.005	  1.468	  0.000
9	  1.920	 20.418	  1.005	  1.468	  0.000
10	  1.920	 22.341	  1.005	  1.468	  0.000
11	  1.920	 24.264	  1.005	  1.468	  0.000
12	  1.920	 26.187	  1.005	  1.468	  0.000
13	  1.920	 28.110	  1.005	  1.468	  0.000
14	  1.920	 30.033	  1.005	  1.468	  0.000
15	  1.920	 31.956	  1.005	  1.468	  0.000
16	  1.920	 33.879	  1.005	  1.468	  0.000
17	  1.920	 35.802	  1.005	  1.468	  0.000
18	  1.920	 37.725	  1.005	  1.468	  0.000
19	  1.920	 39.648	  1.005	  1.468	  0.000
20	  1.920	 41.571	  1.005	  1.468	  0.000
21	  1.920	 43.494	  1.005	  1.468	  0.000
22	  1.920	 45.418	  1.005	  1.468	  0.000
23	  1.920	 47.341	  1.005	  1.468	  0.000
24	  1.920	 49.264	  1.005	  1.468	  0.000
25	  1.920	 51.187	  1.005	  1.468	  0.000
26	  1.920	 53.110	  1.005	  1.468	  0.000
27	  1.920	 55.033	  1.005	  1.468	  0.000
28	  1.920	 56.956	  1.005	  1.468	  0.000
29	  1.920	 58.879	  1.005	  1.468	  0.000
30	  1.920	 60.802	  1.005	  1.468	  0.000
31	  1.920	 62.725	  1.005	  1.468	  0.000
32	  1.920	 64.648	  1.005	  1.468	  0.000
33	  1.920	 66.571	  1.005	  1.468	  0.000
34	  1.920	 68.494	  1.005	  1.468	  0.000
35	  1.920	 70.418	  1.005	  1.468	  0.000
36	  1.920	 72.341	  1.005	  1.468	  0.000
37	  1.920	 74.264	  1.005	  1.468	  0.000
38	  1.920	 76.187	  1.005	  1.468	  0.000
39	  1.920	 78.110	  1.005	  1.468	  0.000
40	  1.920	 80.033	  1.005	  1.468	  0.000
41	  1.920	 81.956	  1.005	  1.468	  0.000
42	  1.920	 83.879	  1.005	  1.468	  0.000
43	  1.920	 85.802	  1.005	  1.468	  0.000
44	  1.920	 87.725	  1.005	  1.468	  0.000
45	  1.920	 89.648	  1.005	  1.468	  0.000
46	  1.920	 91.571	  1.005	  1.468	  0.000
47	  1.920	 93.494	  1.005	  1.468	  0.000
48	  1.920	 95.418	  1.005	  1.468	  0.000
49	  1.920	 97.341	  1.005	  1.468	  0.000
50	  1.920	 99.264	  1.005	  1.468	  0.000
51	  1.920	101.187	  1.005	  1.468	  0.000
0	  2.040	  3.286	  1.005	  1.474	  0.000
1	  2.040	  5.209	  1.005	  1.474	  0.000
2	  2.040	  7.132	  1.005	  1.474	  0.000
3	  2.040	  9.056	  1.005	  1.474	  0.000
4	  2.040	 10.979	  1.005	  1.474	  0.000
5	  2.040	 12.902	  1.005	  1.474	  0.000
6	  2.040	 14.825	  1.005	  1.474	  0.000
7	  2.040	 16.748	  1.005	  1.474	  0.000
8	  2.040	 18.671	  1.005	  1.474	  0.000
9	  2.040	 20.594	  1.005	  1.474	  0.000
10	  2.040	 22.517	  1.005	  1.474	  0.000
11	  2.040	 24.440	  1.005	  1.474	  0.000
12	  2.040	 26.363	  1.005	  1.474	  0.000
13	  2.040	 28.286	  1.005	  1.474	  0.000
14	  2.040	 30.209	  1.005	  1.474	  0.000
15	  2.040	 32.132	  1.005	  1.474	  0.000
16	  2.040	 34.056	  1.005	  1.474	  0.000
17	  2.040	 35.979	  1.005	  1.474	  0.000
18	  2.040	 37.902	  1.005	  1.474	  0.000
19	  2.040	 39.825	  1.005	  1.474	  0.000
20	  2.040	 41.748	  1.005	  1.474	  0.000
21	  2.040	 43.671	  1.005	  1.474	  0.000
22	  2.040	 45.594	  1.005	  1.474	  0.000
23	  2.040	 47.517	  1.005	  1.474	  0.000
24	  2.040	 49.440	  1.005	  1.474	  0.000
25	  2.040	 51.363	  1.005	  1.474	  0.000
26	  2.040	 53.286	  1.005	  1.474	  0.000
27	  2.040	 55.209	  1.005	  1.474	  0.000
28	  2.040	 57.132	  1.005	  1.474	  0.000
29	  2.040	 59.056	  1.005	  1.474	  0.000
30	  2.040	 60.979	  1.005	  1.474	  0.000
31	  2.040	 62.902	  1.005	  1.474	  0.000
32	  2.040	 64.825	  1.005	  1.474	  0.000
33	  2.040	 66.748	  1.005	  1.474	  0.000
34	  2.040	 68.671	  1.005	  1.474	  0.000
35	  2.040	 70.594	  1.005	  1.474	  0.000
36	  2.040	 72.517	  1.005	  1.474	  0.000
37	  2.040	 74.440	  1.005	  1.474	  0.000
38	  2.040	 76.363	  1.005	  1.474	  0.000
39	  2.040	 78.286	  1.005	  1.474	  0.000
40	  2.040	 80.209	  1.005	  1.474	  0.000
41	  2.040	 82.132	  1.005	  1.474	  0.000
42	  2.040	 84.056	  1.005	  1.474	  0.000
43	  2.040	 85.979	  1.005	  1.474	  0.000
44	  2.040	 87.902	  1.005	  1.474	  0.000
45	  2.040	 89.825	  1.005	  1.474	  0.000
46	  2.040	 91.748	  1.005	  1.474	  0.000
47	  2.040	 93.671	  1.005	  1.474	  0.000
48	  2.040	 95.594	  1.005	  1.474	  0.000
49	  2.040	 97.517	  1.005	  1.474	  0.000
50	  2.040	 99.440	  1.005	  1.474	  0.000
51	  2.040	101.363	  1.005	  1.474	  0.000
0	  2.160	  3.464	  1.005	  1.480	  0.000
1	  2.160	  5.387	  1.005	  1.480	  0.000
2	  2.160	  7.310	  1.005	  1.480	  0.000
3	  2.160	  9.233	  1.005	  1.480	  0.000
4	  2.160	 11.156	  1.005	  1.480	  0.000
5	  2.160	 13.079	  1.005	  1.480	  0.000
6	  2.160	 15.002	  1.005	  1.480	  0.000
7	  2.160	 16.925	  1.005	  1.480	  0.000
8	  2.160	 18.848	  1.005	  1.480	  0.000
9	  2.160	 20.771	  1.005	  1.480	  0.000
10	  2.160	 22.694	  1.005	  1.480	  0.000
11	  2.160	 24.617	  1.005	  1.480	  0.000
12	  2.160	 26.540	  1.005	  1.480	  0.000
13	  2.160	 28.464	  1.005	  1.480	  0.000
14	  2.160	 30.387	  1.005	  1.480	  0.000
15	  2.160	 32.310	  1.005	  1.480	  0.000
16	  2.160	 34.233	  1.005	  1.480	  0.000
17	  2.160	 36.156	  1.005	  1.480	  0.000
18	  2.160	 38.079	  1.005	  1.480	  0.000
19	  2.160	 40.002	  1.005	  1.480	  0.000
20	  2.160	 41.925	  1.005	  1.480	  0.000
21	  2.160	 43.848	  1.005	  1.480	  0.000
22	  2.160	 45.771	  1.005	  1.480	  0.000
23	  2.160	 47.694	  1.005	  1.480	  0.000
24	  2.160	 49.617	  1.005	  1.480	  0.000
25	  2.160	 51.540	  1.005	  1.480	  0.000
26	  2.160	 53.464	  1.005	  1.480	  0.000
27	  2.160	 55.387	  1.005	  1.480	  0.000
28	  2.160	 57.310	  1.005	  1.480	  0.000
29	  2.160	 59.233	  1.005	  1.480	  0.000
30	  2.160	 61.156	  1.005	  1.480	  0.000
31	  2.160	 63.079	  1.005	  1.480	  0.000
32	  2.160	 65.002	  1.005	  1.480	  0.000
33	  2.160	 66.925	  1.005	  1.480	  0.000
34	  2.160	 68.848	  1.005	  1.480	  0.000
35	  2.160	 70.771	  1.005	  1.480	  0.000
36	  2.160	 72.694	  1.005	  1.480	  0.000
37	  2.160	 74.617	  1.005	  1.480	  0.000
38	  2.160	 76.540	  1.005	  1.480	  0.000
39	  2.160	 78.464	  1.005	  1.480	  0.000
40	  2.160	 80.387	  1.005	  1.480	  0.000
41	  2.160	 82.310	  1.005	  1.480	  0.000
42	  2.160	 84.233	  1.005	  1.480	  0.000
43	  2.160	 86.156	  1.005	  1.480	  0.000
44	  2.160	 88.079	  1.005	  1.480	  0.000
45	  2.160	 90.002	  1.005	  1.480	  0.000
46	  2.160	 91.925	  1.005	  1.480	  0.000
47	  2.160	 93.848	  1.005	  1.480	  0.000
48	  2.160	 95.771	  1.005	  1.480	  0.000
49	  2.160	 97.694	  1.005	  1.480	  0.000
50	  2.160	 99.617	  1.005	  1.480	  0.000
51	  2.160	101.540	  1.005	  1.480	  0.000
0	  2.280	  3.641	  1.005	  1.484	  0.000
1	  2.280	  5.564	  1.005	  1.484	  0.000
2	  2.280	  7.487	  1.005	  1.484	  0.000
3	  2.280	  9.411	  1.005	  1.484	  0.000
4	  2.280	 11.334	  1.005	  1.484	  0.000
5	  2.280	 13.257	  1.005	  1.484	  0.000
6	  2.280	 15.180	  1.005	  1.484	  0.000
7	  2.280	 17.103	  1.005	  1.484	  0.000
8	  2.280	 19.026	  1.005	  1.484	  0.000
9	  2.280	 20.949	  1.005	  1.484	  0.000
10	  2.280	 22.872	  1.005	  1.484	  0.000
11	  2.280	 24.795	  1.005	  1.484	  0.000
12	  2.280	 26.718	  1.005	  1.484	  0.000
13	  2.280	 28.641	  1.005	  1.484	  0.000
14	  2.280	 30.564	  1.005	  1.484	  0.000
15	  2.280	 32.487	  1.005	  1.484	  0.000
16	  2.280	 34.411	  1.005	  1.484	  0.000
17	  2.280	 36.334	  1.005	  1.484	  0.000
18	  2.280	 38.257	  1.005	  1.484	  0.000
19	  2.280	 40.180	  1.005	  1.484	  0.000
20	  2.280	 42.103	  1.005	  1.484	  0.000
21	  2.280	 44.026	  1.005	  1.484	  0.000
22	  2.280	 45.949	  1.005	  1.484	  0.000
23	  2.280	 47.872	  1.005	  1.484	  0.000
24	  2.280	 49.795	  1.005	  1.484	  0.000
25	  2.280	 51.718	  1.005	  1.484	  0.000
26	  2.280	 53.641	  1.005	  1.484	  0.000
27	  2.280	 55.564	  1.005	  1.484	  0.000
28	  2.280	 57.487	  1.005	  1.484	  0.000
29	  2.280	 59.411	  1.005	  1.484	  0.000
30	  2.280	 61.334	  1.005	  1.484	  0.000
31	  2.280	 63.257	  1.005	  1.484	  0.000
32	  2.280	 65.180	  1.005	  1.484	  0.000
33	  2.280	 67.103	  1.005	  1.484	  0.000
34	  2.280	 69.026	  1.005	  1.484	  0.000
35	  2.280	 70.949	  1.005	  1.484	  0.000
36	  2.280	 72.872	  1.005	  1.484	  0.000
37	  2.280	 74.795	  1.005	  1.484	  0.000
38	  2.280	 76.718	  1.005	  1.484	  0.000
39	  2.280	 78.641	  1.005	  1.484	  0.000
40	  2.280	 80.564	  1.005	  1.484	  0.000
41	  2.280	 82.487	  1.005	  1.484	  0.000
42	  2.280	 84.411	  1.005	  1.484	  0.000
43	  2.280	 86.334	  1.005	  1.484	  0.000
44	  2.280	 88.257	  1.005	  1.484	  0.000
45	  2.280	 90.180	  1.005	  1.484	  0.000
46	  2.280	 92.103	  1.005	  1.484	  0.000
47	  2.280	 94.026	  1.005	  1.484	  0.000
48	  2.280	 95.949	  1.005	  1.484	  0.000
49	  2.280	 97.872	  1.005	  1.484	  0.000
50	  2.280	 99.795	  1.005	  1.484	  0.000
51	  2.280	101.718	  1.005	  1.484	  0.000
0	  2.400	  3.820	  1.005	  1.487	  0.000
1	  2.400	  5.743	  1.005	  1.487	  0.000
2	  2.400	  7.666	  1.005	  1.487	  0.000
3	  2.400	  9.589	  1.005	  1.487	  0.000
4	  2.400	 11.512	  1.005	  1.487	  0.000
5	  2.400	 13.435	  1.005	  1.487	  0.000
6	  2.400	 15.358	  1.005	  1.487	  0.000
7	  2.400	 17.281	  1.005	  1.487	  0.000
8	  2.400	 19.204	  1.005	  1.487	  0.000
9	  2.400	 21.127	  1.005	  1.487	  0.000
10	  2.400	 23.050	  1.005	  1.487	  0.000
11	  2.400	 24.973	  1.005	  1.487	  0.000
12	  2.400	 26.896	  1.005	  1.487	  0.000
13	  2.400	 28.820	  1.005	  1.487	  0.000
14	  2.400	 30.743	  1.005	  1.487	  0.000
15	  2.400	 32.666	  1.005	  1.487	  0.000
16	  2.400	 34.589	  1.005	  1.487	  0.000
17	  2.400	 36.512	  1.005	  1.487	  0.000
18	  2.400	 38.435	  1.005	  1.487	  0.000
19	  2.400	 40.358	  1.005	  1.487	  0.000
20	  2.400	 42.281	  1.005	  1.487	  0.000
21	  2.400	 44.204	  1.005	  1.487	  0.000
22	  2.400	 46.127	  1.005	  1.487	  0.000
23	  2.400	 48.050	  1.005	  1.487	  0.000
24	  2.400	 49.973	  1.005	  1.487	  0.000
25	  2.400	 51.896	  1.005	  1.487	  0.000
26	  2.400	 53.820	  1.005	  1.487	  0.000
27	  2.400	 55.743	  1.005	  1.487	  0.000
28	  2.400	 57.666	  1.005	  1.487	  0.000
29	  2.400	 59.589	  1.005	  1.487	  0.000
30	  2.400	 61.512	  1.005	  1.487	  0.000
31	  2.400	 63.435	  1.005	  1.487	  0.000
32	  2.400	 65.358	  1.005	  1.487	  0.000
33	  2.400	 67.281	  1.005	  1.487	  0.000
34	  2.400	 69.204	  1.005	  1.487	  0.000
35	  2.400	 71.127	  1.005	  1.487	  0.000
36	  2.400	 73.050	  1.005	  1.487	  0.000
37	  2.400	 74.973	  1.005	  1.487	  0.000
38	  2.400	 76.896	  1.005	  1.487	  0.000
39	  2.400	 78.820	  1.005	  1.487	  0.000
40	  2.400	 80.743	  1.005	  1.487	  0.000
41	  2.400	 82.666	  1.005	  1.487	  0.000
42	  2.400	 84.589	  1.005	  1.487	  0.000
43	  2.400	 86.512	  1.005	  1.487	  0.000
44	  2.400	 88.435	  1.005	  1.487	  0.000
45	  2.400	 90.358	  1.005	  1.487	  0.000
46	  2.400	 92.281	  1.005	  1.487	  0.000
47	  2.400	 94.204	  1.005	  1.487	  0.000
48	  2.400	 96.127	  1.005	  1.487	  0.000
49	  2.400	 98.050	  1.005	  1.487	  0.000
50	  2.400	 99.973	  1.005	  1.487	  0.000
51	  2.400	101.896	  1.005	  1.487	  0.000
0	  2.520	  3.998	  1.005	  1.489	  0.000
1	  2.520	  5.921	  1.005	  1.489	  0.000
2	  2.520	  7.844	  1.005	  1.489	  0.000
3	  2.520	  9.767	  1.005	  1.489	  0.000
4	  2.520	 11.690	  1.005	  1.489	  0.000
5	  2.520	 13.614	  1.005	  1.489	  0.000
6	  2.520	 15.537	  1.005	  1.489	  0.000
7	  2.520	 17.460	  1.005	  1.489	  0.000
8	  2.520	 19.383	  1.005	  1.489	  0.000
9	  2.520	 21.306	  1.005	  1.489	  0.000
10	  2.520	 23.229	  1.005	  1.489	  0.000
11	  2.520	 25.152	  1.005	  1.489	  0.000
12	  2.520	 27.075	  1.005	  1.489	  0.000
13	  2.520	 28.998	  1.005	  1.489	  0.000
14	  2.520	 30.921	  1.005	  1.489	  0.000
15	  2.520	 32.844	  1.005	  1.489	  0.000
16	  2.520	 34.767	  1.005	  1.489	  0.000
17	  2.520	 36.690	  1.005	  1.489	  0.000
18	  2.520	 38.614	  1.005	  1.489	  0.000
19	  2.520	 40.537	  1.005	  1.489	  0.000
20	  2.520	 42.460	  1.005	  1.489	  0.000
21	  2.520	 44.383	  1.005	  1.489	  0.000
22	  2.520	 46.306	  1.005	  1.489	  0.000
23	  2.520	 48.229	  1.005	  1.489	  0.000
24	  2.520	 50.152	  1.005	  1.489	  0.000
25	  2.520	 52.075	  1.005	  1.489	  0.000
26	  2.520	 53.998	  1.005	  1.489	  0.000
27	  2.520	 55.921	  1.005	  1.489	  0.000
28	  2.520	 57.844	  1.005	  1.489	  0.000
29	  2.520	 59.767	  1.005	  1.489	  0.000
30	  2.520	 61.690	  1.005	  1.489	  0.000
31	  2.520	 63.614	  1.005	  1.489	  0.000
32	  2.520	 65.537	  1.005	  1.489	  0.000
33	  2.520	 67.460	  1.005	  1.489	  0.000
34	  2.520	 69.383	  1.005	  1.489	  0.000
35	  2.520	 71.306	  1.005	  1.489	  0.000
36	  2.520	 73.229	  1.005	  1.489	  0.000
37	  2.520	 75.152	  1.005	  1.489	  0.000
38	  2.520	 77.075	  1.005	  1.489	  0.000
39	  2.520	 78.998	  1.005	  1.489	  0.000
40	  2.520	 80.921	  1.005	  1.489	  0.000
41	  2.520	 82.844	  1.005	  1.489	  0.000
42	  2.520	 84.767	  1.005	  1.489	  0.000
43	  2.520	 86.690	  1.005	  1.489	  0.000
44	  2.520	 88.614	  1.005	  1.489	  0.000
45	  2.520	 90.537	  1.005	  1.489	  0.000
46	  2.520	 92.460	  1.005	  1.489	  0.000
47	  2.520	 94.383	  1.005	  1.489	  0.000
48	  2.520	 96.306	  1.005	  1.489	  0.000
49	  2.520	 98.229	  1.005	  1.489	  0.000
50	  2.520	100.152	  1.005	  1.489	  0.000
51	  2.520	102.075	  1.005	  1.489	  0.000
0	  2.640	  4.177	  1.005	  1.491	  0.000
1	  2.640	  6.100	  1.005	  1.491	  0.000
2	  2.640	  8.023	  1.005	  1.491	  0.000
3	  2.640	  9.946	  1.005	  1.491	  0.000
4	  2.640	 11.869	  1.005	  1.491	  0.000
5	  2.640	 13.792	  1.005	  1.491	  0.000
6	  2.640	 15.715	  1.005	  1.491	  0.000
7	  2.640	 17.638	  1.005	  1.491	  0.000
8	  2.640	 19.562	  1.005	  1.491	  0.000
9	  2.640	 21.485	  1.005	  1.491	  0.000
10	  2.640	 23.408	  1.005	  1.491	  0.000
11	  2.640	 25.331	  1.005	  1.491	  0.000
12	  2.640	 27.254	  1.005	  1.491	  0.000
13	  2.640	 29.177	  1.005	  1.491	  0.000
14	  2.640	 31.100	  1.005	  1.491	  0.000
15	  2.640	 33.023	  1.005	  1.491	  0.000
16	  2.640	 34.946	  1.005	  1.491	  0.000
17	  2.640	 36.869	  1.005	  1.491	  0.000
18	  2.640	 38.792	  1.005	  1.491	  0.000
19	  2.640	 40.715	  1.005	  1.491	  0.000
20	  2.640	 42.638	  1.005	  1.491	  0.000
21	  2.640	 44.562	  1.005	  1.491	  0.000
22	  2.640	 46.485	  1.005	  1.491	  0.000
23	  2.640	 48.408	  1.005	  1.491	  0.000
24	  2.640	 50.331	  1.005	  1.491	  0.000
25	  2.640	 52.254	  1.005	  1.491	  0.000
26	  2.640	 54.177	  1.005	  1.491	  0.000
27	  2.640	 56.100	  1.005	  1.491	  0.000
28	  2.640	 58.023	  1.005	  1.491	  0.000
29	  2.640	 59.946	  1.005	  1.491	  0.000
30	  2.640	 61.869	  1.005	  1.491	  0.000
31	  2.640	 63.792	  1.005	  1.491	  0.000
32	  2.640	 65.715	  1.005	  1.491	  0.000
33	  2.640	 67.638	  1.005	  1.491	  0.000
34	  2.640	 69.562	  1.005	  1.491	  0.000
35	  2.640	 71.485	  1.005	  1.491	  0.000
36	  2.640	 73.408	  1.005	  1.491	  0.000
37	  2.640	 75.331	  1.005	  1.491	  0.000
38	  2.640	 77.254	  1.005	  1.491	  0.000
39	  2.640	 79.177	  1.005	  1.491	  0.000
40	  2.640	 81.100	  1.005	  1.491	  0.000
41	  2.640	 83.023	  1.005	  1.491	  0.000
42	  2.640	 84.946	  1.005	  1.491	  0.000
43	  2.640	 86.869	  1.005	  1.491	  0.000
44	  2.640	 88.792	  1.005	  1.491	  0.000
45	  2.640	 90.715	  1.005	  1.491	  0.000
46	  2.640	 92.638	  1.005	  1.491	  0.000
47	  2.640	 94.562	  1.005	  1.491	  0.000
48	  2.640	 96.485	  1.005	  1.491	  0.000
49	  2.640	 98.408	  1.005	  1.491	  0.000
50	  2.640	100.331	  1.005	  1.491	  0.000
51	  2.640	102.254	  1.005	  1.491	  0.000
0	  2.760	  4.356	  1.005	  1.493	  0.000
1	  2.760	  6.279	  1.005	  1.493	  0.000
2	  2.760	  8.202	  1.005	  1.493	  0.000
3	  2.760	 10.125	  1.005	  1.493	  0.000
4	  2.760	 12.048	  1.005	  1.493	  0.000
5	  2.760	 13.971	  1.005	  1.493	  0.000
6	  2.760	 15.894	  1.005	  1.493	  0.000
7	  2.760	 17.818	  1.005	  1.493	  0.000
8	  2.760	 19.741	  1.005	  1.493	  0.000
9	  2.760	 21.664	  1.005	  1.493	  0.000
10	  2.760	 23.587	  1.005	  1.493	  0.000
11	  2.760	 25.510	  1.005	  1.493	  0.000
12	  2.760	 27.433	  1.005	  1.493	  0.000
13	  2.760	 29.356	  1.005	  1.493	  0.000
14	  2.760	 31.279	  1.005	  1.493	  0.000
15	  2.760	 33.202	  1.005	  1.493	  0.000
16	  2.760	 35.125	  1.005	  1.493	  0.000
17	  2.760	 37.048	  1.005	  1.493	  0.000
18	  2.760	 38.971	  1.005	  1.493	  0.000
19	  2.760	 40.894	  1.005	  1.493	  0.000
20	  2.760	 42.818	  1.005	  1.493	  0.000
21	  2.760	 44.741	  1.005	  1.493	  0.000
22	  2.760	 46.664	  1.005	  1.493	  0.000
23	  2.760	 48.587	  1.005	  1.493	  0.000
24	  2.760	 50.510	  1.005	  1.493	  0.000
25	  2.760	 52.433	  1.005	  1.493	  0.000
26	  2.760	 54.356	  1.005	  1.493	  0.000
27	  2.760	 56.279	  1.005	  1.493	  0.000
28	  2.760	 58.202	  1.005	  1.493	  0.000
29	  2.760	 60.125	  1.005	  1.493	  0.000
30	  2.760	 62.048	  1.005	  1.493	  0.000
31	  2.760	 63.971	  1.005	  1.493	  0.000
32	  2.760	 65.894	  1.005	  1.493	  0.000
33	  2.760	 67.818	  1.005	  1.493	  0.000
34	  2.760	 69.741	  1.005	  1.493	  0.000
35	  2.760	 71.664	  1.005	  1.493	  0.000
36	  2.760	 73.587	  1.005	  1.493	  0.000
37	  2.760	 75.510	  1.005	  1.493	  0.000
38	  2.760	 77.433	  1.005	  1.493	  0.000
39	  2.760	 79.356	  1.005	  1.493	  0.000
40	  2.760	 81.279	  1.005	  1.493	  0.000
41	  2.760	 83.202	  1.005	  1.493	  0.000
42	  2.760	 85.125	  1.005	  1.493	  0.000
43	  2.760	 87.048	  1.005	  1.493	  0.000
44	  2.760	 88.971	  1.005	  1.493	  0.000
45	  2.760	 90.894	  1.005	  1.493	  0.000
46	  2.760	 92.818	  1.005	  1.493	  0.000
47	  2.760	 94.741	  1.005	  1.493	  0.000
48	  2.760	 96.664	  1.005	  1.493	  0.000
49	  2.760	 98.587	  1.005	  1.493	  0.000
50	  2.760	100.510	  1.005	  1.493	  0.000
51	  2.760	102.433	  1.005	  1.493	  0.000
0	  2.880	  4.535	  1.005	  1.494	  0.000
1	  2.880	  6.458	  1.005	  1.494	  0.000
2	  2.880	  8.381	  1.005	  1.494	  0.000
3	  2.880	 10.304	  1.005	  1.494	  0.000
4	  2.880	 12.228	  1.005	  1.494	  0.000
5	  2.880	 14.151	  1.005	  1.494	  0.000
6	  2.880	 16.074	  1.005	  1.494	  0.000
7	  2.880	 17.997	  1.005	  1.494	  0.000
8	  2.880	 19.920	  1.005	  1.494	  0.000
9	  2.880	 21.843	  1.005	  1.494	  0.000
10	  2.880	 23.766	  1.005	  1.494	  0.000
11	  2.880	 25.689	  1.005	  1.494	  0.000
12	  2.880	 27.612	  1.005	  1.494	  0.000
13	  2.880	 29.535	  1.005	  1.494	  0.000
14	  2.880	 31.458	  1.005	  1.494	  0.000
15	  2.880	 33.381	  1.005	  1.494	  0.000
16	  2.880	 35.304	  1.005	  1.494	  0.000
17	  2.880	 37.228	  1.005	  1.494	  0.000
18	  2.880	 39.151	  1.005	  1.494	  0.000
19	  2.880	 41.074	  1.005	  1.494	  0.000
20	  2.880	 42.997	  1.005	  1.494	  0.000
21	  2.880	 44.920	  1.005	  1.494	  0.000
22	  2.880	 46.843	  1.005	  1.494	  0.000
23	  2.880	 48.766	  1.005	  1.494	  0.000
24	  2.880	 50.689	  1.005	  1.494	  0.000
25	  2.880	 52.612	  1.005	  1.494	  0.000
26	  2.880	 54.535	  1.005	  1.494	  0.000
27	  2.880	 56.458	  1.005	  1.494	  0.000
28	  2.880	 58.381	  1.005	  1.494	  0.000
29	  2.880	 60.304	  1.005	  1.494	  0.000
30	  2.880	 62.228	  1.005	  1.494	  0.000
31	  2.880	 64.151	  1.005	  1.494	  0.000
32	  2.880	 66.074	  1.005	  1.494	  0.000
33	  2.880	 67.997	  1.005	  1.494	  0.000
34	  2.880	 69.920	  1.005	  1.494	  0.000
35	  2.880	 71.843	  1.005	  1.494	  0.000
36	  2.880	 73.766	  1.005	  1.494	  0.000
37	  2.880	 75.689	  1.005	  1.494	  0.000
38	  2.880	 77.612	  1.005	  1.494	  0.000
39	  2.880	 79.535	  1.005	  1.494	  0.000
40	  2.880	 81.458	  1.005	  1.494	  0.000
41	  2.880	 83.381	  1.005	  1.494	  0.000
42	  2.880	 85.304	  1.005	  1.494	  0.000
43	  2.880	 87.228	  1.005	  1.494	  0.000
44	  2.880	 89.151	  1.005	  1.494	  0.000
45	  2.880	 91.074	  1.005	  1.494	  0.000
46	  2.880	 92.997	  1.005	  1.494	  0.000
47	  2.880	 94.920	  1.005	  1.494	  0.000
48	  2.880	 96.843	  1.005	  1.494	  0.000
49	  2.880	 98.766	  1.005	  1.494	  0.000
50	  2.880	100.689	  1.005	  1.494	  0.000
51	  2.880	102.612	  1.005	  1.494	  0.000
0	  3.000	  4.715	  1.005	  1.495	  0.000
1	  3.000	  6.638	  1.005	  1.495	  0.000
2	  3.000	  8.561	  1.005	  1.495	  0.000
3	  3.000	 10.484	  1.005	  1.495	  0.000
4	  3.000	 12.407	  1.005	  1.495	  0.000
5	  3.000	 14.330	  1.005	  1.495	  0.000
6	  3.000	 16.253	  1.005	  1.495	  0.000
7	  3.000	 18.176	  1.005	  1.495	  0.000
8	  3.000	 20.099	  1.005	  1.495	  0.000
9	  3.000	 22.022	  1.005	  1.495	  0.000
10	  3.000	 23.945	  1.005	  1.495	  0.000
11	  3.000	 25.868	  1.005	  1.495	  0.000
12	  3.000	 27.791	  1.005	  1.495	  0.000
13	  3.000	 29.715	  1.005	  1.495	  0.000
14	  3.000	 31.638	  1.005	  1.495	  0.000
15	  3.000	 33.561	  1.005	  1.495	  0.000
16	  3.000	 35.484	  1.005	  1.495	  0.000
17	  3.000	 37.407	  1.005	  1.495	  0.000
18	  3.000	 39.330	  1.005	  1.495	  0.000
19	  3.000	 41.253	  1.005	  1.495	  0.000
20	  3.000	 43.176	  1.005	  1.495	  0.000
21	  3.000	 45.099	  1.005	  1.495	  0.000
22	  3.000	 47.022	  1.005	  1.495	  0.000
23	  3.000	 48.945	  1.005	  1.495	  0.000
24	  3.000	 50.868	  1.005	  1.495	  0.000
25	  3.000	 52.791	  1.005	  1.495	  0.000
26	  3.000	 54.715	  1.005	  1.495	  0.000
27	  3.000	 56.638	  1.005	  1.495	  0.000
28	  3.000	 58.561	  1.005	  1.495	  0.000
29	  3.000	 60.484	  1.005	  1.495	  0.000
30	  3.000	 62.407	  1.005	  1.495	  0.000
31	  3.000	 64.330	  1.005	  1.495	  0.000
32	  3.000	 66.253	  1.005	  1.495	  0.000
33	  3.000	 68.176	  1.005	  1.495	  0.000
34	  3.000	 70.099	  1.005	  1.495	  0.000
35	  3.000	 72.022	  1.005	  1.495	  0.000
36	  3.000	 73.945	  1.005	  1.495	  0.000
37	  3.000	 75.868	  1.005	  1.495	  0.000
38	  3.000	 77.791	  1.005	  1.495	  0.000
39	  3.000	 79.715	  1.005	  1.495	  0.000
40	  3.000	 81.638	  1.005	  1.495	  0.000
41	  3.000	 83.561	  1.005	  1.495	  0.000
42	  3.000	 85.484	  1.005	  1.495	  0.000
43	  3.000	 87.407	  1.005	  1.495	  0.000
44	  3.000	 89.330	  1.005	  1.495	  0.000
45	  3.000	 91.253	  1.005	  1.495	  0.000
46	  3.000	 93.176	  1.005	  1.495	  0.000
47	  3.000	 95.099	  1.005	  1.495	  0.000
48	  3.000	 97.022	  1.005	  1.495	  0.000
49	  3.000	 98.945	  1.005	  1.495	  0.000
50	  3.000	100.868	  1.005	  1.495	  0.000
51	  3.000	102.791	  1.005	  1.495	  0.000
