# id	 time	 x	 y	 vx	 vy
0	  0.000	  1.220	  1.000	  0.010	  0.010
1	  0.000	  3.659	  1.000	  0.010	  0.010
2	  0.000	  6.098	  1.000	  0.010	  0.010
3	  0.000	  8.537	  1.000	  0.010	  0.010
4	  0.000	 10.976	  1.000	  0.010	  0.010
5	  0.000	 13.415	  1.000	  0.010	  0.010
6	  0.000	 15.854	  1.000	  0.010	  0.010
7	  0.000	 18.293	  1.000	  0.010	  0.010
8	  0.000	 20.732	  1.000	  0.010	  0.010
9	  0.000	 23.171	  1.000	  0.010	  0.010
10	  0.000	 25.610	  1.000	  0.010	  0.010
11	  0.000	 28.049	  1.000	  0.010	  0.010
12	  0.000	 30.488	  1.000	  0.010	  0.010
13	  0.000	 32.927	  1.000	  0.010	  0.010
14	  0.000	 35.366	  1.000	  0.010	  0.010
15	  0.000	 37.805	  1.000	  0.010	  0.010
16	  0.000	 40.244	  1.000	  0.010	  0.010
17	  0.000	 42.683	  1.000	  0.010	  0.010
18	  0.000	 45.122	  1.000	  0.010	  0.010
19	  0.000	 47.561	  1.000	  0.010	  0.010
20	  0.000	 50.000	  1.000	  0.010	  0.010
21	  0.000	 52.439	  1.000	  0.010	  0.010
22	  0.000	 54.878	  1.000	  0.010	  0.010
23	  0.000	 57.317	  1.000	  0.010	  0.010
24	  0.000	 59.756	  1.000	  0.010	  0.010
25	  0.000	 62.195	  1.000	  0.010	  0.010
26	  0.000	 64.634	  1.000	  0.010	  0.010
27	  0.000	 67.073	  1.000	  0.010	  0.010
28	  0.000	 69.512	  1.000	  0.010	  0.010
29	  0.000	 71.951	  1.000	  0.010	  0.010
30	  0.000	 74.390	  1.000	  0.010	  0.010
31	  0.000	 76.829	  1.000	  0.010	  0.010
32	  0.000	 79.268	  1.000	  0.010	  0.010
33	  0.000	 81.707	  1.000	  0.010	  0.010
34	  0.000	 84.146	  1.000	  0.010	  0.010
35	  0.000	 86.585	  1.000	  0.010	  0.010
36	  0.000	 89.024	  1.000	  0.010	  0.010
37	  0.000	 91.463	  1.000	  0.010	  0.010
38	  0.000	 93.902	  1.000	  0.010	  0.010
39	  0.000	 96.341	  1.000	  0.010	  0.010
40	  0.000	 98.780	  1.000	  0.010	  0.010
0	  0.120	  1.239	  1.001	  0.331	  0.008
1	  0.120	  3.678	  1.001	  0.331	  0.008
2	  0.120	  6.117	  1.001	  0.331	  0.008
3	  0.120	  8.556	  1.001	  0.331	  0.008
4	  0.120	 10.995	  1.001	  0.331	  0.008
5	  0.120	 13.434	  1.001	  0.331	  0.008
6	  0.120	 15.873	  1.001	  0.331	  0.008
7	  0.120	 18.312	  1.001	  0.331	  0.008
8	  0.120	 20.751	  1.001	  0.331	  0.008
9	  0.120	 23.190	  1.001	  0.331	  0.008
10	  0.120	 25.629	  1.001	  0.331	  0.008
11	  0.120	 28.068	  1.001	  0.331	  0.008
12	  0.120	 30.507	  1.001	  0.331	  0.008
13	  0.120	 32.946	  1.001	  0.331	  0.008
14	  0.120	 35.385	  1.001	  0.331	  0.008
15	  0.120	 37.824	  1.001	  0.331	  0.008
16	  0.120	 40.264	  1.001	  0.331	  0.008
17	  0.120	 42.703	  1.001	  0.331	  0.008
18	  0.120	 45.142	  1.001	  0.331	  0.008
19	  0.120	 47.581	  1.001	  0.331	  0.008
20	  0.120	 50.020	  1.001	  0.331	  0.008
21	  0.120	 52.459	  1.001	  0.331	  0.008
22	  0.120	 54.898	  1.001	  0.331	  0.008
23	  0.120	 57.337	  1.001	  0.331	  0.008
24	  0.120	 59.776	  1.001	  0.331	  0.008
25	  0.120	 62.215	  1.001	  0.331	  0.008
26	  0.120	 64.654	  1.001	  0.331	  0.008
27	  0.120	 67.093	  1.001	  0.331	  0.008
28	  0.120	 69.532	  1.001	  0.331	  0.008
29	  0.120	 71.971	  1.001	  0.331	  0.008
30	  0.120	 74.410	  1.001	  0.331	  0.008
31	  0.120	 76.849	  1.001	  0.331	  0.008
32	  0.120	 79.288	  1.001	  0.331	  0.008
33	  0.120	 81.727	  1.001	  0.331	  0.008
34	  0.120	 84.166	  1.001	  0.331	  0.008
35	  0.120	 86.605	  1.001	  0.331	  0.008
36	  0.120	 89.044	  1.001	  0.331	  0.008
37	  0.120	 91.483	  1.001	  0.331	  0.008
38	  0.120	 93.922	  1.001	  0.331	  0.008
39	  0.120	 96.361	  1.001	  0.331	  0.008
40	  0.120	 98.800	  1.001	  0.331	  0.008
0	  0.240	  1.293	  1.002	  0.582	  0.006
1	  0.240	  3.732	  1.002	  0.582	  0.006
2	  0.240	  6.171	  1.002	  0.582	  0.006
3	  0.240	  8.610	  1.002	  0.582	  0.006
4	  0.240	 11.049	  1.002	  0.582	  0.006
5	  0.240	 13.488	  1.002	  0.582	  0.006
6	  0.240	 15.927	  1.002	  0.582	  0.006
7	  0.240	 18.366	  1.002	  0.582	  0.006
8	  0.240	 20.805	  1.002	  0.582	  0.006
9	  0.240	 23.244	  1.002	  0.582	  0.006
10	  0.240	 25.684	  1.002	  0.582	  0.006
11	  0.240	 28.123	  1.002	  0.582	  0.006
12	  0.240	 30.562	  1.002	  0.582	  0.006
13	  0.240	 33.001	  1.002	  0.582	  0.006
14	  0.240	 35.440	  1.002	  0.582	  0.006
15	  0.240	 37.879	  1.002	  0.582	  0.006
16	  0.240	 40.318	  1.002	  0.582	  0.006
17	  0.240	 42.757	  1.002	  0.582	  0.006
18	  0.240	 45.196	  1.002	  0.582	  0.006
19	  0.240	 47.635	  1.002	  0.582	  0.006
20	  0.240	 50.074	  1.002	  0.582	  0.006
21	  0.240	 52.513	  1.002	  0.582	  0.006
22	  0.240	 54.952	  1.002	  0.582	  0.006
23	  0.240	 57.391	  1.002	  0.582	  0.006
24	  0.240	 59.830	  1.002	  0.582	  0.006
25	  0.240	 62.269	  1.002	  0.582	  0.006
26	  0.240	 64.708	  1.002	  0.582	  0.006
27	  0.240	 67.147	  1.002	  0.582	  0.006
28	  0.240	 69.586	  1.002	  0.582	  0.006
29	  0.240	 72.025	  1.002	  0.582	  0.006
30	  0.240	 74.464	  1.002	  0.582	  0.006
31	  0.240	 76.903	  1.002	  0.582	  0.006
32	  0.240	 79.342	  1.002	  0.582	  0.006
33	  0.240	 81.781	  1.002	  0.582	  0.006
34	  0.240	 84.220	  1.002	  0.582	  0.006
35	  0.240	 86.659	  1.002	  0.582	  0.006
36	  0.240	 89.098	  1.002	  0.582	  0.006
37	  0.240	 91.537	  1.002	  0.582	  0.006
38	  0.240	 93.976	  1.002	  0.582	  0.006
39	  0.240	 96.415	  1.002	  0.582	  0.006
40	  0.240	 98.854	  1.002	  0.582	  0.006
0	  0.360	  1.375	  1.003	  0.780	  0.005
1	  0.360	  3.814	  1.003	  0.780	  0.005
2	  0.360	  6.253	  1.003	  0.780	  0.005
3	  0.360	  8.692	  1.003	  0.780	  0.005
4	  0.360	 11.131	  1.003	  0.780	  0.005
5	  0.360	 13.570	  1.003	  0.780	  0.005
6	  0.360	 16.009	  1.003	  0.780	  0.005
7	  0.360	 18.448	  1.003	  0.780	  0.005
8	  0.360	 20.887	  1.003	  0.780	  0.005
9	  0.360	 23.326	  1.003	  0.780	  0.005
10	  0.360	 25.765	  1.003	  0.780	  0.005
11	  0.360	 28.204	  1.003	  0.780	  0.005
12	  0.360	 30.643	  1.003	  0.780	  0.005
13	  0.360	 33.082	  1.003	  0.780	  0.005
14	  0.360	 35.521	  1.003	  0.780	  0.005
15	  0.360	 37.960	  1.003	  0.780	  0.005
16	  0.360	 40.399	  1.003	  0.780	  0.005
17	  0.360	 42.838	  1.003	  0.780	  0.005
18	  0.360	 45.277	  1.003	  0.780	  0.005
19	  0.360	 47.716	  1.003	  0.780	  0.005
20	  0.360	 50.155	  1.003	  0.780	  0.005
21	  0.360	 52.594	  1.003	  0.780	  0.005
22	  0.360	 55.033	  1.003	  0.780	  0.005
23	  0.360	 57.472	  1.003	  0.780	  0.005
24	  0.360	 59.911	  1.003	  0.780	  0.005
25	  0.360	 62.350	  1.003	  0.780	  0.005
26	  0.360	 64.789	  1.003	  0.780	  0.005
27	  0.360	 67.228	  1.003	  0.780	  0.005
28	  0.360	 69.667	  1.003	  0.780	  0.005
29	  0.360	 72.106	  1.003	  0.780	  0.005
30	  0.360	 74.545	  1.003	  0.780	  0.005
31	  0.360	 76.984	  1.003	  0.780	  0.005
32	  0.360	 79.423	  1.003	  0.780	  0.005
33	  0.360	 81.862	  1.003	  0.780	  0.005
34	  0.360	 84.301	  1.003	  0.780	  0.005
35	  0.360	 86.740	  1.003	  0.780	  0.005
36	  0.360	 89.179	  1.003	  0.780	  0.005
37	  0.360	 91.618	  1.003	  0.780	  0.005
38	  0.360	 94.057	  1.003	  0.780	  0.005
39	  0.360	 96.496	  1.003	  0.780	  0.005
40	  0.360	 98.935	  1.003	  0.780	  0.005
0	  0.480	  1.477	  1.003	  0.935	  0.004
1	  0.480	  3.916	  1.003	  0.935	  0.004
2	  0.480	  6.355	  1.003	  0.935	  0.004
3	  0.480	  8.794	  1.003	  0.935	  0.004
4	  0.480	 11.233	  1.003	  0.935	  0.004
5	  0.480	 13.672	  1.003	  0.935	  0.004
6	  0.480	 16.111	  1.003	  0.935	  0.004
7	  0.480	 18.550	  1.003	  0.935	  0.004
8	  0.480	 20.989	  1.003	  0.935	  0.004
9	  0.480	 23.428	  1.003	  0.935	  0.004
10	  0.480	 25.867	  1.003	  0.935	  0.004
11	  0.480	 28.306	  1.003	  0.935	  0.004
12	  0.480	 30.745	  1.003	  0.935	  0.004
13	  0.480	 33.184	  1.003	  0.935	  0.004
14	  0.480	 35.623	  1.003	  0.935	  0.004
15	  0.480	 38.062	  1.003	  0.935	  0.004
16	  0.480	 40.501	  1.003	  0.935	  0.004
17	  0.480	 42.940	  1.003	  0.935	  0.004
18	  0.480	 45.379	  1.003	  0.935	  0.004
19	  0.480	 47.818	  1.003	  0.935	  0.004
20	  0.480	 50.257	  1.003	  0.935	  0.004
21	  0.480	 52.697	  1.003	  0.935	  0.004
22	  0.480	 55.136	  1.003	  0.935	  0.004
23	  0.480	 57.575	  1.003	  0.935	  0.004
24	  0.480	 60.014	  1.003	  0.935	  0.004
25	  0.480	 62.453	  1.003	  0.935	  0.004
26	  0.480	 64.892	  1.003	  0.935	  0.004
27	  0.480	 67.331	  1.003	  0.935	  0.004
28	  0.480	 69.770	  1.003	  0.935	  0.004
29	  0.480	 72.209	  1.003	  0.935	  0.004
30	  0.480	 74.648	  1.003	  0.935	  0.004
31	  0.480	 77.087	  1.003	  0.935	  0.004
32	  0.480	 79.526	  1.003	  0.935	  0.004
33	  0.480	 81.965	  1.003	  0.935	  0.004
34	  0.480	 84.404	  1.003	  0.935	  0.004
35	  0.480	 86.843	  1.003	  0.935	  0.004
36	  0.480	 89.282	  1.003	  0.935	  0.004
37	  0.480	 91.721	  1.003	  0.935	  0.004
38	  0.480	 94.160	  1.003	  0.935	  0.004
39	  0.480	 96.599	  1.003	  0.935	  0.004
40	  0.480	 99.038	  1.003	  0.935	  0.004
0	  0.600	  1.596	  1.004	  1.057	  0.003
1	  0.600	  4.035	  1.004	  1.057	  0.003
2	  0.600	  6.474	  1.004	  1.057	  0.003
3	  0.600	  8.913	  1.004	  1.057	  0.003
4	  0.600	 11.352	  1.004	  1.057	  0.003
5	  0.600	 13.791	  1.004	  1.057	  0.003
6	  0.600	 16.230	  1.004	  1.057	  0.003
7	  0.600	 18.669	  1.004	  1.057	  0.003
8	  0.600	 21.108	  1.004	  1.057	  0.003
9	  0.600	 23.547	  1.004	  1.057	  0.003
10	  0.600	 25.986	  1.004	  1.057	  0.003
11	  0.600	 28.425	  1.004	  1.057	  0.003
12	  0.600	 30.864	  1.004	  1.057	  0.003
13	  0.600	 33.304	  1.004	  1.057	  0.003
14	  0.600	 35.743	  1.004	  1.057	  0.003
15	  0.600	 38.182	  1.004	  1.057	  0.003
16	  0.600	 40.621	  1.004	  1.057	  0.003
17	  0.600	 43.060	  1.004	  1.057	  0.003
18	  0.600	 45.499	  1.004	  1.057	  0.003
19	  0.600	 47.938	  1.004	  1.057	  0.003
20	  0.600	 50.377	  1.004	  1.057	  0.003
21	  0.600	 52.816	  1.004	  1.057	  0.003
22	  0.600	 55.255	  1.004	  1.057	  0.003
23	  0.600	 57.694	  1.004	  1.057	  0.003
24	  0.600	 60.133	  1.004	  1.057	  0.003
25	  0.600	 62.572	  1.004	  1.057	  0.003
26	  0.600	 65.011	  1.004	  1.057	  0.003
27	  0.600	 67.450	  1.004	  1.057	  0.003
28	  0.600	 69.889	  1.004	  1.057	  0.003
29	  0.600	 72.328	  1.004	  1.057	  0.003
30	  0.600	 74.767	  1.004	  1.057	  0.003
31	  0.600	 77.206	  1.004	  1.057	  0.003
32	  0.600	 79.645	  1.004	  1.057	  0.003
33	  0.600	 82.084	  1.004	  1.057	  0.003
34	  0.600	 84.523	  1.004	  1.057	  0.003
35	  0.600	 86.962	  1.004	  1.057	  0.003
36	  0.600	 89.401	  1.004	  1.057	  0.003
37	  0.600	 91.840	  1.004	  1.057	  0.003
38	  0.600	 94.279	  1.004	  1.057	  0.003
39	  0.600	 96.718	  1.004	  1.057	  0.003
40	  0.600	 99.157	  1.004	  1.057	  0.003
0	  0.720	  1.728	  1.004	  1.152	  0.002
1	  0.720	  4.167	  1.004	  1.152	  0.002
2	  0.720	  6.607	  1.004	  1.152	  0.002
3	  0.720	  9.046	  1.004	  1.152	  0.002
4	  0.720	 11.485	  1.004	  1.152	  0.002
5	  0.720	 13.924	  1.004	  1.152	  0.002
6	  0.720	 16.363	  1.004	  1.152	  0.002
7	  0.720	 18.802	  1.004	  1.152	  0.002
8	  0.720	 21.241	  1.004	  1.152	  0.002
9	  0.720	 23.680	  1.004	  1.152	  0.002
10	  0.720	 26.119	  1.004	  1.152	  0.002
11	  0.720	 28.558	  1.004	  1.152	  0.002
12	  0.720	 30.997	  1.004	  1.152	  0.002
13	  0.720	 33.436	  1.004	  1.152	  0.002
14	  0.720	 35.875	  1.004	  1.152	  0.002
15	  0.720	 38.314	  1.004	  1.152	  0.002
16	  0.720	 40.753	  1.004	  1.152	  0.002
17	  0.720	 43.192	  1.004	  1.152	  0.002
18	  0.720	 45.631	  1.004	  1.152	  0.002
19	  0.720	 48.070	  1.004	  1.152	  0.002
20	  0.720	 50.509	  1.004	  1.152	  0.002
21	  0.720	 52.948	  1.004	  1.152	  0.002
22	  0.720	 55.387	  1.004	  1.152	  0.002
23	  0.720	 57.826	  1.004	  1.152	  0.002
24	  0.720	 60.265	  1.004	  1.152	  0.002
25	  0.720	 62.704	  1.004	  1.152	  0.002
26	  0.720	 65.143	  1.004	  1.152	  0.002
27	  0.720	 67.582	  1.004	  1.152	  0.002
28	  0.720	 70.021	  1.004	  1.152	  0.002
29	  0.720	 72.460	  1.004	  1.152	  0.002
30	  0.720	 74.899	  1.004	  1.152	  0.002
31	  0.720	 77.338	  1.004	  1.152	  0.002
32	  0.720	 79.777	  1.004	  1.152	  0.002
33	  0.720	 82.216	  1.004	  1.152	  0.002
34	  0.720	 84.655	  1.004	  1.152	  0.002
35	  0.720	 87.094	  1.004	  1.152	  0.002
36	  0.720	 89.533	  1.004	  1.152	  0.002
37	  0.720	 91.972	  1.004	  1.152	  0.002
38	  0.720	 94.411	  1.004	  1.152	  0.002
39	  0.720	 96.850	  1.004	  1.152	  0.002
40	  0.720	 99.289	  1.004	  1.152	  0.002
0	  0.840	  1.871	  1.004	  1.227	  0.002
1	  0.840	  4.310	  1.004	  1.227	  0.002
2	  0.840	  6.749	  1.004	  1.227	  0.002
3	  0.840	  9.188	  1.004	  1.227	  0.002
4	  0.840	 11.627	  1.004	  1.227	  0.002
5	  0.840	 14.066	  1.004	  1.227	  0.002
6	  0.840	 16.505	  1.004	  1.227	  0.002
7	  0.840	 18.944	  1.004	  1.227	  0.002
8	  0.840	 21.383	  1.004	  1.227	  0.002
9	  0.840	 23.822	  1.004	  1.227	  0.002
10	  0.840	 26.261	  1.004	  1.227	  0.002
11	  0.840	 28.700	  1.004	  1.227	  0.002
12	  0.840	 31.139	  1.004	  1.227	  0.002
13	  0.840	 33.578	  1.004	  1.227	  0.002
14	  0.840	 36.017	  1.004	  1.227	  0.002
15	  0.840	 38.456	  1.004	  1.227	  0.002
16	  0.840	 40.895	  1.004	  1.227	  0.002
17	  0.840	 43.334	  1.004	  1.227	  0.002
18	  0.840	 45.773	  1.004	  1.227	  0.002
19	  0.840	 48.212	  1.004	  1.227	  0.002
20	  0.840	 50.652	  1.004	  1.227	  0.002
21	  0.840	 53.091	  1.004	  1.227	  0.002
22	  0.840	 55.530	  1.004	  1.227	  0.002
23	  0.840	 57.969	  1.004	  1.227	  0.002
24	  0.840	 60.408	  1.004	  1.227	  0.002
25	  0.840	 62.847	  1.004	  1.227	  0.002
26	  0.840	 65.286	  1.004	  1.227	  0.002
27	  0.840	 67.725	  1.004	  1.227	  0.002
28	  0.840	 70.164	  1.004	  1.227	  0.002
29	  0.840	 72.603	  1.004	  1.227	  0.002
30	  0.840	 75.042	  1.004	  1.227	  0.002
31	  0.840	 77.481	  1.004	  1.227	  0.002
32	  0.840	 79.920	  1.004	  1.227	  0.002
33	  0.840	 82.359	  1.004	  1.227	  0.002
34	  0.840	 84.798	  1.004	  1.227	  0.002
35	  0.840	 87.237	  1.004	  1.227	  0.002
36	  0.840	 89.676	  1.004	  1.227	  0.002
37	  0.840	 92.115	  1.004	  1.227	  0.002
38	  0.840	 94.554	  1.004	  1.227	  0.002
39	  0.840	 96.993	  1.004	  1.227	  0.002
40	  0.840	 99.432	  1.004	  1.227	  0.002
0	  0.960	  2.022	  1.004	  1.286	  0.001
1	  0.960	  4.461	  1.004	  1.286	  0.001
2	  0.960	  6.900	  1.004	  1.286	  0.001
3	  0.960	  9.339	  1.004	  1.286	  0.001
4	  0.960	 11.778	  1.004	  1.286	  0.001
5	  0.960	 14.217	  1.004	  1.286	  0.001
6	  0.960	 16.656	  1.004	  1.286	  0.001
7	  0.960	 19.095	  1.004	  1.286	  0.001
8	  0.960	 21.534	  1.004	  1.286	  0.001
9	  0.960	 23.973	  1.004	  1.286	  0.001
10	  0.960	 26.412	  1.004	  1.286	  0.001
11	  0.960	 28.851	  1.004	  1.286	  0.001
12	  0.960	 31.290	  1.004	  1.286	  0.001
13	  0.960	 33.729	  1.004	  1.286	  0.001
14	  0.960	 36.168	  1.004	  1.286	  0.001
15	  0.960	 38.607	  1.004	  1.286	  0.001
16	  0.960	 41.046	  1.004	  1.286	  0.001
17	  0.960	 43.485	  1.004	  1.286	  0.001
18	  0.960	 45.924	  1.004	  1.286	  0.001
19	  0.960	 48.363	  1.004	  1.286	  0.001
20	  0.960	 50.802	  1.004	  1.286	  0.001
21	  0.960	 53.241	  1.004	  1.286	  0.001
22	  0.960	 55.680	  1.004	  1.286	  0.001
23	  0.960	 58.119	  1.004	  1.286	  0.001
24	  0.960	 60.558	  1.004	  1.286	  0.001
25	  0.960	 62.997	  1.004	  1.286	  0.001
26	  0.960	 65.436	  1.004	  1.286	  0.001
27	  0.960	 67.875	  1.004	  1.286	  0.001
28	  0.960	 70.314	  1.004	  1.286	  0.001
29	  0.960	 72.753	  1.004	  1.286	  0.001
30	  0.960	 75.192	  1.004	  1.286	  0.001
31	  0.960	 77.631	  1.004	  1.286	  0.001
32	  0.960	 80.070	  1.004	  1.286	  0.001
33	  0.960	 82.509	  1.004	  1.286	  0.001
34	  0.960	 84.948	  1.004	  1.286	  0.001
35	  0.960	 87.387	  1.004	  1.286	  0.001
36	  0.960	 89.827	  1.004	  1.286	  0.001
37	  0.960	 92.266	  1.004	  1.286	  0.001
38	  0.960	 94.705	  1.004	  1.286	  0.001
39	  0.960	 97.144	  1.004	  1.286	  0.001
40	  0.960	 99.583	  1.004	  1.286	  0.001
0	  1.080	  2.179	  1.004	  1.332	  0.001
1	  1.080	  4.618	  1.004	  1.332	  0.001
2	  1.080	  7.057	  1.004	  1.332	  0.001
3	  1.080	  9.496	  1.004	  1.332	  0.001
4	  1.080	 11.935	  1.004	  1.332	  0.001
5	  1.080	 14.374	  1.004	  1.332	  0.001
6	  1.080	 16.813	  1.004	  1.332	  0.001
7	  1.080	 19.252	  1.004	  1.332	  0.001
8	  1.080	 21.691	  1.004	  1.332	  0.001
9	  1.080	 24.130	  1.004	  1.332	  0.001
10	  1.080	 26.569	  1.004	  1.332	  0.001
11	  1.080	 29.008	  1.004	  1.332	  0.001
12	  1.080	 31.447	  1.004	  1.332	  0.001
13	  1.080	 33.886	  1.004	  1.332	  0.001
14	  1.080	 36.325	  1.004	  1.332	  0.001
15	  1.080	 38.764	  1.004	  1.332	  0.001
16	  1.080	 41.203	  1.004	  1.332	  0.001
17	  1.080	 43.642	  1.004	  1.332	  0.001
18	  1.080	 46.081	  1.004	  1.332	  0.001
19	  1.080	 48.520	  1.004	  1.332	  0.001
20	  1.080	 50.959	  1.004	  1.332	  0.001
21	  1.080	 53.398	  1.004	  1.332	  0.001
22	  1.080	 55.837	  1.004	  1.332	  0.001
23	  1.080	 58.276	  1.004	  1.332	  0.001
24	  1.080	 60.715	  1.004	  1.332	  0.001
25	  1.080	 63.154	  1.004	  1.332	  0.001
26	  1.080	 65.593	  1.004	  1.332	  0.001
27	  1.080	 68.032	  1.004	  1.332	  0.001
28	  1.080	 70.471	  1.004	  1.332	  0.001
29	  1.080	 72.910	  1.004	  1.332	  0.001
30	  1.080	 75.349	  1.004	  1.332	  0.001
31	  1.080	 77.788	  1.004	  1.332	  0.001
32	  1.080	 80.227	  1.004	  1.332	  0.001
33	  1.080	 82.666	  1.004	  1.332	  0.001
34	  1.080	 85.105	  1.004	  1.332	  0.001
35	  1.080	 87.544	  1.004	  1.332	  0.001
36	  1.080	 89.983	  1.004	  1.332	  0.001
37	  1.080	 92.422	  1.004	  1.332	  0.001
38	  1.080	 94.861	  1.004	  1.332	  0.001
39	  1.080	 97.301	  1.004	  1.332	  0.001
40	  1.080	 99.740	  1.004	  1.332	  0.001
0	  1.200	  2.340	  1.005	  1.368	  0.001
1	  1.200	  4.779	  1.005	  1.368	  0.001
2	  1.200	  7.219	  1.005	  1.368	  0.001
3	  1.200	  9.658	  1.005	  1.368	  0.001
4	  1.200	 12.097	  1.005	  1.368	  0.001
5	  1.200	 14.536	  1.005	  1.368	  0.001
6	  1.200	 16.975	  1.005	  1.368	  0.001
7	  1.200	 19.414	  1.005	  1.368	  0.001
8	  1.200	 21.853	  1.005	  1.368	  0.001
9	  1.200	 24.292	  1.005	  1.368	  0.001
10	  1.200	 26.731	  1.005	  1.368	  0.001
11	  1.200	 29.170	  1.005	  1.368	  0.001
12	  1.200	 31.609	  1.005	  1.368	  0.001
13	  1.200	 34.048	  1.005	  1.368	  0.001
14	  1.200	 36.487	  1.005	  1.368	  0.001
15	  1.200	 38.926	  1.005	  1.368	  0.001
16	  1.200	 41.365	  1.005	  1.368	  0.001
17	  1.200	 43.804	  1.005	  1.368	  0.001
18	  1.200	 46.243	  1.005	  1.368	  0.001
19	  1.200	 48.682	  1.005	  1.368	  0.001
20	  1.200	 51.121	  1.005	  1.368	  0.001
21	  1.200	 53.560	  1.005	  1.368	  0.001
22	  1.200	 55.999	  1.005	  1.368	  0.001
23	  1.200	 58.438	  1.005	  1.368	  0.001
24	  1.200	 60.877	  1.005	  1.368	  0.001
25	  1.200	 63.316	  1.005	  1.368	  0.001
26	  1.200	 65.755	  1.005	  1.368	  0.001
27	  1.200	 68.194	  1.005	  1.368	  0.001
28	  1.200	 70.633	  1.005	  1.368	  0.001
29	  1.200	 73.072	  1.005	  1.368	  0.001
30	  1.200	 75.511	  1.005	  1.368	  0.001
31	  1.200	 77.950	  1.005	  1.368	  0.001
32	  1.200	 80.389	  1.005	  1.368	  0.001
33	  1.200	 82.828	  1.005	  1.368	  0.001
34	  1.200	 85.267	  1.005	  1.368	  0.001
35	  1.200	 87.706	  1.005	  1.368	  0.001
36	  1.200	 90.145	  1.005	  1.368	  0.001
37	  1.200	 92.584	  1.005	  1.368	  0.001
38	  1.200	 95.023	  1.005	  1.368	  0.001
39	  1.200	 97.462	  1.005	  1.368	  0.001
40	  1.200	 99.901	  1.005	  1.368	  0.001
0	  1.320	  2.506	  1.005	  1.396	  0.001
1	  1.320	  4.945	  1.005	  1.396	  0.001
2	  1.320	  7.384	  1.005	  1.396	  0.001
3	  1.320	  9.823	  1.005	  1.396	  0.001
4	  1.320	 12.262	  1.005	  1.396	  0.001
5	  1.320	 14.701	  1.005	  1.396	  0.001
6	  1.320	 17.140	  1.005	  1.396	  0.001
7	  1.320	 19.579	  1.005	  1.396	  0.001
8	  1.320	 22.018	  1.005	  1.396	  0.001
9	  1.320	 24.457	  1.005	  1.396	  0.001
10	  1.320	 26.897	  1.005	  1.396	  0.001
11	  1.320	 29.336	  1.005	  1.396	  0.001
12	  1.320	 31.775	  1.005	  1.396	  0.001
13	  1.320	 34.214	  1.005	  1.396	  0.001
14	  1.320	 36.653	  1.005	  1.396	  0.001
15	  1.320	 39.092	  1.005	  1.396	  0.001
16	  1.320	 41.531	  1.005	  1.396	  0.001
17	  1.320	 43.970	  1.005	  1.396	  0.001
18	  1.320	 46.409	  1.005	  1.396	  0.001
19	  1.320	 48.848	  1.005	  1.396	  0.001
20	  1.320	 51.287	  1.005	  1.396	  0.001
21	  1.320	 53.726	  1.005	  1.396	  0.001
22	  1.320	 56.165	  1.005	  1.396	  0.001
23	  1.320	 58.604	  1.005	  1.396	  0.001
24	  1.320	 61.043	  1.005	  1.396	  0.001
25	  1.320	 63.482	  1.005	  1.396	  0.001
26	  1.320	 65.921	  1.005	  1.396	  0.001
27	  1.320	 68.360	  1.005	  1.396	  0.001
28	  1.320	 70.799	  1.005	  1.396	  0.001
29	  1.320	 73.238	  1.005	  1.396	  0.001
30	  1.320	 75.677	  1.005	  1.396	  0.001
31	  1.320	 78.116	  1.005	  1.396	  0.001
32	  1.320	 80.555	  1.005	  1.396	  0.001
33	  1.320	 82.994	  1.005	  1.396	  0.001
34	  1.320	 85.433	  1.005	  1.396	  0.001
35	  1.320	 87.872	  1.005	  1.396	  0.001
36	  1.320	 90.311	  1.005	  1.396	  0.001
37	  1.320	 92.750	  1.005	  1.396	  0.001
38	  1.320	 95.189	  1.005	  1.396	  0.001
39	  1.320	 97.628	  1.005	  1.396	  0.001
40	  1.320	100.067	  1.005	  1.396	  0.001
0	  1.440	  2.675	  1.005	  1.419	  0.001
1	  1.440	  5.114	  1.005	  1.419	  0.001
2	  1.440	  7.553	  1.005	  1.419	  0.001
3	  1.440	  9.992	  1.005	  1.419	  0.001
4	  1.440	 12.431	  1.005	  1.419	  0.001
5	  1.440	 14.870	  1.005	  1.419	  0.001
6	  1.440	 17.309	  1.005	  1.419	  0.001
7	  1.440	 19.748	  1.005	  1.419	  0.001
8	  1.440	 22.187	  1.005	  1.419	  0.001
9	  1.440	 24.626	  1.005	  1.419	  0.001
10	  1.440	 27.065	  1.005	  1.419	  0.001
11	  1.440	 29.504	  1.005	  1.419	  0.001
12	  1.440	 31.943	  1.005	  1.419	  0.001
13	  1.440	 34.382	  1.005	  1.419	  0.001
14	  1.440	 36.821	  1.005	  1.419	  0.001
15	  1.440	 39.260	  1.005	  1.419	  0.001
16	  1.440	 41.700	  1.005	  1.419	  0.001
17	  1.440	 44.139	  1.005	  1.419	  0.001
18	  1.440	 46.578	  1.005	  1.419	  0.001
19	  1.440	 49.017	  1.005	  1.419	  0.001
20	  1.440	 51.456	  1.005	  1.419	  0.001
21	  1.440	 53.895	  1.005	  1.419	  0.001
22	  1.440	 56.334	  1.005	  1.419	  0.001
23	  1.440	 58.773	  1.005	  1.419	  0.001
24	  1.440	 61.212	  1.005	  1.419	  0.001
25	  1.440	 63.651	  1.005	  1.419	  0.001
26	  1.440	 66.090	  1.005	  1.419	  0.001
27	  1.440	 68.529	  1.005	  1.419	  0.001
28	  1.440	 70.968	  1.005	  1.419	  0.001
29	  1.440	 73.407	  1.005	  1.419	  0.001
30	  1.440	 75.846	  1.005	  1.419	  0.001
31	  1.440	 78.285	  1.005	  1.419	  0.001
32	  1.440	 80.724	  1.005	  1.419	  0.001
33	  1.440	 83.163	  1.005	  1.419	  0.001
34	  1.440	 85.602	  1.005	  1.419	  0.001
35	  1.440	 88.041	  1.005	  1.419	  0.001
36	  1.440	 90.480	  1.005	  1.419	  0.001
37	  1.440	 92.919	  1.005	  1.419	  0.001
38	  1.440	 95.358	  1.005	  1.419	  0.001
39	  1.440	 97.797	  1.005	  1.419	  0.001
40	  1.440	100.236	  1.005	  1.419	  0.001
0	  1.560	  2.846	  1.005	  1.436	  0.000
1	  1.560	  5.285	  1.005	  1.436	  0.000
2	  1.560	  7.724	  1.005	  1.436	  0.000
3	  1.560	 10.163	  1.005	  1.436	  0.000
4	  1.560	 12.602	  1.005	  1.436	  0.000
5	  1.560	 15.042	  1.005	  1.436	  0.000
6	  1.560	 17.481	  1.005	  1.436	  0.000
7	  1.560	 19.920	  1.005	  1.436	  0.000
8	  1.560	 22.359	  1.005	  1.436	  0.000
9	  1.560	 24.798	  1.005	  1.436	  0.000
10	  1.560	 27.237	  1.005	  1.436	  0.000
11	  1.560	 29.676	  1.005	  1.436	  0.000
12	  1.560	 32.115	  1.005	  1.436	  0.000
13	  1.560	 34.554	  1.005	  1.436	  0.000
14	  1.560	 36.993	  1.005	  1.436	  0.000
15	  1.560	 39.432	  1.005	  1.436	  0.000
16	  1.560	 41.871	  1.005	  1.436	  0.000
17	  1.560	 44.310	  1.005	  1.436	  0.000
18	  1.560	 46.749	  1.005	  1.436	  0.000
19	  1.560	 49.188	  1.005	  1.436	  0.000
20	  1.560	 51.627	  1.005	  1.436	  0.000
21	  1.560	 54.066	  1.005	  1.436	  0.000
22	  1.560	 56.505	  1.005	  1.436	  0.000
23	  1.560	 58.944	  1.005	  1.436	  0.000
24	  1.560	 61.383	  1.005	  1.436	  0.000
25	  1.560	 63.822	  1.005	  1.436	  0.000
26	  1.560	 66.261	  1.005	  1.436	  0.000
27	  1.560	 68.700	  1.005	  1.436	  0.000
28	  1.560	 71.139	  1.005	  1.436	  0.000
29	  1.560	 73.578	  1.005	  1.436	  0.000
30	  1.560	 76.017	  1.005	  1.436	  0.000
31	  1.560	 78.456	  1.005	  1.436	  0.000
32	  1.560	 80.895	  1.005	  1.436	  0.000
33	  1.560	 83.334	  1.005	  1.436	  0.000
34	  1.560	 85.773	  1.005	  1.436	  0.000
35	  1.560	 88.212	  1.005	  1.436	  0.000
36	  1.560	 90.651	  1.005	  1.436	  0.000
37	  1.560	 93.090	  1.005	  1.436	  0.000
38	  1.560	 95.529	  1.005	  1.436	  0.000
39	  1.560	 97.968	  1.005	  1.436	  0.000
40	  1.560	100.407	  1.005	  1.436	  0.000
0	  1.680	  3.020	  1.005	  1.450	  0.000
1	  1.680	  5.459	  1.005	  1.450	  0.000
2	  1.680	  7.898	  1.005	  1.450	  0.000
3	  1.680	 10.337	  1.005	  1.450	  0.000
4	  1.680	 12.776	  1.005	  1.450	  0.000
5	  1.680	 15.215	  1.005	  1.450	  0.000
6	  1.680	 17.654	  1.005	  1.450	  0.000
7	  1.680	 20.093	  1.005	  1.450	  0.000
8	  1.680	 22.532	  1.005	  1.450	  0.000
9	  1.680	 24.971	  1.005	  1.450	  0.000
10	  1.680	 27.410	  1.005	  1.450	  0.000
11	  1.680	 29.849	  1.005	  1.450	  0.000
12	  1.680	 32.288	  1.005	  1.450	  0.000
13	  1.680	 34.727	  1.005	  1.450	  0.000
14	  1.680	 37.166	  1.005	  1.450	  0.000
15	  1.680	 39.605	  1.005	  1.450	  0.000
16	  1.680	 42.044	  1.005	  1.450	  0.000
17	  1.680	 44.483	  1.005	  1.450	  0.000
18	  1.680	 46.922	  1.005	  1.450	  0.000
19	  1.680	 49.361	  1.005	  1.450	  0.000
20	  1.680	 51.800	  1.005	  1.450	  0.000
21	  1.680	 54.239	  1.005	  1.450	  0.000
22	  1.680	 56.678	  1.005	  1.450	  0.000
23	  1.680	 59.117	  1.005	  1.450	  0.000
24	  1.680	 61.556	  1.005	  1.450	  0.000
25	  1.680	 63.995	  1.005	  1.450	  0.000
26	  1.680	 66.434	  1.005	  1.450	  0.000
27	  1.680	 68.873	  1.005	  1.450	  0.000
28	  1.680	 71.312	  1.005	  1.450	  0.000
29	  1.680	 73.751	  1.005	  1.450	  0.000
30	  1.680	 76.190	  1.005	  1.450	  0.000
31	  1.680	 78.629	  1.005	  1.450	  0.000
32	  1.680	 81.068	  1.005	  1.450	  0.000
33	  1.680	 83.507	  1.005	  1.450	  0.000
34	  1.680	 85.946	  1.005	  1.450	  0.000
35	  1.680	 88.385	  1.005	  1.450	  0.000
36	  1.680	 90.824	  1.005	  1.450	  0.000
37	  1.680	 93.263	  1.005	  1.450	  0.000
38	  1.680	 95.702	  1.005	  1.450	  0.000
39	  1.680	 98.141	  1.005	  1.450	  0.000
40	  1.680	100.580	  1.005	  1.450	  0.000
0	  1.800	  3.194	  1.005	  1.461	  0.000
1	  1.800	  5.633	  1.005	  1.461	  0.000
2	  1.800	  8.072	  1.005	  1.461	  0.000
3	  1.800	 10.511	  1.005	  1.461	  0.000
4	  1.800	 12.950	  1.005	  1.461	  0.000
5	  1.800	 15.389	  1.005	  1.461	  0.000
6	  1.800	 17.828	  1.005	  1.461	  0.000
7	  1.800	 20.267	  1.005	  1.461	  0.000
8	  1.800	 22.706	  1.005	  1.461	  0.000
9	  1.800	 25.145	  1.005	  1.461	  0.000
10	  1.800	 27.584	  1.005	  1.461	  0.000
11	  1.800	 30.023	  1.005	  1.461	  0.000
12	  1.800	 32.462	  1.005	  1.461	  0.000
13	  1.800	 34.901	  1.005	  1.461	  0.000
14	  1.800	 37.340	  1.005	  1.461	  0.000
15	  1.800	 39.780	  1.005	  1.461	  0.000
16	  1.800	 42.219	  1.005	  1.461	  0.000
17	  1.800	 44.658	  1.005	  1.461	  0.000
18	  1.800	 47.097	  1.005	  1.461	  0.000
19	  1.800	 49.536	  1.005	  1.461	  0.000
20	  1.800	 51.975	  1.005	  1.461	  0.000
21	  1.800	 54.414	  1.005	  1.461	  0.000
22	  1.800	 56.853	  1.005	  1.461	  0.000
23	  1.800	 59.292	  1.005	  1.461	  0.000
24	  1.800	 61.731	  1.005	  1.461	  0.000
25	  1.800	 64.170	  1.005	  1.461	  0.000
26	  1.800	 66.609	  1.005	  1.461	  0.000
27	  1.800	 69.048	  1.005	  1.461	  0.000
28	  1.800	 71.487	  1.005	  1.461	  0.000
29	  1.800	 73.926	  1.005	  1.461	  0.000
30	  1.800	 76.365	  1.005	  1.461	  0.000
31	  1.800	 78.804	  1.005	  1.461	  0.000
32	  1.800	 81.243	  1.005	  1.461	  0.000
33	  1.800	 83.682	  1.005	  1.461	  0.000
34	  1.800	 86.121	  1.005	  1.461	  0.000
35	  1.800	 88.560	  1.005	  1.461	  0.000
36	  1.800	 90.999	  1.005	  1.461	  0.000
37	  1.800	 93.438	  1.005	  1.461	  0.000
38	  1.800	 95.877	  1.005	  1.461	  0.000
39	  1.800	 98.316	  1.005	  1.461	  0.000
40	  1.800	100.755	  1.005	  1.461	  0.000
0	  1.920	  3.370	  1.005	  1.469	  0.000
1	  1.920	  5.809	  1.005	  1.469	  0.000
2	  1.920	  8.248	  1.005	  1.469	  0.000
3	  1.920	 10.687	  1.005	  1.469	  0.000
4	  1.920	 13.126	  1.005	  1.469	  0.000
5	  1.920	 15.565	  1.005	  1.469	  0.000
6	  1.920	 18.004	  1.005	  1.469	  0.000
7	  1.920	 20.443	  1.005	  1.469	  0.000
8	  1.920	 22.882	  1.005	  1.469	  0.000
9	  1.920	 25.321	  1.005	  1.469	  0.000
10	  1.920	 27.760	  1.005	  1.469	  0.000
11	  1.920	 30.199	  1.005	  1.469	  0.000
12	  1.920	 32.638	  1.005	  1.469	  0.000
13	  1.920	 35.077	  1.005	  1.469	  0.000
14	  1.920	 37.516	  1.005	  1.469	  0.000
15	  1.920	 39.955	  1.005	  1.469	  0.000
16	  1.920	 42.394	  1.005	  1.469	  0.000
17	  1.920	 44.833	  1.005	  1.469	  0.000
18	  1.920	 47.272	  1.005	  1.469	  0.000
19	  1.920	 49.711	  1.005	  1.469	  0.000
20	  1.920	 52.150	  1.005	  1.469	  0.000
21	  1.920	 54.589	  1.005	  1.469	  0.000
22	  1.920	 57.028	  1.005	  1.469	  0.000
23	  1.920	 59.467	  1.005	  1.469	  0.000
24	  1.920	 61.906	  1.005	  1.469	  0.000
25	  1.920	 64.346	  1.005	  1.469	  0.000
26	  1.920	 66.785	  1.005	  1.469	  0.000
27	  1.920	 69.224	  1.005	  1.469	  0.000
28	  1.920	 71.663	  1.005	  1.469	  0.000
29	  1.920	 74.102	  1.005	  1.469	  0.000
30	  1.920	 76.541	  1.005	  1.469	  0.000
31	  1.920	 78.980	  1.005	  1.469	  0.000
32	  1.920	 81.419	  1.005	  1.469	  0.000
33	  1.920	 83.858	  1.005	  1.469	  0.000
34	  1.920	 86.297	  1.005	  1.469	  0.000
35	  1.920	 88.736	  1.005	  1.469	  0.000
36	  1.920	 91.175	  1.005	  1.469	  0.000
37	  1.920	 93.614	  1.005	  1.469	  0.000
38	  1.920	 96.053	  1.005	  1.469	  0.000
39	  1.920	 98.492	  1.005	  1.469	  0.000
40	  1.920	100.931	  1.005	  1.469	  0.000
0	  2.040	  3.547	  1.005	  1.476	  0.000
1	  2.040	  5.986	  1.005	  1.476	  0.000
2	  2.040	  8.425	  1.005	  1.476	  0.000
3	  2.040	 10.864	  1.005	  1.476	  0.000
4	  2.040	 13.303	  1.005	  1.476	  0.000
5	  2.040	 15.742	  1.005	  1.476	  0.000
6	  2.040	 18.181	  1.005	  1.476	  0.000
7	  2.040	 20.620	  1.005	  1.476	  0.000
8	  2.040	 23.059	  1.005	  1.476	  0.000
9	  2.040	 25.498	  1.005	  1.476	  0.000
10	  2.040	 27.937	  1.005	  1.476	  0.000
11	  2.040	 30.376	  1.005	  1.476	  0.000
12	  2.040	 32.815	  1.005	  1.476	  0.000
13	  2.040	 35.254	  1.005	  1.476	  0.000
14	  2.040	 37.693	  1.005	  1.476	  0.000
15	  2.040	 40.132	  1.005	  1.476	  0.000
16	  2.040	 42.571	  1.005	  1.476	  0.000
17	  2.040	 45.010	  1.005	  1.476	  0.000
18	  2.040	 47.449	  1.005	  1.476	  0.000
19	  2.040	 49.888	  1.005	  1.476	  0.000
20	  2.040	 52.327	  1.005	  1.476	  0.000
21	  2.040	 54.766	  1.005	  1.476	  0.000
22	  2.040	 57.205	  1.005	  1.476	  0.000
23	  2.040	 59.644	  1.005	  1.476	  0.000
24	  2.040	 62.083	  1.005	  1.476	  0.000
25	  2.040	 64.522	  1.005	  1.476	  0.000
26	  2.040	 66.961	  1.005	  1.476	  0.000
27	  2.040	 69.400	  1.005	  1.476	  0.000
28	  2.040	 71.839	  1.005	  1.476	  0.000
29	  2.040	 74.278	  1.005	  1.476	  0.000
30	  2.040	 76.717	  1.005	  1.476	  0.000
31	  2.040	 79.156	  1.005	  1.476	  0.000
32	  2.040	 81.595	  1.005	  1.476	  0.000
33	  2.040	 84.034	  1.005	  1.476	  0.000
34	  2.040	 86.473	  1.005	  1.476	  0.000
35	  2.040	 88.912	  1.005	  1.476	  0.000
36	  2.040	 91.351	  1.005	  1.476	  0.000
37	  2.040	 93.790	  1.005	  1.476	  0.000
38	  2.040	 96.230	  1.005	  1.476	  0.000
39	  2.040	 98.669	  1.005	  1.476	  0.000
40	  2.040	101.108	  1.005	  1.476	  0.000
0	  2.160	  3.724	  1.005	  1.481	  0.000
1	  2.160	  6.163	  1.005	  1.481	  0.000
2	  2.160	  8.602	  1.005	  1.481	  0.000
3	  2.160	 11.041	  1.005	  1.481	  0.000
4	  2.160	 13.480	  1.005	  1.481	  0.000
5	  2.160	 15.919	  1.005	  1.481	  0.000
6	  2.160	 18.358	  1.005	  1.481	  0.000
7	  2.160	 20.797	  1.005	  1.481	  0.000
8	  2.160	 23.236	  1.005	  1.481	  0.000
9	  2.160	 25.675	  1.005	  1.481	  0.000
10	  2.160	 28.114	  1.005	  1.481	  0.000
11	  2.160	 30.553	  1.005	  1.481	  0.000
12	  2.160	 32.992	  1.005	  1.481	  0.000
13	  2.160	 35.431	  1.005	  1.481	  0.000
14	  2.160	 37.870	  1.005	  1.481	  0.000
15	  2.160	 40.309	  1.005	  1.481	  0.000
16	  2.160	 42.748	  1.005	  1.481	  0.000
17	  2.160	 45.187	  1.005	  1.481	  0.000
18	  2.160	 47.626	  1.005	  1.481	  0.000
19	  2.160	 50.065	  1.005	  1.481	  0.000
20	  2.160	 52.504	  1.005	  1.481	  0.000
21	  2.160	 54.944	  1.005	  1.481	  0.000
22	  2.160	 57.383	  1.005	  1.481	  0.000
23	  2.160	 59.822	  1.005	  1.481	  0.000
24	  2.160	 62.261	  1.005	  1.481	  0.000
25	  2.160	 64.700	  1.005	  1.481	  0.000
26	  2.160	 67.139	  1.005	  1.481	  0.000
27	  2.160	 69.578	  1.005	  1.481	  0.000
28	  2.160	 72.017	  1.005	  1.481	  0.000
29	  2.160	 74.456	  1.005	  1.481	  0.000
30	  2.160	 76.895	  1.005	  1.481	  0.000
31	  2.160	 79.334	  1.005	  1.481	  0.000
32	  2.160	 81.773	  1.005	  1.481	  0.000
33	  2.160	 84.212	  1.005	  1.481	  0.000
34	  2.160	 86.651	  1.005	  1.481	  0.000
35	  2.160	 89.090	  1.005	  1.481	  0.000
36	  2.160	 91.529	  1.005	  1.481	  0.000
37	  2.160	 93.968	  1.005	  1.481	  0.000
38	  2.160	 96.407	  1.005	  1.481	  0.000
39	  2.160	 98.846	  1.005	  1.481	  0.000
40	  2.160	101.285	  1.005	  1.481	  0.000
0	  2.280	  3.902	  1.005	  1.485	  0.000
1	  2.280	  6.341	  1.005	  1.485	  0.000
2	  2.280	  8.780	  1.005	  1.485	  0.000
3	  2.280	 11.219	  1.005	  1.485	  0.000
4	  2.280	 13.658	  1.005	  1.485	  0.000
5	  2.280	 16.097	  1.005	  1.485	  0.000
6	  2.280	 18.536	  1.005	  1.485	  0.000
7	  2.280	 20.975	  1.005	  1.485	  0.000
8	  2.280	 23.414	  1.005	  1.485	  0.000
9	  2.280	 25.853	  1.005	  1.485	  0.000
10	  2.280	 28.292	  1.005	  1.485	  0.000
11	  2.280	 30.731	  1.005	  1.485	  0.000
12	  2.280	 33.170	  1.005	  1.485	  0.000
13	  2.280	 35.609	  1.005	  1.485	  0.000
14	  2.280	 38.048	  1.005	  1.485	  0.000
15	  2.280	 40.487	  1.005	  1.485	  0.000
16	  2.280	 42.926	  1.005	  1.485	  0.000
17	  2.280	 45.365	  1.005	  1.485	  0.000
18	  2.280	 47.804	  1.005	  1.485	  0.000
19	  2.280	 50.243	  1.005	  1.485	  0.000
20	  2.280	 52.682	  1.005	  1.485	  0.000
21	  2.280	 55.121	  1.005	  1.485	  0.000
22	  2.280	 57.560	  1.005	  1.485	  0.000
23	  2.280	 60.000	  1.005	  1.485	  0.000
24	  2.280	 62.439	  1.005	  1.485	  0.000
25	  2.280	 64.878	  1.005	  1.485	  0.000
26	  2.280	 67.317	  1.005	  1.485	  0.000
27	  2.280	 69.756	  1.005	  1.485	  0.000
28	  2.280	 72.195	  1.005	  1.485	  0.000
29	  2.280	 74.634	  1.005	  1.485	  0.000
30	  2.280	 77.073	  1.005	  1.485	  0.000
31	  2.280	 79.512	  1.005	  1.485	  0.000
32	  2.280	 81.951	  1.005	  1.485	  0.000
33	  2.280	 84.390	  1.005	  1.485	  0.000
34	  2.280	 86.829	  1.005	  1.485	  0.000
35	  2.280	 89.268	  1.005	  1.485	  0.000
36	  2.280	 91.707	  1.005	  1.485	  0.000
37	  2.280	 94.146	  1.005	  1.485	  0.000
38	  2.280	 96.585	  1.005	  1.485	  0.000
39	  2.280	 99.024	  1.005	  1.485	  0.000
40	  2.280	101.463	  1.005	  1.485	  0.000
0	  2.400	  4.080	  1.005	  1.488	  0.000
1	  2.400	  6.519	  1.005	  1.488	  0.000
2	  2.400	  8.958	  1.005	  1.488	  0.000
3	  2.400	 11.397	  1.005	  1.488	  0.000
4	  2.400	 13.836	  1.005	  1.488	  0.000
5	  2.400	 16.275	  1.005	  1.488	  0.000
6	  2.400	 18.714	  1.005	  1.488	  0.000
7	  2.400	 21.154	  1.005	  1.488	  0.000
8	  2.400	 23.593	  1.005	  1.488	  0.000
9	  2.400	 26.032	  1.005	  1.488	  0.000
10	  2.400	 28.471	  1.005	  1.488	  0.000
11	  2.400	 30.910	  1.005	  1.488	  0.000
12	  2.400	 33.349	  1.005	  1.488	  0.000
13	  2.400	 35.788	  1.005	  1.488	  0.000
14	  2.400	 38.227	  1.005	  1.488	  0.000
15	  2.400	 40.666	  1.005	  1.488	  0.000
16	  2.400	 43.105	  1.005	  1.488	  0.000
17	  2.400	 45.544	  1.005	  1.488	  0.000
18	  2.400	 47.983	  1.005	  1.488	  0.000
19	  2.400	 50.422	  1.005	  1.488	  0.000
20	  2.400	 52.861	  1.005	  1.488	  0.000
21	  2.400	 55.300	  1.005	  1.488	  0.000
22	  2.400	 57.739	  1.005	  1.488	  0.000
23	  2.400	 60.178	  1.005	  1.488	  0.000
24	  2.400	 62.617	  1.005	  1.488	  0.000
25	  2.400	 65.056	  1.005	  1.488	  0.000
26	  2.400	 67.495	  1.005	  1.488	  0.000
27	  2.400	 69.934	  1.005	  1.488	  0.000
28	  2.400	 72.373	  1.005	  1.488	  0.000
29	  2.400	 74.812	  1.005	  1.488	  0.000
30	  2.400	 77.251	  1.005	  1.488	  0.000
31	  2.400	 79.690	  1.005	  1.488	  0.000
32	  2.400	 82.129	  1.005	  1.488	  0.000
33	  2.400	 84.568	  1.005	  1.488	  0.000
34	  2.400	 87.007	  1.005	  1.488	  0.000
35	  2.400	 89.446	  1.005	  1.488	  0.000
36	  2.400	 91.885	  1.005	  1.488	  0.000
37	  2.400	 94.324	  1.005	  1.488	  0.000
38	  2.400	 96.763	  1.005	  1.488	  0.000
39	  2.400	 99.202	  1.005	  1.488	  0.000
40	  2.400	101.641	  1.005	  1.488	  0.000
0	  2.520	  4.259	  1.005	  1.491	  0.000
1	  2.520	  6.698	  1.005	  1.491	  0.000
2	  2.520	  9.137	  1.005	  1.491	  0.000
3	  2.520	 11.576	  1.005	  1.491	  0.000
4	  2.520	 14.015	  1.005	  1.491	  0.000
5	  2.520	 16.454	  1.005	  1.491	  0.000
6	  2.520	 18.893	  1.005	  1.491	  0.000
7	  2.520	 21.332	  1.005	  1.491	  0.000
8	  2.520	 23.771	  1.005	  1.491	  0.000
9	  2.520	 26.210	  1.005	  1.491	  0.000
10	  2.520	 28.649	  1.005	  1.491	  0.000
11	  2.520	 31.088	  1.005	  1.491	  0.000
12	  2.520	 33.527	  1.005	  1.491	  0.000
13	  2.520	 35.966	  1.005	  1.491	  0.000
14	  2.520	 38.405	  1.005	  1.491	  0.000
15	  2.520	 40.844	  1.005	  1.491	  0.000
16	  2.520	 43.283	  1.005	  1.491	  0.000
17	  2.520	 45.723	  1.005	  1.491	  0.000
18	  2.520	 48.162	  1.005	  1.491	  0.000
19	  2.520	 50.601	  1.005	  1.491	  0.000
20	  2.520	 53.040	  1.005	  1.491	  0.000
21	  2.520	 55.479	  1.005	  1.491	  0.000
22	  2.520	 57.918	  1.005	  1.491	  0.000
23	  2.520	 60.357	  1.005	  1.491	  0.000
24	  2.520	 62.796	  1.005	  1.491	  0.000
25	  2.520	 65.235	  1.005	  1.491	  0.000
26	  2.520	 67.674	  1.005	  1.491	  0.000
27	  2.520	 70.113	  1.005	  1.491	  0.000
28	  2.520	 72.552	  1.005	  1.491	  0.000
29	  2.520	 74.991	  1.005	  1.491	  0.000
30	  2.520	 77.430	  1.005	  1.491	  0.000
31	  2.520	 79.869	  1.005	  1.491	  0.000
32	  2.520	 82.308	  1.005	  1.491	  0.000
33	  2.520	 84.747	  1.005	  1.491	  0.000
34	  2.520	 87.186	  1.005	  1.491	  0.000
35	  2.520	 89.625	  1.005	  1.491	  0.000
36	  2.520	 92.064	  1.005	  1.491	  0.000
37	  2.520	 94.503	  1.005	  1.491	  0.000
38	  2.520	 96.942	  1.005	  1.491	  0.000
39	  2.520	 99.381	  1.005	  1.491	  0.000
40	  2.520	101.820	  1.005	  1.491	  0.000
0	  2.640	  4.438	  1.005	  1.493	  0.000
1	  2.640	  6.877	  1.005	  1.493	  0.000
2	  2.640	  9.316	  1.005	  1.493	  0.000
3	  2.640	 11.755	  1.005	  1.493	  0.000
4	  2.640	 14.194	  1.005	  1.493	  0.000
5	  2.640	 16.633	  1.005	  1.493	  0.000
6	  2.640	 19.072	  1.005	  1.493	  0.000
7	  2.640	 21.511	  1.005	  1.493	  0.000
8	  2.640	 23.950	  1.005	  1.493	  0.000
9	  2.640	 26.389	  1.005	  1.493	  0.000
10	  2.640	 28.828	  1.005	  1.493	  0.000
11	  2.640	 31.267	  1.005	  1.493	  0.000
12	  2.640	 33.706	  1.005	  1.493	  0.000
13	  2.640	 36.145	  1.005	  1.493	  0.000
14	  2.640	 38.584	  1.005	  1.493	  0.000
15	  2.640	 41.023	  1.005	  1.493	  0.000
16	  2.640	 43.462	  1.005	  1.493	  0.000
17	  2.640	 45.902	  1.005	  1.493	  0.000
18	  2.640	 48.341	  1.005	  1.493	  0.000
19	  2.640	 50.780	  1.005	  1.493	  0.000
20	  2.640	 53.219	  1.005	  1.493	  0.000
21	  2.640	 55.658	  1.005	  1.493	  0.000
22	  2.640	 58.097	  1.005	  1.493	  0.000
23	  2.640	 60.536	  1.005	  1.493	  0.000
24	  2.640	 62.975	  1.005	  1.493	  0.000
25	  2.640	 65.414	  1.005	  1.493	  0.000
26	  2.640	 67.853	  1.005	  1.493	  0.000
27	  2.640	 70.292	  1.005	  1.493	  0.000
28	  2.640	 72.731	  1.005	  1.493	  0.000
29	  2.640	 75.170	  1.005	  1.493	  0.000
30	  2.640	 77.609	  1.005	  1.493	  0.000
31	  2.640	 80.048	  1.005	  1.493	  0.000
32	  2.640	 82.487	  1.005	  1.493	  0.000
33	  2.640	 84.926	  1.005	  1.493	  0.000
34	  2.640	 87.365	  1.005	  1.493	  0.000
35	  2.640	 89.804	  1.005	  1.493	  0.000
36	  2.640	 92.243	  1.005	  1.493	  0.000
37	  2.640	 94.682	  1.005	  1.493	  0.000
38	  2.640	 97.121	  1.005	  1.493	  0.000
39	  2.640	 99.560	  1.005	  1.493	  0.000
40	  2.640	101.999	  1.005	  1.493	  0.000
0	  2.760	  4.617	  1.005	  1.494	  0.000
1	  2.760	  7.056	  1.005	  1.494	  0.000
2	  2.760	  9.495	  1.005	  1.494	  0.000
3	  2.760	 11.934	  1.005	  1.494	  0.000
4	  2.760	 14.373	  1.005	  1.494	  0.000
5	  2.760	 16.812	  1.005	  1.494	  0.000
6	  2.760	 19.251	  1.005	  1.494	  0.000
7	  2.760	 21.690	  1.005	  1.494	  0.000
8	  2.760	 24.130	  1.005	  1.494	  0.000
9	  2.760	 26.569	  1.005	  1.494	  0.000
10	  2.760	 29.008	  1.005	  1.494	  0.000
11	  2.760	 31.447	  1.005	  1.494	  0.000
12	  2.760	 33.886	  1.005	  1.494	  0.000
13	  2.760	 36.325	  1.005	  1.494	  0.000
14	  2.760	 38.764	  1.005	  1.494	  0.000
15	  2.760	 41.203	  1.005	  1.494	  0.000
16	  2.760	 43.642	  1.005	  1.494	  0.000
17	  2.760	 46.081	  1.005	  1.494	  0.000
18	  2.760	 48.520	  1.005	  1.494	  0.000
19	  2.760	 50.959	  1.005	  1.494	  0.000
20	  2.760	 53.398	  1.005	  1.494	  0.000
21	  2.760	 55.837	  1.005	  1.494	  0.000
22	  2.760	 58.276	  1.005	  1.494	  0.000
23	  2.760	 60.715	  1.005	  1.494	  0.000
24	  2.760	 63.154	  1.005	  1.494	  0.000
25	  2.760	 65.593	  1.005	  1.494	  0.000
26	  2.760	 68.032	  1.005	  1.494	  0.000
27	  2.760	 70.471	  1.005	  1.494	  0.000
28	  2.760	 72.910	  1.005	  1.494	  0.000
29	  2.760	 75.349	  1.005	  1.494	  0.000
30	  2.760	 77.788	  1.005	  1.494	  0.000
31	  2.760	 80.227	  1.005	  1.494	  0.000
32	  2.760	 82.666	  1.005	  1.494	  0.000
33	  2.760	 85.105	  1.005	  1.494	  0.000
34	  2.760	 87.544	  1.005	  1.494	  0.000
35	  2.760	 89.983	  1.005	  1.494	  0.000
36	  2.760	 92.422	  1.005	  1.494	  0.000
37	  2.760	 94.861	  1.005	  1.494	  0.000
38	  2.760	 97.300	  1.005	  1.494	  0.000
39	  2.760	 99.739	  1.005	  1.494	  0.000
40	  2.760	102.178	  1.005	  1.494	  0.000
0	  2.880	  4.797	  1.005	  1.496	  0.000
1	  2.880	  7.236	  1.005	  1.496	  0.000
2	  2.880	  9.675	  1.005	  1.496	  0.000
3	  2.880	 12.114	  1.005	  1.496	  0.000
4	  2.880	 14.553	  1.005	  1.496	  0.000
5	  2.880	 16.992	  1.005	  1.496	  0.000
6	  2.880	 19.431	  1.005	  1.496	  0.000
7	  2.880	 21.870	  1.005	  1.496	  0.000
8	  2.880	 24.309	  1.005	  1.496	  0.000
9	  2.880	 26.748	  1.005	  1.496	  0.000
10	  2.880	 29.187	  1.005	  1.496	  0.000
11	  2.880	 31.626	  1.005	  1.496	  0.000
12	  2.880	 34.065	  1.005	  1.496	  0.000
13	  2.880	 36.504	  1.005	  1.496	  0.000
14	  2.880	 38.943	  1.005	  1.496	  0.000
15	  2.880	 41.382	  1.005	  1.496	  0.000
16	  2.880	 43.821	  1.005	  1.496	  0.000
17	  2.880	 46.260	  1.005	  1.496	  0.000
18	  2.880	 48.699	  1.005	  1.496	  0.000
19	  2.880	 51.138	  1.005	  1.496	  0.000
20	  2.880	 53.577	  1.005	  1.496	  0.000
21	  2.880	 56.016	  1.005	  1.496	  0.000
22	  2.880	 58.455	  1.005	  1.496	  0.000
23	  2.880	 60.894	  1.005	  1.496	  0.000
24	  2.880	 63.333	  1.005	  1.496	  0.000
25	  2.880	 65.772	  1.005	  1.496	  0.000
26	  2.880	 68.211	  1.005	  1.496	  0.000
27	  2.880	 70.650	  1.005	  1.496	  0.000
28	  2.880	 73.089	  1.005	  1.496	  0.000
29	  2.880	 75.528	  1.005	  1.496	  0.000
30	  2.880	 77.967	  1.005	  1.496	  0.000
31	  2.880	 80.406	  1.005	  1.496	  0.000
32	  2.880	 82.846	  1.005	  1.496	  0.000
33	  2.880	 85.285	  1.005	  1.496	  0.000
34	  2.880	 87.724	  1.005	  1.496	  0.000
35	  2.880	 90.163	  1.005	  1.496	  0.000
36	  2.880	 92.602	  1.005	  1.496	  0.000
37	  2.880	 95.041	  1.005	  1.496	  0.000
38	  2.880	 97.480	  1.005	  1.496	  0.000
39	  2.880	 99.919	  1.005	  1.496	  0.000
40	  2.880	102.358	  1.005	  1.496	  0.000
0	  3.000	  4.976	  1.005	  1.497	  0.000
1	  3.000	  7.415	  1.005	  1.497	  0.000
2	  3.000	  9.854	  1.005	  1.497	  0.000
3	  3.000	 12.293	  1.005	  1.497	  0.000
4	  3.000	 14.732	  1.005	  1.497	  0.000
5	  3.000	 17.171	  1.005	  1.497	  0.000
6	  3.000	 19.610	  1.005	  1.497	  0.000
7	  3.000	 22.049	  1.005	  1.497	  0.000
8	  3.000	 24.488	  1.005	  1.497	  0.000
9	  3.000	 26.927	  1.005	  1.497	  0.000
10	  3.000	 29.366	  1.005	  1.497	  0.000
11	  3.000	 31.806	  1.005	  1.497	  0.000
12	  3.000	 34.245	  1.005	  1.497	  0.000
13	  3.000	 36.684	  1.005	  1.497	  0.000
14	  3.000	 39.123	  1.005	  1.497	  0.000
15	  3.000	 41.562	  1.005	  1.497	  0.000
16	  3.000	 44.001	  1.005	  1.497	  0.000
17	  3.000	 46.440	  1.005	  1.497	  0.000
18	  3.000	 48.879	  1.005	  1.497	  0.000
19	  3.000	 51.318	  1.005	  1.497	  0.000
20	  3.000	 53.757	  1.005	  1.497	  0.000
21	  3.000	 56.196	  1.005	  1.497	  0.000
22	  3.000	 58.635	  1.005	  1.497	  0.000
23	  3.000	 61.074	  1.005	  1.497	  0.000
24	  3.000	 63.513	  1.005	  1.497	  0.000
25	  3.000	 65.952	  1.005	  1.497	  0.000
26	  3.000	 68.391	  1.005	  1.497	  0.000
27	  3.000	 70.830	  1.005	  1.497	  0.000
28	  3.000	 73.269	  1.005	  1.497	  0.000
29	  3.000	 75.708	  1.005	  1.497	  0.000
30	  3.000	 78.147	  1.005	  1.497	  0.000
31	  3.000	 80.586	  1.005	  1.497	  0.000
32	  3.000	 83.025	  1.005	  1.497	  0.000
33	  3.000	 85.464	  1.005	  1.497	  0.000
34	  3.000	 87.903	  1.005	  1.497	  0.000
35	  3.000	 90.342	  1.005	  1.497	  0.000
36	  3.000	 92.781	  1.005	  1.497	  0.000
37	  3.000	 95.220	  1.005	  1.497	  0.000
38	  3.000	 97.659	  1.005	  1.497	  0.000
39	  3.000	100.098	  1.005	  1.497	  0.000
40	  3.000	102.537	  1.005	  1.497	  0.000
