# id	 time	 x	 y	 vx	 vy
0	  0.000	  0.704	  1.000	  0.010	  0.010
1	  0.000	  2.113	  1.000	  0.010	  0.010
2	  0.000	  3.521	  1.000	  0.010	  0.010
3	  0.000	  4.930	  1.000	  0.010	  0.010
4	  0.000	  6.338	  1.000	  0.010	  0.010
5	  0.000	  7.746	  1.000	  0.010	  0.010
6	  0.000	  9.155	  1.000	  0.010	  0.010
7	  0.000	 10.563	  1.000	  0.010	  0.010
8	  0.000	 11.972	  1.000	  0.010	  0.010
9	  0.000	 13.380	  1.000	  0.010	  0.010
10	  0.000	 14.789	  1.000	  0.010	  0.010
11	  0.000	 16.197	  1.000	  0.010	  0.010
12	  0.000	 17.606	  1.000	  0.010	  0.010
13	  0.000	 19.014	  1.000	  0.010	  0.010
14	  0.000	 20.423	  1.000	  0.010	  0.010
15	  0.000	 21.831	  1.000	  0.010	  0.010
16	  0.000	 23.239	  1.000	  0.010	  0.010
17	  0.000	 24.648	  1.000	  0.010	  0.010
18	  0.000	 26.056	  1.000	  0.010	  0.010
19	  0.000	 27.465	  1.000	  0.010	  0.010
20	  0.000	 28.873	  1.000	  0.010	  0.010
21	  0.000	 30.282	  1.000	  0.010	  0.010
22	  0.000	 31.690	  1.000	  0.010	  0.010
23	  0.000	 33.099	  1.000	  0.010	  0.010
24	  0.000	 34.507	  1.000	  0.010	  0.010
25	  0.000	 35.915	  1.000	  0.010	  0.010
26	  0.000	 37.324	  1.000	  0.010	  0.010
27	  0.000	 38.732	  1.000	  0.010	  0.010
28	  0.000	 40.141	  1.000	  0.010	  0.010
29	  0.000	 41.549	  1.000	  0.010	  0.010
30	  0.000	 42.958	  1.000	  0.010	  0.010
31	  0.000	 44.366	  1.000	  0.010	  0.010
32	  0.000	 45.775	  1.000	  0.010	  0.010
33	  0.000	 47.183	  1.000	  0.010	  0.010
34	  0.000	 48.592	  1.000	  0.010	  0.010
35	  0.000	 50.000	  1.000	  0.010	  0.010
36	  0.000	 51.408	  1.000	  0.010	  0.010
37	  0.000	 52.817	  1.000	  0.010	  0.010
38	  0.000	 54.225	  1.000	  0.010	  0.010
39	  0.000	 55.634	  1.000	  0.010	  0.010
40	  0.000	 57.042	  1.000	  0.010	  0.010
41	  0.000	 58.451	  1.000	  0.010	  0.010
42	  0.000	 59.859	  1.000	  0.010	  0.010
43	  0.000	 61.268	  1.000	  0.010	  0.010
44	  0.000	 62.676	  1.000	  0.010	  0.010
45	  0.000	 64.085	  1.000	  0.010	  0.010
46	  0.000	 65.493	  1.000	  0.010	  0.010
47	  0.000	 66.901	  1.000	  0.010	  0.010
48	  0.000	 68.310	  1.000	  0.010	  0.010
49	  0.000	 69.718	  1.000	  0.010	  0.010
50	  0.000	 71.127	  1.000	  0.010	  0.010
51	  0.000	 72.535	  1.000	  0.010	  0.010
52	  0.000	 73.944	  1.000	  0.010	  0.010
53	  0.000	 75.352	  1.000	  0.010	  0.010
54	  0.000	 76.761	  1.000	  0.010	  0.010
55	  0.000	 78.169	  1.000	  0.010	  0.010
56	  0.000	 79.577	  1.000	  0.010	  0.010
57	  0.000	 80.986	  1.000	  0.010	  0.010
58	  0.000	 82.394	  1.000	  0.010	  0.010
59	  0.000	 83.803	  1.000	  0.010	  0.010
60	  0.000	 85.211	  1.000	  0.010	  0.010
61	  0.000	 86.620	  1.000	  0.010	  0.010
62	  0.000	 88.028	  1.000	  0.010	  0.010
63	  0.000	 89.437	  1.000	  0.010	  0.010
64	  0.000	 90.845	  1.000	  0.010	  0.010
65	  0.000	 92.254	  1.000	  0.010	  0.010
66	  0.000	 93.662	  1.000	  0.010	  0.010
67	  0.000	 95.070	  1.000	  0.010	  0.010
68	  0.000	 96.479	  1.000	  0.010	  0.010
69	  0.000	 97.887	  1.000	  0.010	  0.010
70	  0.000	 99.296	  1.000	  0.010	  0.010
0	  0.120	  0.712	  1.001	  0.132	  0.008
1	  0.120	  2.121	  1.001	  0.132	  0.008
2	  0.120	  3.529	  1.001	  0.132	  0.008
3	  0.120	  4.938	  1.001	  0.132	  0.008
4	  0.120	  6.346	  1.001	  0.132	  0.008
5	  0.120	  7.755	  1.001	  0.132	  0.008
6	  0.120	  9.163	  1.001	  0.132	  0.008
7	  0.120	 10.572	  1.001	  0.132	  0.008
8	  0.120	 11.980	  1.001	  0.132	  0.008
9	  0.120	 13.388	  1.001	  0.132	  0.008
10	  0.120	 14.797	  1.001	  0.132	  0.008
11	  0.120	 16.205	  1.001	  0.132	  0.008
12	  0.120	 17.614	  1.001	  0.132	  0.008
13	  0.120	 19.022	  1.001	  0.132	  0.008
14	  0.120	 20.431	  1.001	  0.132	  0.008
15	  0.120	 21.839	  1.001	  0.132	  0.008
16	  0.120	 23.248	  1.001	  0.132	  0.008
17	  0.120	 24.656	  1.001	  0.132	  0.008
18	  0.120	 26.065	  1.001	  0.132	  0.008
19	  0.120	 27.473	  1.001	  0.132	  0.008
20	  0.120	 28.881	  1.001	  0.132	  0.008
21	  0.120	 30.290	  1.001	  0.132	  0.008
22	  0.120	 31.698	  1.001	  0.132	  0.008
23	  0.120	 33.107	  1.001	  0.132	  0.008
24	  0.120	 34.515	  1.001	  0.132	  0.008
25	  0.120	 35.924	  1.001	  0.132	  0.008
26	  0.120	 37.332	  1.001	  0.132	  0.008
27	  0.120	 38.741	  1.001	  0.132	  0.008
28	  0.120	 40.149	  1.001	  0.132	  0.008
29	  0.120	 41.558	  1.001	  0.132	  0.008
30	  0.120	 42.966	  1.001	  0.132	  0.008
31	  0.120	 44.374	  1.001	  0.132	  0.008
32	  0.120	 45.783	  1.001	  0.132	  0.008
33	  0.120	 47.191	  1.001	  0.132	  0.008
34	  0.120	 48.600	  1.001	  0.132	  0.008
35	  0.120	 50.008	  1.001	  0.132	  0.008
36	  0.120	 51.417	  1.001	  0.132	  0.008
37	  0.120	 52.825	  1.001	  0.132	  0.008
38	  0.120	 54.234	  1.001	  0.132	  0.008
39	  0.120	 55.642	  1.001	  0.132	  0.008
40	  0.120	 57.050	  1.001	  0.132	  0.008
41	  0.120	 58.459	  1.001	  0.132	  0.008
42	  0.120	 59.867	  1.001	  0.132	  0.008
43	  0.120	 61.276	  1.001	  0.132	  0.008
44	  0.120	 62.684	  1.001	  0.132	  0.008
45	  0.120	 64.093	  1.001	  0.132	  0.008
46	  0.120	 65.501	  1.001	  0.132	  0.008
47	  0.120	 66.910	  1.001	  0.132	  0.008
48	  0.120	 68.318	  1.001	  0.132	  0.008
49	  0.120	 69.727	  1.001	  0.132	  0.008
50	  0.120	 71.135	  1.001	  0.132	  0.008
51	  0.120	 72.543	  1.001	  0.132	  0.008
52	  0.120	 73.952	  1.001	  0.132	  0.008
53	  0.120	 75.360	  1.001	  0.132	  0.008
54	  0.120	 76.769	  1.001	  0.132	  0.008
55	  0.120	 78.177	  1.001	  0.132	  0.008
56	  0.120	 79.586	  1.001	  0.132	  0.008
57	  0.120	 80.994	  1.001	  0.132	  0.008
58	  0.120	 82.403	  1.001	  0.132	  0.008
59	  0.120	 83.811	  1.001	  0.132	  0.008
60	  0.120	 85.219	  1.001	  0.132	  0.008
61	  0.120	 86.628	  1.001	  0.132	  0.008
62	  0.120	 88.036	  1.001	  0.132	  0.008
63	  0.120	 89.445	  1.001	  0.132	  0.008
64	  0.120	 90.853	  1.001	  0.132	  0.008
65	  0.120	 92.262	  1.001	  0.132	  0.008
66	  0.120	 93.670	  1.001	  0.132	  0.008
67	  0.120	 95.079	  1.001	  0.132	  0.008
68	  0.120	 96.487	  1.001	  0.132	  0.008
69	  0.120	 97.896	  1.001	  0.132	  0.008
70	  0.120	 99.304	  1.001	  0.132	  0.008
0	  0.240	  0.734	  1.002	  0.228	  0.006
1	  0.240	  2.142	  1.002	  0.228	  0.006
2	  0.240	  3.551	  1.002	  0.228	  0.006
3	  0.240	  4.959	  1.002	  0.228	  0.006
4	  0.240	  6.368	  1.002	  0.228	  0.006
5	  0.240	  7.776	  1.002	  0.228	  0.006
6	  0.240	  9.184	  1.002	  0.228	  0.006
7	  0.240	 10.593	  1.002	  0.228	  0.006
8	  0.240	 12.001	  1.002	  0.228	  0.006
9	  0.240	 13.410	  1.002	  0.228	  0.006
10	  0.240	 14.818	  1.002	  0.228	  0.006
11	  0.240	 16.227	  1.002	  0.228	  0.006
12	  0.240	 17.635	  1.002	  0.228	  0.006
13	  0.240	 19.044	  1.002	  0.228	  0.006
14	  0.240	 20.452	  1.002	  0.228	  0.006
15	  0.240	 21.861	  1.002	  0.228	  0.006
16	  0.240	 23.269	  1.002	  0.228	  0.006
17	  0.240	 24.677	  1.002	  0.228	  0.006
18	  0.240	 26.086	  1.002	  0.228	  0.006
19	  0.240	 27.494	  1.002	  0.228	  0.006
20	  0.240	 28.903	  1.002	  0.228	  0.006
21	  0.240	 30.311	  1.002	  0.228	  0.006
22	  0.240	 31.720	  1.002	  0.228	  0.006
23	  0.240	 33.128	  1.002	  0.228	  0.006
24	  0.240	 34.537	  1.002	  0.228	  0.006
25	  0.240	 35.945	  1.002	  0.228	  0.006
26	  0.240	 37.353	  1.002	  0.228	  0.006
27	  0.240	 38.762	  1.002	  0.228	  0.006
28	  0.240	 40.170	  1.002	  0.228	  0.006
29	  0.240	 41.579	  1.002	  0.228	  0.006
30	  0.240	 42.987	  1.002	  0.228	  0.006
31	  0.240	 44.396	  1.002	  0.228	  0.006
32	  0.240	 45.804	  1.002	  0.228	  0.006
33	  0.240	 47.213	  1.002	  0.228	  0.006
34	  0.240	 48.621	  1.002	  0.228	  0.006
35	  0.240	 50.030	  1.002	  0.228	  0.006
36	  0.240	 51.438	  1.002	  0.228	  0.006
37	  0.240	 52.846	  1.002	  0.228	  0.006
38	  0.240	 54.255	  1.002	  0.228	  0.006
39	  0.240	 55.663	  1.002	  0.228	  0.006
40	  0.240	 57.072	  1.002	  0.228	  0.006
41	  0.240	 58.480	  1.002	  0.228	  0.006
42	  0.240	 59.889	  1.002	  0.228	  0.006
43	  0.240	 61.297	  1.002	  0.228	  0.006
44	  0.240	 62.706	  1.002	  0.228	  0.006
45	  0.240	 64.114	  1.002	  0.228	  0.006
46	  0.240	 65.523	  1.002	  0.228	  0.006
47	  0.240	 66.931	  1.002	  0.228	  0.006
48	  0.240	 68.339	  1.002	  0.228	  0.006
49	  0.240	 69.748	  1.002	  0.228	  0.006
50	  0.240	 71.156	  1.002	  0.228	  0.006
51	  0.240	 72.565	  1.002	  0.228	  0.006
52	  0.240	 73.973	  1.002	  0.228	  0.006
53	  0.240	 75.382	  1.002	  0.228	  0.006
54	  0.240	 76.790	  1.002	  0.228	  0.006
55	  0.240	 78.199	  1.002	  0.228	  0.006
56	  0.240	 79.607	  1.002	  0.228	  0.006
57	  0.240	 81.015	  1.002	  0.228	  0.006
58	  0.240	 82.424	  1.002	  0.228	  0.006
59	  0.240	 83.832	  1.002	  0.228	  0.006
60	  0.240	 85.241	  1.002	  0.228	  0.006
61	  0.240	 86.649	  1.002	  0.228	  0.006
62	  0.240	 88.058	  1.002	  0.228	  0.006
63	  0.240	 89.466	  1.002	  0.228	  0.006
64	  0.240	 90.875	  1.002	  0.228	  0.006
65	  0.240	 92.283	  1.002	  0.228	  0.006
66	  0.240	 93.692	  1.002	  0.228	  0.006
67	  0.240	 95.100	  1.002	  0.228	  0.006
68	  0.240	 96.508	  1.002	  0.228	  0.006
69	  0.240	 97.917	  1.002	  0.228	  0.006
70	  0.240	 99.325	  1.002	  0.228	  0.006
0	  0.360	  0.765	  1.003	  0.303	  0.005
1	  0.360	  2.174	  1.003	  0.303	  0.005
2	  0.360	  3.582	  1.003	  0.303	  0.005
3	  0.360	  4.991	  1.003	  0.303	  0.005
4	  0.360	  6.399	  1.003	  0.303	  0.005
5	  0.360	  7.808	  1.003	  0.303	  0.005
6	  0.360	  9.216	  1.003	  0.303	  0.005
7	  0.360	 10.625	  1.003	  0.303	  0.005
8	  0.360	 12.033	  1.003	  0.303	  0.005
9	  0.360	 13.441	  1.003	  0.303	  0.005
10	  0.360	 14.850	  1.003	  0.303	  0.005
11	  0.360	 16.258	  1.003	  0.303	  0.005
12	  0.360	 17.667	  1.003	  0.303	  0.005
13	  0.360	 19.075	  1.003	  0.303	  0.005
14	  0.360	 20.484	  1.003	  0.303	  0.005
15	  0.360	 21.892	  1.003	  0.303	  0.005
16	  0.360	 23.301	  1.003	  0.303	  0.005
17	  0.360	 24.709	  1.003	  0.303	  0.005
18	  0.360	 26.118	  1.003	  0.303	  0.005
19	  0.360	 27.526	  1.003	  0.303	  0.005
20	  0.360	 28.934	  1.003	  0.303	  0.005
21	  0.360	 30.343	  1.003	  0.303	  0.005
22	  0.360	 31.751	  1.003	  0.303	  0.005
23	  0.360	 33.160	  1.003	  0.303	  0.005
24	  0.360	 34.568	  1.003	  0.303	  0.005
25	  0.360	 35.977	  1.003	  0.303	  0.005
26	  0.360	 37.385	  1.003	  0.303	  0.005
27	  0.360	 38.794	  1.003	  0.303	  0.005
28	  0.360	 40.202	  1.003	  0.303	  0.005
29	  0.360	 41.610	  1.003	  0.303	  0.005
30	  0.360	 43.019	  1.003	  0.303	  0.005
31	  0.360	 44.427	  1.003	  0.303	  0.005
32	  0.360	 45.836	  1.003	  0.303	  0.005
33	  0.360	 47.244	  1.003	  0.303	  0.005
34	  0.360	 48.653	  1.003	  0.303	  0.005
35	  0.360	 50.061	  1.003	  0.303	  0.005
36	  0.360	 51.470	  1.003	  0.303	  0.005
37	  0.360	 52.878	  1.003	  0.303	  0.005
38	  0.360	 54.287	  1.003	  0.303	  0.005
39	  0.360	 55.695	  1.003	  0.303	  0.005
40	  0.360	 57.103	  1.003	  0.303	  0.005
41	  0.360	 58.512	  1.003	  0.303	  0.005
42	  0.360	 59.920	  1.003	  0.303	  0.005
43	  0.360	 61.329	  1.003	  0.303	  0.005
44	  0.360	 62.737	  1.003	  0.303	  0.005
45	  0.360	 64.146	  1.003	  0.303	  0.005
46	  0.360	 65.554	  1.003	  0.303	  0.005
47	  0.360	 66.963	  1.003	  0.303	  0.005
48	  0.360	 68.371	  1.003	  0.303	  0.005
49	  0.360	 69.780	  1.003	  0.303	  0.005
50	  0.360	 71.188	  1.003	  0.303	  0.005
51	  0.360	 72.596	  1.003	  0.303	  0.005
52	  0.360	 74.005	  1.003	  0.303	  0.005
53	  0.360	 75.413	  1.003	  0.303	  0.005
54	  0.360	 76.822	  1.003	  0.303	  0.005
55	  0.360	 78.230	  1.003	  0.303	  0.005
56	  0.360	 79.639	  1.003	  0.303	  0.005
57	  0.360	 81.047	  1.003	  0.303	  0.005
58	  0.360	 82.456	  1.003	  0.303	  0.005
59	  0.360	 83.864	  1.003	  0.303	  0.005
60	  0.360	 85.272	  1.003	  0.303	  0.005
61	  0.360	 86.681	  1.003	  0.303	  0.005
62	  0.360	 88.089	  1.003	  0.303	  0.005
63	  0.360	 89.498	  1.003	  0.303	  0.005
64	  0.360	 90.906	  1.003	  0.303	  0.005
65	  0.360	 92.315	  1.003	  0.303	  0.005
66	  0.360	 93.723	  1.003	  0.303	  0.005
67	  0.360	 95.132	  1.003	  0.303	  0.005
68	  0.360	 96.540	  1.003	  0.303	  0.005
69	  0.360	 97.949	  1.003	  0.303	  0.005
70	  0.360	 99.357	  1.003	  0.303	  0.005
0	  0.480	  0.805	  1.003	  0.362	  0.004
1	  0.480	  2.214	  1.003	  0.362	  0.004
2	  0.480	  3.622	  1.003	  0.362	  0.004
3	  0.480	  5.031	  1.003	  0.362	  0.004
4	  0.480	  6.439	  1.003	  0.362	  0.004
5	  0.480	  7.847	  1.003	  0.362	  0.004
6	  0.480	  9.256	  1.003	  0.362	  0.004
7	  0.480	 10.664	  1.003	  0.362	  0.004
8	  0.480	 12.073	  1.003	  0.362	  0.004
9	  0.480	 13.481	  1.003	  0.362	  0.004
10	  0.480	 14.890	  1.003	  0.362	  0.004
11	  0.480	 16.298	  1.003	  0.362	  0.004
12	  0.480	 17.707	  1.003	  0.362	  0.004
13	  0.480	 19.115	  1.003	  0.362	  0.004
14	  0.480	 20.523	  1.003	  0.362	  0.004
15	  0.480	 21.932	  1.003	  0.362	  0.004
16	  0.480	 23.340	  1.003	  0.362	  0.004
17	  0.480	 24.749	  1.003	  0.362	  0.004
18	  0.480	 26.157	  1.003	  0.362	  0.004
19	  0.480	 27.566	  1.003	  0.362	  0.004
20	  0.480	 28.974	  1.003	  0.362	  0.004
21	  0.480	 30.383	  1.003	  0.362	  0.004
22	  0.480	 31.791	  1.003	  0.362	  0.004
23	  0.480	 33.200	  1.003	  0.362	  0.004
24	  0.480	 34.608	  1.003	  0.362	  0.004
25	  0.480	 36.016	  1.003	  0.362	  0.004
26	  0.480	 37.425	  1.003	  0.362	  0.004
27	  0.480	 38.833	  1.003	  0.362	  0.004
28	  0.480	 40.242	  1.003	  0.362	  0.004
29	  0.480	 41.650	  1.003	  0.362	  0.004
30	  0.480	 43.059	  1.003	  0.362	  0.004
31	  0.480	 44.467	  1.003	  0.362	  0.004
32	  0.480	 45.876	  1.003	  0.362	  0.004
33	  0.480	 47.284	  1.003	  0.362	  0.004
34	  0.480	 48.692	  1.003	  0.362	  0.004
35	  0.480	 50.101	  1.003	  0.362	  0.004
36	  0.480	 51.509	  1.003	  0.362	  0.004
37	  0.480	 52.918	  1.003	  0.362	  0.004
38	  0.480	 54.326	  1.003	  0.362	  0.004
39	  0.480	 55.735	  1.003	  0.362	  0.004
40	  0.480	 57.143	  1.003	  0.362	  0.004
41	  0.480	 58.552	  1.003	  0.362	  0.004
42	  0.480	 59.960	  1.003	  0.362	  0.004
43	  0.480	 61.369	  1.003	  0.362	  0.004
44	  0.480	 62.777	  1.003	  0.362	  0.004
45	  0.480	 64.185	  1.003	  0.362	  0.004
46	  0.480	 65.594	  1.003	  0.362	  0.004
47	  0.480	 67.002	  1.003	  0.362	  0.004
48	  0.480	 68.411	  1.003	  0.362	  0.004
49	  0.480	 69.819	  1.003	  0.362	  0.004
50	  0.480	 71.228	  1.003	  0.362	  0.004
51	  0.480	 72.636	  1.003	  0.362	  0.004
52	  0.480	 74.045	  1.003	  0.362	  0.004
53	  0.480	 75.453	  1.003	  0.362	  0.004
54	  0.480	 76.861	  1.003	  0.362	  0.004
55	  0.480	 78.270	  1.003	  0.362	  0.004
56	  0.480	 79.678	  1.003	  0.362	  0.004
57	  0.480	 81.087	  1.003	  0.362	  0.004
58	  0.480	 82.495	  1.003	  0.362	  0.004
59	  0.480	 83.904	  1.003	  0.362	  0.004
60	  0.480	 85.312	  1.003	  0.362	  0.004
61	  0.480	 86.721	  1.003	  0.362	  0.004
62	  0.480	 88.129	  1.003	  0.362	  0.004
63	  0.480	 89.538	  1.003	  0.362	  0.004
64	  0.480	 90.946	  1.003	  0.362	  0.004
65	  0.480	 92.354	  1.003	  0.362	  0.004
66	  0.480	 93.763	  1.003	  0.362	  0.004
67	  0.480	 95.171	  1.003	  0.362	  0.004
68	  0.480	 96.580	  1.003	  0.362	  0.004
69	  0.480	 97.988	  1.003	  0.362	  0.004
70	  0.480	 99.397	  1.003	  0.362	  0.004
0	  0.600	  0.851	  1.004	  0.408	  0.003
1	  0.600	  2.260	  1.004	  0.408	  0.003
2	  0.600	  3.668	  1.004	  0.408	  0.003
3	  0.600	  5.077	  1.004	  0.408	  0.003
4	  0.600	  6.485	  1.004	  0.408	  0.003
5	  0.600	  7.893	  1.004	  0.408	  0.003
6	  0.600	  9.302	  1.004	  0.408	  0.003
7	  0.600	 10.710	  1.004	  0.408	  0.003
8	  0.600	 12.119	  1.004	  0.408	  0.003
9	  0.600	 13.527	  1.004	  0.408	  0.003
10	  0.600	 14.936	  1.004	  0.408	  0.003
11	  0.600	 16.344	  1.004	  0.408	  0.003
12	  0.600	 17.753	  1.004	  0.408	  0.003
13	  0.600	 19.161	  1.004	  0.408	  0.003
14	  0.600	 20.570	  1.004	  0.408	  0.003
15	  0.600	 21.978	  1.004	  0.408	  0.003
16	  0.600	 23.386	  1.004	  0.408	  0.003
17	  0.600	 24.795	  1.004	  0.408	  0.003
18	  0.600	 26.203	  1.004	  0.408	  0.003
19	  0.600	 27.612	  1.004	  0.408	  0.003
20	  0.600	 29.020	  1.004	  0.408	  0.003
21	  0.600	 30.429	  1.004	  0.408	  0.003
22	  0.600	 31.837	  1.004	  0.408	  0.003
23	  0.600	 33.246	  1.004	  0.408	  0.003
24	  0.600	 34.654	  1.004	  0.408	  0.003
25	  0.600	 36.062	  1.004	  0.408	  0.003
26	  0.600	 37.471	  1.004	  0.408	  0.003
27	  0.600	 38.879	  1.004	  0.408	  0.003
28	  0.600	 40.288	  1.004	  0.408	  0.003
29	  0.600	 41.696	  1.004	  0.408	  0.003
30	  0.600	 43.105	  1.004	  0.408	  0.003
31	  0.600	 44.513	  1.004	  0.408	  0.003
32	  0.600	 45.922	  1.004	  0.408	  0.003
33	  0.600	 47.330	  1.004	  0.408	  0.003
34	  0.600	 48.739	  1.004	  0.408	  0.003
35	  0.600	 50.147	  1.004	  0.408	  0.003
36	  0.600	 51.555	  1.004	  0.408	  0.003
37	  0.600	 52.964	  1.004	  0.408	  0.003
38	  0.600	 54.372	  1.004	  0.408	  0.003
39	  0.600	 55.781	  1.004	  0.408	  0.003
40	  0.600	 57.189	  1.004	  0.408	  0.003
41	  0.600	 58.598	  1.004	  0.408	  0.003
42	  0.600	 60.006	  1.004	  0.408	  0.003
43	  0.600	 61.415	  1.004	  0.408	  0.003
44	  0.600	 62.823	  1.004	  0.408	  0.003
45	  0.600	 64.232	  1.004	  0.408	  0.003
46	  0.600	 65.640	  1.004	  0.408	  0.003
47	  0.600	 67.048	  1.004	  0.408	  0.003
48	  0.600	 68.457	  1.004	  0.408	  0.003
49	  0.600	 69.865	  1.004	  0.408	  0.003
50	  0.600	 71.274	  1.004	  0.408	  0.003
51	  0.600	 72.682	  1.004	  0.408	  0.003
52	  0.600	 74.091	  1.004	  0.408	  0.003
53	  0.600	 75.499	  1.004	  0.408	  0.003
54	  0.600	 76.908	  1.004	  0.408	  0.003
55	  0.600	 78.316	  1.004	  0.408	  0.003
56	  0.600	 79.724	  1.004	  0.408	  0.003
57	  0.600	 81.133	  1.004	  0.408	  0.003
58	  0.600	 82.541	  1.004	  0.408	  0.003
59	  0.600	 83.950	  1.004	  0.408	  0.003
60	  0.600	 85.358	  1.004	  0.408	  0.003
61	  0.600	 86.767	  1.004	  0.408	  0.003
62	  0.600	 88.175	  1.004	  0.408	  0.003
63	  0.600	 89.584	  1.004	  0.408	  0.003
64	  0.600	 90.992	  1.004	  0.408	  0.003
65	  0.600	 92.401	  1.004	  0.408	  0.003
66	  0.600	 93.809	  1.004	  0.408	  0.003
67	  0.600	 95.217	  1.004	  0.408	  0.003
68	  0.600	 96.626	  1.004	  0.408	  0.003
69	  0.600	 98.034	  1.004	  0.408	  0.003
70	  0.600	 99.443	  1.004	  0.408	  0.003
0	  0.720	  0.902	  1.004	  0.444	  0.002
1	  0.720	  2.311	  1.004	  0.444	  0.002
2	  0.720	  3.719	  1.004	  0.444	  0.002
3	  0.720	  5.128	  1.004	  0.444	  0.002
4	  0.720	  6.536	  1.004	  0.444	  0.002
5	  0.720	  7.945	  1.004	  0.444	  0.002
6	  0.720	  9.353	  1.004	  0.444	  0.002
7	  0.720	 10.761	  1.004	  0.444	  0.002
8	  0.720	 12.170	  1.004	  0.444	  0.002
9	  0.720	 13.578	  1.004	  0.444	  0.002
10	  0.720	 14.987	  1.004	  0.444	  0.002
11	  0.720	 16.395	  1.004	  0.444	  0.002
12	  0.720	 17.804	  1.004	  0.444	  0.002
13	  0.720	 19.212	  1.004	  0.444	  0.002
14	  0.720	 20.621	  1.004	  0.444	  0.002
15	  0.720	 22.029	  1.004	  0.444	  0.002
16	  0.720	 23.438	  1.004	  0.444	  0.002
17	  0.720	 24.846	  1.004	  0.444	  0.002
18	  0.720	 26.254	  1.004	  0.444	  0.002
19	  0.720	 27.663	  1.004	  0.444	  0.002
20	  0.720	 29.071	  1.004	  0.444	  0.002
21	  0.720	 30.480	  1.004	  0.444	  0.002
22	  0.720	 31.888	  1.004	  0.444	  0.002
23	  0.720	 33.297	  1.004	  0.444	  0.002
24	  0.720	 34.705	  1.004	  0.444	  0.002
25	  0.720	 36.114	  1.004	  0.444	  0.002
26	  0.720	 37.522	  1.004	  0.444	  0.002
27	  0.720	 38.930	  1.004	  0.444	  0.002
28	  0.720	 40.339	  1.004	  0.444	  0.002
29	  0.720	 41.747	  1.004	  0.444	  0.002
30	  0.720	 43.156	  1.004	  0.444	  0.002
31	  0.720	 44.564	  1.004	  0.444	  0.002
32	  0.720	 45.973	  1.004	  0.444	  0.002
33	  0.720	 47.381	  1.004	  0.444	  0.002
34	  0.720	 48.790	  1.004	  0.444	  0.002
35	  0.720	 50.198	  1.004	  0.444	  0.002
36	  0.720	 51.607	  1.004	  0.444	  0.002
37	  0.720	 53.015	  1.004	  0.444	  0.002
38	  0.720	 54.423	  1.004	  0.444	  0.002
39	  0.720	 55.832	  1.004	  0.444	  0.002
40	  0.720	 57.240	  1.004	  0.444	  0.002
41	  0.720	 58.649	  1.004	  0.444	  0.002
42	  0.720	 60.057	  1.004	  0.444	  0.002
43	  0.720	 61.466	  1.004	  0.444	  0.002
44	  0.720	 62.874	  1.004	  0.444	  0.002
45	  0.720	 64.283	  1.004	  0.444	  0.002
46	  0.720	 65.691	  1.004	  0.444	  0.002
47	  0.720	 67.099	  1.004	  0.444	  0.002
48	  0.720	 68.508	  1.004	  0.444	  0.002
49	  0.720	 69.916	  1.004	  0.444	  0.002
50	  0.720	 71.325	  1.004	  0.444	  0.002
51	  0.720	 72.733	  1.004	  0.444	  0.002
52	  0.720	 74.142	  1.004	  0.444	  0.002
53	  0.720	 75.550	  1.004	  0.444	  0.002
54	  0.720	 76.959	  1.004	  0.444	  0.002
55	  0.720	 78.367	  1.004	  0.444	  0.002
56	  0.720	 79.776	  1.004	  0.444	  0.002
57	  0.720	 81.184	  1.004	  0.444	  0.002
58	  0.720	 82.592	  1.004	  0.444	  0.002
59	  0.720	 84.001	  1.004	  0.444	  0.002
60	  0.720	 85.409	  1.004	  0.444	  0.002
61	  0.720	 86.818	  1.004	  0.444	  0.002
62	  0.720	 88.226	  1.004	  0.444	  0.002
63	  0.720	 89.635	  1.004	  0.444	  0.002
64	  0.720	 91.043	  1.004	  0.444	  0.002
65	  0.720	 92.452	  1.004	  0.444	  0.002
66	  0.720	 93.860	  1.004	  0.444	  0.002
67	  0.720	 95.268	  1.004	  0.444	  0.002
68	  0.720	 96.677	  1.004	  0.444	  0.002
69	  0.720	 98.085	  1.004	  0.444	  0.002
70	  0.720	 99.494	  1.004	  0.444	  0.002
0	  0.840	  0.957	  1.004	  0.473	  0.002
1	  0.840	  2.366	  1.004	  0.473	  0.002
2	  0.840	  3.774	  1.004	  0.473	  0.002
3	  0.840	  5.183	  1.004	  0.473	  0.002
4	  0.840	  6.591	  1.004	  0.473	  0.002
5	  0.840	  8.000	  1.004	  0.473	  0.002
6	  0.840	  9.408	  1.004	  0.473	  0.002
7	  0.840	 10.816	  1.004	  0.473	  0.002
8	  0.840	 12.225	  1.004	  0.473	  0.002
9	  0.840	 13.633	  1.004	  0.473	  0.002
10	  0.840	 15.042	  1.004	  0.473	  0.002
11	  0.840	 16.450	  1.004	  0.473	  0.002
12	  0.840	 17.859	  1.004	  0.473	  0.002
13	  0.840	 19.267	  1.004	  0.473	  0.002
14	  0.840	 20.676	  1.004	  0.473	  0.002
15	  0.840	 22.084	  1.004	  0.473	  0.002
16	  0.840	 23.492	  1.004	  0.473	  0.002
17	  0.840	 24.901	  1.004	  0.473	  0.002
18	  0.840	 26.309	  1.004	  0.473	  0.002
19	  0.840	 27.718	  1.004	  0.473	  0.002
20	  0.840	 29.126	  1.004	  0.473	  0.002
21	  0.840	 30.535	  1.004	  0.473	  0.002
22	  0.840	 31.943	  1.004	  0.473	  0.002
23	  0.840	 33.352	  1.004	  0.473	  0.002
24	  0.840	 34.760	  1.004	  0.473	  0.002
25	  0.840	 36.169	  1.004	  0.473	  0.002
26	  0.840	 37.577	  1.004	  0.473	  0.002
27	  0.840	 38.985	  1.004	  0.473	  0.002
28	  0.840	 40.394	  1.004	  0.473	  0.002
29	  0.840	 41.802	  1.004	  0.473	  0.002
30	  0.840	 43.211	  1.004	  0.473	  0.002
31	  0.840	 44.619	  1.004	  0.473	  0.002
32	  0.840	 46.028	  1.004	  0.473	  0.002
33	  0.840	 47.436	  1.004	  0.473	  0.002
34	  0.840	 48.845	  1.004	  0.473	  0.002
35	  0.840	 50.253	  1.004	  0.473	  0.002
36	  0.840	 51.661	  1.004	  0.473	  0.002
37	  0.840	 53.070	  1.004	  0.473	  0.002
38	  0.840	 54.478	  1.004	  0.473	  0.002
39	  0.840	 55.887	  1.004	  0.473	  0.002
40	  0.840	 57.295	  1.004	  0.473	  0.002
41	  0.840	 58.704	  1.004	  0.473	  0.002
42	  0.840	 60.112	  1.004	  0.473	  0.002
43	  0.840	 61.521	  1.004	  0.473	  0.002
44	  0.840	 62.929	  1.004	  0.473	  0.002
45	  0.840	 64.338	  1.004	  0.473	  0.002
46	  0.840	 65.746	  1.004	  0.473	  0.002
47	  0.840	 67.154	  1.004	  0.473	  0.002
48	  0.840	 68.563	  1.004	  0.473	  0.002
49	  0.840	 69.971	  1.004	  0.473	  0.002
50	  0.840	 71.380	  1.004	  0.473	  0.002
51	  0.840	 72.788	  1.004	  0.473	  0.002
52	  0.840	 74.197	  1.004	  0.473	  0.002
53	  0.840	 75.605	  1.004	  0.473	  0.002
54	  0.840	 77.014	  1.004	  0.473	  0.002
55	  0.840	 78.422	  1.004	  0.473	  0.002
56	  0.840	 79.831	  1.004	  0.473	  0.002
57	  0.840	 81.239	  1.004	  0.473	  0.002
58	  0.840	 82.647	  1.004	  0.473	  0.002
59	  0.840	 84.056	  1.004	  0.473	  0.002
60	  0.840	 85.464	  1.004	  0.473	  0.002
61	  0.840	 86.873	  1.004	  0.473	  0.002
62	  0.840	 88.281	  1.004	  0.473	  0.002
63	  0.840	 89.690	  1.004	  0.473	  0.002
64	  0.840	 91.098	  1.004	  0.473	  0.002
65	  0.840	 92.507	  1.004	  0.473	  0.002
66	  0.840	 93.915	  1.004	  0.473	  0.002
67	  0.840	 95.323	  1.004	  0.473	  0.002
68	  0.840	 96.732	  1.004	  0.473	  0.002
69	  0.840	 98.140	  1.004	  0.473	  0.002
70	  0.840	 99.549	  1.004	  0.473	  0.002
0	  0.960	  1.015	  1.004	  0.495	  0.001
1	  0.960	  2.424	  1.004	  0.495	  0.001
2	  0.960	  3.832	  1.004	  0.495	  0.001
3	  0.960	  5.241	  1.004	  0.495	  0.001
4	  0.960	  6.649	  1.004	  0.495	  0.001
5	  0.960	  8.058	  1.004	  0.495	  0.001
6	  0.960	  9.466	  1.004	  0.495	  0.001
7	  0.960	 10.874	  1.004	  0.495	  0.001
8	  0.960	 12.283	  1.004	  0.495	  0.001
9	  0.960	 13.691	  1.004	  0.495	  0.001
10	  0.960	 15.100	  1.004	  0.495	  0.001
11	  0.960	 16.508	  1.004	  0.495	  0.001
12	  0.960	 17.917	  1.004	  0.495	  0.001
13	  0.960	 19.325	  1.004	  0.495	  0.001
14	  0.960	 20.734	  1.004	  0.495	  0.001
15	  0.960	 22.142	  1.004	  0.495	  0.001
16	  0.960	 23.551	  1.004	  0.495	  0.001
17	  0.960	 24.959	  1.004	  0.495	  0.001
18	  0.960	 26.367	  1.004	  0.495	  0.001
19	  0.960	 27.776	  1.004	  0.495	  0.001
20	  0.960	 29.184	  1.004	  0.495	  0.001
21	  0.960	 30.593	  1.004	  0.495	  0.001
22	  0.960	 32.001	  1.004	  0.495	  0.001
23	  0.960	 33.410	  1.004	  0.495	  0.001
24	  0.960	 34.818	  1.004	  0.495	  0.001
25	  0.960	 36.227	  1.004	  0.495	  0.001
26	  0.960	 37.635	  1.004	  0.495	  0.001
27	  0.960	 39.043	  1.004	  0.495	  0.001
28	  0.960	 40.452	  1.004	  0.495	  0.001
29	  0.960	 41.860	  1.004	  0.495	  0.001
30	  0.960	 43.269	  1.004	  0.495	  0.001
31	  0.960	 44.677	  1.004	  0.495	  0.001
32	  0.960	 46.086	  1.004	  0.495	  0.001
33	  0.960	 47.494	  1.004	  0.495	  0.001
34	  0.960	 48.903	  1.004	  0.495	  0.001
35	  0.960	 50.311	  1.004	  0.495	  0.001
36	  0.960	 51.720	  1.004	  0.495	  0.001
37	  0.960	 53.128	  1.004	  0.495	  0.001
38	  0.960	 54.536	  1.004	  0.495	  0.001
39	  0.960	 55.945	  1.004	  0.495	  0.001
40	  0.960	 57.353	  1.004	  0.495	  0.001
41	  0.960	 58.762	  1.004	  0.495	  0.001
42	  0.960	 60.170	  1.004	  0.495	  0.001
43	  0.960	 61.579	  1.004	  0.495	  0.001
44	  0.960	 62.987	  1.004	  0.495	  0.001
45	  0.960	 64.396	  1.004	  0.495	  0.001
46	  0.960	 65.804	  1.004	  0.495	  0.001
47	  0.960	 67.212	  1.004	  0.495	  0.001
48	  0.960	 68.621	  1.004	  0.495	  0.001
49	  0.960	 70.029	  1.004	  0.495	  0.001
50	  0.960	 71.438	  1.004	  0.495	  0.001
51	  0.960	 72.846	  1.004	  0.495	  0.001
52	  0.960	 74.255	  1.004	  0.495	  0.001
53	  0.960	 75.663	  1.004	  0.495	  0.001
54	  0.960	 77.072	  1.004	  0.495	  0.001
55	  0.960	 78.480	  1.004	  0.495	  0.001
56	  0.960	 79.889	  1.004	  0.495	  0.001
57	  0.960	 81.297	  1.004	  0.495	  0.001
58	  0.960	 82.705	  1.004	  0.495	  0.001
59	  0.960	 84.114	  1.004	  0.495	  0.001
60	  0.960	 85.522	  1.004	  0.495	  0.001
61	  0.960	 86.931	  1.004	  0.495	  0.001
62	  0.960	 88.339	  1.004	  0.495	  0.001
63	  0.960	 89.748	  1.004	  0.495	  0.001
64	  0.960	 91.156	  1.004	  0.495	  0.001
65	  0.960	 92.565	  1.004	  0.495	  0.001
66	  0.960	 93.973	  1.004	  0.495	  0.001
67	  0.960	 95.381	  1.004	  0.495	  0.001
68	  0.960	 96.790	  1.004	  0.495	  0.001
69	  0.960	 98.198	  1.004	  0.495	  0.001
70	  0.960	 99.607	  1.004	  0.495	  0.001
0	  1.080	  1.076	  1.004	  0.513	  0.001
1	  1.080	  2.484	  1.004	  0.513	  0.001
2	  1.080	  3.893	  1.004	  0.513	  0.001
3	  1.080	  5.301	  1.004	  0.513	  0.001
4	  1.080	  6.710	  1.004	  0.513	  0.001
5	  1.080	  8.118	  1.004	  0.513	  0.001
6	  1.080	  9.526	  1.004	  0.513	  0.001
7	  1.080	 10.935	  1.004	  0.513	  0.001
8	  1.080	 12.343	  1.004	  0.513	  0.001
9	  1.080	 13.752	  1.004	  0.513	  0.001
10	  1.080	 15.160	  1.004	  0.513	  0.001
11	  1.080	 16.569	  1.004	  0.513	  0.001
12	  1.080	 17.977	  1.004	  0.513	  0.001
13	  1.080	 19.386	  1.004	  0.513	  0.001
14	  1.080	 20.794	  1.004	  0.513	  0.001
15	  1.080	 22.203	  1.004	  0.513	  0.001
16	  1.080	 23.611	  1.004	  0.513	  0.001
17	  1.080	 25.019	  1.004	  0.513	  0.001
18	  1.080	 26.428	  1.004	  0.513	  0.001
19	  1.080	 27.836	  1.004	  0.513	  0.001
20	  1.080	 29.245	  1.004	  0.513	  0.001
21	  1.080	 30.653	  1.004	  0.513	  0.001
22	  1.080	 32.062	  1.004	  0.513	  0.001
23	  1.080	 33.470	  1.004	  0.513	  0.001
24	  1.080	 34.879	  1.004	  0.513	  0.001
25	  1.080	 36.287	  1.004	  0.513	  0.001
26	  1.080	 37.695	  1.004	  0.513	  0.001
27	  1.080	 39.104	  1.004	  0.513	  0.001
28	  1.080	 40.512	  1.004	  0.513	  0.001
29	  1.080	 41.921	  1.004	  0.513	  0.001
30	  1.080	 43.329	  1.004	  0.513	  0.001
31	  1.080	 44.738	  1.004	  0.513	  0.001
32	  1.080	 46.146	  1.004	  0.513	  0.001
33	  1.080	 47.555	  1.004	  0.513	  0.001
34	  1.080	 48.963	  1.004	  0.513	  0.001
35	  1.080	 50.372	  1.004	  0.513	  0.001
36	  1.080	 51.780	  1.004	  0.513	  0.001
37	  1.080	 53.188	  1.004	  0.513	  0.001
38	  1.080	 54.597	  1.004	  0.513	  0.001
39	  1.080	 56.005	  1.004	  0.513	  0.001
40	  1.080	 57.414	  1.004	  0.513	  0.001
41	  1.080	 58.822	  1.004	  0.513	  0.001
42	  1.080	 60.231	  1.004	  0.513	  0.001
43	  1.080	 61.639	  1.004	  0.513	  0.001
44	  1.080	 63.048	  1.004	  0.513	  0.001
45	  1.080	 64.456	  1.004	  0.513	  0.001
46	  1.080	 65.864	  1.004	  0.513	  0.001
47	  1.080	 67.273	  1.004	  0.513	  0.001
48	  1.080	 68.681	  1.004	  0.513	  0.001
49	  1.080	 70.090	  1.004	  0.513	  0.001
50	  1.080	 71.498	  1.004	  0.513	  0.001
51	  1.080	 72.907	  1.004	  0.513	  0.001
52	  1.080	 74.315	  1.004	  0.513	  0.001
53	  1.080	 75.724	  1.004	  0.513	  0.001
54	  1.080	 77.132	  1.004	  0.513	  0.001
55	  1.080	 78.541	  1.004	  0.513	  0.001
56	  1.080	 79.949	  1.004	  0.513	  0.001
57	  1.080	 81.357	  1.004	  0.513	  0.001
58	  1.080	 82.766	  1.004	  0.513	  0.001
59	  1.080	 84.174	  1.004	  0.513	  0.001
60	  1.080	 85.583	  1.004	  0.513	  0.001
61	  1.080	 86.991	  1.004	  0.513	  0.001
62	  1.080	 88.400	  1.004	  0.513	  0.001
63	  1.080	 89.808	  1.004	  0.513	  0.001
64	  1.080	 91.217	  1.004	  0.513	  0.001
65	  1.080	 92.625	  1.004	  0.513	  0.001
66	  1.080	 94.033	  1.004	  0.513	  0.001
67	  1.080	 95.442	  1.004	  0.513	  0.001
68	  1.080	 96.850	  1.004	  0.513	  0.001
69	  1.080	 98.259	  1.004	  0.513	  0.001
70	  1.080	 99.667	  1.004	  0.513	  0.001
0	  1.200	  1.138	  1.005	  0.527	  0.001
1	  1.200	  2.547	  1.005	  0.527	  0.001
2	  1.200	  3.955	  1.005	  0.527	  0.001
3	  1.200	  5.363	  1.005	  0.527	  0.001
4	  1.200	  6.772	  1.005	  0.527	  0.001
5	  1.200	  8.180	  1.005	  0.527	  0.001
6	  1.200	  9.589	  1.005	  0.527	  0.001
7	  1.200	 10.997	  1.005	  0.527	  0.001
8	  1.200	 12.406	  1.005	  0.527	  0.001
9	  1.200	 13.814	  1.005	  0.527	  0.001
10	  1.200	 15.223	  1.005	  0.527	  0.001
11	  1.200	 16.631	  1.005	  0.527	  0.001
12	  1.200	 18.039	  1.005	  0.527	  0.001
13	  1.200	 19.448	  1.005	  0.527	  0.001
14	  1.200	 20.856	  1.005	  0.527	  0.001
15	  1.200	 22.265	  1.005	  0.527	  0.001
16	  1.200	 23.673	  1.005	  0.527	  0.001
17	  1.200	 25.082	  1.005	  0.527	  0.001
18	  1.200	 26.490	  1.005	  0.527	  0.001
19	  1.200	 27.899	  1.005	  0.527	  0.001
20	  1.200	 29.307	  1.005	  0.527	  0.001
21	  1.200	 30.716	  1.005	  0.527	  0.001
22	  1.200	 32.124	  1.005	  0.527	  0.001
23	  1.200	 33.532	  1.005	  0.527	  0.001
24	  1.200	 34.941	  1.005	  0.527	  0.001
25	  1.200	 36.349	  1.005	  0.527	  0.001
26	  1.200	 37.758	  1.005	  0.527	  0.001
27	  1.200	 39.166	  1.005	  0.527	  0.001
28	  1.200	 40.575	  1.005	  0.527	  0.001
29	  1.200	 41.983	  1.005	  0.527	  0.001
30	  1.200	 43.392	  1.005	  0.527	  0.001
31	  1.200	 44.800	  1.005	  0.527	  0.001
32	  1.200	 46.208	  1.005	  0.527	  0.001
33	  1.200	 47.617	  1.005	  0.527	  0.001
34	  1.200	 49.025	  1.005	  0.527	  0.001
35	  1.200	 50.434	  1.005	  0.527	  0.001
36	  1.200	 51.842	  1.005	  0.527	  0.001
37	  1.200	 53.251	  1.005	  0.527	  0.001
38	  1.200	 54.659	  1.005	  0.527	  0.001
39	  1.200	 56.068	  1.005	  0.527	  0.001
40	  1.200	 57.476	  1.005	  0.527	  0.001
41	  1.200	 58.885	  1.005	  0.527	  0.001
42	  1.200	 60.293	  1.005	  0.527	  0.001
43	  1.200	 61.701	  1.005	  0.527	  0.001
44	  1.200	 63.110	  1.005	  0.527	  0.001
45	  1.200	 64.518	  1.005	  0.527	  0.001
46	  1.200	 65.927	  1.005	  0.527	  0.001
47	  1.200	 67.335	  1.005	  0.527	  0.001
48	  1.200	 68.744	  1.005	  0.527	  0.001
49	  1.200	 70.152	  1.005	  0.527	  0.001
50	  1.200	 71.561	  1.005	  0.527	  0.001
51	  1.200	 72.969	  1.005	  0.527	  0.001
52	  1.200	 74.378	  1.005	  0.527	  0.001
53	  1.200	 75.786	  1.005	  0.527	  0.001
54	  1.200	 77.194	  1.005	  0.527	  0.001
55	  1.200	 78.603	  1.005	  0.527	  0.001
56	  1.200	 80.011	  1.005	  0.527	  0.001
57	  1.200	 81.420	  1.005	  0.527	  0.001
58	  1.200	 82.828	  1.005	  0.527	  0.001
59	  1.200	 84.237	  1.005	  0.527	  0.001
60	  1.200	 85.645	  1.005	  0.527	  0.001
61	  1.200	 87.054	  1.005	  0.527	  0.001
62	  1.200	 88.462	  1.005	  0.527	  0.001
63	  1.200	 89.870	  1.005	  0.527	  0.001
64	  1.200	 91.279	  1.005	  0.527	  0.001
65	  1.200	 92.687	  1.005	  0.527	  0.001
66	  1.200	 94.096	  1.005	  0.527	  0.001
67	  1.200	 95.504	  1.005	  0.527	  0.001
68	  1.200	 96.913	  1.005	  0.527	  0.001
69	  1.200	 98.321	  1.005	  0.527	  0.001
70	  1.200	 99.730	  1.005	  0.527	  0.001
0	  1.320	  1.202	  1.005	  0.537	  0.001
1	  1.320	  2.610	  1.005	  0.537	  0.001
2	  1.320	  4.019	  1.005	  0.537	  0.001
3	  1.320	  5.427	  1.005	  0.537	  0.001
4	  1.320	  6.836	  1.005	  0.537	  0.001
5	  1.320	  8.244	  1.005	  0.537	  0.001
6	  1.320	  9.653	  1.005	  0.537	  0.001
7	  1.320	 11.061	  1.005	  0.537	  0.001
8	  1.320	 12.469	  1.005	  0.537	  0.001
9	  1.320	 13.878	  1.005	  0.537	  0.001
10	  1.320	 15.286	  1.005	  0.537	  0.001
11	  1.320	 16.695	  1.005	  0.537	  0.001
12	  1.320	 18.103	  1.005	  0.537	  0.001
13	  1.320	 19.512	  1.005	  0.537	  0.001
14	  1.320	 20.920	  1.005	  0.537	  0.001
15	  1.320	 22.329	  1.005	  0.537	  0.001
16	  1.320	 23.737	  1.005	  0.537	  0.001
17	  1.320	 25.146	  1.005	  0.537	  0.001
18	  1.320	 26.554	  1.005	  0.537	  0.001
19	  1.320	 27.962	  1.005	  0.537	  0.001
20	  1.320	 29.371	  1.005	  0.537	  0.001
21	  1.320	 30.779	  1.005	  0.537	  0.001
22	  1.320	 32.188	  1.005	  0.537	  0.001
23	  1.320	 33.596	  1.005	  0.537	  0.001
24	  1.320	 35.005	  1.005	  0.537	  0.001
25	  1.320	 36.413	  1.005	  0.537	  0.001
26	  1.320	 37.822	  1.005	  0.537	  0.001
27	  1.320	 39.230	  1.005	  0.537	  0.001
28	  1.320	 40.639	  1.005	  0.537	  0.001
29	  1.320	 42.047	  1.005	  0.537	  0.001
30	  1.320	 43.455	  1.005	  0.537	  0.001
31	  1.320	 44.864	  1.005	  0.537	  0.001
32	  1.320	 46.272	  1.005	  0.537	  0.001
33	  1.320	 47.681	  1.005	  0.537	  0.001
34	  1.320	 49.089	  1.005	  0.537	  0.001
35	  1.320	 50.498	  1.005	  0.537	  0.001
36	  1.320	 51.906	  1.005	  0.537	  0.001
37	  1.320	 53.315	  1.005	  0.537	  0.001
38	  1.320	 54.723	  1.005	  0.537	  0.001
39	  1.320	 56.131	  1.005	  0.537	  0.001
40	  1.320	 57.540	  1.005	  0.537	  0.001
41	  1.320	 58.948	  1.005	  0.537	  0.001
42	  1.320	 60.357	  1.005	  0.537	  0.001
43	  1.320	 61.765	  1.005	  0.537	  0.001
44	  1.320	 63.174	  1.005	  0.537	  0.001
45	  1.320	 64.582	  1.005	  0.537	  0.001
46	  1.320	 65.991	  1.005	  0.537	  0.001
47	  1.320	 67.399	  1.005	  0.537	  0.001
48	  1.320	 68.808	  1.005	  0.537	  0.001
49	  1.320	 70.216	  1.005	  0.537	  0.001
50	  1.320	 71.624	  1.005	  0.537	  0.001
51	  1.320	 73.033	  1.005	  0.537	  0.001
52	  1.320	 74.441	  1.005	  0.537	  0.001
53	  1.320	 75.850	  1.005	  0.537	  0.001
54	  1.320	 77.258	  1.005	  0.537	  0.001
55	  1.320	 78.667	  1.005	  0.537	  0.001
56	  1.320	 80.075	  1.005	  0.537	  0.001
57	  1.320	 81.484	  1.005	  0.537	  0.001
58	  1.320	 82.892	  1.005	  0.537	  0.001
59	  1.320	 84.300	  1.005	  0.537	  0.001
60	  1.320	 85.709	  1.005	  0.537	  0.001
61	  1.320	 87.117	  1.005	  0.537	  0.001
62	  1.320	 88.526	  1.005	  0.537	  0.001
63	  1.320	 89.934	  1.005	  0.537	  0.001
64	  1.320	 91.343	  1.005	  0.537	  0.001
65	  1.320	 92.751	  1.005	  0.537	  0.001
66	  1.320	 94.160	  1.005	  0.537	  0.001
67	  1.320	 95.568	  1.005	  0.537	  0.001
68	  1.320	 96.977	  1.005	  0.537	  0.001
69	  1.320	 98.385	  1.005	  0.537	  0.001
70	  1.320	 99.793	  1.005	  0.537	  0.001
0	  1.440	  1.267	  1.005	  0.546	  0.001
1	  1.440	  2.675	  1.005	  0.546	  0.001
2	  1.440	  4.084	  1.005	  0.546	  0.001
3	  1.440	  5.492	  1.005	  0.546	  0.001
4	  1.440	  6.901	  1.005	  0.546	  0.001
5	  1.440	  8.309	  1.005	  0.546	  0.001
6	  1.440	  9.718	  1.005	  0.546	  0.001
7	  1.440	 11.126	  1.005	  0.546	  0.001
8	  1.440	 12.534	  1.005	  0.546	  0.001
9	  1.440	 13.943	  1.005	  0.546	  0.001
10	  1.440	 15.351	  1.005	  0.546	  0.001
11	  1.440	 16.760	  1.005	  0.546	  0.001
12	  1.440	 18.168	  1.005	  0.546	  0.001
13	  1.440	 19.577	  1.005	  0.546	  0.001
14	  1.440	 20.985	  1.005	  0.546	  0.001
15	  1.440	 22.394	  1.005	  0.546	  0.001
16	  1.440	 23.802	  1.005	  0.546	  0.001
17	  1.440	 25.211	  1.005	  0.546	  0.001
18	  1.440	 26.619	  1.005	  0.546	  0.001
19	  1.440	 28.027	  1.005	  0.546	  0.001
20	  1.440	 29.436	  1.005	  0.546	  0.001
21	  1.440	 30.844	  1.005	  0.546	  0.001
22	  1.440	 32.253	  1.005	  0.546	  0.001
23	  1.440	 33.661	  1.005	  0.546	  0.001
24	  1.440	 35.070	  1.005	  0.546	  0.001
25	  1.440	 36.478	  1.005	  0.546	  0.001
26	  1.440	 37.887	  1.005	  0.546	  0.001
27	  1.440	 39.295	  1.005	  0.546	  0.001
28	  1.440	 40.703	  1.005	  0.546	  0.001
29	  1.440	 42.112	  1.005	  0.546	  0.001
30	  1.440	 43.520	  1.005	  0.546	  0.001
31	  1.440	 44.929	  1.005	  0.546	  0.001
32	  1.440	 46.337	  1.005	  0.546	  0.001
33	  1.440	 47.746	  1.005	  0.546	  0.001
34	  1.440	 49.154	  1.005	  0.546	  0.001
35	  1.440	 50.563	  1.005	  0.546	  0.001
36	  1.440	 51.971	  1.005	  0.546	  0.001
37	  1.440	 53.380	  1.005	  0.546	  0.001
38	  1.440	 54.788	  1.005	  0.546	  0.001
39	  1.440	 56.196	  1.005	  0.546	  0.001
40	  1.440	 57.605	  1.005	  0.546	  0.001
41	  1.440	 59.013	  1.005	  0.546	  0.001
42	  1.440	 60.422	  1.005	  0.546	  0.001
43	  1.440	 61.830	  1.005	  0.546	  0.001
44	  1.440	 63.239	  1.005	  0.546	  0.001
45	  1.440	 64.647	  1.005	  0.546	  0.001
46	  1.440	 66.056	  1.005	  0.546	  0.001
47	  1.440	 67.464	  1.005	  0.546	  0.001
48	  1.440	 68.872	  1.005	  0.546	  0.001
49	  1.440	 70.281	  1.005	  0.546	  0.001
50	  1.440	 71.689	  1.005	  0.546	  0.001
51	  1.440	 73.098	  1.005	  0.546	  0.001
52	  1.440	 74.506	  1.005	  0.546	  0.001
53	  1.440	 75.915	  1.005	  0.546	  0.001
54	  1.440	 77.323	  1.005	  0.546	  0.001
55	  1.440	 78.732	  1.005	  0.546	  0.001
56	  1.440	 80.140	  1.005	  0.546	  0.001
57	  1.440	 81.549	  1.005	  0.546	  0.001
58	  1.440	 82.957	  1.005	  0.546	  0.001
59	  1.440	 84.365	  1.005	  0.546	  0.001
60	  1.440	 85.774	  1.005	  0.546	  0.001
61	  1.440	 87.182	  1.005	  0.546	  0.001
62	  1.440	 88.591	  1.005	  0.546	  0.001
63	  1.440	 89.999	  1.005	  0.546	  0.001
64	  1.440	 91.408	  1.005	  0.546	  0.001
65	  1.440	 92.816	  1.005	  0.546	  0.001
66	  1.440	 94.225	  1.005	  0.546	  0.001
67	  1.440	 95.633	  1.005	  0.546	  0.001
68	  1.440	 97.042	  1.005	  0.546	  0.001
69	  1.440	 98.450	  1.005	  0.546	  0.001
70	  1.440	 99.858	  1.005	  0.546	  0.001
0	  1.560	  1.333	  1.005	  0.553	  0.000
1	  1.560	  2.741	  1.005	  0.553	  0.000
2	  1.560	  4.150	  1.005	  0.553	  0.000
3	  1.560	  5.558	  1.005	  0.553	  0.000
4	  1.560	  6.967	  1.005	  0.553	  0.000
5	  1.560	  8.375	  1.005	  0.553	  0.000
6	  1.560	  9.783	  1.005	  0.553	  0.000
7	  1.560	 11.192	  1.005	  0.553	  0.000
8	  1.560	 12.600	  1.005	  0.553	  0.000
9	  1.560	 14.009	  1.005	  0.553	  0.000
10	  1.560	 15.417	  1.005	  0.553	  0.000
11	  1.560	 16.826	  1.005	  0.553	  0.000
12	  1.560	 18.234	  1.005	  0.553	  0.000
13	  1.560	 19.643	  1.005	  0.553	  0.000
14	  1.560	 21.051	  1.005	  0.553	  0.000
15	  1.560	 22.460	  1.005	  0.553	  0.000
16	  1.560	 23.868	  1.005	  0.553	  0.000
17	  1.560	 25.276	  1.005	  0.553	  0.000
18	  1.560	 26.685	  1.005	  0.553	  0.000
19	  1.560	 28.093	  1.005	  0.553	  0.000
20	  1.560	 29.502	  1.005	  0.553	  0.000
21	  1.560	 30.910	  1.005	  0.553	  0.000
22	  1.560	 32.319	  1.005	  0.553	  0.000
23	  1.560	 33.727	  1.005	  0.553	  0.000
24	  1.560	 35.136	  1.005	  0.553	  0.000
25	  1.560	 36.544	  1.005	  0.553	  0.000
26	  1.560	 37.952	  1.005	  0.553	  0.000
27	  1.560	 39.361	  1.005	  0.553	  0.000
28	  1.560	 40.769	  1.005	  0.553	  0.000
29	  1.560	 42.178	  1.005	  0.553	  0.000
30	  1.560	 43.586	  1.005	  0.553	  0.000
31	  1.560	 44.995	  1.005	  0.553	  0.000
32	  1.560	 46.403	  1.005	  0.553	  0.000
33	  1.560	 47.812	  1.005	  0.553	  0.000
34	  1.560	 49.220	  1.005	  0.553	  0.000
35	  1.560	 50.629	  1.005	  0.553	  0.000
36	  1.560	 52.037	  1.005	  0.553	  0.000
37	  1.560	 53.445	  1.005	  0.553	  0.000
38	  1.560	 54.854	  1.005	  0.553	  0.000
39	  1.560	 56.262	  1.005	  0.553	  0.000
40	  1.560	 57.671	  1.005	  0.553	  0.000
41	  1.560	 59.079	  1.005	  0.553	  0.000
42	  1.560	 60.488	  1.005	  0.553	  0.000
43	  1.560	 61.896	  1.005	  0.553	  0.000
44	  1.560	 63.305	  1.005	  0.553	  0.000
45	  1.560	 64.713	  1.005	  0.553	  0.000
46	  1.560	 66.121	  1.005	  0.553	  0.000
47	  1.560	 67.530	  1.005	  0.553	  0.000
48	  1.560	 68.938	  1.005	  0.553	  0.000
49	  1.560	 70.347	  1.005	  0.553	  0.000
50	  1.560	 71.755	  1.005	  0.553	  0.000
51	  1.560	 73.164	  1.005	  0.553	  0.000
52	  1.560	 74.572	  1.005	  0.553	  0.000
53	  1.560	 75.981	  1.005	  0.553	  0.000
54	  1.560	 77.389	  1.005	  0.553	  0.000
55	  1.560	 78.798	  1.005	  0.553	  0.000
56	  1.560	 80.206	  1.005	  0.553	  0.000
57	  1.560	 81.614	  1.005	  0.553	  0.000
58	  1.560	 83.023	  1.005	  0.553	  0.000
59	  1.560	 84.431	  1.005	  0.553	  0.000
60	  1.560	 85.840	  1.005	  0.553	  0.000
61	  1.560	 87.248	  1.005	  0.553	  0.000
62	  1.560	 88.657	  1.005	  0.553	  0.000
63	  1.560	 90.065	  1.005	  0.553	  0.000
64	  1.560	 91.474	  1.005	  0.553	  0.000
65	  1.560	 92.882	  1.005	  0.553	  0.000
66	  1.560	 94.291	  1.005	  0.553	  0.000
67	  1.560	 95.699	  1.005	  0.553	  0.000
68	  1.560	 97.107	  1.005	  0.553	  0.000
69	  1.560	 98.516	  1.005	  0.553	  0.000
70	  1.560	 99.924	  1.005	  0.553	  0.000
0	  1.680	  1.399	  1.005	  0.558	  0.000
1	  1.680	  2.808	  1.005	  0.558	  0.000
2	  1.680	  4.216	  1.005	  0.558	  0.000
3	  1.680	  5.625	  1.005	  0.558	  0.000
4	  1.680	  7.033	  1.005	  0.558	  0.000
5	  1.680	  8.442	  1.005	  0.558	  0.000
6	  1.680	  9.850	  1.005	  0.558	  0.000
7	  1.680	 11.259	  1.005	  0.558	  0.000
8	  1.680	 12.667	  1.005	  0.558	  0.000
9	  1.680	 14.075	  1.005	  0.558	  0.000
10	  1.680	 15.484	  1.005	  0.558	  0.000
11	  1.680	 16.892	  1.005	  0.558	  0.000
12	  1.680	 18.301	  1.005	  0.558	  0.000
13	  1.680	 19.709	  1.005	  0.558	  0.000
14	  1.680	 21.118	  1.005	  0.558	  0.000
15	  1.680	 22.526	  1.005	  0.558	  0.000
16	  1.680	 23.935	  1.005	  0.558	  0.000
17	  1.680	 25.343	  1.005	  0.558	  0.000
18	  1.680	 26.751	  1.005	  0.558	  0.000
19	  1.680	 28.160	  1.005	  0.558	  0.000
20	  1.680	 29.568	  1.005	  0.558	  0.000
21	  1.680	 30.977	  1.005	  0.558	  0.000
22	  1.680	 32.385	  1.005	  0.558	  0.000
23	  1.680	 33.794	  1.005	  0.558	  0.000
24	  1.680	 35.202	  1.005	  0.558	  0.000
25	  1.680	 36.611	  1.005	  0.558	  0.000
26	  1.680	 38.019	  1.005	  0.558	  0.000
27	  1.680	 39.428	  1.005	  0.558	  0.000
28	  1.680	 40.836	  1.005	  0.558	  0.000
29	  1.680	 42.244	  1.005	  0.558	  0.000
30	  1.680	 43.653	  1.005	  0.558	  0.000
31	  1.680	 45.061	  1.005	  0.558	  0.000
32	  1.680	 46.470	  1.005	  0.558	  0.000
33	  1.680	 47.878	  1.005	  0.558	  0.000
34	  1.680	 49.287	  1.005	  0.558	  0.000
35	  1.680	 50.695	  1.005	  0.558	  0.000
36	  1.680	 52.104	  1.005	  0.558	  0.000
37	  1.680	 53.512	  1.005	  0.558	  0.000
38	  1.680	 54.920	  1.005	  0.558	  0.000
39	  1.680	 56.329	  1.005	  0.558	  0.000
40	  1.680	 57.737	  1.005	  0.558	  0.000
41	  1.680	 59.146	  1.005	  0.558	  0.000
42	  1.680	 60.554	  1.005	  0.558	  0.000
43	  1.680	 61.963	  1.005	  0.558	  0.000
44	  1.680	 63.371	  1.005	  0.558	  0.000
45	  1.680	 64.780	  1.005	  0.558	  0.000
46	  1.680	 66.188	  1.005	  0.558	  0.000
47	  1.680	 67.597	  1.005	  0.558	  0.000
48	  1.680	 69.005	  1.005	  0.558	  0.000
49	  1.680	 70.413	  1.005	  0.558	  0.000
50	  1.680	 71.822	  1.005	  0.558	  0.000
51	  1.680	 73.230	  1.005	  0.558	  0.000
52	  1.680	 74.639	  1.005	  0.558	  0.000
53	  1.680	 76.047	  1.005	  0.558	  0.000
54	  1.680	 77.456	  1.005	  0.558	  0.000
55	  1.680	 78.864	  1.005	  0.558	  0.000
56	  1.680	 80.273	  1.005	  0.558	  0.000
57	  1.680	 81.681	  1.005	  0.558	  0.000
58	  1.680	 83.089	  1.005	  0.558	  0.000
59	  1.680	 84.498	  1.005	  0.558	  0.000
60	  1.680	 85.906	  1.005	  0.558	  0.000
61	  1.680	 87.315	  1.005	  0.558	  0.000
62	  1.680	 88.723	  1.005	  0.558	  0.000
63	  1.680	 90.132	  1.005	  0.558	  0.000
64	  1.680	 91.540	  1.005	  0.558	  0.000
65	  1.680	 92.949	  1.005	  0.558	  0.000
66	  1.680	 94.357	  1.005	  0.558	  0.000
67	  1.680	 95.766	  1.005	  0.558	  0.000
68	  1.680	 97.174	  1.005	  0.558	  0.000
69	  1.680	 98.582	  1.005	  0.558	  0.000
70	  1.680	 99.991	  1.005	  0.558	  0.000
0	  1.800	  1.467	  1.005	  0.562	  0.000
1	  1.800	  2.875	  1.005	  0.562	  0.000
2	  1.800	  4.283	  1.005	  0.562	  0.000
3	  1.800	  5.692	  1.005	  0.562	  0.000
4	  1.800	  7.100	  1.005	  0.562	  0.000
5	  1.800	  8.509	  1.005	  0.562	  0.000
6	  1.800	  9.917	  1.005	  0.562	  0.000
7	  1.800	 11.326	  1.005	  0.562	  0.000
8	  1.800	 12.734	  1.005	  0.562	  0.000
9	  1.800	 14.143	  1.005	  0.562	  0.000
10	  1.800	 15.551	  1.005	  0.562	  0.000
11	  1.800	 16.959	  1.005	  0.562	  0.000
12	  1.800	 18.368	  1.005	  0.562	  0.000
13	  1.800	 19.776	  1.005	  0.562	  0.000
14	  1.800	 21.185	  1.005	  0.562	  0.000
15	  1.800	 22.593	  1.005	  0.562	  0.000
16	  1.800	 24.002	  1.005	  0.562	  0.000
17	  1.800	 25.410	  1.005	  0.562	  0.000
18	  1.800	 26.819	  1.005	  0.562	  0.000
19	  1.800	 28.227	  1.005	  0.562	  0.000
20	  1.800	 29.636	  1.005	  0.562	  0.000
21	  1.800	 31.044	  1.005	  0.562	  0.000
22	  1.800	 32.452	  1.005	  0.562	  0.000
23	  1.800	 33.861	  1.005	  0.562	  0.000
24	  1.800	 35.269	  1.005	  0.562	  0.000
25	  1.800	 36.678	  1.005	  0.562	  0.000
26	  1.800	 38.086	  1.005	  0.562	  0.000
27	  1.800	 39.495	  1.005	  0.562	  0.000
28	  1.800	 40.903	  1.005	  0.562	  0.000
29	  1.800	 42.312	  1.005	  0.562	  0.000
30	  1.800	 43.720	  1.005	  0.562	  0.000
31	  1.800	 45.128	  1.005	  0.562	  0.000
32	  1.800	 46.537	  1.005	  0.562	  0.000
33	  1.800	 47.945	  1.005	  0.562	  0.000
34	  1.800	 49.354	  1.005	  0.562	  0.000
35	  1.800	 50.762	  1.005	  0.562	  0.000
36	  1.800	 52.171	  1.005	  0.562	  0.000
37	  1.800	 53.579	  1.005	  0.562	  0.000
38	  1.800	 54.988	  1.005	  0.562	  0.000
39	  1.800	 56.396	  1.005	  0.562	  0.000
40	  1.800	 57.805	  1.005	  0.562	  0.000
41	  1.800	 59.213	  1.005	  0.562	  0.000
42	  1.800	 60.621	  1.005	  0.562	  0.000
43	  1.800	 62.030	  1.005	  0.562	  0.000
44	  1.800	 63.438	  1.005	  0.562	  0.000
45	  1.800	 64.847	  1.005	  0.562	  0.000
46	  1.800	 66.255	  1.005	  0.562	  0.000
47	  1.800	 67.664	  1.005	  0.562	  0.000
48	  1.800	 69.072	  1.005	  0.562	  0.000
49	  1.800	 70.481	  1.005	  0.562	  0.000
50	  1.800	 71.889	  1.005	  0.562	  0.000
51	  1.800	 73.298	  1.005	  0.562	  0.000
52	  1.800	 74.706	  1.005	  0.562	  0.000
53	  1.800	 76.114	  1.005	  0.562	  0.000
54	  1.800	 77.523	  1.005	  0.562	  0.000
55	  1.800	 78.931	  1.005	  0.562	  0.000
56	  1.800	 80.340	  1.005	  0.562	  0.000
57	  1.800	 81.748	  1.005	  0.562	  0.000
58	  1.800	 83.157	  1.005	  0.562	  0.000
59	  1.800	 84.565	  1.005	  0.562	  0.000
60	  1.800	 85.974	  1.005	  0.562	  0.000
61	  1.800	 87.382	  1.005	  0.562	  0.000
62	  1.800	 88.790	  1.005	  0.562	  0.000
63	  1.800	 90.199	  1.005	  0.562	  0.000
64	  1.800	 91.607	  1.005	  0.562	  0.000
65	  1.800	 93.016	  1.005	  0.562	  0.000
66	  1.800	 94.424	  1.005	  0.562	  0.000
67	  1.800	 95.833	  1.005	  0.562	  0.000
68	  1.800	 97.241	  1.005	  0.562	  0.000
69	  1.800	 98.650	  1.005	  0.562	  0.000
70	  1.800	100.058	  1.005	  0.562	  0.000
0	  1.920	  1.534	  1.005	  0.565	  0.000
1	  1.920	  2.943	  1.005	  0.565	  0.000
2	  1.920	  4.351	  1.005	  0.565	  0.000
3	  1.920	  5.759	  1.005	  0.565	  0.000
4	  1.920	  7.168	  1.005	  0.565	  0.000
5	  1.920	  8.576	  1.005	  0.565	  0.000
6	  1.920	  9.985	  1.005	  0.565	  0.000
7	  1.920	 11.393	  1.005	  0.565	  0.000
8	  1.920	 12.802	  1.005	  0.565	  0.000
9	  1.920	 14.210	  1.005	  0.565	  0.000
10	  1.920	 15.619	  1.005	  0.565	  0.000
11	  1.920	 17.027	  1.005	  0.565	  0.000
12	  1.920	 18.436	  1.005	  0.565	  0.000
13	  1.920	 19.844	  1.005	  0.565	  0.000
14	  1.920	 21.252	  1.005	  0.565	  0.000
15	  1.920	 22.661	  1.005	  0.565	  0.000
16	  1.920	 24.069	  1.005	  0.565	  0.000
17	  1.920	 25.478	  1.005	  0.565	  0.000
18	  1.920	 26.886	  1.005	  0.565	  0.000
19	  1.920	 28.295	  1.005	  0.565	  0.000
20	  1.920	 29.703	  1.005	  0.565	  0.000
21	  1.920	 31.112	  1.005	  0.565	  0.000
22	  1.920	 32.520	  1.005	  0.565	  0.000
23	  1.920	 33.929	  1.005	  0.565	  0.000
24	  1.920	 35.337	  1.005	  0.565	  0.000
25	  1.920	 36.745	  1.005	  0.565	  0.000
26	  1.920	 38.154	  1.005	  0.565	  0.000
27	  1.920	 39.562	  1.005	  0.565	  0.000
28	  1.920	 40.971	  1.005	  0.565	  0.000
29	  1.920	 42.379	  1.005	  0.565	  0.000
30	  1.920	 43.788	  1.005	  0.565	  0.000
31	  1.920	 45.196	  1.005	  0.565	  0.000
32	  1.920	 46.605	  1.005	  0.565	  0.000
33	  1.920	 48.013	  1.005	  0.565	  0.000
34	  1.920	 49.421	  1.005	  0.565	  0.000
35	  1.920	 50.830	  1.005	  0.565	  0.000
36	  1.920	 52.238	  1.005	  0.565	  0.000
37	  1.920	 53.647	  1.005	  0.565	  0.000
38	  1.920	 55.055	  1.005	  0.565	  0.000
39	  1.920	 56.464	  1.005	  0.565	  0.000
40	  1.920	 57.872	  1.005	  0.565	  0.000
41	  1.920	 59.281	  1.005	  0.565	  0.000
42	  1.920	 60.689	  1.005	  0.565	  0.000
43	  1.920	 62.098	  1.005	  0.565	  0.000
44	  1.920	 63.506	  1.005	  0.565	  0.000
45	  1.920	 64.914	  1.005	  0.565	  0.000
46	  1.920	 66.323	  1.005	  0.565	  0.000
47	  1.920	 67.731	  1.005	  0.565	  0.000
48	  1.920	 69.140	  1.005	  0.565	  0.000
49	  1.920	 70.548	  1.005	  0.565	  0.000
50	  1.920	 71.957	  1.005	  0.565	  0.000
51	  1.920	 73.365	  1.005	  0.565	  0.000
52	  1.920	 74.774	  1.005	  0.565	  0.000
53	  1.920	 76.182	  1.005	  0.565	  0.000
54	  1.920	 77.590	  1.005	  0.565	  0.000
55	  1.920	 78.999	  1.005	  0.565	  0.000
56	  1.920	 80.407	  1.005	  0.565	  0.000
57	  1.920	 81.816	  1.005	  0.565	  0.000
58	  1.920	 83.224	  1.005	  0.565	  0.000
59	  1.920	 84.633	  1.005	  0.565	  0.000
60	  1.920	 86.041	  1.005	  0.565	  0.000
61	  1.920	 87.450	  1.005	  0.565	  0.000
62	  1.920	 88.858	  1.005	  0.565	  0.000
63	  1.920	 90.267	  1.005	  0.565	  0.000
64	  1.920	 91.675	  1.005	  0.565	  0.000
65	  1.920	 93.083	  1.005	  0.565	  0.000
66	  1.920	 94.492	  1.005	  0.565	  0.000
67	  1.920	 95.900	  1.005	  0.565	  0.000
68	  1.920	 97.309	  1.005	  0.565	  0.000
69	  1.920	 98.717	  1.005	  0.565	  0.000
70	  1.920	100.126	  1.005	  0.565	  0.000
0	  2.040	  1.602	  1.005	  0.568	  0.000
1	  2.040	  3.011	  1.005	  0.568	  0.000
2	  2.040	  4.419	  1.005	  0.568	  0.000
3	  2.040	  5.827	  1.005	  0.568	  0.000
4	  2.040	  7.236	  1.005	  0.568	  0.000
5	  2.040	  8.644	  1.005	  0.568	  0.000
6	  2.040	 10.053	  1.005	  0.568	  0.000
7	  2.040	 11.461	  1.005	  0.568	  0.000
8	  2.040	 12.870	  1.005	  0.568	  0.000
9	  2.040	 14.278	  1.005	  0.568	  0.000
10	  2.040	 15.687	  1.005	  0.568	  0.000
11	  2.040	 17.095	  1.005	  0.568	  0.000
12	  2.040	 18.503	  1.005	  0.568	  0.000
13	  2.040	 19.912	  1.005	  0.568	  0.000
14	  2.040	 21.320	  1.005	  0.568	  0.000
15	  2.040	 22.729	  1.005	  0.568	  0.000
16	  2.040	 24.137	  1.005	  0.568	  0.000
17	  2.040	 25.546	  1.005	  0.568	  0.000
18	  2.040	 26.954	  1.005	  0.568	  0.000
19	  2.040	 28.363	  1.005	  0.568	  0.000
20	  2.040	 29.771	  1.005	  0.568	  0.000
21	  2.040	 31.180	  1.005	  0.568	  0.000
22	  2.040	 32.588	  1.005	  0.568	  0.000
23	  2.040	 33.996	  1.005	  0.568	  0.000
24	  2.040	 35.405	  1.005	  0.568	  0.000
25	  2.040	 36.813	  1.005	  0.568	  0.000
26	  2.040	 38.222	  1.005	  0.568	  0.000
27	  2.040	 39.630	  1.005	  0.568	  0.000
28	  2.040	 41.039	  1.005	  0.568	  0.000
29	  2.040	 42.447	  1.005	  0.568	  0.000
30	  2.040	 43.856	  1.005	  0.568	  0.000
31	  2.040	 45.264	  1.005	  0.568	  0.000
32	  2.040	 46.673	  1.005	  0.568	  0.000
33	  2.040	 48.081	  1.005	  0.568	  0.000
34	  2.040	 49.489	  1.005	  0.568	  0.000
35	  2.040	 50.898	  1.005	  0.568	  0.000
36	  2.040	 52.306	  1.005	  0.568	  0.000
37	  2.040	 53.715	  1.005	  0.568	  0.000
38	  2.040	 55.123	  1.005	  0.568	  0.000
39	  2.040	 56.532	  1.005	  0.568	  0.000
40	  2.040	 57.940	  1.005	  0.568	  0.000
41	  2.040	 59.349	  1.005	  0.568	  0.000
42	  2.040	 60.757	  1.005	  0.568	  0.000
43	  2.040	 62.165	  1.005	  0.568	  0.000
44	  2.040	 63.574	  1.005	  0.568	  0.000
45	  2.040	 64.982	  1.005	  0.568	  0.000
46	  2.040	 66.391	  1.005	  0.568	  0.000
47	  2.040	 67.799	  1.005	  0.568	  0.000
48	  2.040	 69.208	  1.005	  0.568	  0.000
49	  2.040	 70.616	  1.005	  0.568	  0.000
50	  2.040	 72.025	  1.005	  0.568	  0.000
51	  2.040	 73.433	  1.005	  0.568	  0.000
52	  2.040	 74.842	  1.005	  0.568	  0.000
53	  2.040	 76.250	  1.005	  0.568	  0.000
54	  2.040	 77.658	  1.005	  0.568	  0.000
55	  2.040	 79.067	  1.005	  0.568	  0.000
56	  2.040	 80.475	  1.005	  0.568	  0.000
57	  2.040	 81.884	  1.005	  0.568	  0.000
58	  2.040	 83.292	  1.005	  0.568	  0.000
59	  2.040	 84.701	  1.005	  0.568	  0.000
60	  2.040	 86.109	  1.005	  0.568	  0.000
61	  2.040	 87.518	  1.005	  0.568	  0.000
62	  2.040	 88.926	  1.005	  0.568	  0.000
63	  2.040	 90.334	  1.005	  0.568	  0.000
64	  2.040	 91.743	  1.005	  0.568	  0.000
65	  2.040	 93.151	  1.005	  0.568	  0.000
66	  2.040	 94.560	  1.005	  0.568	  0.000
67	  2.040	 95.968	  1.005	  0.568	  0.000
68	  2.040	 97.377	  1.005	  0.568	  0.000
69	  2.040	 98.785	  1.005	  0.568	  0.000
70	  2.040	100.194	  1.005	  0.568	  0.000
0	  2.160	  1.670	  1.005	  0.570	  0.000
1	  2.160	  3.079	  1.005	  0.570	  0.000
2	  2.160	  4.487	  1.005	  0.570	  0.000
3	  2.160	  5.896	  1.005	  0.570	  0.000
4	  2.160	  7.304	  1.005	  0.570	  0.000
5	  2.160	  8.713	  1.005	  0.570	  0.000
6	  2.160	 10.121	  1.005	  0.570	  0.000
7	  2.160	 11.529	  1.005	  0.570	  0.000
8	  2.160	 12.938	  1.005	  0.570	  0.000
9	  2.160	 14.346	  1.005	  0.570	  0.000
10	  2.160	 15.755	  1.005	  0.570	  0.000
11	  2.160	 17.163	  1.005	  0.570	  0.000
12	  2.160	 18.572	  1.005	  0.570	  0.000
13	  2.160	 19.980	  1.005	  0.570	  0.000
14	  2.160	 21.389	  1.005	  0.570	  0.000
15	  2.160	 22.797	  1.005	  0.570	  0.000
16	  2.160	 24.206	  1.005	  0.570	  0.000
17	  2.160	 25.614	  1.005	  0.570	  0.000
18	  2.160	 27.022	  1.005	  0.570	  0.000
19	  2.160	 28.431	  1.005	  0.570	  0.000
20	  2.160	 29.839	  1.005	  0.570	  0.000
21	  2.160	 31.248	  1.005	  0.570	  0.000
22	  2.160	 32.656	  1.005	  0.570	  0.000
23	  2.160	 34.065	  1.005	  0.570	  0.000
24	  2.160	 35.473	  1.005	  0.570	  0.000
25	  2.160	 36.882	  1.005	  0.570	  0.000
26	  2.160	 38.290	  1.005	  0.570	  0.000
27	  2.160	 39.698	  1.005	  0.570	  0.000
28	  2.160	 41.107	  1.005	  0.570	  0.000
29	  2.160	 42.515	  1.005	  0.570	  0.000
30	  2.160	 43.924	  1.005	  0.570	  0.000
31	  2.160	 45.332	  1.005	  0.570	  0.000
32	  2.160	 46.741	  1.005	  0.570	  0.000
33	  2.160	 48.149	  1.005	  0.570	  0.000
34	  2.160	 49.558	  1.005	  0.570	  0.000
35	  2.160	 50.966	  1.005	  0.570	  0.000
36	  2.160	 52.375	  1.005	  0.570	  0.000
37	  2.160	 53.783	  1.005	  0.570	  0.000
38	  2.160	 55.191	  1.005	  0.570	  0.000
39	  2.160	 56.600	  1.005	  0.570	  0.000
40	  2.160	 58.008	  1.005	  0.570	  0.000
41	  2.160	 59.417	  1.005	  0.570	  0.000
42	  2.160	 60.825	  1.005	  0.570	  0.000
43	  2.160	 62.234	  1.005	  0.570	  0.000
44	  2.160	 63.642	  1.005	  0.570	  0.000
45	  2.160	 65.051	  1.005	  0.570	  0.000
46	  2.160	 66.459	  1.005	  0.570	  0.000
47	  2.160	 67.867	  1.005	  0.570	  0.000
48	  2.160	 69.276	  1.005	  0.570	  0.000
49	  2.160	 70.684	  1.005	  0.570	  0.000
50	  2.160	 72.093	  1.005	  0.570	  0.000
51	  2.160	 73.501	  1.005	  0.570	  0.000
52	  2.160	 74.910	  1.005	  0.570	  0.000
53	  2.160	 76.318	  1.005	  0.570	  0.000
54	  2.160	 77.727	  1.005	  0.570	  0.000
55	  2.160	 79.135	  1.005	  0.570	  0.000
56	  2.160	 80.544	  1.005	  0.570	  0.000
57	  2.160	 81.952	  1.005	  0.570	  0.000
58	  2.160	 83.360	  1.005	  0.570	  0.000
59	  2.160	 84.769	  1.005	  0.570	  0.000
60	  2.160	 86.177	  1.005	  0.570	  0.000
61	  2.160	 87.586	  1.005	  0.570	  0.000
62	  2.160	 88.994	  1.005	  0.570	  0.000
63	  2.160	 90.403	  1.005	  0.570	  0.000
64	  2.160	 91.811	  1.005	  0.570	  0.000
65	  2.160	 93.220	  1.005	  0.570	  0.000
66	  2.160	 94.628	  1.005	  0.570	  0.000
67	  2.160	 96.037	  1.005	  0.570	  0.000
68	  2.160	 97.445	  1.005	  0.570	  0.000
69	  2.160	 98.853	  1.005	  0.570	  0.000
70	  2.160	100.262	  1.005	  0.570	  0.000
0	  2.280	  1.739	  1.005	  0.571	  0.000
1	  2.280	  3.147	  1.005	  0.571	  0.000
2	  2.280	  4.556	  1.005	  0.571	  0.000
3	  2.280	  5.964	  1.005	  0.571	  0.000
4	  2.280	  7.373	  1.005	  0.571	  0.000
5	  2.280	  8.781	  1.005	  0.571	  0.000
6	  2.280	 10.189	  1.005	  0.571	  0.000
7	  2.280	 11.598	  1.005	  0.571	  0.000
8	  2.280	 13.006	  1.005	  0.571	  0.000
9	  2.280	 14.415	  1.005	  0.571	  0.000
10	  2.280	 15.823	  1.005	  0.571	  0.000
11	  2.280	 17.232	  1.005	  0.571	  0.000
12	  2.280	 18.640	  1.005	  0.571	  0.000
13	  2.280	 20.049	  1.005	  0.571	  0.000
14	  2.280	 21.457	  1.005	  0.571	  0.000
15	  2.280	 22.866	  1.005	  0.571	  0.000
16	  2.280	 24.274	  1.005	  0.571	  0.000
17	  2.280	 25.682	  1.005	  0.571	  0.000
18	  2.280	 27.091	  1.005	  0.571	  0.000
19	  2.280	 28.499	  1.005	  0.571	  0.000
20	  2.280	 29.908	  1.005	  0.571	  0.000
21	  2.280	 31.316	  1.005	  0.571	  0.000
22	  2.280	 32.725	  1.005	  0.571	  0.000
23	  2.280	 34.133	  1.005	  0.571	  0.000
24	  2.280	 35.542	  1.005	  0.571	  0.000
25	  2.280	 36.950	  1.005	  0.571	  0.000
26	  2.280	 38.358	  1.005	  0.571	  0.000
27	  2.280	 39.767	  1.005	  0.571	  0.000
28	  2.280	 41.175	  1.005	  0.571	  0.000
29	  2.280	 42.584	  1.005	  0.571	  0.000
30	  2.280	 43.992	  1.005	  0.571	  0.000
31	  2.280	 45.401	  1.005	  0.571	  0.000
32	  2.280	 46.809	  1.005	  0.571	  0.000
33	  2.280	 48.218	  1.005	  0.571	  0.000
34	  2.280	 49.626	  1.005	  0.571	  0.000
35	  2.280	 51.035	  1.005	  0.571	  0.000
36	  2.280	 52.443	  1.005	  0.571	  0.000
37	  2.280	 53.851	  1.005	  0.571	  0.000
38	  2.280	 55.260	  1.005	  0.571	  0.000
39	  2.280	 56.668	  1.005	  0.571	  0.000
40	  2.280	 58.077	  1.005	  0.571	  0.000
41	  2.280	 59.485	  1.005	  0.571	  0.000
42	  2.280	 60.894	  1.005	  0.571	  0.000
43	  2.280	 62.302	  1.005	  0.571	  0.000
44	  2.280	 63.711	  1.005	  0.571	  0.000
45	  2.280	 65.119	  1.005	  0.571	  0.000
46	  2.280	 66.527	  1.005	  0.571	  0.000
47	  2.280	 67.936	  1.005	  0.571	  0.000
48	  2.280	 69.344	  1.005	  0.571	  0.000
49	  2.280	 70.753	  1.005	  0.571	  0.000
50	  2.280	 72.161	  1.005	  0.571	  0.000
51	  2.280	 73.570	  1.005	  0.571	  0.000
52	  2.280	 74.978	  1.005	  0.571	  0.000
53	  2.280	 76.387	  1.005	  0.571	  0.000
54	  2.280	 77.795	  1.005	  0.571	  0.000
55	  2.280	 79.204	  1.005	  0.571	  0.000
56	  2.280	 80.612	  1.005	  0.571	  0.000
57	  2.280	 82.020	  1.005	  0.571	  0.000
58	  2.280	 83.429	  1.005	  0.571	  0.000
59	  2.280	 84.837	  1.005	  0.571	  0.000
60	  2.280	 86.246	  1.005	  0.571	  0.000
61	  2.280	 87.654	  1.005	  0.571	  0.000
62	  2.280	 89.063	  1.005	  0.571	  0.000
63	  2.280	 90.471	  1.005	  0.571	  0.000
64	  2.280	 91.880	  1.005	  0.571	  0.000
65	  2.280	 93.288	  1.005	  0.571	  0.000
66	  2.280	 94.697	  1.005	  0.571	  0.000
67	  2.280	 96.105	  1.005	  0.571	  0.000
68	  2.280	 97.513	  1.005	  0.571	  0.000
69	  2.280	 98.922	  1.005	  0.571	  0.000
70	  2.280	100.330	  1.005	  0.571	  0.000
0	  2.400	  1.807	  1.005	  0.572	  0.000
1	  2.400	  3.216	  1.005	  0.572	  0.000
2	  2.400	  4.624	  1.005	  0.572	  0.000
3	  2.400	  6.033	  1.005	  0.572	  0.000
4	  2.400	  7.441	  1.005	  0.572	  0.000
5	  2.400	  8.850	  1.005	  0.572	  0.000
6	  2.400	 10.258	  1.005	  0.572	  0.000
7	  2.400	 11.667	  1.005	  0.572	  0.000
8	  2.400	 13.075	  1.005	  0.572	  0.000
9	  2.400	 14.483	  1.005	  0.572	  0.000
10	  2.400	 15.892	  1.005	  0.572	  0.000
11	  2.400	 17.300	  1.005	  0.572	  0.000
12	  2.400	 18.709	  1.005	  0.572	  0.000
13	  2.400	 20.117	  1.005	  0.572	  0.000
14	  2.400	 21.526	  1.005	  0.572	  0.000
15	  2.400	 22.934	  1.005	  0.572	  0.000
16	  2.400	 24.343	  1.005	  0.572	  0.000
17	  2.400	 25.751	  1.005	  0.572	  0.000
18	  2.400	 27.159	  1.005	  0.572	  0.000
19	  2.400	 28.568	  1.005	  0.572	  0.000
20	  2.400	 29.976	  1.005	  0.572	  0.000
21	  2.400	 31.385	  1.005	  0.572	  0.000
22	  2.400	 32.793	  1.005	  0.572	  0.000
23	  2.400	 34.202	  1.005	  0.572	  0.000
24	  2.400	 35.610	  1.005	  0.572	  0.000
25	  2.400	 37.019	  1.005	  0.572	  0.000
26	  2.400	 38.427	  1.005	  0.572	  0.000
27	  2.400	 39.836	  1.005	  0.572	  0.000
28	  2.400	 41.244	  1.005	  0.572	  0.000
29	  2.400	 42.652	  1.005	  0.572	  0.000
30	  2.400	 44.061	  1.005	  0.572	  0.000
31	  2.400	 45.469	  1.005	  0.572	  0.000
32	  2.400	 46.878	  1.005	  0.572	  0.000
33	  2.400	 48.286	  1.005	  0.572	  0.000
34	  2.400	 49.695	  1.005	  0.572	  0.000
35	  2.400	 51.103	  1.005	  0.572	  0.000
36	  2.400	 52.512	  1.005	  0.572	  0.000
37	  2.400	 53.920	  1.005	  0.572	  0.000
38	  2.400	 55.328	  1.005	  0.572	  0.000
39	  2.400	 56.737	  1.005	  0.572	  0.000
40	  2.400	 58.145	  1.005	  0.572	  0.000
41	  2.400	 59.554	  1.005	  0.572	  0.000
42	  2.400	 60.962	  1.005	  0.572	  0.000
43	  2.400	 62.371	  1.005	  0.572	  0.000
44	  2.400	 63.779	  1.005	  0.572	  0.000
45	  2.400	 65.188	  1.005	  0.572	  0.000
46	  2.400	 66.596	  1.005	  0.572	  0.000
47	  2.400	 68.005	  1.005	  0.572	  0.000
48	  2.400	 69.413	  1.005	  0.572	  0.000
49	  2.400	 70.821	  1.005	  0.572	  0.000
50	  2.400	 72.230	  1.005	  0.572	  0.000
51	  2.400	 73.638	  1.005	  0.572	  0.000
52	  2.400	 75.047	  1.005	  0.572	  0.000
53	  2.400	 76.455	  1.005	  0.572	  0.000
54	  2.400	 77.864	  1.005	  0.572	  0.000
55	  2.400	 79.272	  1.005	  0.572	  0.000
56	  2.400	 80.681	  1.005	  0.572	  0.000
57	  2.400	 82.089	  1.005	  0.572	  0.000
58	  2.400	 83.497	  1.005	  0.572	  0.000
59	  2.400	 84.906	  1.005	  0.572	  0.000
60	  2.400	 86.314	  1.005	  0.572	  0.000
61	  2.400	 87.723	  1.005	  0.572	  0.000
62	  2.400	 89.131	  1.005	  0.572	  0.000
63	  2.400	 90.540	  1.005	  0.572	  0.000
64	  2.400	 91.948	  1.005	  0.572	  0.000
65	  2.400	 93.357	  1.005	  0.572	  0.000
66	  2.400	 94.765	  1.005	  0.572	  0.000
67	  2.400	 96.174	  1.005	  0.572	  0.000
68	  2.400	 97.582	  1.005	  0.572	  0.000
69	  2.400	 98.990	  1.005	  0.572	  0.000
70	  2.400	100.399	  1.005	  0.572	  0.000
0	  2.520	  1.876	  1.005	  0.573	  0.000
1	  2.520	  3.285	  1.005	  0.573	  0.000
2	  2.520	  4.693	  1.005	  0.573	  0.000
3	  2.520	  6.101	  1.005	  0.573	  0.000
4	  2.520	  7.510	  1.005	  0.573	  0.000
5	  2.520	  8.918	  1.005	  0.573	  0.000
6	  2.520	 10.327	  1.005	  0.573	  0.000
7	  2.520	 11.735	  1.005	  0.573	  0.000
8	  2.520	 13.144	  1.005	  0.573	  0.000
9	  2.520	 14.552	  1.005	  0.573	  0.000
10	  2.520	 15.961	  1.005	  0.573	  0.000
11	  2.520	 17.369	  1.005	  0.573	  0.000
12	  2.520	 18.777	  1.005	  0.573	  0.000
13	  2.520	 20.186	  1.005	  0.573	  0.000
14	  2.520	 21.594	  1.005	  0.573	  0.000
15	  2.520	 23.003	  1.005	  0.573	  0.000
16	  2.520	 24.411	  1.005	  0.573	  0.000
17	  2.520	 25.820	  1.005	  0.573	  0.000
18	  2.520	 27.228	  1.005	  0.573	  0.000
19	  2.520	 28.637	  1.005	  0.573	  0.000
20	  2.520	 30.045	  1.005	  0.573	  0.000
21	  2.520	 31.454	  1.005	  0.573	  0.000
22	  2.520	 32.862	  1.005	  0.573	  0.000
23	  2.520	 34.270	  1.005	  0.573	  0.000
24	  2.520	 35.679	  1.005	  0.573	  0.000
25	  2.520	 37.087	  1.005	  0.573	  0.000
26	  2.520	 38.496	  1.005	  0.573	  0.000
27	  2.520	 39.904	  1.005	  0.573	  0.000
28	  2.520	 41.313	  1.005	  0.573	  0.000
29	  2.520	 42.721	  1.005	  0.573	  0.000
30	  2.520	 44.130	  1.005	  0.573	  0.000
31	  2.520	 45.538	  1.005	  0.573	  0.000
32	  2.520	 46.947	  1.005	  0.573	  0.000
33	  2.520	 48.355	  1.005	  0.573	  0.000
34	  2.520	 49.763	  1.005	  0.573	  0.000
35	  2.520	 51.172	  1.005	  0.573	  0.000
36	  2.520	 52.580	  1.005	  0.573	  0.000
37	  2.520	 53.989	  1.005	  0.573	  0.000
38	  2.520	 55.397	  1.005	  0.573	  0.000
39	  2.520	 56.806	  1.005	  0.573	  0.000
40	  2.520	 58.214	  1.005	  0.573	  0.000
41	  2.520	 59.623	  1.005	  0.573	  0.000
42	  2.520	 61.031	  1.005	  0.573	  0.000
43	  2.520	 62.439	  1.005	  0.573	  0.000
44	  2.520	 63.848	  1.005	  0.573	  0.000
45	  2.520	 65.256	  1.005	  0.573	  0.000
46	  2.520	 66.665	  1.005	  0.573	  0.000
47	  2.520	 68.073	  1.005	  0.573	  0.000
48	  2.520	 69.482	  1.005	  0.573	  0.000
49	  2.520	 70.890	  1.005	  0.573	  0.000
50	  2.520	 72.299	  1.005	  0.573	  0.000
51	  2.520	 73.707	  1.005	  0.573	  0.000
52	  2.520	 75.116	  1.005	  0.573	  0.000
53	  2.520	 76.524	  1.005	  0.573	  0.000
54	  2.520	 77.932	  1.005	  0.573	  0.000
55	  2.520	 79.341	  1.005	  0.573	  0.000
56	  2.520	 80.749	  1.005	  0.573	  0.000
57	  2.520	 82.158	  1.005	  0.573	  0.000
58	  2.520	 83.566	  1.005	  0.573	  0.000
59	  2.520	 84.975	  1.005	  0.573	  0.000
60	  2.520	 86.383	  1.005	  0.573	  0.000
61	  2.520	 87.792	  1.005	  0.573	  0.000
62	  2.520	 89.200	  1.005	  0.573	  0.000
63	  2.520	 90.608	  1.005	  0.573	  0.000
64	  2.520	 92.017	  1.005	  0.573	  0.000
65	  2.520	 93.425	  1.005	  0.573	  0.000
66	  2.520	 94.834	  1.005	  0.573	  0.000
67	  2.520	 96.242	  1.005	  0.573	  0.000
68	  2.520	 97.651	  1.005	  0.573	  0.000
69	  2.520	 99.059	  1.005	  0.573	  0.000
70	  2.520	100.468	  1.005	  0.573	  0.000
0	  2.640	  1.945	  1.005	  0.574	  0.000
1	  2.640	  3.353	  1.005	  0.574	  0.000
2	  2.640	  4.762	  1.005	  0.574	  0.000
3	  2.640	  6.170	  1.005	  0.574	  0.000
4	  2.640	  7.579	  1.005	  0.574	  0.000
5	  2.640	  8.987	  1.005	  0.574	  0.000
6	  2.640	 10.396	  1.005	  0.574	  0.000
7	  2.640	 11.804	  1.005	  0.574	  0.000
8	  2.640	 13.213	  1.005	  0.574	  0.000
9	  2.640	 14.621	  1.005	  0.574	  0.000
10	  2.640	 16.029	  1.005	  0.574	  0.000
11	  2.640	 17.438	  1.005	  0.574	  0.000
12	  2.640	 18.846	  1.005	  0.574	  0.000
13	  2.640	 20.255	  1.005	  0.574	  0.000
14	  2.640	 21.663	  1.005	  0.574	  0.000
15	  2.640	 23.072	  1.005	  0.574	  0.000
16	  2.640	 24.480	  1.005	  0.574	  0.000
17	  2.640	 25.889	  1.005	  0.574	  0.000
18	  2.640	 27.297	  1.005	  0.574	  0.000
19	  2.640	 28.706	  1.005	  0.574	  0.000
20	  2.640	 30.114	  1.005	  0.574	  0.000
21	  2.640	 31.522	  1.005	  0.574	  0.000
22	  2.640	 32.931	  1.005	  0.574	  0.000
23	  2.640	 34.339	  1.005	  0.574	  0.000
24	  2.640	 35.748	  1.005	  0.574	  0.000
25	  2.640	 37.156	  1.005	  0.574	  0.000
26	  2.640	 38.565	  1.005	  0.574	  0.000
27	  2.640	 39.973	  1.005	  0.574	  0.000
28	  2.640	 41.382	  1.005	  0.574	  0.000
29	  2.640	 42.790	  1.005	  0.574	  0.000
30	  2.640	 44.198	  1.005	  0.574	  0.000
31	  2.640	 45.607	  1.005	  0.574	  0.000
32	  2.640	 47.015	  1.005	  0.574	  0.000
33	  2.640	 48.424	  1.005	  0.574	  0.000
34	  2.640	 49.832	  1.005	  0.574	  0.000
35	  2.640	 51.241	  1.005	  0.574	  0.000
36	  2.640	 52.649	  1.005	  0.574	  0.000
37	  2.640	 54.058	  1.005	  0.574	  0.000
38	  2.640	 55.466	  1.005	  0.574	  0.000
39	  2.640	 56.875	  1.005	  0.574	  0.000
40	  2.640	 58.283	  1.005	  0.574	  0.000
41	  2.640	 59.691	  1.005	  0.574	  0.000
42	  2.640	 61.100	  1.005	  0.574	  0.000
43	  2.640	 62.508	  1.005	  0.574	  0.000
44	  2.640	 63.917	  1.005	  0.574	  0.000
45	  2.640	 65.325	  1.005	  0.574	  0.000
46	  2.640	 66.734	  1.005	  0.574	  0.000
47	  2.640	 68.142	  1.005	  0.574	  0.000
48	  2.640	 69.551	  1.005	  0.574	  0.000
49	  2.640	 70.959	  1.005	  0.574	  0.000
50	  2.640	 72.367	  1.005	  0.574	  0.000
51	  2.640	 73.776	  1.005	  0.574	  0.000
52	  2.640	 75.184	  1.005	  0.574	  0.000
53	  2.640	 76.593	  1.005	  0.574	  0.000
54	  2.640	 78.001	  1.005	  0.574	  0.000
55	  2.640	 79.410	  1.005	  0.574	  0.000
56	  2.640	 80.818	  1.005	  0.574	  0.000
57	  2.640	 82.227	  1.005	  0.574	  0.000
58	  2.640	 83.635	  1.005	  0.574	  0.000
59	  2.640	 85.044	  1.005	  0.574	  0.000
60	  2.640	 86.452	  1.005	  0.574	  0.000
61	  2.640	 87.860	  1.005	  0.574	  0.000
62	  2.640	 89.269	  1.005	  0.574	  0.000
63	  2.640	 90.677	  1.005	  0.574	  0.000
64	  2.640	 92.086	  1.005	  0.574	  0.000
65	  2.640	 93.494	  1.005	  0.574	  0.000
66	  2.640	 94.903	  1.005	  0.574	  0.000
67	  2.640	 96.311	  1.005	  0.574	  0.000
68	  2.640	 97.720	  1.005	  0.574	  0.000
69	  2.640	 99.128	  1.005	  0.574	  0.000
70	  2.640	100.537	  1.005	  0.574	  0.000
0	  2.760	  2.014	  1.005	  0.575	  0.000
1	  2.760	  3.422	  1.005	  0.575	  0.000
2	  2.760	  4.831	  1.005	  0.575	  0.000
3	  2.760	  6.239	  1.005	  0.574	  0.000
4	  2.760	  7.648	  1.005	  0.575	  0.000
5	  2.760	  9.056	  1.005	  0.574	  0.000
6	  2.760	 10.465	  1.005	  0.575	  0.000
7	  2.760	 11.873	  1.005	  0.574	  0.000
8	  2.760	 13.282	  1.005	  0.575	  0.000
9	  2.760	 14.690	  1.005	  0.574	  0.000
10	  2.760	 16.098	  1.005	  0.575	  0.000
11	  2.760	 17.507	  1.005	  0.575	  0.000
12	  2.760	 18.915	  1.005	  0.574	  0.000
13	  2.760	 20.324	  1.005	  0.575	  0.000
14	  2.760	 21.732	  1.005	  0.574	  0.000
15	  2.760	 23.141	  1.005	  0.575	  0.000
16	  2.760	 24.549	  1.005	  0.574	  0.000
17	  2.760	 25.958	  1.005	  0.575	  0.000
18	  2.760	 27.366	  1.005	  0.574	  0.000
19	  2.760	 28.774	  1.005	  0.575	  0.000
20	  2.760	 30.183	  1.005	  0.574	  0.000
21	  2.760	 31.591	  1.005	  0.575	  0.000
22	  2.760	 33.000	  1.005	  0.575	  0.000
23	  2.760	 34.408	  1.005	  0.575	  0.000
24	  2.760	 35.817	  1.005	  0.575	  0.000
25	  2.760	 37.225	  1.005	  0.574	  0.000
26	  2.760	 38.634	  1.005	  0.575	  0.000
27	  2.760	 40.042	  1.005	  0.574	  0.000
28	  2.760	 41.451	  1.005	  0.575	  0.000
29	  2.760	 42.859	  1.005	  0.574	  0.000
30	  2.760	 44.267	  1.005	  0.575	  0.000
31	  2.760	 45.676	  1.005	  0.574	  0.000
32	  2.760	 47.084	  1.005	  0.575	  0.000
33	  2.760	 48.493	  1.005	  0.575	  0.000
34	  2.760	 49.901	  1.005	  0.574	  0.000
35	  2.760	 51.310	  1.005	  0.575	  0.000
36	  2.760	 52.718	  1.005	  0.574	  0.000
37	  2.760	 54.127	  1.005	  0.575	  0.000
38	  2.760	 55.535	  1.005	  0.575	  0.000
39	  2.760	 56.943	  1.005	  0.575	  0.000
40	  2.760	 58.352	  1.005	  0.575	  0.000
41	  2.760	 59.760	  1.005	  0.574	  0.000
42	  2.760	 61.169	  1.005	  0.575	  0.000
43	  2.760	 62.577	  1.005	  0.574	  0.000
44	  2.760	 63.986	  1.005	  0.575	  0.000
45	  2.760	 65.394	  1.005	  0.574	  0.000
46	  2.760	 66.803	  1.005	  0.575	  0.000
47	  2.760	 68.211	  1.005	  0.574	  0.000
48	  2.760	 69.620	  1.005	  0.575	  0.000
49	  2.760	 71.028	  1.005	  0.574	  0.000
50	  2.760	 72.436	  1.005	  0.575	  0.000
51	  2.760	 73.845	  1.005	  0.575	  0.000
52	  2.760	 75.253	  1.005	  0.575	  0.000
53	  2.760	 76.662	  1.005	  0.575	  0.000
54	  2.760	 78.070	  1.005	  0.574	  0.000
55	  2.760	 79.479	  1.005	  0.575	  0.000
56	  2.760	 80.887	  1.005	  0.574	  0.000
57	  2.760	 82.296	  1.005	  0.575	  0.000
58	  2.760	 83.704	  1.005	  0.574	  0.000
59	  2.760	 85.113	  1.005	  0.575	  0.000
60	  2.760	 86.521	  1.005	  0.574	  0.000
61	  2.760	 87.929	  1.005	  0.575	  0.000
62	  2.760	 89.338	  1.005	  0.575	  0.000
63	  2.760	 90.746	  1.005	  0.575	  0.000
64	  2.760	 92.155	  1.005	  0.575	  0.000
65	  2.760	 93.563	  1.005	  0.574	  0.000
66	  2.760	 94.972	  1.005	  0.575	  0.000
67	  2.760	 96.380	  1.005	  0.574	  0.000
68	  2.760	 97.789	  1.005	  0.575	  0.000
69	  2.760	 99.197	  1.005	  0.574	  0.000
70	  2.760	100.605	  1.005	  0.575	  0.000
0	  2.880	  2.083	  1.005	  0.575	  0.000
1	  2.880	  3.491	  1.005	  0.575	  0.000
2	  2.880	  4.900	  1.005	  0.576	  0.000
3	  2.880	  6.308	  1.005	  0.575	  0.000
4	  2.880	  7.717	  1.005	  0.576	  0.000
5	  2.880	  9.125	  1.005	  0.575	  0.000
6	  2.880	 10.534	  1.005	  0.576	  0.000
7	  2.880	 11.942	  1.005	  0.575	  0.000
8	  2.880	 13.351	  1.005	  0.576	  0.000
9	  2.880	 14.759	  1.005	  0.574	  0.000
10	  2.880	 16.167	  1.005	  0.575	  0.000
11	  2.880	 17.576	  1.005	  0.575	  0.000
12	  2.880	 18.984	  1.005	  0.575	  0.000
13	  2.880	 20.393	  1.005	  0.576	  0.000
14	  2.880	 21.801	  1.005	  0.575	  0.000
15	  2.880	 23.210	  1.005	  0.576	  0.000
16	  2.880	 24.618	  1.005	  0.574	  0.000
17	  2.880	 26.027	  1.005	  0.576	  0.000
18	  2.880	 27.435	  1.005	  0.574	  0.000
19	  2.880	 28.844	  1.005	  0.576	  0.000
20	  2.880	 30.252	  1.005	  0.575	  0.000
21	  2.880	 31.660	  1.005	  0.575	  0.000
22	  2.880	 33.069	  1.005	  0.575	  0.000
23	  2.880	 34.477	  1.005	  0.575	  0.000
24	  2.880	 35.886	  1.005	  0.575	  0.000
25	  2.880	 37.294	  1.005	  0.574	  0.000
26	  2.880	 38.703	  1.005	  0.576	  0.000
27	  2.880	 40.111	  1.005	  0.574	  0.000
28	  2.880	 41.520	  1.005	  0.576	  0.000
29	  2.880	 42.928	  1.005	  0.574	  0.000
30	  2.880	 44.336	  1.005	  0.576	  0.000
31	  2.880	 45.745	  1.005	  0.574	  0.000
32	  2.880	 47.153	  1.005	  0.575	  0.000
33	  2.880	 48.562	  1.005	  0.575	  0.000
34	  2.880	 49.970	  1.005	  0.575	  0.000
35	  2.880	 51.379	  1.005	  0.576	  0.000
36	  2.880	 52.787	  1.005	  0.575	  0.000
37	  2.880	 54.196	  1.005	  0.575	  0.000
38	  2.880	 55.604	  1.005	  0.575	  0.000
39	  2.880	 57.012	  1.005	  0.575	  0.000
40	  2.880	 58.421	  1.005	  0.575	  0.000
41	  2.880	 59.829	  1.005	  0.575	  0.000
42	  2.880	 61.238	  1.005	  0.576	  0.000
43	  2.880	 62.646	  1.005	  0.574	  0.000
44	  2.880	 64.055	  1.005	  0.576	  0.000
45	  2.880	 65.463	  1.005	  0.574	  0.000
46	  2.880	 66.872	  1.005	  0.576	  0.000
47	  2.880	 68.280	  1.005	  0.574	  0.000
48	  2.880	 69.689	  1.005	  0.576	  0.000
49	  2.880	 71.097	  1.005	  0.574	  0.000
50	  2.880	 72.505	  1.005	  0.576	  0.000
51	  2.880	 73.914	  1.005	  0.575	  0.000
52	  2.880	 75.322	  1.005	  0.575	  0.000
53	  2.880	 76.731	  1.005	  0.575	  0.000
54	  2.880	 78.139	  1.005	  0.575	  0.000
55	  2.880	 79.548	  1.005	  0.576	  0.000
56	  2.880	 80.956	  1.005	  0.574	  0.000
57	  2.880	 82.365	  1.005	  0.576	  0.000
58	  2.880	 83.773	  1.005	  0.574	  0.000
59	  2.880	 85.182	  1.005	  0.576	  0.000
60	  2.880	 86.590	  1.005	  0.574	  0.000
61	  2.880	 87.998	  1.005	  0.576	  0.000
62	  2.880	 89.407	  1.005	  0.575	  0.000
63	  2.880	 90.815	  1.005	  0.575	  0.000
64	  2.880	 92.224	  1.005	  0.576	  0.000
65	  2.880	 93.632	  1.005	  0.574	  0.000
66	  2.880	 95.041	  1.005	  0.576	  0.000
67	  2.880	 96.449	  1.005	  0.574	  0.000
68	  2.880	 97.858	  1.005	  0.576	  0.000
69	  2.880	 99.266	  1.005	  0.574	  0.000
70	  2.880	100.674	  1.005	  0.576	  0.000
0	  3.000	  2.152	  1.005	  0.575	  0.000
1	  3.000	  3.560	  1.005	  0.575	  0.000
2	  3.000	  4.969	  1.005	  0.576	  0.000
3	  3.000	  6.377	  1.005	  0.574	  0.000
4	  3.000	  7.786	  1.005	  0.577	  0.000
5	  3.000	  9.194	  1.005	  0.574	  0.000
6	  3.000	 10.603	  1.005	  0.576	  0.000
7	  3.000	 12.011	  1.005	  0.574	  0.000
8	  3.000	 13.420	  1.005	  0.577	  0.000
9	  3.000	 14.828	  1.005	  0.574	  0.000
10	  3.000	 16.236	  1.005	  0.576	  0.000
11	  3.000	 17.645	  1.005	  0.575	  0.000
12	  3.000	 19.053	  1.005	  0.575	  0.000
13	  3.000	 20.462	  1.005	  0.576	  0.000
14	  3.000	 21.870	  1.005	  0.574	  0.000
15	  3.000	 23.279	  1.005	  0.577	  0.000
16	  3.000	 24.687	  1.005	  0.574	  0.000
17	  3.000	 26.096	  1.005	  0.578	  0.000
18	  3.000	 27.504	  1.005	  0.573	  0.000
19	  3.000	 28.913	  1.005	  0.578	  0.000
20	  3.000	 30.321	  1.005	  0.574	  0.000
21	  3.000	 31.729	  1.005	  0.576	  0.000
22	  3.000	 33.138	  1.005	  0.575	  0.000
23	  3.000	 34.546	  1.005	  0.575	  0.000
24	  3.000	 35.955	  1.005	  0.576	  0.000
25	  3.000	 37.363	  1.005	  0.574	  0.000
26	  3.000	 38.772	  1.005	  0.577	  0.000
27	  3.000	 40.180	  1.005	  0.573	  0.000
28	  3.000	 41.589	  1.005	  0.578	  0.000
29	  3.000	 42.997	  1.005	  0.574	  0.000
30	  3.000	 44.406	  1.005	  0.577	  0.000
31	  3.000	 45.814	  1.005	  0.574	  0.000
32	  3.000	 47.222	  1.005	  0.576	  0.000
33	  3.000	 48.631	  1.005	  0.575	  0.000
34	  3.000	 50.039	  1.005	  0.575	  0.000
35	  3.000	 51.448	  1.005	  0.576	  0.000
36	  3.000	 52.856	  1.005	  0.575	  0.000
37	  3.000	 54.265	  1.005	  0.576	  0.000
38	  3.000	 55.673	  1.005	  0.575	  0.000
39	  3.000	 57.081	  1.005	  0.576	  0.000
40	  3.000	 58.490	  1.005	  0.576	  0.000
41	  3.000	 59.898	  1.005	  0.575	  0.000
42	  3.000	 61.307	  1.005	  0.576	  0.000
43	  3.000	 62.715	  1.005	  0.574	  0.000
44	  3.000	 64.124	  1.005	  0.577	  0.000
45	  3.000	 65.532	  1.005	  0.574	  0.000
46	  3.000	 66.941	  1.005	  0.577	  0.000
47	  3.000	 68.349	  1.005	  0.574	  0.000
48	  3.000	 69.758	  1.005	  0.577	  0.000
49	  3.000	 71.166	  1.005	  0.574	  0.000
50	  3.000	 72.575	  1.005	  0.577	  0.000
51	  3.000	 73.983	  1.005	  0.575	  0.000
52	  3.000	 75.391	  1.005	  0.575	  0.000
53	  3.000	 76.800	  1.005	  0.576	  0.000
54	  3.000	 78.208	  1.005	  0.575	  0.000
55	  3.000	 79.617	  1.005	  0.577	  0.000
56	  3.000	 81.025	  1.005	  0.574	  0.000
57	  3.000	 82.434	  1.005	  0.578	  0.000
58	  3.000	 83.842	  1.005	  0.573	  0.000
59	  3.000	 85.251	  1.005	  0.578	  0.000
60	  3.000	 86.659	  1.005	  0.573	  0.000
61	  3.000	 88.068	  1.005	  0.577	  0.000
62	  3.000	 89.476	  1.005	  0.575	  0.000
63	  3.000	 90.884	  1.005	  0.576	  0.000
64	  3.000	 92.293	  1.005	  0.576	  0.000
65	  3.000	 93.701	  1.005	  0.574	  0.000
66	  3.000	 95.110	  1.005	  0.577	  0.000
67	  3.000	 96.518	  1.005	  0.573	  0.000
68	  3.000	 97.927	  1.005	  0.578	  0.000
69	  3.000	 99.335	  1.005	  0.574	  0.000
70	  3.000	100.744	  1.005	  0.577	  0.000
