# id	 time	 x	 y	 vx	 vy
0	  0.000	  1.923	  1.000	  0.010	  0.010
1	  0.000	  5.769	  1.000	  0.010	  0.010
2	  0.000	  9.615	  1.000	  0.010	  0.010
3	  0.000	 13.462	  1.000	  0.010	  0.010
4	  0.000	 17.308	  1.000	  0.010	  0.010
5	  0.000	 21.154	  1.000	  0.010	  0.010
6	  0.000	 25.000	  1.000	  0.010	  0.010
7	  0.000	 28.846	  1.000	  0.010	  0.010
8	  0.000	 32.692	  1.000	  0.010	  0.010
9	  0.000	 36.538	  1.000	  0.010	  0.010
10	  0.000	 40.385	  1.000	  0.010	  0.010
11	  0.000	 44.231	  1.000	  0.010	  0.010
12	  0.000	 48.077	  1.000	  0.010	  0.010
13	  0.000	 51.923	  1.000	  0.010	  0.010
14	  0.000	 55.769	  1.000	  0.010	  0.010
15	  0.000	 59.615	  1.000	  0.010	  0.010
16	  0.000	 63.462	  1.000	  0.010	  0.010
17	  0.000	 67.308	  1.000	  0.010	  0.010
18	  0.000	 71.154	  1.000	  0.010	  0.010
19	  0.000	 75.000	  1.000	  0.010	  0.010
20	  0.000	 78.846	  1.000	  0.010	  0.010
21	  0.000	 82.692	  1.000	  0.010	  0.010
22	  0.000	 86.538	  1.000	  0.010	  0.010
23	  0.000	 90.385	  1.000	  0.010	  0.010
24	  0.000	 94.231	  1.000	  0.010	  0.010
25	  0.000	 98.077	  1.000	  0.010	  0.010
0	  0.120	  1.943	  1.001	  0.331	  0.008
1	  0.120	  5.789	  1.001	  0.331	  0.008
2	  0.120	  9.635	  1.001	  0.331	  0.008
3	  0.120	 13.481	  1.001	  0.331	  0.008
4	  0.120	 17.327	  1.001	  0.331	  0.008
5	  0.120	 21.173	  1.001	  0.331	  0.008
6	  0.120	 25.020	  1.001	  0.331	  0.008
7	  0.120	 28.866	  1.001	  0.331	  0.008
8	  0.120	 32.712	  1.001	  0.331	  0.008
9	  0.120	 36.558	  1.001	  0.331	  0.008
10	  0.120	 40.404	  1.001	  0.331	  0.008
11	  0.120	 44.250	  1.001	  0.331	  0.008
12	  0.120	 48.097	  1.001	  0.331	  0.008
13	  0.120	 51.943	  1.001	  0.331	  0.008
14	  0.120	 55.789	  1.001	  0.331	  0.008
15	  0.120	 59.635	  1.001	  0.331	  0.008
16	  0.120	 63.481	  1.001	  0.331	  0.008
17	  0.120	 67.327	  1.001	  0.331	  0.008
18	  0.120	 71.173	  1.001	  0.331	  0.008
19	  0.120	 75.020	  1.001	  0.331	  0.008
20	  0.120	 78.866	  1.001	  0.331	  0.008
21	  0.120	 82.712	  1.001	  0.331	  0.008
22	  0.120	 86.558	  1.001	  0.331	  0.008
23	  0.120	 90.404	  1.001	  0.331	  0.008
24	  0.120	 94.250	  1.001	  0.331	  0.008
25	  0.120	 98.097	  1.001	  0.331	  0.008
0	  0.240	  1.997	  1.002	  0.582	  0.006
1	  0.240	  5.843	  1.002	  0.582	  0.006
2	  0.240	  9.689	  1.002	  0.582	  0.006
3	  0.240	 13.535	  1.002	  0.582	  0.006
4	  0.240	 17.381	  1.002	  0.582	  0.006
5	  0.240	 21.228	  1.002	  0.582	  0.006
6	  0.240	 25.074	  1.002	  0.582	  0.006
7	  0.240	 28.920	  1.002	  0.582	  0.006
8	  0.240	 32.766	  1.002	  0.582	  0.006
9	  0.240	 36.612	  1.002	  0.582	  0.006
10	  0.240	 40.458	  1.002	  0.582	  0.006
11	  0.240	 44.305	  1.002	  0.582	  0.006
12	  0.240	 48.151	  1.002	  0.582	  0.006
13	  0.240	 51.997	  1.002	  0.582	  0.006
14	  0.240	 55.843	  1.002	  0.582	  0.006
15	  0.240	 59.689	  1.002	  0.582	  0.006
16	  0.240	 63.535	  1.002	  0.582	  0.006
17	  0.240	 67.381	  1.002	  0.582	  0.006
18	  0.240	 71.228	  1.002	  0.582	  0.006
19	  0.240	 75.074	  1.002	  0.582	  0.006
20	  0.240	 78.920	  1.002	  0.582	  0.006
21	  0.240	 82.766	  1.002	  0.582	  0.006
22	  0.240	 86.612	  1.002	  0.582	  0.006
23	  0.240	 90.458	  1.002	  0.582	  0.006
24	  0.240	 94.305	  1.002	  0.582	  0.006
25	  0.240	 98.151	  1.002	  0.582	  0.006
0	  0.360	  2.078	  1.003	  0.780	  0.005
1	  0.360	  5.924	  1.003	  0.780	  0.005
2	  0.360	  9.770	  1.003	  0.780	  0.005
3	  0.360	 13.617	  1.003	  0.780	  0.005
4	  0.360	 17.463	  1.003	  0.780	  0.005
5	  0.360	 21.309	  1.003	  0.780	  0.005
6	  0.360	 25.155	  1.003	  0.780	  0.005
7	  0.360	 29.001	  1.003	  0.780	  0.005
8	  0.360	 32.847	  1.003	  0.780	  0.005
9	  0.360	 36.693	  1.003	  0.780	  0.005
10	  0.360	 40.540	  1.003	  0.780	  0.005
11	  0.360	 44.386	  1.003	  0.780	  0.005
12	  0.360	 48.232	  1.003	  0.780	  0.005
13	  0.360	 52.078	  1.003	  0.780	  0.005
14	  0.360	 55.924	  1.003	  0.780	  0.005
15	  0.360	 59.770	  1.003	  0.780	  0.005
16	  0.360	 63.617	  1.003	  0.780	  0.005
17	  0.360	 67.463	  1.003	  0.780	  0.005
18	  0.360	 71.309	  1.003	  0.780	  0.005
19	  0.360	 75.155	  1.003	  0.780	  0.005
20	  0.360	 79.001	  1.003	  0.780	  0.005
21	  0.360	 82.847	  1.003	  0.780	  0.005
22	  0.360	 86.693	  1.003	  0.780	  0.005
23	  0.360	 90.540	  1.003	  0.780	  0.005
24	  0.360	 94.386	  1.003	  0.780	  0.005
25	  0.360	 98.232	  1.003	  0.780	  0.005
0	  0.480	  2.181	  1.003	  0.935	  0.004
1	  0.480	  6.027	  1.003	  0.935	  0.004
2	  0.480	  9.873	  1.003	  0.935	  0.004
3	  0.480	 13.719	  1.003	  0.935	  0.004
4	  0.480	 17.565	  1.003	  0.935	  0.004
5	  0.480	 21.411	  1.003	  0.935	  0.004
6	  0.480	 25.257	  1.003	  0.935	  0.004
7	  0.480	 29.104	  1.003	  0.935	  0.004
8	  0.480	 32.950	  1.003	  0.935	  0.004
9	  0.480	 36.796	  1.003	  0.935	  0.004
10	  0.480	 40.642	  1.003	  0.935	  0.004
11	  0.480	 44.488	  1.003	  0.935	  0.004
12	  0.480	 48.334	  1.003	  0.935	  0.004
13	  0.480	 52.181	  1.003	  0.935	  0.004
14	  0.480	 56.027	  1.003	  0.935	  0.004
15	  0.480	 59.873	  1.003	  0.935	  0.004
16	  0.480	 63.719	  1.003	  0.935	  0.004
17	  0.480	 67.565	  1.003	  0.935	  0.004
18	  0.480	 71.411	  1.003	  0.935	  0.004
19	  0.480	 75.257	  1.003	  0.935	  0.004
20	  0.480	 79.104	  1.003	  0.935	  0.004
21	  0.480	 82.950	  1.003	  0.935	  0.004
22	  0.480	 86.796	  1.003	  0.935	  0.004
23	  0.480	 90.642	  1.003	  0.935	  0.004
24	  0.480	 94.488	  1.003	  0.935	  0.004
25	  0.480	 98.334	  1.003	  0.935	  0.004
0	  0.600	  2.300	  1.004	  1.057	  0.003
1	  0.600	  6.146	  1.004	  1.057	  0.003
2	  0.600	  9.992	  1.004	  1.057	  0.003
3	  0.600	 13.838	  1.004	  1.057	  0.003
4	  0.600	 17.684	  1.004	  1.057	  0.003
5	  0.600	 21.531	  1.004	  1.057	  0.003
6	  0.600	 25.377	  1.004	  1.057	  0.003
7	  0.600	 29.223	  1.004	  1.057	  0.003
8	  0.600	 33.069	  1.004	  1.057	  0.003
9	  0.600	 36.915	  1.004	  1.057	  0.003
10	  0.600	 40.761	  1.004	  1.057	  0.003
11	  0.600	 44.607	  1.004	  1.057	  0.003
12	  0.600	 48.454	  1.004	  1.057	  0.003
13	  0.600	 52.300	  1.004	  1.057	  0.003
14	  0.600	 56.146	  1.004	  1.057	  0.003
15	  0.600	 59.992	  1.004	  1.057	  0.003
16	  0.600	 63.838	  1.004	  1.057	  0.003
17	  0.600	 67.684	  1.004	  1.057	  0.003
18	  0.600	 71.531	  1.004	  1.057	  0.003
19	  0.600	 75.377	  1.004	  1.057	  0.003
20	  0.600	 79.223	  1.004	  1.057	  0.003
21	  0.600	 83.069	  1.004	  1.057	  0.003
22	  0.600	 86.915	  1.004	  1.057	  0.003
23	  0.600	 90.761	  1.004	  1.057	  0.003
24	  0.600	 94.607	  1.004	  1.057	  0.003
25	  0.600	 98.454	  1.004	  1.057	  0.003
0	  0.720	  2.432	  1.004	  1.152	  0.002
1	  0.720	  6.278	  1.004	  1.152	  0.002
2	  0.720	 10.124	  1.004	  1.152	  0.002
3	  0.720	 13.970	  1.004	  1.152	  0.002
4	  0.720	 17.817	  1.004	  1.152	  0.002
5	  0.720	 21.663	  1.004	  1.152	  0.002
6	  0.720	 25.509	  1.004	  1.152	  0.002
7	  0.720	 29.355	  1.004	  1.152	  0.002
8	  0.720	 33.201	  1.004	  1.152	  0.002
9	  0.720	 37.047	  1.004	  1.152	  0.002
10	  0.720	 40.894	  1.004	  1.152	  0.002
11	  0.720	 44.740	  1.004	  1.152	  0.002
12	  0.720	 48.586	  1.004	  1.152	  0.002
13	  0.720	 52.432	  1.004	  1.152	  0.002
14	  0.720	 56.278	  1.004	  1.152	  0.002
15	  0.720	 60.124	  1.004	  1.152	  0.002
16	  0.720	 63.970	  1.004	  1.152	  0.002
17	  0.720	 67.817	  1.004	  1.152	  0.002
18	  0.720	 71.663	  1.004	  1.152	  0.002
19	  0.720	 75.509	  1.004	  1.152	  0.002
20	  0.720	 79.355	  1.004	  1.152	  0.002
21	  0.720	 83.201	  1.004	  1.152	  0.002
22	  0.720	 87.047	  1.004	  1.152	  0.002
23	  0.720	 90.894	  1.004	  1.152	  0.002
24	  0.720	 94.740	  1.004	  1.152	  0.002
25	  0.720	 98.586	  1.004	  1.152	  0.002
0	  0.840	  2.575	  1.004	  1.227	  0.002
1	  0.840	  6.421	  1.004	  1.227	  0.002
2	  0.840	 10.267	  1.004	  1.227	  0.002
3	  0.840	 14.113	  1.004	  1.227	  0.002
4	  0.840	 17.959	  1.004	  1.227	  0.002
5	  0.840	 21.805	  1.004	  1.227	  0.002
6	  0.840	 25.652	  1.004	  1.227	  0.002
7	  0.840	 29.498	  1.004	  1.227	  0.002
8	  0.840	 33.344	  1.004	  1.227	  0.002
9	  0.840	 37.190	  1.004	  1.227	  0.002
10	  0.840	 41.036	  1.004	  1.227	  0.002
11	  0.840	 44.882	  1.004	  1.227	  0.002
12	  0.840	 48.728	  1.004	  1.227	  0.002
13	  0.840	 52.575	  1.004	  1.227	  0.002
14	  0.840	 56.421	  1.004	  1.227	  0.002
15	  0.840	 60.267	  1.004	  1.227	  0.002
16	  0.840	 64.113	  1.004	  1.227	  0.002
17	  0.840	 67.959	  1.004	  1.227	  0.002
18	  0.840	 71.805	  1.004	  1.227	  0.002
19	  0.840	 75.652	  1.004	  1.227	  0.002
20	  0.840	 79.498	  1.004	  1.227	  0.002
21	  0.840	 83.344	  1.004	  1.227	  0.002
22	  0.840	 87.190	  1.004	  1.227	  0.002
23	  0.840	 91.036	  1.004	  1.227	  0.002
24	  0.840	 94.882	  1.004	  1.227	  0.002
25	  0.840	 98.728	  1.004	  1.227	  0.002
0	  0.960	  2.725	  1.004	  1.286	  0.001
1	  0.960	  6.571	  1.004	  1.286	  0.001
2	  0.960	 10.418	  1.004	  1.286	  0.001
3	  0.960	 14.264	  1.004	  1.286	  0.001
4	  0.960	 18.110	  1.004	  1.286	  0.001
5	  0.960	 21.956	  1.004	  1.286	  0.001
6	  0.960	 25.802	  1.004	  1.286	  0.001
7	  0.960	 29.648	  1.004	  1.286	  0.001
8	  0.960	 33.494	  1.004	  1.286	  0.001
9	  0.960	 37.341	  1.004	  1.286	  0.001
10	  0.960	 41.187	  1.004	  1.286	  0.001
11	  0.960	 45.033	  1.004	  1.286	  0.001
12	  0.960	 48.879	  1.004	  1.286	  0.001
13	  0.960	 52.725	  1.004	  1.286	  0.001
14	  0.960	 56.571	  1.004	  1.286	  0.001
15	  0.960	 60.418	  1.004	  1.286	  0.001
16	  0.960	 64.264	  1.004	  1.286	  0.001
17	  0.960	 68.110	  1.004	  1.286	  0.001
18	  0.960	 71.956	  1.004	  1.286	  0.001
19	  0.960	 75.802	  1.004	  1.286	  0.001
20	  0.960	 79.648	  1.004	  1.286	  0.001
21	  0.960	 83.494	  1.004	  1.286	  0.001
22	  0.960	 87.341	  1.004	  1.286	  0.001
23	  0.960	 91.187	  1.004	  1.286	  0.001
24	  0.960	 95.033	  1.004	  1.286	  0.001
25	  0.960	 98.879	  1.004	  1.286	  0.001
0	  1.080	  2.882	  1.004	  1.332	  0.001
1	  1.080	  6.728	  1.004	  1.332	  0.001
2	  1.080	 10.574	  1.004	  1.332	  0.001
3	  1.080	 14.421	  1.004	  1.332	  0.001
4	  1.080	 18.267	  1.004	  1.332	  0.001
5	  1.080	 22.113	  1.004	  1.332	  0.001
6	  1.080	 25.959	  1.004	  1.332	  0.001
7	  1.080	 29.805	  1.004	  1.332	  0.001
8	  1.080	 33.651	  1.004	  1.332	  0.001
9	  1.080	 37.498	  1.004	  1.332	  0.001
10	  1.080	 41.344	  1.004	  1.332	  0.001
11	  1.080	 45.190	  1.004	  1.332	  0.001
12	  1.080	 49.036	  1.004	  1.332	  0.001
13	  1.080	 52.882	  1.004	  1.332	  0.001
14	  1.080	 56.728	  1.004	  1.332	  0.001
15	  1.080	 60.574	  1.004	  1.332	  0.001
16	  1.080	 64.421	  1.004	  1.332	  0.001
17	  1.080	 68.267	  1.004	  1.332	  0.001
18	  1.080	 72.113	  1.004	  1.332	  0.001
19	  1.080	 75.959	  1.004	  1.332	  0.001
20	  1.080	 79.805	  1.004	  1.332	  0.001
21	  1.080	 83.651	  1.004	  1.332	  0.001
22	  1.080	 87.498	  1.004	  1.332	  0.001
23	  1.080	 91.344	  1.004	  1.332	  0.001
24	  1.080	 95.190	  1.004	  1.332	  0.001
25	  1.080	 99.036	  1.004	  1.332	  0.001
0	  1.200	  3.044	  1.005	  1.368	  0.001
1	  1.200	  6.890	  1.005	  1.368	  0.001
2	  1.200	 10.736	  1.005	  1.368	  0.001
3	  1.200	 14.582	  1.005	  1.368	  0.001
4	  1.200	 18.429	  1.005	  1.368	  0.001
5	  1.200	 22.275	  1.005	  1.368	  0.001
6	  1.200	 26.121	  1.005	  1.368	  0.001
7	  1.200	 29.967	  1.005	  1.368	  0.001
8	  1.200	 33.813	  1.005	  1.368	  0.001
9	  1.200	 37.659	  1.005	  1.368	  0.001
10	  1.200	 41.506	  1.005	  1.368	  0.001
11	  1.200	 45.352	  1.005	  1.368	  0.001
12	  1.200	 49.198	  1.005	  1.368	  0.001
13	  1.200	 53.044	  1.005	  1.368	  0.001
14	  1.200	 56.890	  1.005	  1.368	  0.001
15	  1.200	 60.736	  1.005	  1.368	  0.001
16	  1.200	 64.582	  1.005	  1.368	  0.001
17	  1.200	 68.429	  1.005	  1.368	  0.001
18	  1.200	 72.275	  1.005	  1.368	  0.001
19	  1.200	 76.121	  1.005	  1.368	  0.001
20	  1.200	 79.967	  1.005	  1.368	  0.001
21	  1.200	 83.813	  1.005	  1.368	  0.001
22	  1.200	 87.659	  1.005	  1.368	  0.001
23	  1.200	 91.506	  1.005	  1.368	  0.001
24	  1.200	 95.352	  1.005	  1.368	  0.001
25	  1.200	 99.198	  1.005	  1.368	  0.001
0	  1.320	  3.210	  1.005	  1.396	  0.001
1	  1.320	  7.056	  1.005	  1.396	  0.001
2	  1.320	 10.902	  1.005	  1.396	  0.001
3	  1.320	 14.748	  1.005	  1.396	  0.001
4	  1.320	 18.594	  1.005	  1.396	  0.001
5	  1.320	 22.441	  1.005	  1.396	  0.001
6	  1.320	 26.287	  1.005	  1.396	  0.001
7	  1.320	 30.133	  1.005	  1.396	  0.001
8	  1.320	 33.979	  1.005	  1.396	  0.001
9	  1.320	 37.825	  1.005	  1.396	  0.001
10	  1.320	 41.671	  1.005	  1.396	  0.001
11	  1.320	 45.518	  1.005	  1.396	  0.001
12	  1.320	 49.364	  1.005	  1.396	  0.001
13	  1.320	 53.210	  1.005	  1.396	  0.001
14	  1.320	 57.056	  1.005	  1.396	  0.001
15	  1.320	 60.902	  1.005	  1.396	  0.001
16	  1.320	 64.748	  1.005	  1.396	  0.001
17	  1.320	 68.594	  1.005	  1.396	  0.001
18	  1.320	 72.441	  1.005	  1.396	  0.001
19	  1.320	 76.287	  1.005	  1.396	  0.001
20	  1.320	 80.133	  1.005	  1.396	  0.001
21	  1.320	 83.979	  1.005	  1.396	  0.001
22	  1.320	 87.825	  1.005	  1.396	  0.001
23	  1.320	 91.671	  1.005	  1.396	  0.001
24	  1.320	 95.518	  1.005	  1.396	  0.001
25	  1.320	 99.364	  1.005	  1.396	  0.001
0	  1.440	  3.379	  1.005	  1.419	  0.001
1	  1.440	  7.225	  1.005	  1.419	  0.001
2	  1.440	 11.071	  1.005	  1.419	  0.001
3	  1.440	 14.917	  1.005	  1.419	  0.001
4	  1.440	 18.763	  1.005	  1.419	  0.001
5	  1.440	 22.609	  1.005	  1.419	  0.001
6	  1.440	 26.456	  1.005	  1.419	  0.001
7	  1.440	 30.302	  1.005	  1.419	  0.001
8	  1.440	 34.148	  1.005	  1.419	  0.001
9	  1.440	 37.994	  1.005	  1.419	  0.001
10	  1.440	 41.840	  1.005	  1.419	  0.001
11	  1.440	 45.686	  1.005	  1.419	  0.001
12	  1.440	 49.533	  1.005	  1.419	  0.001
13	  1.440	 53.379	  1.005	  1.419	  0.001
14	  1.440	 57.225	  1.005	  1.419	  0.001
15	  1.440	 61.071	  1.005	  1.419	  0.001
16	  1.440	 64.917	  1.005	  1.419	  0.001
17	  1.440	 68.763	  1.005	  1.419	  0.001
18	  1.440	 72.609	  1.005	  1.419	  0.001
19	  1.440	 76.456	  1.005	  1.419	  0.001
20	  1.440	 80.302	  1.005	  1.419	  0.001
21	  1.440	 84.148	  1.005	  1.419	  0.001
22	  1.440	 87.994	  1.005	  1.419	  0.001
23	  1.440	 91.840	  1.005	  1.419	  0.001
24	  1.440	 95.686	  1.005	  1.419	  0.001
25	  1.440	 99.533	  1.005	  1.419	  0.001
0	  1.560	  3.550	  1.005	  1.436	  0.000
1	  1.560	  7.396	  1.005	  1.436	  0.000
2	  1.560	 11.242	  1.005	  1.436	  0.000
3	  1.560	 15.088	  1.005	  1.436	  0.000
4	  1.560	 18.935	  1.005	  1.436	  0.000
5	  1.560	 22.781	  1.005	  1.436	  0.000
6	  1.560	 26.627	  1.005	  1.436	  0.000
7	  1.560	 30.473	  1.005	  1.436	  0.000
8	  1.560	 34.319	  1.005	  1.436	  0.000
9	  1.560	 38.165	  1.005	  1.436	  0.000
10	  1.560	 42.011	  1.005	  1.436	  0.000
11	  1.560	 45.858	  1.005	  1.436	  0.000
12	  1.560	 49.704	  1.005	  1.436	  0.000
13	  1.560	 53.550	  1.005	  1.436	  0.000
14	  1.560	 57.396	  1.005	  1.436	  0.000
15	  1.560	 61.242	  1.005	  1.436	  0.000
16	  1.560	 65.088	  1.005	  1.436	  0.000
17	  1.560	 68.935	  1.005	  1.436	  0.000
18	  1.560	 72.781	  1.005	  1.436	  0.000
19	  1.560	 76.627	  1.005	  1.436	  0.000
20	  1.560	 80.473	  1.005	  1.436	  0.000
21	  1.560	 84.319	  1.005	  1.436	  0.000
22	  1.560	 88.165	  1.005	  1.436	  0.000
23	  1.560	 92.011	  1.005	  1.436	  0.000
24	  1.560	 95.858	  1.005	  1.436	  0.000
25	  1.560	 99.704	  1.005	  1.436	  0.000
0	  1.680	  3.723	  1.005	  1.450	  0.000
1	  1.680	  7.569	  1.005	  1.450	  0.000
2	  1.680	 11.415	  1.005	  1.450	  0.000
3	  1.680	 15.262	  1.005	  1.450	  0.000
4	  1.680	 19.108	  1.005	  1.450	  0.000
5	  1.680	 22.954	  1.005	  1.450	  0.000
6	  1.680	 26.800	  1.005	  1.450	  0.000
7	  1.680	 30.646	  1.005	  1.450	  0.000
8	  1.680	 34.492	  1.005	  1.450	  0.000
9	  1.680	 38.338	  1.005	  1.450	  0.000
10	  1.680	 42.185	  1.005	  1.450	  0.000
11	  1.680	 46.031	  1.005	  1.450	  0.000
12	  1.680	 49.877	  1.005	  1.450	  0.000
13	  1.680	 53.723	  1.005	  1.450	  0.000
14	  1.680	 57.569	  1.005	  1.450	  0.000
15	  1.680	 61.415	  1.005	  1.450	  0.000
16	  1.680	 65.262	  1.005	  1.450	  0.000
17	  1.680	 69.108	  1.005	  1.450	  0.000
18	  1.680	 72.954	  1.005	  1.450	  0.000
19	  1.680	 76.800	  1.005	  1.450	  0.000
20	  1.680	 80.646	  1.005	  1.450	  0.000
21	  1.680	 84.492	  1.005	  1.450	  0.000
22	  1.680	 88.338	  1.005	  1.450	  0.000
23	  1.680	 92.185	  1.005	  1.450	  0.000
24	  1.680	 96.031	  1.005	  1.450	  0.000
25	  1.680	 99.877	  1.005	  1.450	  0.000
0	  1.800	  3.898	  1.005	  1.461	  0.000
1	  1.800	  7.744	  1.005	  1.461	  0.000
2	  1.800	 11.590	  1.005	  1.461	  0.000
3	  1.800	 15.436	  1.005	  1.461	  0.000
4	  1.800	 19.282	  1.005	  1.461	  0.000
5	  1.800	 23.128	  1.005	  1.461	  0.000
6	  1.800	 26.975	  1.005	  1.461	  0.000
7	  1.800	 30.821	  1.005	  1.461	  0.000
8	  1.800	 34.667	  1.005	  1.461	  0.000
9	  1.800	 38.513	  1.005	  1.461	  0.000
10	  1.800	 42.359	  1.005	  1.461	  0.000
11	  1.800	 46.205	  1.005	  1.461	  0.000
12	  1.800	 50.052	  1.005	  1.461	  0.000
13	  1.800	 53.898	  1.005	  1.461	  0.000
14	  1.800	 57.744	  1.005	  1.461	  0.000
15	  1.800	 61.590	  1.005	  1.461	  0.000
16	  1.800	 65.436	  1.005	  1.461	  0.000
17	  1.800	 69.282	  1.005	  1.461	  0.000
18	  1.800	 73.128	  1.005	  1.461	  0.000
19	  1.800	 76.975	  1.005	  1.461	  0.000
20	  1.800	 80.821	  1.005	  1.461	  0.000
21	  1.800	 84.667	  1.005	  1.461	  0.000
22	  1.800	 88.513	  1.005	  1.461	  0.000
23	  1.800	 92.359	  1.005	  1.461	  0.000
24	  1.800	 96.205	  1.005	  1.461	  0.000
25	  1.800	100.052	  1.005	  1.461	  0.000
0	  1.920	  4.073	  1.005	  1.469	  0.000
1	  1.920	  7.920	  1.005	  1.469	  0.000
2	  1.920	 11.766	  1.005	  1.469	  0.000
3	  1.920	 15.612	  1.005	  1.469	  0.000
4	  1.920	 19.458	  1.005	  1.469	  0.000
5	  1.920	 23.304	  1.005	  1.469	  0.000
6	  1.920	 27.150	  1.005	  1.469	  0.000
7	  1.920	 30.997	  1.005	  1.469	  0.000
8	  1.920	 34.843	  1.005	  1.469	  0.000
9	  1.920	 38.689	  1.005	  1.469	  0.000
10	  1.920	 42.535	  1.005	  1.469	  0.000
11	  1.920	 46.381	  1.005	  1.469	  0.000
12	  1.920	 50.227	  1.005	  1.469	  0.000
13	  1.920	 54.073	  1.005	  1.469	  0.000
14	  1.920	 57.920	  1.005	  1.469	  0.000
15	  1.920	 61.766	  1.005	  1.469	  0.000
16	  1.920	 65.612	  1.005	  1.469	  0.000
17	  1.920	 69.458	  1.005	  1.469	  0.000
18	  1.920	 73.304	  1.005	  1.469	  0.000
19	  1.920	 77.150	  1.005	  1.469	  0.000
20	  1.920	 80.997	  1.005	  1.469	  0.000
21	  1.920	 84.843	  1.005	  1.469	  0.000
22	  1.920	 88.689	  1.005	  1.469	  0.000
23	  1.920	 92.535	  1.005	  1.469	  0.000
24	  1.920	 96.381	  1.005	  1.469	  0.000
25	  1.920	100.227	  1.005	  1.469	  0.000
0	  2.040	  4.250	  1.005	  1.476	  0.000
1	  2.040	  8.096	  1.005	  1.476	  0.000
2	  2.040	 11.942	  1.005	  1.476	  0.000
3	  2.040	 15.789	  1.005	  1.476	  0.000
4	  2.040	 19.635	  1.005	  1.476	  0.000
5	  2.040	 23.481	  1.005	  1.476	  0.000
6	  2.040	 27.327	  1.005	  1.476	  0.000
7	  2.040	 31.173	  1.005	  1.476	  0.000
8	  2.040	 35.019	  1.005	  1.476	  0.000
9	  2.040	 38.866	  1.005	  1.476	  0.000
10	  2.040	 42.712	  1.005	  1.476	  0.000
11	  2.040	 46.558	  1.005	  1.476	  0.000
12	  2.040	 50.404	  1.005	  1.476	  0.000
13	  2.040	 54.250	  1.005	  1.476	  0.000
14	  2.040	 58.096	  1.005	  1.476	  0.000
15	  2.040	 61.942	  1.005	  1.476	  0.000
16	  2.040	 65.789	  1.005	  1.476	  0.000
17	  2.040	 69.635	  1.005	  1.476	  0.000
18	  2.040	 73.481	  1.005	  1.476	  0.000
19	  2.040	 77.327	  1.005	  1.476	  0.000
20	  2.040	 81.173	  1.005	  1.476	  0.000
21	  2.040	 85.019	  1.005	  1.476	  0.000
22	  2.040	 88.866	  1.005	  1.476	  0.000
23	  2.040	 92.712	  1.005	  1.476	  0.000
24	  2.040	 96.558	  1.005	  1.476	  0.000
25	  2.040	100.404	  1.005	  1.476	  0.000
0	  2.160	  4.428	  1.005	  1.481	  0.000
1	  2.160	  8.274	  1.005	  1.481	  0.000
2	  2.160	 12.120	  1.005	  1.481	  0.000
3	  2.160	 15.966	  1.005	  1.481	  0.000
4	  2.160	 19.812	  1.005	  1.481	  0.000
5	  2.160	 23.658	  1.005	  1.481	  0.000
6	  2.160	 27.504	  1.005	  1.481	  0.000
7	  2.160	 31.351	  1.005	  1.481	  0.000
8	  2.160	 35.197	  1.005	  1.481	  0.000
9	  2.160	 39.043	  1.005	  1.481	  0.000
10	  2.160	 42.889	  1.005	  1.481	  0.000
11	  2.160	 46.735	  1.005	  1.481	  0.000
12	  2.160	 50.581	  1.005	  1.481	  0.000
13	  2.160	 54.428	  1.005	  1.481	  0.000
14	  2.160	 58.274	  1.005	  1.481	  0.000
15	  2.160	 62.120	  1.005	  1.481	  0.000
16	  2.160	 65.966	  1.005	  1.481	  0.000
17	  2.160	 69.812	  1.005	  1.481	  0.000
18	  2.160	 73.658	  1.005	  1.481	  0.000
19	  2.160	 77.504	  1.005	  1.481	  0.000
20	  2.160	 81.351	  1.005	  1.481	  0.000
21	  2.160	 85.197	  1.005	  1.481	  0.000
22	  2.160	 89.043	  1.005	  1.481	  0.000
23	  2.160	 92.889	  1.005	  1.481	  0.000
24	  2.160	 96.735	  1.005	  1.481	  0.000
25	  2.160	100.581	  1.005	  1.481	  0.000
0	  2.280	  4.606	  1.005	  1.485	  0.000
1	  2.280	  8.452	  1.005	  1.485	  0.000
2	  2.280	 12.298	  1.005	  1.485	  0.000
3	  2.280	 16.144	  1.005	  1.485	  0.000
4	  2.280	 19.990	  1.005	  1.485	  0.000
5	  2.280	 23.836	  1.005	  1.485	  0.000
6	  2.280	 27.682	  1.005	  1.485	  0.000
7	  2.280	 31.529	  1.005	  1.485	  0.000
8	  2.280	 35.375	  1.005	  1.485	  0.000
9	  2.280	 39.221	  1.005	  1.485	  0.000
10	  2.280	 43.067	  1.005	  1.485	  0.000
11	  2.280	 46.913	  1.005	  1.485	  0.000
12	  2.280	 50.759	  1.005	  1.485	  0.000
13	  2.280	 54.606	  1.005	  1.485	  0.000
14	  2.280	 58.452	  1.005	  1.485	  0.000
15	  2.280	 62.298	  1.005	  1.485	  0.000
16	  2.280	 66.144	  1.005	  1.485	  0.000
17	  2.280	 69.990	  1.005	  1.485	  0.000
18	  2.280	 73.836	  1.005	  1.485	  0.000
19	  2.280	 77.682	  1.005	  1.485	  0.000
20	  2.280	 81.529	  1.005	  1.485	  0.000
21	  2.280	 85.375	  1.005	  1.485	  0.000
22	  2.280	 89.221	  1.005	  1.485	  0.000
23	  2.280	 93.067	  1.005	  1.485	  0.000
24	  2.280	 96.913	  1.005	  1.485	  0.000
25	  2.280	100.759	  1.005	  1.485	  0.000
0	  2.400	  4.784	  1.005	  1.488	  0.000
1	  2.400	  8.630	  1.005	  1.488	  0.000
2	  2.400	 12.476	  1.005	  1.488	  0.000
3	  2.400	 16.322	  1.005	  1.488	  0.000
4	  2.400	 20.169	  1.005	  1.488	  0.000
5	  2.400	 24.015	  1.005	  1.488	  0.000
6	  2.400	 27.861	  1.005	  1.488	  0.000
7	  2.400	 31.707	  1.005	  1.488	  0.000
8	  2.400	 35.553	  1.005	  1.488	  0.000
9	  2.400	 39.399	  1.005	  1.488	  0.000
10	  2.400	 43.245	  1.005	  1.488	  0.000
11	  2.400	 47.092	  1.005	  1.488	  0.000
12	  2.400	 50.938	  1.005	  1.488	  0.000
13	  2.400	 54.784	  1.005	  1.488	  0.000
14	  2.400	 58.630	  1.005	  1.488	  0.000
15	  2.400	 62.476	  1.005	  1.488	  0.000
16	  2.400	 66.322	  1.005	  1.488	  0.000
17	  2.400	 70.169	  1.005	  1.488	  0.000
18	  2.400	 74.015	  1.005	  1.488	  0.000
19	  2.400	 77.861	  1.005	  1.488	  0.000
20	  2.400	 81.707	  1.005	  1.488	  0.000
21	  2.400	 85.553	  1.005	  1.488	  0.000
22	  2.400	 89.399	  1.005	  1.488	  0.000
23	  2.400	 93.245	  1.005	  1.488	  0.000
24	  2.400	 97.092	  1.005	  1.488	  0.000
25	  2.400	100.938	  1.005	  1.488	  0.000
0	  2.520	  4.963	  1.005	  1.491	  0.000
1	  2.520	  8.809	  1.005	  1.491	  0.000
2	  2.520	 12.655	  1.005	  1.491	  0.000
3	  2.520	 16.501	  1.005	  1.491	  0.000
4	  2.520	 20.347	  1.005	  1.491	  0.000
5	  2.520	 24.193	  1.005	  1.491	  0.000
6	  2.520	 28.040	  1.005	  1.491	  0.000
7	  2.520	 31.886	  1.005	  1.491	  0.000
8	  2.520	 35.732	  1.005	  1.491	  0.000
9	  2.520	 39.578	  1.005	  1.491	  0.000
10	  2.520	 43.424	  1.005	  1.491	  0.000
11	  2.520	 47.270	  1.005	  1.491	  0.000
12	  2.520	 51.117	  1.005	  1.491	  0.000
13	  2.520	 54.963	  1.005	  1.491	  0.000
14	  2.520	 58.809	  1.005	  1.491	  0.000
15	  2.520	 62.655	  1.005	  1.491	  0.000
16	  2.520	 66.501	  1.005	  1.491	  0.000
17	  2.520	 70.347	  1.005	  1.491	  0.000
18	  2.520	 74.193	  1.005	  1.491	  0.000
19	  2.520	 78.040	  1.005	  1.491	  0.000
20	  2.520	 81.886	  1.005	  1.491	  0.000
21	  2.520	 85.732	  1.005	  1.491	  0.000
22	  2.520	 89.578	  1.005	  1.491	  0.000
23	  2.520	 93.424	  1.005	  1.491	  0.000
24	  2.520	 97.270	  1.005	  1.491	  0.000
25	  2.520	101.117	  1.005	  1.491	  0.000
0	  2.640	  5.142	  1.005	  1.493	  0.000
1	  2.640	  8.988	  1.005	  1.493	  0.000
2	  2.640	 12.834	  1.005	  1.493	  0.000
3	  2.640	 16.680	  1.005	  1.493	  0.000
4	  2.640	 20.526	  1.005	  1.493	  0.000
5	  2.640	 24.372	  1.005	  1.493	  0.000
6	  2.640	 28.219	  1.005	  1.493	  0.000
7	  2.640	 32.065	  1.005	  1.493	  0.000
8	  2.640	 35.911	  1.005	  1.493	  0.000
9	  2.640	 39.757	  1.005	  1.493	  0.000
10	  2.640	 43.603	  1.005	  1.493	  0.000
11	  2.640	 47.449	  1.005	  1.493	  0.000
12	  2.640	 51.296	  1.005	  1.493	  0.000
13	  2.640	 55.142	  1.005	  1.493	  0.000
14	  2.640	 58.988	  1.005	  1.493	  0.000
15	  2.640	 62.834	  1.005	  1.493	  0.000
16	  2.640	 66.680	  1.005	  1.493	  0.000
17	  2.640	 70.526	  1.005	  1.493	  0.000
18	  2.640	 74.372	  1.005	  1.493	  0.000
19	  2.640	 78.219	  1.005	  1.493	  0.000
20	  2.640	 82.065	  1.005	  1.493	  0.000
21	  2.640	 85.911	  1.005	  1.493	  0.000
22	  2.640	 89.757	  1.005	  1.493	  0.000
23	  2.640	 93.603	  1.005	  1.493	  0.000
24	  2.640	 97.449	  1.005	  1.493	  0.000
25	  2.640	101.296	  1.005	  1.493	  0.000
0	  2.760	  5.321	  1.005	  1.494	  0.000
1	  2.760	  9.167	  1.005	  1.494	  0.000
2	  2.760	 13.013	  1.005	  1.494	  0.000
3	  2.760	 16.859	  1.005	  1.494	  0.000
4	  2.760	 20.706	  1.005	  1.494	  0.000
5	  2.760	 24.552	  1.005	  1.494	  0.000
6	  2.760	 28.398	  1.005	  1.494	  0.000
7	  2.760	 32.244	  1.005	  1.494	  0.000
8	  2.760	 36.090	  1.005	  1.494	  0.000
9	  2.760	 39.936	  1.005	  1.494	  0.000
10	  2.760	 43.782	  1.005	  1.494	  0.000
11	  2.760	 47.629	  1.005	  1.494	  0.000
12	  2.760	 51.475	  1.005	  1.494	  0.000
13	  2.760	 55.321	  1.005	  1.494	  0.000
14	  2.760	 59.167	  1.005	  1.494	  0.000
15	  2.760	 63.013	  1.005	  1.494	  0.000
16	  2.760	 66.859	  1.005	  1.494	  0.000
17	  2.760	 70.706	  1.005	  1.494	  0.000
18	  2.760	 74.552	  1.005	  1.494	  0.000
19	  2.760	 78.398	  1.005	  1.494	  0.000
20	  2.760	 82.244	  1.005	  1.494	  0.000
21	  2.760	 86.090	  1.005	  1.494	  0.000
22	  2.760	 89.936	  1.005	  1.494	  0.000
23	  2.760	 93.782	  1.005	  1.494	  0.000
24	  2.760	 97.629	  1.005	  1.494	  0.000
25	  2.760	101.475	  1.005	  1.494	  0.000
0	  2.880	  5.500	  1.005	  1.496	  0.000
1	  2.880	  9.346	  1.005	  1.496	  0.000
2	  2.880	 13.193	  1.005	  1.496	  0.000
3	  2.880	 17.039	  1.005	  1.496	  0.000
4	  2.880	 20.885	  1.005	  1.496	  0.000
5	  2.880	 24.731	  1.005	  1.496	  0.000
6	  2.880	 28.577	  1.005	  1.496	  0.000
7	  2.880	 32.423	  1.005	  1.496	  0.000
8	  2.880	 36.270	  1.005	  1.496	  0.000
9	  2.880	 40.116	  1.005	  1.496	  0.000
10	  2.880	 43.962	  1.005	  1.496	  0.000
11	  2.880	 47.808	  1.005	  1.496	  0.000
12	  2.880	 51.654	  1.005	  1.496	  0.000
13	  2.880	 55.500	  1.005	  1.496	  0.000
14	  2.880	 59.346	  1.005	  1.496	  0.000
15	  2.880	 63.193	  1.005	  1.496	  0.000
16	  2.880	 67.039	  1.005	  1.496	  0.000
17	  2.880	 70.885	  1.005	  1.496	  0.000
18	  2.880	 74.731	  1.005	  1.496	  0.000
19	  2.880	 78.577	  1.005	  1.496	  0.000
20	  2.880	 82.423	  1.005	  1.496	  0.000
21	  2.880	 86.270	  1.005	  1.496	  0.000
22	  2.880	 90.116	  1.005	  1.496	  0.000
23	  2.880	 93.962	  1.005	  1.496	  0.000
24	  2.880	 97.808	  1.005	  1.496	  0.000
25	  2.880	101.654	  1.005	  1.496	  0.000
0	  3.000	  5.680	  1.005	  1.497	  0.000
1	  3.000	  9.526	  1.005	  1.497	  0.000
2	  3.000	 13.372	  1.005	  1.497	  0.000
3	  3.000	 17.218	  1.005	  1.497	  0.000
4	  3.000	 21.064	  1.005	  1.497	  0.000
5	  3.000	 24.911	  1.005	  1.497	  0.000
6	  3.000	 28.757	  1.005	  1.497	  0.000
7	  3.000	 32.603	  1.005	  1.497	  0.000
8	  3.000	 36.449	  1.005	  1.497	  0.000
9	  3.000	 40.295	  1.005	  1.497	  0.000
10	  3.000	 44.141	  1.005	  1.497	  0.000
11	  3.000	 47.988	  1.005	  1.497	  0.000
12	  3.000	 51.834	  1.005	  1.497	  0.000
13	  3.000	 55.680	  1.005	  1.497	  0.000
14	  3.000	 59.526	  1.005	  1.497	  0.000
15	  3.000	 63.372	  1.005	  1.497	  0.000
16	  3.000	 67.218	  1.005	  1.497	  0.000
17	  3.000	 71.064	  1.005	  1.497	  0.000
18	  3.000	 74.911	  1.005	  1.497	  0.000
19	  3.000	 78.757	  1.005	  1.497	  0.000
20	  3.000	 82.603	  1.005	  1.497	  0.000
21	  3.000	 86.449	  1.005	  1.497	  0.000
22	  3.000	 90.295	  1.005	  1.497	  0.000
23	  3.000	 94.141	  1.005	  1.497	  0.000
24	  3.000	 97.988	  1.005	  1.497	  0.000
25	  3.000	101.834	  1.005	  1.497	  0.000
