# id	 time	 x	 y	 vx	 vy
0	  0.000	  0.980	  1.000	  0.010	  0.010
1	  0.000	  2.941	  1.000	  0.010	  0.010
2	  0.000	  4.902	  1.000	  0.010	  0.010
3	  0.000	  6.863	  1.000	  0.010	  0.010
4	  0.000	  8.824	  1.000	  0.010	  0.010
5	  0.000	 10.784	  1.000	  0.010	  0.010
6	  0.000	 12.745	  1.000	  0.010	  0.010
7	  0.000	 14.706	  1.000	  0.010	  0.010
8	  0.000	 16.667	  1.000	  0.010	  0.010
9	  0.000	 18.627	  1.000	  0.010	  0.010
10	  0.000	 20.588	  1.000	  0.010	  0.010
11	  0.000	 22.549	  1.000	  0.010	  0.010
12	  0.000	 24.510	  1.000	  0.010	  0.010
13	  0.000	 26.471	  1.000	  0.010	  0.010
14	  0.000	 28.431	  1.000	  0.010	  0.010
15	  0.000	 30.392	  1.000	  0.010	  0.010
16	  0.000	 32.353	  1.000	  0.010	  0.010
17	  0.000	 34.314	  1.000	  0.010	  0.010
18	  0.000	 36.275	  1.000	  0.010	  0.010
19	  0.000	 38.235	  1.000	  0.010	  0.010
20	  0.000	 40.196	  1.000	  0.010	  0.010
21	  0.000	 42.157	  1.000	  0.010	  0.010
22	  0.000	 44.118	  1.000	  0.010	  0.010
23	  0.000	 46.078	  1.000	  0.010	  0.010
24	  0.000	 48.039	  1.000	  0.010	  0.010
25	  0.000	 50.000	  1.000	  0.010	  0.010
26	  0.000	 51.961	  1.000	  0.010	  0.010
27	  0.000	 53.922	  1.000	  0.010	  0.010
28	  0.000	 55.882	  1.000	  0.010	  0.010
29	  0.000	 57.843	  1.000	  0.010	  0.010
30	  0.000	 59.804	  1.000	  0.010	  0.010
31	  0.000	 61.765	  1.000	  0.010	  0.010
32	  0.000	 63.725	  1.000	  0.010	  0.010
33	  0.000	 65.686	  1.000	  0.010	  0.010
34	  0.000	 67.647	  1.000	  0.010	  0.010
35	  0.000	 69.608	  1.000	  0.010	  0.010
36	  0.000	 71.569	  1.000	  0.010	  0.010
37	  0.000	 73.529	  1.000	  0.010	  0.010
38	  0.000	 75.490	  1.000	  0.010	  0.010
39	  0.000	 77.451	  1.000	  0.010	  0.010
40	  0.000	 79.412	  1.000	  0.010	  0.010
41	  0.000	 81.373	  1.000	  0.010	  0.010
42	  0.000	 83.333	  1.000	  0.010	  0.010
43	  0.000	 85.294	  1.000	  0.010	  0.010
44	  0.000	 87.255	  1.000	  0.010	  0.010
45	  0.000	 89.216	  1.000	  0.010	  0.010
46	  0.000	 91.176	  1.000	  0.010	  0.010
47	  0.000	 93.137	  1.000	  0.010	  0.010
48	  0.000	 95.098	  1.000	  0.010	  0.010
49	  0.000	 97.059	  1.000	  0.010	  0.010
50	  0.000	 99.020	  1.000	  0.010	  0.010
0	  0.120	  1.000	  1.001	  0.331	  0.008
1	  0.120	  2.961	  1.001	  0.331	  0.008
2	  0.120	  4.922	  1.001	  0.331	  0.008
3	  0.120	  6.882	  1.001	  0.331	  0.008
4	  0.120	  8.843	  1.001	  0.331	  0.008
5	  0.120	 10.804	  1.001	  0.331	  0.008
6	  0.120	 12.765	  1.001	  0.331	  0.008
7	  0.120	 14.725	  1.001	  0.331	  0.008
8	  0.120	 16.686	  1.001	  0.331	  0.008
9	  0.120	 18.647	  1.001	  0.331	  0.008
10	  0.120	 20.608	  1.001	  0.331	  0.008
11	  0.120	 22.569	  1.001	  0.331	  0.008
12	  0.120	 24.529	  1.001	  0.331	  0.008
13	  0.120	 26.490	  1.001	  0.331	  0.008
14	  0.120	 28.451	  1.001	  0.331	  0.008
15	  0.120	 30.412	  1.001	  0.331	  0.008
16	  0.120	 32.373	  1.001	  0.331	  0.008
17	  0.120	 34.333	  1.001	  0.331	  0.008
18	  0.120	 36.294	  1.001	  0.331	  0.008
19	  0.120	 38.255	  1.001	  0.331	  0.008
20	  0.120	 40.216	  1.001	  0.331	  0.008
21	  0.120	 42.176	  1.001	  0.331	  0.008
22	  0.120	 44.137	  1.001	  0.331	  0.008
23	  0.120	 46.098	  1.001	  0.331	  0.008
24	  0.120	 48.059	  1.001	  0.331	  0.008
25	  0.120	 50.020	  1.001	  0.331	  0.008
26	  0.120	 51.980	  1.001	  0.331	  0.008
27	  0.120	 53.941	  1.001	  0.331	  0.008
28	  0.120	 55.902	  1.001	  0.331	  0.008
29	  0.120	 57.863	  1.001	  0.331	  0.008
30	  0.120	 59.824	  1.001	  0.331	  0.008
31	  0.120	 61.784	  1.001	  0.331	  0.008
32	  0.120	 63.745	  1.001	  0.331	  0.008
33	  0.120	 65.706	  1.001	  0.331	  0.008
34	  0.120	 67.667	  1.001	  0.331	  0.008
35	  0.120	 69.627	  1.001	  0.331	  0.008
36	  0.120	 71.588	  1.001	  0.331	  0.008
37	  0.120	 73.549	  1.001	  0.331	  0.008
38	  0.120	 75.510	  1.001	  0.331	  0.008
39	  0.120	 77.471	  1.001	  0.331	  0.008
40	  0.120	 79.431	  1.001	  0.331	  0.008
41	  0.120	 81.392	  1.001	  0.331	  0.008
42	  0.120	 83.353	  1.001	  0.331	  0.008
43	  0.120	 85.314	  1.001	  0.331	  0.008
44	  0.120	 87.275	  1.001	  0.331	  0.008
45	  0.120	 89.235	  1.001	  0.331	  0.008
46	  0.120	 91.196	  1.001	  0.331	  0.008
47	  0.120	 93.157	  1.001	  0.331	  0.008
48	  0.120	 95.118	  1.001	  0.331	  0.008
49	  0.120	 97.078	  1.001	  0.331	  0.008
50	  0.120	 99.039	  1.001	  0.331	  0.008
0	  0.240	  1.054	  1.002	  0.582	  0.006
1	  0.240	  3.015	  1.002	  0.582	  0.006
2	  0.240	  4.976	  1.002	  0.582	  0.006
3	  0.240	  6.936	  1.002	  0.582	  0.006
4	  0.240	  8.897	  1.002	  0.582	  0.006
5	  0.240	 10.858	  1.002	  0.582	  0.006
6	  0.240	 12.819	  1.002	  0.582	  0.006
7	  0.240	 14.780	  1.002	  0.582	  0.006
8	  0.240	 16.740	  1.002	  0.582	  0.006
9	  0.240	 18.701	  1.002	  0.582	  0.006
10	  0.240	 20.662	  1.002	  0.582	  0.006
11	  0.240	 22.623	  1.002	  0.582	  0.006
12	  0.240	 24.584	  1.002	  0.582	  0.006
13	  0.240	 26.544	  1.002	  0.582	  0.006
14	  0.240	 28.505	  1.002	  0.582	  0.006
15	  0.240	 30.466	  1.002	  0.582	  0.006
16	  0.240	 32.427	  1.002	  0.582	  0.006
17	  0.240	 34.387	  1.002	  0.582	  0.006
18	  0.240	 36.348	  1.002	  0.582	  0.006
19	  0.240	 38.309	  1.002	  0.582	  0.006
20	  0.240	 40.270	  1.002	  0.582	  0.006
21	  0.240	 42.231	  1.002	  0.582	  0.006
22	  0.240	 44.191	  1.002	  0.582	  0.006
23	  0.240	 46.152	  1.002	  0.582	  0.006
24	  0.240	 48.113	  1.002	  0.582	  0.006
25	  0.240	 50.074	  1.002	  0.582	  0.006
26	  0.240	 52.034	  1.002	  0.582	  0.006
27	  0.240	 53.995	  1.002	  0.582	  0.006
28	  0.240	 55.956	  1.002	  0.582	  0.006
29	  0.240	 57.917	  1.002	  0.582	  0.006
30	  0.240	 59.878	  1.002	  0.582	  0.006
31	  0.240	 61.838	  1.002	  0.582	  0.006
32	  0.240	 63.799	  1.002	  0.582	  0.006
33	  0.240	 65.760	  1.002	  0.582	  0.006
34	  0.240	 67.721	  1.002	  0.582	  0.006
35	  0.240	 69.682	  1.002	  0.582	  0.006
36	  0.240	 71.642	  1.002	  0.582	  0.006
37	  0.240	 73.603	  1.002	  0.582	  0.006
38	  0.240	 75.564	  1.002	  0.582	  0.006
39	  0.240	 77.525	  1.002	  0.582	  0.006
40	  0.240	 79.485	  1.002	  0.582	  0.006
41	  0.240	 81.446	  1.002	  0.582	  0.006
42	  0.240	 83.407	  1.002	  0.582	  0.006
43	  0.240	 85.368	  1.002	  0.582	  0.006
44	  0.240	 87.329	  1.002	  0.582	  0.006
45	  0.240	 89.289	  1.002	  0.582	  0.006
46	  0.240	 91.250	  1.002	  0.582	  0.006
47	  0.240	 93.211	  1.002	  0.582	  0.006
48	  0.240	 95.172	  1.002	  0.582	  0.006
49	  0.240	 97.133	  1.002	  0.582	  0.006
50	  0.240	 99.093	  1.002	  0.582	  0.006
0	  0.360	  1.135	  1.003	  0.780	  0.005
1	  0.360	  3.096	  1.003	  0.780	  0.005
2	  0.360	  5.057	  1.003	  0.780	  0.005
3	  0.360	  7.018	  1.003	  0.780	  0.005
4	  0.360	  8.978	  1.003	  0.780	  0.005
5	  0.360	 10.939	  1.003	  0.780	  0.005
6	  0.360	 12.900	  1.003	  0.780	  0.005
7	  0.360	 14.861	  1.003	  0.780	  0.005
8	  0.360	 16.822	  1.003	  0.780	  0.005
9	  0.360	 18.782	  1.003	  0.780	  0.005
10	  0.360	 20.743	  1.003	  0.780	  0.005
11	  0.360	 22.704	  1.003	  0.780	  0.005
12	  0.360	 24.665	  1.003	  0.780	  0.005
13	  0.360	 26.625	  1.003	  0.780	  0.005
14	  0.360	 28.586	  1.003	  0.780	  0.005
15	  0.360	 30.547	  1.003	  0.780	  0.005
16	  0.360	 32.508	  1.003	  0.780	  0.005
17	  0.360	 34.469	  1.003	  0.780	  0.005
18	  0.360	 36.429	  1.003	  0.780	  0.005
19	  0.360	 38.390	  1.003	  0.780	  0.005
20	  0.360	 40.351	  1.003	  0.780	  0.005
21	  0.360	 42.312	  1.003	  0.780	  0.005
22	  0.360	 44.273	  1.003	  0.780	  0.005
23	  0.360	 46.233	  1.003	  0.780	  0.005
24	  0.360	 48.194	  1.003	  0.780	  0.005
25	  0.360	 50.155	  1.003	  0.780	  0.005
26	  0.360	 52.116	  1.003	  0.780	  0.005
27	  0.360	 54.076	  1.003	  0.780	  0.005
28	  0.360	 56.037	  1.003	  0.780	  0.005
29	  0.360	 57.998	  1.003	  0.780	  0.005
30	  0.360	 59.959	  1.003	  0.780	  0.005
31	  0.360	 61.920	  1.003	  0.780	  0.005
32	  0.360	 63.880	  1.003	  0.780	  0.005
33	  0.360	 65.841	  1.003	  0.780	  0.005
34	  0.360	 67.802	  1.003	  0.780	  0.005
35	  0.360	 69.763	  1.003	  0.780	  0.005
36	  0.360	 71.724	  1.003	  0.780	  0.005
37	  0.360	 73.684	  1.003	  0.780	  0.005
38	  0.360	 75.645	  1.003	  0.780	  0.005
39	  0.360	 77.606	  1.003	  0.780	  0.005
40	  0.360	 79.567	  1.003	  0.780	  0.005
41	  0.360	 81.527	  1.003	  0.780	  0.005
42	  0.360	 83.488	  1.003	  0.780	  0.005
43	  0.360	 85.449	  1.003	  0.780	  0.005
44	  0.360	 87.410	  1.003	  0.780	  0.005
45	  0.360	 89.371	  1.003	  0.780	  0.005
46	  0.360	 91.331	  1.003	  0.780	  0.005
47	  0.360	 93.292	  1.003	  0.780	  0.005
48	  0.360	 95.253	  1.003	  0.780	  0.005
49	  0.360	 97.214	  1.003	  0.780	  0.005
50	  0.360	 99.175	  1.003	  0.780	  0.005
0	  0.480	  1.238	  1.003	  0.934	  0.004
1	  0.480	  3.199	  1.003	  0.934	  0.004
2	  0.480	  5.159	  1.003	  0.934	  0.004
3	  0.480	  7.120	  1.003	  0.934	  0.004
4	  0.480	  9.081	  1.003	  0.934	  0.004
5	  0.480	 11.042	  1.003	  0.934	  0.004
6	  0.480	 13.002	  1.003	  0.934	  0.004
7	  0.480	 14.963	  1.003	  0.934	  0.004
8	  0.480	 16.924	  1.003	  0.934	  0.004
9	  0.480	 18.885	  1.003	  0.934	  0.004
10	  0.480	 20.846	  1.003	  0.934	  0.004
11	  0.480	 22.806	  1.003	  0.934	  0.004
12	  0.480	 24.767	  1.003	  0.934	  0.004
13	  0.480	 26.728	  1.003	  0.934	  0.004
14	  0.480	 28.689	  1.003	  0.934	  0.004
15	  0.480	 30.649	  1.003	  0.934	  0.004
16	  0.480	 32.610	  1.003	  0.934	  0.004
17	  0.480	 34.571	  1.003	  0.934	  0.004
18	  0.480	 36.532	  1.003	  0.934	  0.004
19	  0.480	 38.493	  1.003	  0.934	  0.004
20	  0.480	 40.453	  1.003	  0.934	  0.004
21	  0.480	 42.414	  1.003	  0.934	  0.004
22	  0.480	 44.375	  1.003	  0.934	  0.004
23	  0.480	 46.336	  1.003	  0.934	  0.004
24	  0.480	 48.297	  1.003	  0.934	  0.004
25	  0.480	 50.257	  1.003	  0.934	  0.004
26	  0.480	 52.218	  1.003	  0.934	  0.004
27	  0.480	 54.179	  1.003	  0.934	  0.004
28	  0.480	 56.140	  1.003	  0.934	  0.004
29	  0.480	 58.100	  1.003	  0.934	  0.004
30	  0.480	 60.061	  1.003	  0.934	  0.004
31	  0.480	 62.022	  1.003	  0.934	  0.004
32	  0.480	 63.983	  1.003	  0.934	  0.004
33	  0.480	 65.944	  1.003	  0.934	  0.004
34	  0.480	 67.904	  1.003	  0.934	  0.004
35	  0.480	 69.865	  1.003	  0.934	  0.004
36	  0.480	 71.826	  1.003	  0.934	  0.004
37	  0.480	 73.787	  1.003	  0.934	  0.004
38	  0.480	 75.748	  1.003	  0.934	  0.004
39	  0.480	 77.708	  1.003	  0.934	  0.004
40	  0.480	 79.669	  1.003	  0.934	  0.004
41	  0.480	 81.630	  1.003	  0.934	  0.004
42	  0.480	 83.591	  1.003	  0.934	  0.004
43	  0.480	 85.551	  1.003	  0.934	  0.004
44	  0.480	 87.512	  1.003	  0.934	  0.004
45	  0.480	 89.473	  1.003	  0.934	  0.004
46	  0.480	 91.434	  1.003	  0.934	  0.004
47	  0.480	 93.395	  1.003	  0.934	  0.004
48	  0.480	 95.355	  1.003	  0.934	  0.004
49	  0.480	 97.316	  1.003	  0.934	  0.004
50	  0.480	 99.277	  1.003	  0.934	  0.004
0	  0.600	  1.357	  1.004	  1.056	  0.003
1	  0.600	  3.318	  1.004	  1.056	  0.003
2	  0.600	  5.278	  1.004	  1.056	  0.003
3	  0.600	  7.239	  1.004	  1.056	  0.003
4	  0.600	  9.200	  1.004	  1.056	  0.003
5	  0.600	 11.161	  1.004	  1.056	  0.003
6	  0.600	 13.122	  1.004	  1.056	  0.003
7	  0.600	 15.082	  1.004	  1.056	  0.003
8	  0.600	 17.043	  1.004	  1.056	  0.003
9	  0.600	 19.004	  1.004	  1.056	  0.003
10	  0.600	 20.965	  1.004	  1.056	  0.003
11	  0.600	 22.925	  1.004	  1.056	  0.003
12	  0.600	 24.886	  1.004	  1.056	  0.003
13	  0.600	 26.847	  1.004	  1.056	  0.003
14	  0.600	 28.808	  1.004	  1.056	  0.003
15	  0.600	 30.769	  1.004	  1.056	  0.003
16	  0.600	 32.729	  1.004	  1.056	  0.003
17	  0.600	 34.690	  1.004	  1.056	  0.003
18	  0.600	 36.651	  1.004	  1.056	  0.003
19	  0.600	 38.612	  1.004	  1.056	  0.003
20	  0.600	 40.573	  1.004	  1.056	  0.003
21	  0.600	 42.533	  1.004	  1.056	  0.003
22	  0.600	 44.494	  1.004	  1.056	  0.003
23	  0.600	 46.455	  1.004	  1.056	  0.003
24	  0.600	 48.416	  1.004	  1.056	  0.003
25	  0.600	 50.376	  1.004	  1.056	  0.003
26	  0.600	 52.337	  1.004	  1.056	  0.003
27	  0.600	 54.298	  1.004	  1.056	  0.003
28	  0.600	 56.259	  1.004	  1.056	  0.003
29	  0.600	 58.220	  1.004	  1.056	  0.003
30	  0.600	 60.180	  1.004	  1.056	  0.003
31	  0.600	 62.141	  1.004	  1.056	  0.003
32	  0.600	 64.102	  1.004	  1.056	  0.003
33	  0.600	 66.063	  1.004	  1.056	  0.003
34	  0.600	 68.024	  1.004	  1.056	  0.003
35	  0.600	 69.984	  1.004	  1.056	  0.003
36	  0.600	 71.945	  1.004	  1.056	  0.003
37	  0.600	 73.906	  1.004	  1.056	  0.003
38	  0.600	 75.867	  1.004	  1.056	  0.003
39	  0.600	 77.827	  1.004	  1.056	  0.003
40	  0.600	 79.788	  1.004	  1.056	  0.003
41	  0.600	 81.749	  1.004	  1.056	  0.003
42	  0.600	 83.710	  1.004	  1.056	  0.003
43	  0.600	 85.671	  1.004	  1.056	  0.003
44	  0.600	 87.631	  1.004	  1.056	  0.003
45	  0.600	 89.592	  1.004	  1.056	  0.003
46	  0.600	 91.553	  1.004	  1.056	  0.003
47	  0.600	 93.514	  1.004	  1.056	  0.003
48	  0.600	 95.474	  1.004	  1.056	  0.003
49	  0.600	 97.435	  1.004	  1.056	  0.003
50	  0.600	 99.396	  1.004	  1.056	  0.003
0	  0.720	  1.489	  1.004	  1.151	  0.002
1	  0.720	  3.450	  1.004	  1.151	  0.002
2	  0.720	  5.411	  1.004	  1.151	  0.002
3	  0.720	  7.371	  1.004	  1.151	  0.002
4	  0.720	  9.332	  1.004	  1.151	  0.002
5	  0.720	 11.293	  1.004	  1.151	  0.002
6	  0.720	 13.254	  1.004	  1.151	  0.002
7	  0.720	 15.215	  1.004	  1.151	  0.002
8	  0.720	 17.175	  1.004	  1.151	  0.002
9	  0.720	 19.136	  1.004	  1.151	  0.002
10	  0.720	 21.097	  1.004	  1.151	  0.002
11	  0.720	 23.058	  1.004	  1.151	  0.002
12	  0.720	 25.018	  1.004	  1.151	  0.002
13	  0.720	 26.979	  1.004	  1.151	  0.002
14	  0.720	 28.940	  1.004	  1.151	  0.002
15	  0.720	 30.901	  1.004	  1.151	  0.002
16	  0.720	 32.862	  1.004	  1.151	  0.002
17	  0.720	 34.822	  1.004	  1.151	  0.002
18	  0.720	 36.783	  1.004	  1.151	  0.002
19	  0.720	 38.744	  1.004	  1.151	  0.002
20	  0.720	 40.705	  1.004	  1.151	  0.002
21	  0.720	 42.666	  1.004	  1.151	  0.002
22	  0.720	 44.626	  1.004	  1.151	  0.002
23	  0.720	 46.587	  1.004	  1.151	  0.002
24	  0.720	 48.548	  1.004	  1.151	  0.002
25	  0.720	 50.509	  1.004	  1.151	  0.002
26	  0.720	 52.469	  1.004	  1.151	  0.002
27	  0.720	 54.430	  1.004	  1.151	  0.002
28	  0.720	 56.391	  1.004	  1.151	  0.002
29	  0.720	 58.352	  1.004	  1.151	  0.002
30	  0.720	 60.313	  1.004	  1.151	  0.002
31	  0.720	 62.273	  1.004	  1.151	  0.002
32	  0.720	 64.234	  1.004	  1.151	  0.002
33	  0.720	 66.195	  1.004	  1.151	  0.002
34	  0.720	 68.156	  1.004	  1.151	  0.002
35	  0.720	 70.116	  1.004	  1.151	  0.002
36	  0.720	 72.077	  1.004	  1.151	  0.002
37	  0.720	 74.038	  1.004	  1.151	  0.002
38	  0.720	 75.999	  1.004	  1.151	  0.002
39	  0.720	 77.960	  1.004	  1.151	  0.002
40	  0.720	 79.920	  1.004	  1.151	  0.002
41	  0.720	 81.881	  1.004	  1.151	  0.002
42	  0.720	 83.842	  1.004	  1.151	  0.002
43	  0.720	 85.803	  1.004	  1.151	  0.002
44	  0.720	 87.764	  1.004	  1.151	  0.002
45	  0.720	 89.724	  1.004	  1.151	  0.002
46	  0.720	 91.685	  1.004	  1.151	  0.002
47	  0.720	 93.646	  1.004	  1.151	  0.002
48	  0.720	 95.607	  1.004	  1.151	  0.002
49	  0.720	 97.567	  1.004	  1.151	  0.002
50	  0.720	 99.528	  1.004	  1.151	  0.002
0	  0.840	  1.631	  1.004	  1.226	  0.002
1	  0.840	  3.592	  1.004	  1.226	  0.002
2	  0.840	  5.553	  1.004	  1.226	  0.002
3	  0.840	  7.514	  1.004	  1.226	  0.002
4	  0.840	  9.475	  1.004	  1.226	  0.002
5	  0.840	 11.435	  1.004	  1.226	  0.002
6	  0.840	 13.396	  1.004	  1.226	  0.002
7	  0.840	 15.357	  1.004	  1.226	  0.002
8	  0.840	 17.318	  1.004	  1.226	  0.002
9	  0.840	 19.279	  1.004	  1.226	  0.002
10	  0.840	 21.239	  1.004	  1.226	  0.002
11	  0.840	 23.200	  1.004	  1.226	  0.002
12	  0.840	 25.161	  1.004	  1.226	  0.002
13	  0.840	 27.122	  1.004	  1.226	  0.002
14	  0.840	 29.082	  1.004	  1.226	  0.002
15	  0.840	 31.043	  1.004	  1.226	  0.002
16	  0.840	 33.004	  1.004	  1.226	  0.002
17	  0.840	 34.965	  1.004	  1.226	  0.002
18	  0.840	 36.926	  1.004	  1.226	  0.002
19	  0.840	 38.886	  1.004	  1.226	  0.002
20	  0.840	 40.847	  1.004	  1.226	  0.002
21	  0.840	 42.808	  1.004	  1.226	  0.002
22	  0.840	 44.769	  1.004	  1.226	  0.002
23	  0.840	 46.730	  1.004	  1.226	  0.002
24	  0.840	 48.690	  1.004	  1.226	  0.002
25	  0.840	 50.651	  1.004	  1.226	  0.002
26	  0.840	 52.612	  1.004	  1.226	  0.002
27	  0.840	 54.573	  1.004	  1.226	  0.002
28	  0.840	 56.533	  1.004	  1.226	  0.002
29	  0.840	 58.494	  1.004	  1.226	  0.002
30	  0.840	 60.455	  1.004	  1.226	  0.002
31	  0.840	 62.416	  1.004	  1.226	  0.002
32	  0.840	 64.377	  1.004	  1.226	  0.002
33	  0.840	 66.337	  1.004	  1.226	  0.002
34	  0.840	 68.298	  1.004	  1.226	  0.002
35	  0.840	 70.259	  1.004	  1.226	  0.002
36	  0.840	 72.220	  1.004	  1.226	  0.002
37	  0.840	 74.181	  1.004	  1.226	  0.002
38	  0.840	 76.141	  1.004	  1.226	  0.002
39	  0.840	 78.102	  1.004	  1.226	  0.002
40	  0.840	 80.063	  1.004	  1.226	  0.002
41	  0.840	 82.024	  1.004	  1.226	  0.002
42	  0.840	 83.984	  1.004	  1.226	  0.002
43	  0.840	 85.945	  1.004	  1.226	  0.002
44	  0.840	 87.906	  1.004	  1.226	  0.002
45	  0.840	 89.867	  1.004	  1.226	  0.002
46	  0.840	 91.828	  1.004	  1.226	  0.002
47	  0.840	 93.788	  1.004	  1.226	  0.002
48	  0.840	 95.749	  1.004	  1.226	  0.002
49	  0.840	 97.710	  1.004	  1.226	  0.002
50	  0.840	 99.671	  1.004	  1.226	  0.002
0	  0.960	  1.782	  1.004	  1.285	  0.001
1	  0.960	  3.743	  1.004	  1.285	  0.001
2	  0.960	  5.704	  1.004	  1.285	  0.001
3	  0.960	  7.664	  1.004	  1.285	  0.001
4	  0.960	  9.625	  1.004	  1.285	  0.001
5	  0.960	 11.586	  1.004	  1.285	  0.001
6	  0.960	 13.547	  1.004	  1.285	  0.001
7	  0.960	 15.508	  1.004	  1.285	  0.001
8	  0.960	 17.468	  1.004	  1.285	  0.001
9	  0.960	 19.429	  1.004	  1.285	  0.001
10	  0.960	 21.390	  1.004	  1.285	  0.001
11	  0.960	 23.351	  1.004	  1.285	  0.001
12	  0.960	 25.311	  1.004	  1.285	  0.001
13	  0.960	 27.272	  1.004	  1.285	  0.001
14	  0.960	 29.233	  1.004	  1.285	  0.001
15	  0.960	 31.194	  1.004	  1.285	  0.001
16	  0.960	 33.155	  1.004	  1.285	  0.001
17	  0.960	 35.115	  1.004	  1.285	  0.001
18	  0.960	 37.076	  1.004	  1.285	  0.001
19	  0.960	 39.037	  1.004	  1.285	  0.001
20	  0.960	 40.998	  1.004	  1.285	  0.001
21	  0.960	 42.958	  1.004	  1.285	  0.001
22	  0.960	 44.919	  1.004	  1.285	  0.001
23	  0.960	 46.880	  1.004	  1.285	  0.001
24	  0.960	 48.841	  1.004	  1.285	  0.001
25	  0.960	 50.802	  1.004	  1.285	  0.001
26	  0.960	 52.762	  1.004	  1.285	  0.001
27	  0.960	 54.723	  1.004	  1.285	  0.001
28	  0.960	 56.684	  1.004	  1.285	  0.001
29	  0.960	 58.645	  1.004	  1.285	  0.001
30	  0.960	 60.606	  1.004	  1.285	  0.001
31	  0.960	 62.566	  1.004	  1.285	  0.001
32	  0.960	 64.527	  1.004	  1.285	  0.001
33	  0.960	 66.488	  1.004	  1.285	  0.001
34	  0.960	 68.449	  1.004	  1.285	  0.001
35	  0.960	 70.409	  1.004	  1.285	  0.001
36	  0.960	 72.370	  1.004	  1.285	  0.001
37	  0.960	 74.331	  1.004	  1.285	  0.001
38	  0.960	 76.292	  1.004	  1.285	  0.001
39	  0.960	 78.253	  1.004	  1.285	  0.001
40	  0.960	 80.213	  1.004	  1.285	  0.001
41	  0.960	 82.174	  1.004	  1.285	  0.001
42	  0.960	 84.135	  1.004	  1.285	  0.001
43	  0.960	 86.096	  1.004	  1.285	  0.001
44	  0.960	 88.057	  1.004	  1.285	  0.001
45	  0.960	 90.017	  1.004	  1.285	  0.001
46	  0.960	 91.978	  1.004	  1.285	  0.001
47	  0.960	 93.939	  1.004	  1.285	  0.001
48	  0.960	 95.900	  1.004	  1.285	  0.001
49	  0.960	 97.860	  1.004	  1.285	  0.001
50	  0.960	 99.821	  1.004	  1.285	  0.001
0	  1.080	  1.939	  1.004	  1.331	  0.001
1	  1.080	  3.900	  1.004	  1.331	  0.001
2	  1.080	  5.860	  1.004	  1.331	  0.001
3	  1.080	  7.821	  1.004	  1.331	  0.001
4	  1.080	  9.782	  1.004	  1.331	  0.001
5	  1.080	 11.743	  1.004	  1.331	  0.001
6	  1.080	 13.704	  1.004	  1.331	  0.001
7	  1.080	 15.664	  1.004	  1.331	  0.001
8	  1.080	 17.625	  1.004	  1.331	  0.001
9	  1.080	 19.586	  1.004	  1.331	  0.001
10	  1.080	 21.547	  1.004	  1.331	  0.001
11	  1.080	 23.507	  1.004	  1.331	  0.001
12	  1.080	 25.468	  1.004	  1.331	  0.001
13	  1.080	 27.429	  1.004	  1.331	  0.001
14	  1.080	 29.390	  1.004	  1.331	  0.001
15	  1.080	 31.351	  1.004	  1.331	  0.001
16	  1.080	 33.311	  1.004	  1.331	  0.001
17	  1.080	 35.272	  1.004	  1.331	  0.001
18	  1.080	 37.233	  1.004	  1.331	  0.001
19	  1.080	 39.194	  1.004	  1.331	  0.001
20	  1.080	 41.155	  1.004	  1.331	  0.001
21	  1.080	 43.115	  1.004	  1.331	  0.001
22	  1.080	 45.076	  1.004	  1.331	  0.001
23	  1.080	 47.037	  1.004	  1.331	  0.001
24	  1.080	 48.998	  1.004	  1.331	  0.001
25	  1.080	 50.958	  1.004	  1.331	  0.001
26	  1.080	 52.919	  1.004	  1.331	  0.001
27	  1.080	 54.880	  1.004	  1.331	  0.001
28	  1.080	 56.841	  1.004	  1.331	  0.001
29	  1.080	 58.802	  1.004	  1.331	  0.001
30	  1.080	 60.762	  1.004	  1.331	  0.001
31	  1.080	 62.723	  1.004	  1.331	  0.001
32	  1.080	 64.684	  1.004	  1.331	  0.001
33	  1.080	 66.645	  1.004	  1.331	  0.001
34	  1.080	 68.606	  1.004	  1.331	  0.001
35	  1.080	 70.566	  1.004	  1.331	  0.001
36	  1.080	 72.527	  1.004	  1.331	  0.001
37	  1.080	 74.488	  1.004	  1.331	  0.001
38	  1.080	 76.449	  1.004	  1.331	  0.001
39	  1.080	 78.409	  1.004	  1.331	  0.001
40	  1.080	 80.370	  1.004	  1.331	  0.001
41	  1.080	 82.331	  1.004	  1.331	  0.001
42	  1.080	 84.292	  1.004	  1.331	  0.001
43	  1.080	 86.253	  1.004	  1.331	  0.001
44	  1.080	 88.213	  1.004	  1.331	  0.001
45	  1.080	 90.174	  1.004	  1.331	  0.001
46	  1.080	 92.135	  1.004	  1.331	  0.001
47	  1.080	 94.096	  1.004	  1.331	  0.001
48	  1.080	 96.057	  1.004	  1.331	  0.001
49	  1.080	 98.017	  1.004	  1.331	  0.001
50	  1.080	 99.978	  1.004	  1.331	  0.001
0	  1.200	  2.101	  1.005	  1.367	  0.001
1	  1.200	  4.061	  1.005	  1.367	  0.001
2	  1.200	  6.022	  1.005	  1.367	  0.001
3	  1.200	  7.983	  1.005	  1.367	  0.001
4	  1.200	  9.944	  1.005	  1.367	  0.001
5	  1.200	 11.905	  1.005	  1.367	  0.001
6	  1.200	 13.865	  1.005	  1.367	  0.001
7	  1.200	 15.826	  1.005	  1.367	  0.001
8	  1.200	 17.787	  1.005	  1.367	  0.001
9	  1.200	 19.748	  1.005	  1.367	  0.001
10	  1.200	 21.709	  1.005	  1.367	  0.001
11	  1.200	 23.669	  1.005	  1.367	  0.001
12	  1.200	 25.630	  1.005	  1.367	  0.001
13	  1.200	 27.591	  1.005	  1.367	  0.001
14	  1.200	 29.552	  1.005	  1.367	  0.001
15	  1.200	 31.512	  1.005	  1.367	  0.001
16	  1.200	 33.473	  1.005	  1.367	  0.001
17	  1.200	 35.434	  1.005	  1.367	  0.001
18	  1.200	 37.395	  1.005	  1.367	  0.001
19	  1.200	 39.356	  1.005	  1.367	  0.001
20	  1.200	 41.316	  1.005	  1.367	  0.001
21	  1.200	 43.277	  1.005	  1.367	  0.001
22	  1.200	 45.238	  1.005	  1.367	  0.001
23	  1.200	 47.199	  1.005	  1.367	  0.001
24	  1.200	 49.159	  1.005	  1.367	  0.001
25	  1.200	 51.120	  1.005	  1.367	  0.001
26	  1.200	 53.081	  1.005	  1.367	  0.001
27	  1.200	 55.042	  1.005	  1.367	  0.001
28	  1.200	 57.003	  1.005	  1.367	  0.001
29	  1.200	 58.963	  1.005	  1.367	  0.001
30	  1.200	 60.924	  1.005	  1.367	  0.001
31	  1.200	 62.885	  1.005	  1.367	  0.001
32	  1.200	 64.846	  1.005	  1.367	  0.001
33	  1.200	 66.807	  1.005	  1.367	  0.001
34	  1.200	 68.767	  1.005	  1.367	  0.001
35	  1.200	 70.728	  1.005	  1.367	  0.001
36	  1.200	 72.689	  1.005	  1.367	  0.001
37	  1.200	 74.650	  1.005	  1.367	  0.001
38	  1.200	 76.610	  1.005	  1.367	  0.001
39	  1.200	 78.571	  1.005	  1.367	  0.001
40	  1.200	 80.532	  1.005	  1.367	  0.001
41	  1.200	 82.493	  1.005	  1.367	  0.001
42	  1.200	 84.454	  1.005	  1.367	  0.001
43	  1.200	 86.414	  1.005	  1.367	  0.001
44	  1.200	 88.375	  1.005	  1.367	  0.001
45	  1.200	 90.336	  1.005	  1.367	  0.001
46	  1.200	 92.297	  1.005	  1.367	  0.001
47	  1.200	 94.258	  1.005	  1.367	  0.001
48	  1.200	 96.218	  1.005	  1.367	  0.001
49	  1.200	 98.179	  1.005	  1.367	  0.001
50	  1.200	100.140	  1.005	  1.367	  0.001
0	  1.320	  2.266	  1.005	  1.396	  0.001
1	  1.320	  4.227	  1.005	  1.396	  0.001
2	  1.320	  6.188	  1.005	  1.396	  0.001
3	  1.320	  8.149	  1.005	  1.396	  0.001
4	  1.320	 10.109	  1.005	  1.396	  0.001
5	  1.320	 12.070	  1.005	  1.396	  0.001
6	  1.320	 14.031	  1.005	  1.396	  0.001
7	  1.320	 15.992	  1.005	  1.396	  0.001
8	  1.320	 17.953	  1.005	  1.396	  0.001
9	  1.320	 19.913	  1.005	  1.396	  0.001
10	  1.320	 21.874	  1.005	  1.396	  0.001
11	  1.320	 23.835	  1.005	  1.396	  0.001
12	  1.320	 25.796	  1.005	  1.396	  0.001
13	  1.320	 27.757	  1.005	  1.396	  0.001
14	  1.320	 29.717	  1.005	  1.396	  0.001
15	  1.320	 31.678	  1.005	  1.396	  0.001
16	  1.320	 33.639	  1.005	  1.396	  0.001
17	  1.320	 35.600	  1.005	  1.396	  0.001
18	  1.320	 37.560	  1.005	  1.396	  0.001
19	  1.320	 39.521	  1.005	  1.396	  0.001
20	  1.320	 41.482	  1.005	  1.396	  0.001
21	  1.320	 43.443	  1.005	  1.396	  0.001
22	  1.320	 45.404	  1.005	  1.396	  0.001
23	  1.320	 47.364	  1.005	  1.396	  0.001
24	  1.320	 49.325	  1.005	  1.396	  0.001
25	  1.320	 51.286	  1.005	  1.396	  0.001
26	  1.320	 53.247	  1.005	  1.396	  0.001
27	  1.320	 55.208	  1.005	  1.396	  0.001
28	  1.320	 57.168	  1.005	  1.396	  0.001
29	  1.320	 59.129	  1.005	  1.396	  0.001
30	  1.320	 61.090	  1.005	  1.396	  0.001
31	  1.320	 63.051	  1.005	  1.396	  0.001
32	  1.320	 65.011	  1.005	  1.396	  0.001
33	  1.320	 66.972	  1.005	  1.396	  0.001
34	  1.320	 68.933	  1.005	  1.396	  0.001
35	  1.320	 70.894	  1.005	  1.396	  0.001
36	  1.320	 72.855	  1.005	  1.396	  0.001
37	  1.320	 74.815	  1.005	  1.396	  0.001
38	  1.320	 76.776	  1.005	  1.396	  0.001
39	  1.320	 78.737	  1.005	  1.396	  0.001
40	  1.320	 80.698	  1.005	  1.396	  0.001
41	  1.320	 82.659	  1.005	  1.396	  0.001
42	  1.320	 84.619	  1.005	  1.396	  0.001
43	  1.320	 86.580	  1.005	  1.396	  0.001
44	  1.320	 88.541	  1.005	  1.396	  0.001
45	  1.320	 90.502	  1.005	  1.396	  0.001
46	  1.320	 92.462	  1.005	  1.396	  0.001
47	  1.320	 94.423	  1.005	  1.396	  0.001
48	  1.320	 96.384	  1.005	  1.396	  0.001
49	  1.320	 98.345	  1.005	  1.396	  0.001
50	  1.320	100.306	  1.005	  1.396	  0.001
0	  1.440	  2.435	  1.005	  1.418	  0.001
1	  1.440	  4.396	  1.005	  1.418	  0.001
2	  1.440	  6.357	  1.005	  1.418	  0.001
3	  1.440	  8.317	  1.005	  1.418	  0.001
4	  1.440	 10.278	  1.005	  1.418	  0.001
5	  1.440	 12.239	  1.005	  1.418	  0.001
6	  1.440	 14.200	  1.005	  1.418	  0.001
7	  1.440	 16.161	  1.005	  1.418	  0.001
8	  1.440	 18.121	  1.005	  1.418	  0.001
9	  1.440	 20.082	  1.005	  1.418	  0.001
10	  1.440	 22.043	  1.005	  1.418	  0.001
11	  1.440	 24.004	  1.005	  1.418	  0.001
12	  1.440	 25.965	  1.005	  1.418	  0.001
13	  1.440	 27.925	  1.005	  1.418	  0.001
14	  1.440	 29.886	  1.005	  1.418	  0.001
15	  1.440	 31.847	  1.005	  1.418	  0.001
16	  1.440	 33.808	  1.005	  1.418	  0.001
17	  1.440	 35.768	  1.005	  1.418	  0.001
18	  1.440	 37.729	  1.005	  1.418	  0.001
19	  1.440	 39.690	  1.005	  1.418	  0.001
20	  1.440	 41.651	  1.005	  1.418	  0.001
21	  1.440	 43.612	  1.005	  1.418	  0.001
22	  1.440	 45.572	  1.005	  1.418	  0.001
23	  1.440	 47.533	  1.005	  1.418	  0.001
24	  1.440	 49.494	  1.005	  1.418	  0.001
25	  1.440	 51.455	  1.005	  1.418	  0.001
26	  1.440	 53.416	  1.005	  1.418	  0.001
27	  1.440	 55.376	  1.005	  1.418	  0.001
28	  1.440	 57.337	  1.005	  1.418	  0.001
29	  1.440	 59.298	  1.005	  1.418	  0.001
30	  1.440	 61.259	  1.005	  1.418	  0.001
31	  1.440	 63.219	  1.005	  1.418	  0.001
32	  1.440	 65.180	  1.005	  1.418	  0.001
33	  1.440	 67.141	  1.005	  1.418	  0.001
34	  1.440	 69.102	  1.005	  1.418	  0.001
35	  1.440	 71.063	  1.005	  1.418	  0.001
36	  1.440	 73.023	  1.005	  1.418	  0.001
37	  1.440	 74.984	  1.005	  1.418	  0.001
38	  1.440	 76.945	  1.005	  1.418	  0.001
39	  1.440	 78.906	  1.005	  1.418	  0.001
40	  1.440	 80.866	  1.005	  1.418	  0.001
41	  1.440	 82.827	  1.005	  1.418	  0.001
42	  1.440	 84.788	  1.005	  1.418	  0.001
43	  1.440	 86.749	  1.005	  1.418	  0.001
44	  1.440	 88.710	  1.005	  1.418	  0.001
45	  1.440	 90.670	  1.005	  1.418	  0.001
46	  1.440	 92.631	  1.005	  1.418	  0.001
47	  1.440	 94.592	  1.005	  1.418	  0.001
48	  1.440	 96.553	  1.005	  1.418	  0.001
49	  1.440	 98.514	  1.005	  1.418	  0.001
50	  1.440	100.474	  1.005	  1.418	  0.001
0	  1.560	  2.606	  1.005	  1.435	  0.000
1	  1.560	  4.567	  1.005	  1.435	  0.000
2	  1.560	  6.528	  1.005	  1.435	  0.000
3	  1.560	  8.489	  1.005	  1.435	  0.000
4	  1.560	 10.449	  1.005	  1.435	  0.000
5	  1.560	 12.410	  1.005	  1.435	  0.000
6	  1.560	 14.371	  1.005	  1.435	  0.000
7	  1.560	 16.332	  1.005	  1.435	  0.000
8	  1.560	 18.293	  1.005	  1.435	  0.000
9	  1.560	 20.253	  1.005	  1.435	  0.000
10	  1.560	 22.214	  1.005	  1.435	  0.000
11	  1.560	 24.175	  1.005	  1.435	  0.000
12	  1.560	 26.136	  1.005	  1.435	  0.000
13	  1.560	 28.096	  1.005	  1.435	  0.000
14	  1.560	 30.057	  1.005	  1.435	  0.000
15	  1.560	 32.018	  1.005	  1.435	  0.000
16	  1.560	 33.979	  1.005	  1.435	  0.000
17	  1.560	 35.940	  1.005	  1.435	  0.000
18	  1.560	 37.900	  1.005	  1.435	  0.000
19	  1.560	 39.861	  1.005	  1.435	  0.000
20	  1.560	 41.822	  1.005	  1.435	  0.000
21	  1.560	 43.783	  1.005	  1.435	  0.000
22	  1.560	 45.744	  1.005	  1.435	  0.000
23	  1.560	 47.704	  1.005	  1.435	  0.000
24	  1.560	 49.665	  1.005	  1.435	  0.000
25	  1.560	 51.626	  1.005	  1.435	  0.000
26	  1.560	 53.587	  1.005	  1.435	  0.000
27	  1.560	 55.547	  1.005	  1.435	  0.000
28	  1.560	 57.508	  1.005	  1.435	  0.000
29	  1.560	 59.469	  1.005	  1.435	  0.000
30	  1.560	 61.430	  1.005	  1.435	  0.000
31	  1.560	 63.391	  1.005	  1.435	  0.000
32	  1.560	 65.351	  1.005	  1.435	  0.000
33	  1.560	 67.312	  1.005	  1.435	  0.000
34	  1.560	 69.273	  1.005	  1.435	  0.000
35	  1.560	 71.234	  1.005	  1.435	  0.000
36	  1.560	 73.194	  1.005	  1.435	  0.000
37	  1.560	 75.155	  1.005	  1.435	  0.000
38	  1.560	 77.116	  1.005	  1.435	  0.000
39	  1.560	 79.077	  1.005	  1.435	  0.000
40	  1.560	 81.038	  1.005	  1.435	  0.000
41	  1.560	 82.998	  1.005	  1.435	  0.000
42	  1.560	 84.959	  1.005	  1.435	  0.000
43	  1.560	 86.920	  1.005	  1.435	  0.000
44	  1.560	 88.881	  1.005	  1.435	  0.000
45	  1.560	 90.842	  1.005	  1.435	  0.000
46	  1.560	 92.802	  1.005	  1.435	  0.000
47	  1.560	 94.763	  1.005	  1.435	  0.000
48	  1.560	 96.724	  1.005	  1.435	  0.000
49	  1.560	 98.685	  1.005	  1.435	  0.000
50	  1.560	100.645	  1.005	  1.435	  0.000
0	  1.680	  2.779	  1.005	  1.449	  0.000
1	  1.680	  4.740	  1.005	  1.449	  0.000
2	  1.680	  6.701	  1.005	  1.449	  0.000
3	  1.680	  8.662	  1.005	  1.449	  0.000
4	  1.680	 10.622	  1.005	  1.449	  0.000
5	  1.680	 12.583	  1.005	  1.449	  0.000
6	  1.680	 14.544	  1.005	  1.449	  0.000
7	  1.680	 16.505	  1.005	  1.449	  0.000
8	  1.680	 18.466	  1.005	  1.449	  0.000
9	  1.680	 20.426	  1.005	  1.449	  0.000
10	  1.680	 22.387	  1.005	  1.449	  0.000
11	  1.680	 24.348	  1.005	  1.449	  0.000
12	  1.680	 26.309	  1.005	  1.449	  0.000
13	  1.680	 28.269	  1.005	  1.449	  0.000
14	  1.680	 30.230	  1.005	  1.449	  0.000
15	  1.680	 32.191	  1.005	  1.449	  0.000
16	  1.680	 34.152	  1.005	  1.449	  0.000
17	  1.680	 36.113	  1.005	  1.449	  0.000
18	  1.680	 38.073	  1.005	  1.449	  0.000
19	  1.680	 40.034	  1.005	  1.449	  0.000
20	  1.680	 41.995	  1.005	  1.449	  0.000
21	  1.680	 43.956	  1.005	  1.449	  0.000
22	  1.680	 45.917	  1.005	  1.449	  0.000
23	  1.680	 47.877	  1.005	  1.449	  0.000
24	  1.680	 49.838	  1.005	  1.449	  0.000
25	  1.680	 51.799	  1.005	  1.449	  0.000
26	  1.680	 53.760	  1.005	  1.449	  0.000
27	  1.680	 55.720	  1.005	  1.449	  0.000
28	  1.680	 57.681	  1.005	  1.449	  0.000
29	  1.680	 59.642	  1.005	  1.449	  0.000
30	  1.680	 61.603	  1.005	  1.449	  0.000
31	  1.680	 63.564	  1.005	  1.449	  0.000
32	  1.680	 65.524	  1.005	  1.449	  0.000
33	  1.680	 67.485	  1.005	  1.449	  0.000
34	  1.680	 69.446	  1.005	  1.449	  0.000
35	  1.680	 71.407	  1.005	  1.449	  0.000
36	  1.680	 73.368	  1.005	  1.449	  0.000
37	  1.680	 75.328	  1.005	  1.449	  0.000
38	  1.680	 77.289	  1.005	  1.449	  0.000
39	  1.680	 79.250	  1.005	  1.449	  0.000
40	  1.680	 81.211	  1.005	  1.449	  0.000
41	  1.680	 83.171	  1.005	  1.449	  0.000
42	  1.680	 85.132	  1.005	  1.449	  0.000
43	  1.680	 87.093	  1.005	  1.449	  0.000
44	  1.680	 89.054	  1.005	  1.449	  0.000
45	  1.680	 91.015	  1.005	  1.449	  0.000
46	  1.680	 92.975	  1.005	  1.449	  0.000
47	  1.680	 94.936	  1.005	  1.449	  0.000
48	  1.680	 96.897	  1.005	  1.449	  0.000
49	  1.680	 98.858	  1.005	  1.449	  0.000
50	  1.680	100.819	  1.005	  1.449	  0.000
0	  1.800	  2.954	  1.005	  1.460	  0.000
1	  1.800	  4.915	  1.005	  1.460	  0.000
2	  1.800	  6.875	  1.005	  1.460	  0.000
3	  1.800	  8.836	  1.005	  1.460	  0.000
4	  1.800	 10.797	  1.005	  1.460	  0.000
5	  1.800	 12.758	  1.005	  1.460	  0.000
6	  1.800	 14.719	  1.005	  1.460	  0.000
7	  1.800	 16.679	  1.005	  1.460	  0.000
8	  1.800	 18.640	  1.005	  1.460	  0.000
9	  1.800	 20.601	  1.005	  1.460	  0.000
10	  1.800	 22.562	  1.005	  1.460	  0.000
11	  1.800	 24.522	  1.005	  1.460	  0.000
12	  1.800	 26.483	  1.005	  1.460	  0.000
13	  1.800	 28.444	  1.005	  1.460	  0.000
14	  1.800	 30.405	  1.005	  1.460	  0.000
15	  1.800	 32.366	  1.005	  1.460	  0.000
16	  1.800	 34.326	  1.005	  1.460	  0.000
17	  1.800	 36.287	  1.005	  1.460	  0.000
18	  1.800	 38.248	  1.005	  1.460	  0.000
19	  1.800	 40.209	  1.005	  1.460	  0.000
20	  1.800	 42.169	  1.005	  1.460	  0.000
21	  1.800	 44.130	  1.005	  1.460	  0.000
22	  1.800	 46.091	  1.005	  1.460	  0.000
23	  1.800	 48.052	  1.005	  1.460	  0.000
24	  1.800	 50.013	  1.005	  1.460	  0.000
25	  1.800	 51.973	  1.005	  1.460	  0.000
26	  1.800	 53.934	  1.005	  1.460	  0.000
27	  1.800	 55.895	  1.005	  1.460	  0.000
28	  1.800	 57.856	  1.005	  1.460	  0.000
29	  1.800	 59.817	  1.005	  1.460	  0.000
30	  1.800	 61.777	  1.005	  1.460	  0.000
31	  1.800	 63.738	  1.005	  1.460	  0.000
32	  1.800	 65.699	  1.005	  1.460	  0.000
33	  1.800	 67.660	  1.005	  1.460	  0.000
34	  1.800	 69.620	  1.005	  1.460	  0.000
35	  1.800	 71.581	  1.005	  1.460	  0.000
36	  1.800	 73.542	  1.005	  1.460	  0.000
37	  1.800	 75.503	  1.005	  1.460	  0.000
38	  1.800	 77.464	  1.005	  1.460	  0.000
39	  1.800	 79.424	  1.005	  1.460	  0.000
40	  1.800	 81.385	  1.005	  1.460	  0.000
41	  1.800	 83.346	  1.005	  1.460	  0.000
42	  1.800	 85.307	  1.005	  1.460	  0.000
43	  1.800	 87.268	  1.005	  1.460	  0.000
44	  1.800	 89.228	  1.005	  1.460	  0.000
45	  1.800	 91.189	  1.005	  1.460	  0.000
46	  1.800	 93.150	  1.005	  1.460	  0.000
47	  1.800	 95.111	  1.005	  1.460	  0.000
48	  1.800	 97.071	  1.005	  1.460	  0.000
49	  1.800	 99.032	  1.005	  1.460	  0.000
50	  1.800	100.993	  1.005	  1.460	  0.000
0	  1.920	  3.129	  1.005	  1.468	  0.000
1	  1.920	  5.090	  1.005	  1.468	  0.000
2	  1.920	  7.051	  1.005	  1.468	  0.000
3	  1.920	  9.012	  1.005	  1.468	  0.000
4	  1.920	 10.973	  1.005	  1.468	  0.000
5	  1.920	 12.933	  1.005	  1.468	  0.000
6	  1.920	 14.894	  1.005	  1.468	  0.000
7	  1.920	 16.855	  1.005	  1.468	  0.000
8	  1.920	 18.816	  1.005	  1.468	  0.000
9	  1.920	 20.777	  1.005	  1.468	  0.000
10	  1.920	 22.737	  1.005	  1.468	  0.000
11	  1.920	 24.698	  1.005	  1.468	  0.000
12	  1.920	 26.659	  1.005	  1.468	  0.000
13	  1.920	 28.620	  1.005	  1.468	  0.000
14	  1.920	 30.580	  1.005	  1.468	  0.000
15	  1.920	 32.541	  1.005	  1.468	  0.000
16	  1.920	 34.502	  1.005	  1.468	  0.000
17	  1.920	 36.463	  1.005	  1.468	  0.000
18	  1.920	 38.424	  1.005	  1.468	  0.000
19	  1.920	 40.384	  1.005	  1.468	  0.000
20	  1.920	 42.345	  1.005	  1.468	  0.000
21	  1.920	 44.306	  1.005	  1.468	  0.000
22	  1.920	 46.267	  1.005	  1.468	  0.000
23	  1.920	 48.228	  1.005	  1.468	  0.000
24	  1.920	 50.188	  1.005	  1.468	  0.000
25	  1.920	 52.149	  1.005	  1.468	  0.000
26	  1.920	 54.110	  1.005	  1.468	  0.000
27	  1.920	 56.071	  1.005	  1.468	  0.000
28	  1.920	 58.031	  1.005	  1.468	  0.000
29	  1.920	 59.992	  1.005	  1.468	  0.000
30	  1.920	 61.953	  1.005	  1.468	  0.000
31	  1.920	 63.914	  1.005	  1.468	  0.000
32	  1.920	 65.875	  1.005	  1.468	  0.000
33	  1.920	 67.835	  1.005	  1.468	  0.000
34	  1.920	 69.796	  1.005	  1.468	  0.000
35	  1.920	 71.757	  1.005	  1.468	  0.000
36	  1.920	 73.718	  1.005	  1.468	  0.000
37	  1.920	 75.678	  1.005	  1.468	  0.000
38	  1.920	 77.639	  1.005	  1.468	  0.000
39	  1.920	 79.600	  1.005	  1.468	  0.000
40	  1.920	 81.561	  1.005	  1.468	  0.000
41	  1.920	 83.522	  1.005	  1.468	  0.000
42	  1.920	 85.482	  1.005	  1.468	  0.000
43	  1.920	 87.443	  1.005	  1.468	  0.000
44	  1.920	 89.404	  1.005	  1.468	  0.000
45	  1.920	 91.365	  1.005	  1.468	  0.000
46	  1.920	 93.326	  1.005	  1.468	  0.000
47	  1.920	 95.286	  1.005	  1.468	  0.000
48	  1.920	 97.247	  1.005	  1.468	  0.000
49	  1.920	 99.208	  1.005	  1.468	  0.000
50	  1.920	101.169	  1.005	  1.468	  0.000
0	  2.040	  3.306	  1.005	  1.475	  0.000
1	  2.040	  5.267	  1.005	  1.475	  0.000
2	  2.040	  7.228	  1.005	  1.475	  0.000
3	  2.040	  9.188	  1.005	  1.475	  0.000
4	  2.040	 11.149	  1.005	  1.475	  0.000
5	  2.040	 13.110	  1.005	  1.475	  0.000
6	  2.040	 15.071	  1.005	  1.475	  0.000
7	  2.040	 17.032	  1.005	  1.475	  0.000
8	  2.040	 18.992	  1.005	  1.475	  0.000
9	  2.040	 20.953	  1.005	  1.475	  0.000
10	  2.040	 22.914	  1.005	  1.475	  0.000
11	  2.040	 24.875	  1.005	  1.475	  0.000
12	  2.040	 26.835	  1.005	  1.475	  0.000
13	  2.040	 28.796	  1.005	  1.475	  0.000
14	  2.040	 30.757	  1.005	  1.475	  0.000
15	  2.040	 32.718	  1.005	  1.475	  0.000
16	  2.040	 34.679	  1.005	  1.475	  0.000
17	  2.040	 36.639	  1.005	  1.475	  0.000
18	  2.040	 38.600	  1.005	  1.475	  0.000
19	  2.040	 40.561	  1.005	  1.475	  0.000
20	  2.040	 42.522	  1.005	  1.475	  0.000
21	  2.040	 44.483	  1.005	  1.475	  0.000
22	  2.040	 46.443	  1.005	  1.475	  0.000
23	  2.040	 48.404	  1.005	  1.475	  0.000
24	  2.040	 50.365	  1.005	  1.475	  0.000
25	  2.040	 52.326	  1.005	  1.475	  0.000
26	  2.040	 54.286	  1.005	  1.475	  0.000
27	  2.040	 56.247	  1.005	  1.475	  0.000
28	  2.040	 58.208	  1.005	  1.475	  0.000
29	  2.040	 60.169	  1.005	  1.475	  0.000
30	  2.040	 62.130	  1.005	  1.475	  0.000
31	  2.040	 64.090	  1.005	  1.475	  0.000
32	  2.040	 66.051	  1.005	  1.475	  0.000
33	  2.040	 68.012	  1.005	  1.475	  0.000
34	  2.040	 69.973	  1.005	  1.475	  0.000
35	  2.040	 71.933	  1.005	  1.475	  0.000
36	  2.040	 73.894	  1.005	  1.475	  0.000
37	  2.040	 75.855	  1.005	  1.475	  0.000
38	  2.040	 77.816	  1.005	  1.475	  0.000
39	  2.040	 79.777	  1.005	  1.475	  0.000
40	  2.040	 81.737	  1.005	  1.475	  0.000
41	  2.040	 83.698	  1.005	  1.475	  0.000
42	  2.040	 85.659	  1.005	  1.475	  0.000
43	  2.040	 87.620	  1.005	  1.475	  0.000
44	  2.040	 89.581	  1.005	  1.475	  0.000
45	  2.040	 91.541	  1.005	  1.475	  0.000
46	  2.040	 93.502	  1.005	  1.475	  0.000
47	  2.040	 95.463	  1.005	  1.475	  0.000
48	  2.040	 97.424	  1.005	  1.475	  0.000
49	  2.040	 99.384	  1.005	  1.475	  0.000
50	  2.040	101.345	  1.005	  1.475	  0.000
0	  2.160	  3.483	  1.005	  1.480	  0.000
1	  2.160	  5.444	  1.005	  1.480	  0.000
2	  2.160	  7.405	  1.005	  1.480	  0.000
3	  2.160	  9.366	  1.005	  1.480	  0.000
4	  2.160	 11.326	  1.005	  1.480	  0.000
5	  2.160	 13.287	  1.005	  1.480	  0.000
6	  2.160	 15.248	  1.005	  1.480	  0.000
7	  2.160	 17.209	  1.005	  1.480	  0.000
8	  2.160	 19.170	  1.005	  1.480	  0.000
9	  2.160	 21.130	  1.005	  1.480	  0.000
10	  2.160	 23.091	  1.005	  1.480	  0.000
11	  2.160	 25.052	  1.005	  1.480	  0.000
12	  2.160	 27.013	  1.005	  1.480	  0.000
13	  2.160	 28.974	  1.005	  1.480	  0.000
14	  2.160	 30.934	  1.005	  1.480	  0.000
15	  2.160	 32.895	  1.005	  1.480	  0.000
16	  2.160	 34.856	  1.005	  1.480	  0.000
17	  2.160	 36.817	  1.005	  1.480	  0.000
18	  2.160	 38.777	  1.005	  1.480	  0.000
19	  2.160	 40.738	  1.005	  1.480	  0.000
20	  2.160	 42.699	  1.005	  1.480	  0.000
21	  2.160	 44.660	  1.005	  1.480	  0.000
22	  2.160	 46.621	  1.005	  1.480	  0.000
23	  2.160	 48.581	  1.005	  1.480	  0.000
24	  2.160	 50.542	  1.005	  1.480	  0.000
25	  2.160	 52.503	  1.005	  1.480	  0.000
26	  2.160	 54.464	  1.005	  1.480	  0.000
27	  2.160	 56.425	  1.005	  1.480	  0.000
28	  2.160	 58.385	  1.005	  1.480	  0.000
29	  2.160	 60.346	  1.005	  1.480	  0.000
30	  2.160	 62.307	  1.005	  1.480	  0.000
31	  2.160	 64.268	  1.005	  1.480	  0.000
32	  2.160	 66.228	  1.005	  1.480	  0.000
33	  2.160	 68.189	  1.005	  1.480	  0.000
34	  2.160	 70.150	  1.005	  1.480	  0.000
35	  2.160	 72.111	  1.005	  1.480	  0.000
36	  2.160	 74.072	  1.005	  1.480	  0.000
37	  2.160	 76.032	  1.005	  1.480	  0.000
38	  2.160	 77.993	  1.005	  1.480	  0.000
39	  2.160	 79.954	  1.005	  1.480	  0.000
40	  2.160	 81.915	  1.005	  1.480	  0.000
41	  2.160	 83.875	  1.005	  1.480	  0.000
42	  2.160	 85.836	  1.005	  1.480	  0.000
43	  2.160	 87.797	  1.005	  1.480	  0.000
44	  2.160	 89.758	  1.005	  1.480	  0.000
45	  2.160	 91.719	  1.005	  1.480	  0.000
46	  2.160	 93.679	  1.005	  1.480	  0.000
47	  2.160	 95.640	  1.005	  1.480	  0.000
48	  2.160	 97.601	  1.005	  1.480	  0.000
49	  2.160	 99.562	  1.005	  1.480	  0.000
50	  2.160	101.523	  1.005	  1.480	  0.000
0	  2.280	  3.661	  1.005	  1.484	  0.000
1	  2.280	  5.622	  1.005	  1.484	  0.000
2	  2.280	  7.583	  1.005	  1.484	  0.000
3	  2.280	  9.544	  1.005	  1.484	  0.000
4	  2.280	 11.504	  1.005	  1.484	  0.000
5	  2.280	 13.465	  1.005	  1.484	  0.000
6	  2.280	 15.426	  1.005	  1.484	  0.000
7	  2.280	 17.387	  1.005	  1.484	  0.000
8	  2.280	 19.347	  1.005	  1.484	  0.000
9	  2.280	 21.308	  1.005	  1.484	  0.000
10	  2.280	 23.269	  1.005	  1.484	  0.000
11	  2.280	 25.230	  1.005	  1.484	  0.000
12	  2.280	 27.191	  1.005	  1.484	  0.000
13	  2.280	 29.151	  1.005	  1.484	  0.000
14	  2.280	 31.112	  1.005	  1.484	  0.000
15	  2.280	 33.073	  1.005	  1.484	  0.000
16	  2.280	 35.034	  1.005	  1.484	  0.000
17	  2.280	 36.995	  1.005	  1.484	  0.000
18	  2.280	 38.955	  1.005	  1.484	  0.000
19	  2.280	 40.916	  1.005	  1.484	  0.000
20	  2.280	 42.877	  1.005	  1.484	  0.000
21	  2.280	 44.838	  1.005	  1.484	  0.000
22	  2.280	 46.798	  1.005	  1.484	  0.000
23	  2.280	 48.759	  1.005	  1.484	  0.000
24	  2.280	 50.720	  1.005	  1.484	  0.000
25	  2.280	 52.681	  1.005	  1.484	  0.000
26	  2.280	 54.642	  1.005	  1.484	  0.000
27	  2.280	 56.602	  1.005	  1.484	  0.000
28	  2.280	 58.563	  1.005	  1.484	  0.000
29	  2.280	 60.524	  1.005	  1.484	  0.000
30	  2.280	 62.485	  1.005	  1.484	  0.000
31	  2.280	 64.445	  1.005	  1.484	  0.000
32	  2.280	 66.406	  1.005	  1.484	  0.000
33	  2.280	 68.367	  1.005	  1.484	  0.000
34	  2.280	 70.328	  1.005	  1.484	  0.000
35	  2.280	 72.289	  1.005	  1.484	  0.000
36	  2.280	 74.249	  1.005	  1.484	  0.000
37	  2.280	 76.210	  1.005	  1.484	  0.000
38	  2.280	 78.171	  1.005	  1.484	  0.000
39	  2.280	 80.132	  1.005	  1.484	  0.000
40	  2.280	 82.093	  1.005	  1.484	  0.000
41	  2.280	 84.053	  1.005	  1.484	  0.000
42	  2.280	 86.014	  1.005	  1.484	  0.000
43	  2.280	 87.975	  1.005	  1.484	  0.000
44	  2.280	 89.936	  1.005	  1.484	  0.000
45	  2.280	 91.896	  1.005	  1.484	  0.000
46	  2.280	 93.857	  1.005	  1.484	  0.000
47	  2.280	 95.818	  1.005	  1.484	  0.000
48	  2.280	 97.779	  1.005	  1.484	  0.000
49	  2.280	 99.740	  1.005	  1.484	  0.000
50	  2.280	101.700	  1.005	  1.484	  0.000
0	  2.400	  3.839	  1.005	  1.487	  0.000
1	  2.400	  5.800	  1.005	  1.487	  0.000
2	  2.400	  7.761	  1.005	  1.487	  0.000
3	  2.400	  9.722	  1.005	  1.487	  0.000
4	  2.400	 11.683	  1.005	  1.487	  0.000
5	  2.400	 13.643	  1.005	  1.487	  0.000
6	  2.400	 15.604	  1.005	  1.487	  0.000
7	  2.400	 17.565	  1.005	  1.487	  0.000
8	  2.400	 19.526	  1.005	  1.487	  0.000
9	  2.400	 21.487	  1.005	  1.487	  0.000
10	  2.400	 23.447	  1.005	  1.487	  0.000
11	  2.400	 25.408	  1.005	  1.487	  0.000
12	  2.400	 27.369	  1.005	  1.487	  0.000
13	  2.400	 29.330	  1.005	  1.487	  0.000
14	  2.400	 31.290	  1.005	  1.487	  0.000
15	  2.400	 33.251	  1.005	  1.487	  0.000
16	  2.400	 35.212	  1.005	  1.487	  0.000
17	  2.400	 37.173	  1.005	  1.487	  0.000
18	  2.400	 39.134	  1.005	  1.487	  0.000
19	  2.400	 41.094	  1.005	  1.487	  0.000
20	  2.400	 43.055	  1.005	  1.487	  0.000
21	  2.400	 45.016	  1.005	  1.487	  0.000
22	  2.400	 46.977	  1.005	  1.487	  0.000
23	  2.400	 48.938	  1.005	  1.487	  0.000
24	  2.400	 50.898	  1.005	  1.487	  0.000
25	  2.400	 52.859	  1.005	  1.487	  0.000
26	  2.400	 54.820	  1.005	  1.487	  0.000
27	  2.400	 56.781	  1.005	  1.487	  0.000
28	  2.400	 58.741	  1.005	  1.487	  0.000
29	  2.400	 60.702	  1.005	  1.487	  0.000
30	  2.400	 62.663	  1.005	  1.487	  0.000
31	  2.400	 64.624	  1.005	  1.487	  0.000
32	  2.400	 66.585	  1.005	  1.487	  0.000
33	  2.400	 68.545	  1.005	  1.487	  0.000
34	  2.400	 70.506	  1.005	  1.487	  0.000
35	  2.400	 72.467	  1.005	  1.487	  0.000
36	  2.400	 74.428	  1.005	  1.487	  0.000
37	  2.400	 76.388	  1.005	  1.487	  0.000
38	  2.400	 78.349	  1.005	  1.487	  0.000
39	  2.400	 80.310	  1.005	  1.487	  0.000
40	  2.400	 82.271	  1.005	  1.487	  0.000
41	  2.400	 84.232	  1.005	  1.487	  0.000
42	  2.400	 86.192	  1.005	  1.487	  0.000
43	  2.400	 88.153	  1.005	  1.487	  0.000
44	  2.400	 90.114	  1.005	  1.487	  0.000
45	  2.400	 92.075	  1.005	  1.487	  0.000
46	  2.400	 94.036	  1.005	  1.487	  0.000
47	  2.400	 95.996	  1.005	  1.487	  0.000
48	  2.400	 97.957	  1.005	  1.487	  0.000
49	  2.400	 99.918	  1.005	  1.487	  0.000
50	  2.400	101.879	  1.005	  1.487	  0.000
0	  2.520	  4.018	  1.005	  1.490	  0.000
1	  2.520	  5.979	  1.005	  1.490	  0.000
2	  2.520	  7.940	  1.005	  1.490	  0.000
3	  2.520	  9.900	  1.005	  1.490	  0.000
4	  2.520	 11.861	  1.005	  1.490	  0.000
5	  2.520	 13.822	  1.005	  1.490	  0.000
6	  2.520	 15.783	  1.005	  1.490	  0.000
7	  2.520	 17.744	  1.005	  1.490	  0.000
8	  2.520	 19.704	  1.005	  1.490	  0.000
9	  2.520	 21.665	  1.005	  1.490	  0.000
10	  2.520	 23.626	  1.005	  1.490	  0.000
11	  2.520	 25.587	  1.005	  1.490	  0.000
12	  2.520	 27.548	  1.005	  1.490	  0.000
13	  2.520	 29.508	  1.005	  1.490	  0.000
14	  2.520	 31.469	  1.005	  1.490	  0.000
15	  2.520	 33.430	  1.005	  1.490	  0.000
16	  2.520	 35.391	  1.005	  1.490	  0.000
17	  2.520	 37.351	  1.005	  1.490	  0.000
18	  2.520	 39.312	  1.005	  1.490	  0.000
19	  2.520	 41.273	  1.005	  1.490	  0.000
20	  2.520	 43.234	  1.005	  1.490	  0.000
21	  2.520	 45.195	  1.005	  1.490	  0.000
22	  2.520	 47.155	  1.005	  1.490	  0.000
23	  2.520	 49.116	  1.005	  1.490	  0.000
24	  2.520	 51.077	  1.005	  1.490	  0.000
25	  2.520	 53.038	  1.005	  1.490	  0.000
26	  2.520	 54.998	  1.005	  1.490	  0.000
27	  2.520	 56.959	  1.005	  1.490	  0.000
28	  2.520	 58.920	  1.005	  1.490	  0.000
29	  2.520	 60.881	  1.005	  1.490	  0.000
30	  2.520	 62.842	  1.005	  1.490	  0.000
31	  2.520	 64.802	  1.005	  1.490	  0.000
32	  2.520	 66.763	  1.005	  1.490	  0.000
33	  2.520	 68.724	  1.005	  1.490	  0.000
34	  2.520	 70.685	  1.005	  1.490	  0.000
35	  2.520	 72.646	  1.005	  1.490	  0.000
36	  2.520	 74.606	  1.005	  1.490	  0.000
37	  2.520	 76.567	  1.005	  1.490	  0.000
38	  2.520	 78.528	  1.005	  1.490	  0.000
39	  2.520	 80.489	  1.005	  1.490	  0.000
40	  2.520	 82.449	  1.005	  1.490	  0.000
41	  2.520	 84.410	  1.005	  1.490	  0.000
42	  2.520	 86.371	  1.005	  1.490	  0.000
43	  2.520	 88.332	  1.005	  1.490	  0.000
44	  2.520	 90.293	  1.005	  1.490	  0.000
45	  2.520	 92.253	  1.005	  1.490	  0.000
46	  2.520	 94.214	  1.005	  1.490	  0.000
47	  2.520	 96.175	  1.005	  1.490	  0.000
48	  2.520	 98.136	  1.005	  1.490	  0.000
49	  2.520	100.097	  1.005	  1.490	  0.000
50	  2.520	102.057	  1.005	  1.490	  0.000
0	  2.640	  4.197	  1.005	  1.492	  0.000
1	  2.640	  6.158	  1.005	  1.492	  0.000
2	  2.640	  8.119	  1.005	  1.492	  0.000
3	  2.640	 10.079	  1.005	  1.492	  0.000
4	  2.640	 12.040	  1.005	  1.492	  0.000
5	  2.640	 14.001	  1.005	  1.492	  0.000
6	  2.640	 15.962	  1.005	  1.492	  0.000
7	  2.640	 17.922	  1.005	  1.492	  0.000
8	  2.640	 19.883	  1.005	  1.492	  0.000
9	  2.640	 21.844	  1.005	  1.492	  0.000
10	  2.640	 23.805	  1.005	  1.492	  0.000
11	  2.640	 25.766	  1.005	  1.492	  0.000
12	  2.640	 27.726	  1.005	  1.492	  0.000
13	  2.640	 29.687	  1.005	  1.492	  0.000
14	  2.640	 31.648	  1.005	  1.492	  0.000
15	  2.640	 33.609	  1.005	  1.492	  0.000
16	  2.640	 35.570	  1.005	  1.492	  0.000
17	  2.640	 37.530	  1.005	  1.492	  0.000
18	  2.640	 39.491	  1.005	  1.492	  0.000
19	  2.640	 41.452	  1.005	  1.492	  0.000
20	  2.640	 43.413	  1.005	  1.492	  0.000
21	  2.640	 45.373	  1.005	  1.492	  0.000
22	  2.640	 47.334	  1.005	  1.492	  0.000
23	  2.640	 49.295	  1.005	  1.492	  0.000
24	  2.640	 51.256	  1.005	  1.492	  0.000
25	  2.640	 53.217	  1.005	  1.492	  0.000
26	  2.640	 55.177	  1.005	  1.492	  0.000
27	  2.640	 57.138	  1.005	  1.492	  0.000
28	  2.640	 59.099	  1.005	  1.492	  0.000
29	  2.640	 61.060	  1.005	  1.492	  0.000
30	  2.640	 63.021	  1.005	  1.492	  0.000
31	  2.640	 64.981	  1.005	  1.492	  0.000
32	  2.640	 66.942	  1.005	  1.492	  0.000
33	  2.640	 68.903	  1.005	  1.492	  0.000
34	  2.640	 70.864	  1.005	  1.492	  0.000
35	  2.640	 72.824	  1.005	  1.492	  0.000
36	  2.640	 74.785	  1.005	  1.492	  0.000
37	  2.640	 76.746	  1.005	  1.492	  0.000
38	  2.640	 78.707	  1.005	  1.492	  0.000
39	  2.640	 80.668	  1.005	  1.492	  0.000
40	  2.640	 82.628	  1.005	  1.492	  0.000
41	  2.640	 84.589	  1.005	  1.492	  0.000
42	  2.640	 86.550	  1.005	  1.492	  0.000
43	  2.640	 88.511	  1.005	  1.492	  0.000
44	  2.640	 90.472	  1.005	  1.492	  0.000
45	  2.640	 92.432	  1.005	  1.492	  0.000
46	  2.640	 94.393	  1.005	  1.492	  0.000
47	  2.640	 96.354	  1.005	  1.492	  0.000
48	  2.640	 98.315	  1.005	  1.492	  0.000
49	  2.640	100.275	  1.005	  1.492	  0.000
50	  2.640	102.236	  1.005	  1.492	  0.000
0	  2.760	  4.376	  1.005	  1.493	  0.000
1	  2.760	  6.337	  1.005	  1.493	  0.000
2	  2.760	  8.298	  1.005	  1.493	  0.000
3	  2.760	 10.258	  1.005	  1.493	  0.000
4	  2.760	 12.219	  1.005	  1.493	  0.000
5	  2.760	 14.180	  1.005	  1.493	  0.000
6	  2.760	 16.141	  1.005	  1.493	  0.000
7	  2.760	 18.102	  1.005	  1.493	  0.000
8	  2.760	 20.062	  1.005	  1.493	  0.000
9	  2.760	 22.023	  1.005	  1.493	  0.000
10	  2.760	 23.984	  1.005	  1.493	  0.000
11	  2.760	 25.945	  1.005	  1.493	  0.000
12	  2.760	 27.906	  1.005	  1.493	  0.000
13	  2.760	 29.866	  1.005	  1.493	  0.000
14	  2.760	 31.827	  1.005	  1.493	  0.000
15	  2.760	 33.788	  1.005	  1.493	  0.000
16	  2.760	 35.749	  1.005	  1.493	  0.000
17	  2.760	 37.709	  1.005	  1.493	  0.000
18	  2.760	 39.670	  1.005	  1.493	  0.000
19	  2.760	 41.631	  1.005	  1.493	  0.000
20	  2.760	 43.592	  1.005	  1.493	  0.000
21	  2.760	 45.553	  1.005	  1.493	  0.000
22	  2.760	 47.513	  1.005	  1.493	  0.000
23	  2.760	 49.474	  1.005	  1.493	  0.000
24	  2.760	 51.435	  1.005	  1.493	  0.000
25	  2.760	 53.396	  1.005	  1.493	  0.000
26	  2.760	 55.357	  1.005	  1.493	  0.000
27	  2.760	 57.317	  1.005	  1.493	  0.000
28	  2.760	 59.278	  1.005	  1.493	  0.000
29	  2.760	 61.239	  1.005	  1.493	  0.000
30	  2.760	 63.200	  1.005	  1.493	  0.000
31	  2.760	 65.160	  1.005	  1.493	  0.000
32	  2.760	 67.121	  1.005	  1.493	  0.000
33	  2.760	 69.082	  1.005	  1.493	  0.000
34	  2.760	 71.043	  1.005	  1.493	  0.000
35	  2.760	 73.004	  1.005	  1.493	  0.000
36	  2.760	 74.964	  1.005	  1.493	  0.000
37	  2.760	 76.925	  1.005	  1.493	  0.000
38	  2.760	 78.886	  1.005	  1.493	  0.000
39	  2.760	 80.847	  1.005	  1.493	  0.000
40	  2.760	 82.807	  1.005	  1.493	  0.000
41	  2.760	 84.768	  1.005	  1.493	  0.000
42	  2.760	 86.729	  1.005	  1.493	  0.000
43	  2.760	 88.690	  1.005	  1.493	  0.000
44	  2.760	 90.651	  1.005	  1.493	  0.000
45	  2.760	 92.611	  1.005	  1.493	  0.000
46	  2.760	 94.572	  1.005	  1.493	  0.000
47	  2.760	 96.533	  1.005	  1.493	  0.000
48	  2.760	 98.494	  1.005	  1.493	  0.000
49	  2.760	100.455	  1.005	  1.493	  0.000
50	  2.760	102.415	  1.005	  1.493	  0.000
0	  2.880	  4.555	  1.005	  1.495	  0.000
1	  2.880	  6.516	  1.005	  1.495	  0.000
2	  2.880	  8.477	  1.005	  1.495	  0.000
3	  2.880	 10.438	  1.005	  1.495	  0.000
4	  2.880	 12.399	  1.005	  1.495	  0.000
5	  2.880	 14.359	  1.005	  1.495	  0.000
6	  2.880	 16.320	  1.005	  1.495	  0.000
7	  2.880	 18.281	  1.005	  1.495	  0.000
8	  2.880	 20.242	  1.005	  1.495	  0.000
9	  2.880	 22.202	  1.005	  1.495	  0.000
10	  2.880	 24.163	  1.005	  1.495	  0.000
11	  2.880	 26.124	  1.005	  1.495	  0.000
12	  2.880	 28.085	  1.005	  1.495	  0.000
13	  2.880	 30.046	  1.005	  1.495	  0.000
14	  2.880	 32.006	  1.005	  1.495	  0.000
15	  2.880	 33.967	  1.005	  1.495	  0.000
16	  2.880	 35.928	  1.005	  1.495	  0.000
17	  2.880	 37.889	  1.005	  1.495	  0.000
18	  2.880	 39.850	  1.005	  1.495	  0.000
19	  2.880	 41.810	  1.005	  1.495	  0.000
20	  2.880	 43.771	  1.005	  1.495	  0.000
21	  2.880	 45.732	  1.005	  1.495	  0.000
22	  2.880	 47.693	  1.005	  1.495	  0.000
23	  2.880	 49.653	  1.005	  1.495	  0.000
24	  2.880	 51.614	  1.005	  1.495	  0.000
25	  2.880	 53.575	  1.005	  1.495	  0.000
26	  2.880	 55.536	  1.005	  1.495	  0.000
27	  2.880	 57.497	  1.005	  1.495	  0.000
28	  2.880	 59.457	  1.005	  1.495	  0.000
29	  2.880	 61.418	  1.005	  1.495	  0.000
30	  2.880	 63.379	  1.005	  1.495	  0.000
31	  2.880	 65.340	  1.005	  1.495	  0.000
32	  2.880	 67.300	  1.005	  1.495	  0.000
33	  2.880	 69.261	  1.005	  1.495	  0.000
34	  2.880	 71.222	  1.005	  1.495	  0.000
35	  2.880	 73.183	  1.005	  1.495	  0.000
36	  2.880	 75.144	  1.005	  1.495	  0.000
37	  2.880	 77.104	  1.005	  1.495	  0.000
38	  2.880	 79.065	  1.005	  1.495	  0.000
39	  2.880	 81.026	  1.005	  1.495	  0.000
40	  2.880	 82.987	  1.005	  1.495	  0.000
41	  2.880	 84.948	  1.005	  1.495	  0.000
42	  2.880	 86.908	  1.005	  1.495	  0.000
43	  2.880	 88.869	  1.005	  1.495	  0.000
44	  2.880	 90.830	  1.005	  1.495	  0.000
45	  2.880	 92.791	  1.005	  1.495	  0.000
46	  2.880	 94.751	  1.005	  1.495	  0.000
47	  2.880	 96.712	  1.005	  1.495	  0.000
48	  2.880	 98.673	  1.005	  1.495	  0.000
49	  2.880	100.634	  1.005	  1.495	  0.000
50	  2.880	102.595	  1.005	  1.495	  0.000
0	  3.000	  4.735	  1.005	  1.496	  0.000
1	  3.000	  6.696	  1.005	  1.496	  0.000
2	  3.000	  8.656	  1.005	  1.496	  0.000
3	  3.000	 10.617	  1.005	  1.496	  0.000
4	  3.000	 12.578	  1.005	  1.496	  0.000
5	  3.000	 14.539	  1.005	  1.496	  0.000
6	  3.000	 16.500	  1.005	  1.496	  0.000
7	  3.000	 18.460	  1.005	  1.496	  0.000
8	  3.000	 20.421	  1.005	  1.496	  0.000
9	  3.000	 22.382	  1.005	  1.496	  0.000
10	  3.000	 24.343	  1.005	  1.496	  0.000
11	  3.000	 26.303	  1.005	  1.496	  0.000
12	  3.000	 28.264	  1.005	  1.496	  0.000
13	  3.000	 30.225	  1.005	  1.496	  0.000
14	  3.000	 32.186	  1.005	  1.496	  0.000
15	  3.000	 34.147	  1.005	  1.496	  0.000
16	  3.000	 36.107	  1.005	  1.496	  0.000
17	  3.000	 38.068	  1.005	  1.496	  0.000
18	  3.000	 40.029	  1.005	  1.496	  0.000
19	  3.000	 41.990	  1.005	  1.496	  0.000
20	  3.000	 43.950	  1.005	  1.496	  0.000
21	  3.000	 45.911	  1.005	  1.496	  0.000
22	  3.000	 47.872	  1.005	  1.496	  0.000
23	  3.000	 49.833	  1.005	  1.496	  0.000
24	  3.000	 51.794	  1.005	  1.496	  0.000
25	  3.000	 53.754	  1.005	  1.496	  0.000
26	  3.000	 55.715	  1.005	  1.496	  0.000
27	  3.000	 57.676	  1.005	  1.496	  0.000
28	  3.000	 59.637	  1.005	  1.496	  0.000
29	  3.000	 61.598	  1.005	  1.496	  0.000
30	  3.000	 63.558	  1.005	  1.496	  0.000
31	  3.000	 65.519	  1.005	  1.496	  0.000
32	  3.000	 67.480	  1.005	  1.496	  0.000
33	  3.000	 69.441	  1.005	  1.496	  0.000
34	  3.000	 71.401	  1.005	  1.496	  0.000
35	  3.000	 73.362	  1.005	  1.496	  0.000
36	  3.000	 75.323	  1.005	  1.496	  0.000
37	  3.000	 77.284	  1.005	  1.496	  0.000
38	  3.000	 79.245	  1.005	  1.496	  0.000
39	  3.000	 81.205	  1.005	  1.496	  0.000
40	  3.000	 83.166	  1.005	  1.496	  0.000
41	  3.000	 85.127	  1.005	  1.496	  0.000
42	  3.000	 87.088	  1.005	  1.496	  0.000
43	  3.000	 89.049	  1.005	  1.496	  0.000
44	  3.000	 91.009	  1.005	  1.496	  0.000
45	  3.000	 92.970	  1.005	  1.496	  0.000
46	  3.000	 94.931	  1.005	  1.496	  0.000
47	  3.000	 96.892	  1.005	  1.496	  0.000
48	  3.000	 98.852	  1.005	  1.496	  0.000
49	  3.000	100.813	  1.005	  1.496	  0.000
50	  3.000	102.774	  1.005	  1.496	  0.000
