# id	 time	 x	 y	 vx	 vy
0	  0.000	  0.725	  1.000	  0.010	  0.010
1	  0.000	  2.174	  1.000	  0.010	  0.010
2	  0.000	  3.623	  1.000	  0.010	  0.010
3	  0.000	  5.072	  1.000	  0.010	  0.010
4	  0.000	  6.522	  1.000	  0.010	  0.010
5	  0.000	  7.971	  1.000	  0.010	  0.010
6	  0.000	  9.420	  1.000	  0.010	  0.010
7	  0.000	 10.870	  1.000	  0.010	  0.010
8	  0.000	 12.319	  1.000	  0.010	  0.010
9	  0.000	 13.768	  1.000	  0.010	  0.010
10	  0.000	 15.217	  1.000	  0.010	  0.010
11	  0.000	 16.667	  1.000	  0.010	  0.010
12	  0.000	 18.116	  1.000	  0.010	  0.010
13	  0.000	 19.565	  1.000	  0.010	  0.010
14	  0.000	 21.014	  1.000	  0.010	  0.010
15	  0.000	 22.464	  1.000	  0.010	  0.010
16	  0.000	 23.913	  1.000	  0.010	  0.010
17	  0.000	 25.362	  1.000	  0.010	  0.010
18	  0.000	 26.812	  1.000	  0.010	  0.010
19	  0.000	 28.261	  1.000	  0.010	  0.010
20	  0.000	 29.710	  1.000	  0.010	  0.010
21	  0.000	 31.159	  1.000	  0.010	  0.010
22	  0.000	 32.609	  1.000	  0.010	  0.010
23	  0.000	 34.058	  1.000	  0.010	  0.010
24	  0.000	 35.507	  1.000	  0.010	  0.010
25	  0.000	 36.957	  1.000	  0.010	  0.010
26	  0.000	 38.406	  1.000	  0.010	  0.010
27	  0.000	 39.855	  1.000	  0.010	  0.010
28	  0.000	 41.304	  1.000	  0.010	  0.010
29	  0.000	 42.754	  1.000	  0.010	  0.010
30	  0.000	 44.203	  1.000	  0.010	  0.010
31	  0.000	 45.652	  1.000	  0.010	  0.010
32	  0.000	 47.101	  1.000	  0.010	  0.010
33	  0.000	 48.551	  1.000	  0.010	  0.010
34	  0.000	 50.000	  1.000	  0.010	  0.010
35	  0.000	 51.449	  1.000	  0.010	  0.010
36	  0.000	 52.899	  1.000	  0.010	  0.010
37	  0.000	 54.348	  1.000	  0.010	  0.010
38	  0.000	 55.797	  1.000	  0.010	  0.010
39	  0.000	 57.246	  1.000	  0.010	  0.010
40	  0.000	 58.696	  1.000	  0.010	  0.010
41	  0.000	 60.145	  1.000	  0.010	  0.010
42	  0.000	 61.594	  1.000	  0.010	  0.010
43	  0.000	 63.043	  1.000	  0.010	  0.010
44	  0.000	 64.493	  1.000	  0.010	  0.010
45	  0.000	 65.942	  1.000	  0.010	  0.010
46	  0.000	 67.391	  1.000	  0.010	  0.010
47	  0.000	 68.841	  1.000	  0.010	  0.010
48	  0.000	 70.290	  1.000	  0.010	  0.010
49	  0.000	 71.739	  1.000	  0.010	  0.010
50	  0.000	 73.188	  1.000	  0.010	  0.010
51	  0.000	 74.638	  1.000	  0.010	  0.010
52	  0.000	 76.087	  1.000	  0.010	  0.010
53	  0.000	 77.536	  1.000	  0.010	  0.010
54	  0.000	 78.986	  1.000	  0.010	  0.010
55	  0.000	 80.435	  1.000	  0.010	  0.010
56	  0.000	 81.884	  1.000	  0.010	  0.010
57	  0.000	 83.333	  1.000	  0.010	  0.010
58	  0.000	 84.783	  1.000	  0.010	  0.010
59	  0.000	 86.232	  1.000	  0.010	  0.010
60	  0.000	 87.681	  1.000	  0.010	  0.010
61	  0.000	 89.130	  1.000	  0.010	  0.010
62	  0.000	 90.580	  1.000	  0.010	  0.010
63	  0.000	 92.029	  1.000	  0.010	  0.010
64	  0.000	 93.478	  1.000	  0.010	  0.010
65	  0.000	 94.928	  1.000	  0.010	  0.010
66	  0.000	 96.377	  1.000	  0.010	  0.010
67	  0.000	 97.826	  1.000	  0.010	  0.010
68	  0.000	 99.275	  1.000	  0.010	  0.010
0	  0.120	  0.737	  1.001	  0.211	  0.008
1	  0.120	  2.187	  1.001	  0.211	  0.008
2	  0.120	  3.636	  1.001	  0.211	  0.008
3	  0.120	  5.085	  1.001	  0.211	  0.008
4	  0.120	  6.535	  1.001	  0.211	  0.008
5	  0.120	  7.984	  1.001	  0.211	  0.008
6	  0.120	  9.433	  1.001	  0.211	  0.008
7	  0.120	 10.882	  1.001	  0.211	  0.008
8	  0.120	 12.332	  1.001	  0.211	  0.008
9	  0.120	 13.781	  1.001	  0.211	  0.008
10	  0.120	 15.230	  1.001	  0.211	  0.008
11	  0.120	 16.679	  1.001	  0.211	  0.008
12	  0.120	 18.129	  1.001	  0.211	  0.008
13	  0.120	 19.578	  1.001	  0.211	  0.008
14	  0.120	 21.027	  1.001	  0.211	  0.008
15	  0.120	 22.477	  1.001	  0.211	  0.008
16	  0.120	 23.926	  1.001	  0.211	  0.008
17	  0.120	 25.375	  1.001	  0.211	  0.008
18	  0.120	 26.824	  1.001	  0.211	  0.008
19	  0.120	 28.274	  1.001	  0.211	  0.008
20	  0.120	 29.723	  1.001	  0.211	  0.008
21	  0.120	 31.172	  1.001	  0.211	  0.008
22	  0.120	 32.621	  1.001	  0.211	  0.008
23	  0.120	 34.071	  1.001	  0.211	  0.008
24	  0.120	 35.520	  1.001	  0.211	  0.008
25	  0.120	 36.969	  1.001	  0.211	  0.008
26	  0.120	 38.419	  1.001	  0.211	  0.008
27	  0.120	 39.868	  1.001	  0.211	  0.008
28	  0.120	 41.317	  1.001	  0.211	  0.008
29	  0.120	 42.766	  1.001	  0.211	  0.008
30	  0.120	 44.216	  1.001	  0.211	  0.008
31	  0.120	 45.665	  1.001	  0.211	  0.008
32	  0.120	 47.114	  1.001	  0.211	  0.008
33	  0.120	 48.563	  1.001	  0.211	  0.008
34	  0.120	 50.013	  1.001	  0.211	  0.008
35	  0.120	 51.462	  1.001	  0.211	  0.008
36	  0.120	 52.911	  1.001	  0.211	  0.008
37	  0.120	 54.361	  1.001	  0.211	  0.008
38	  0.120	 55.810	  1.001	  0.211	  0.008
39	  0.120	 57.259	  1.001	  0.211	  0.008
40	  0.120	 58.708	  1.001	  0.211	  0.008
41	  0.120	 60.158	  1.001	  0.211	  0.008
42	  0.120	 61.607	  1.001	  0.211	  0.008
43	  0.120	 63.056	  1.001	  0.211	  0.008
44	  0.120	 64.506	  1.001	  0.211	  0.008
45	  0.120	 65.955	  1.001	  0.211	  0.008
46	  0.120	 67.404	  1.001	  0.211	  0.008
47	  0.120	 68.853	  1.001	  0.211	  0.008
48	  0.120	 70.303	  1.001	  0.211	  0.008
49	  0.120	 71.752	  1.001	  0.211	  0.008
50	  0.120	 73.201	  1.001	  0.211	  0.008
51	  0.120	 74.650	  1.001	  0.211	  0.008
52	  0.120	 76.100	  1.001	  0.211	  0.008
53	  0.120	 77.549	  1.001	  0.211	  0.008
54	  0.120	 78.998	  1.001	  0.211	  0.008
55	  0.120	 80.448	  1.001	  0.211	  0.008
56	  0.120	 81.897	  1.001	  0.211	  0.008
57	  0.120	 83.346	  1.001	  0.211	  0.008
58	  0.120	 84.795	  1.001	  0.211	  0.008
59	  0.120	 86.245	  1.001	  0.211	  0.008
60	  0.120	 87.694	  1.001	  0.211	  0.008
61	  0.120	 89.143	  1.001	  0.211	  0.008
62	  0.120	 90.592	  1.001	  0.211	  0.008
63	  0.120	 92.042	  1.001	  0.211	  0.008
64	  0.120	 93.491	  1.001	  0.211	  0.008
65	  0.120	 94.940	  1.001	  0.211	  0.008
66	  0.120	 96.390	  1.001	  0.211	  0.008
67	  0.120	 97.839	  1.001	  0.211	  0.008
68	  0.120	 99.288	  1.001	  0.211	  0.008
0	  0.240	  0.772	  1.002	  0.370	  0.006
1	  0.240	  2.221	  1.002	  0.370	  0.006
2	  0.240	  3.670	  1.002	  0.370	  0.006
3	  0.240	  5.120	  1.002	  0.370	  0.006
4	  0.240	  6.569	  1.002	  0.370	  0.006
5	  0.240	  8.018	  1.002	  0.370	  0.006
6	  0.240	  9.468	  1.002	  0.370	  0.006
7	  0.240	 10.917	  1.002	  0.370	  0.006
8	  0.240	 12.366	  1.002	  0.370	  0.006
9	  0.240	 13.815	  1.002	  0.370	  0.006
10	  0.240	 15.265	  1.002	  0.370	  0.006
11	  0.240	 16.714	  1.002	  0.370	  0.006
12	  0.240	 18.163	  1.002	  0.370	  0.006
13	  0.240	 19.612	  1.002	  0.370	  0.006
14	  0.240	 21.062	  1.002	  0.370	  0.006
15	  0.240	 22.511	  1.002	  0.370	  0.006
16	  0.240	 23.960	  1.002	  0.370	  0.006
17	  0.240	 25.410	  1.002	  0.370	  0.006
18	  0.240	 26.859	  1.002	  0.370	  0.006
19	  0.240	 28.308	  1.002	  0.370	  0.006
20	  0.240	 29.757	  1.002	  0.370	  0.006
21	  0.240	 31.207	  1.002	  0.370	  0.006
22	  0.240	 32.656	  1.002	  0.370	  0.006
23	  0.240	 34.105	  1.002	  0.370	  0.006
24	  0.240	 35.554	  1.002	  0.370	  0.006
25	  0.240	 37.004	  1.002	  0.370	  0.006
26	  0.240	 38.453	  1.002	  0.370	  0.006
27	  0.240	 39.902	  1.002	  0.370	  0.006
28	  0.240	 41.352	  1.002	  0.370	  0.006
29	  0.240	 42.801	  1.002	  0.370	  0.006
30	  0.240	 44.250	  1.002	  0.370	  0.006
31	  0.240	 45.699	  1.002	  0.370	  0.006
32	  0.240	 47.149	  1.002	  0.370	  0.006
33	  0.240	 48.598	  1.002	  0.370	  0.006
34	  0.240	 50.047	  1.002	  0.370	  0.006
35	  0.240	 51.496	  1.002	  0.370	  0.006
36	  0.240	 52.946	  1.002	  0.370	  0.006
37	  0.240	 54.395	  1.002	  0.370	  0.006
38	  0.240	 55.844	  1.002	  0.370	  0.006
39	  0.240	 57.294	  1.002	  0.370	  0.006
40	  0.240	 58.743	  1.002	  0.370	  0.006
41	  0.240	 60.192	  1.002	  0.370	  0.006
42	  0.240	 61.641	  1.002	  0.370	  0.006
43	  0.240	 63.091	  1.002	  0.370	  0.006
44	  0.240	 64.540	  1.002	  0.370	  0.006
45	  0.240	 65.989	  1.002	  0.370	  0.006
46	  0.240	 67.439	  1.002	  0.370	  0.006
47	  0.240	 68.888	  1.002	  0.370	  0.006
48	  0.240	 70.337	  1.002	  0.370	  0.006
49	  0.240	 71.786	  1.002	  0.370	  0.006
50	  0.240	 73.236	  1.002	  0.370	  0.006
51	  0.240	 74.685	  1.002	  0.370	  0.006
52	  0.240	 76.134	  1.002	  0.370	  0.006
53	  0.240	 77.583	  1.002	  0.370	  0.006
54	  0.240	 79.033	  1.002	  0.370	  0.006
55	  0.240	 80.482	  1.002	  0.370	  0.006
56	  0.240	 81.931	  1.002	  0.370	  0.006
57	  0.240	 83.381	  1.002	  0.370	  0.006
58	  0.240	 84.830	  1.002	  0.370	  0.006
59	  0.240	 86.279	  1.002	  0.370	  0.006
60	  0.240	 87.728	  1.002	  0.370	  0.006
61	  0.240	 89.178	  1.002	  0.370	  0.006
62	  0.240	 90.627	  1.002	  0.370	  0.006
63	  0.240	 92.076	  1.002	  0.370	  0.006
64	  0.240	 93.525	  1.002	  0.370	  0.006
65	  0.240	 94.975	  1.002	  0.370	  0.006
66	  0.240	 96.424	  1.002	  0.370	  0.006
67	  0.240	 97.873	  1.002	  0.370	  0.006
68	  0.240	 99.323	  1.002	  0.370	  0.006
0	  0.360	  0.823	  1.003	  0.494	  0.005
1	  0.360	  2.273	  1.003	  0.494	  0.005
2	  0.360	  3.722	  1.003	  0.494	  0.005
3	  0.360	  5.171	  1.003	  0.494	  0.005
4	  0.360	  6.620	  1.003	  0.494	  0.005
5	  0.360	  8.070	  1.003	  0.494	  0.005
6	  0.360	  9.519	  1.003	  0.494	  0.005
7	  0.360	 10.968	  1.003	  0.494	  0.005
8	  0.360	 12.418	  1.003	  0.494	  0.005
9	  0.360	 13.867	  1.003	  0.494	  0.005
10	  0.360	 15.316	  1.003	  0.494	  0.005
11	  0.360	 16.765	  1.003	  0.494	  0.005
12	  0.360	 18.215	  1.003	  0.494	  0.005
13	  0.360	 19.664	  1.003	  0.494	  0.005
14	  0.360	 21.113	  1.003	  0.494	  0.005
15	  0.360	 22.562	  1.003	  0.494	  0.005
16	  0.360	 24.012	  1.003	  0.494	  0.005
17	  0.360	 25.461	  1.003	  0.494	  0.005
18	  0.360	 26.910	  1.003	  0.494	  0.005
19	  0.360	 28.360	  1.003	  0.494	  0.005
20	  0.360	 29.809	  1.003	  0.494	  0.005
21	  0.360	 31.258	  1.003	  0.494	  0.005
22	  0.360	 32.707	  1.003	  0.494	  0.005
23	  0.360	 34.157	  1.003	  0.494	  0.005
24	  0.360	 35.606	  1.003	  0.494	  0.005
25	  0.360	 37.055	  1.003	  0.494	  0.005
26	  0.360	 38.504	  1.003	  0.494	  0.005
27	  0.360	 39.954	  1.003	  0.494	  0.005
28	  0.360	 41.403	  1.003	  0.494	  0.005
29	  0.360	 42.852	  1.003	  0.494	  0.005
30	  0.360	 44.302	  1.003	  0.494	  0.005
31	  0.360	 45.751	  1.003	  0.494	  0.005
32	  0.360	 47.200	  1.003	  0.494	  0.005
33	  0.360	 48.649	  1.003	  0.494	  0.005
34	  0.360	 50.099	  1.003	  0.494	  0.005
35	  0.360	 51.548	  1.003	  0.494	  0.005
36	  0.360	 52.997	  1.003	  0.494	  0.005
37	  0.360	 54.447	  1.003	  0.494	  0.005
38	  0.360	 55.896	  1.003	  0.494	  0.005
39	  0.360	 57.345	  1.003	  0.494	  0.005
40	  0.360	 58.794	  1.003	  0.494	  0.005
41	  0.360	 60.244	  1.003	  0.494	  0.005
42	  0.360	 61.693	  1.003	  0.494	  0.005
43	  0.360	 63.142	  1.003	  0.494	  0.005
44	  0.360	 64.591	  1.003	  0.494	  0.005
45	  0.360	 66.041	  1.003	  0.494	  0.005
46	  0.360	 67.490	  1.003	  0.494	  0.005
47	  0.360	 68.939	  1.003	  0.494	  0.005
48	  0.360	 70.389	  1.003	  0.494	  0.005
49	  0.360	 71.838	  1.003	  0.494	  0.005
50	  0.360	 73.287	  1.003	  0.494	  0.005
51	  0.360	 74.736	  1.003	  0.494	  0.005
52	  0.360	 76.186	  1.003	  0.494	  0.005
53	  0.360	 77.635	  1.003	  0.494	  0.005
54	  0.360	 79.084	  1.003	  0.494	  0.005
55	  0.360	 80.533	  1.003	  0.494	  0.005
56	  0.360	 81.983	  1.003	  0.494	  0.005
57	  0.360	 83.432	  1.003	  0.494	  0.005
58	  0.360	 84.881	  1.003	  0.494	  0.005
59	  0.360	 86.331	  1.003	  0.494	  0.005
60	  0.360	 87.780	  1.003	  0.494	  0.005
61	  0.360	 89.229	  1.003	  0.494	  0.005
62	  0.360	 90.678	  1.003	  0.494	  0.005
63	  0.360	 92.128	  1.003	  0.494	  0.005
64	  0.360	 93.577	  1.003	  0.494	  0.005
65	  0.360	 95.026	  1.003	  0.494	  0.005
66	  0.360	 96.475	  1.003	  0.494	  0.005
67	  0.360	 97.925	  1.003	  0.494	  0.005
68	  0.360	 99.374	  1.003	  0.494	  0.005
0	  0.480	  0.888	  1.003	  0.591	  0.004
1	  0.480	  2.337	  1.003	  0.591	  0.004
2	  0.480	  3.787	  1.003	  0.591	  0.004
3	  0.480	  5.236	  1.003	  0.591	  0.004
4	  0.480	  6.685	  1.003	  0.591	  0.004
5	  0.480	  8.135	  1.003	  0.591	  0.004
6	  0.480	  9.584	  1.003	  0.591	  0.004
7	  0.480	 11.033	  1.003	  0.591	  0.004
8	  0.480	 12.482	  1.003	  0.591	  0.004
9	  0.480	 13.932	  1.003	  0.591	  0.004
10	  0.480	 15.381	  1.003	  0.591	  0.004
11	  0.480	 16.830	  1.003	  0.591	  0.004
12	  0.480	 18.279	  1.003	  0.591	  0.004
13	  0.480	 19.729	  1.003	  0.591	  0.004
14	  0.480	 21.178	  1.003	  0.591	  0.004
15	  0.480	 22.627	  1.003	  0.591	  0.004
16	  0.480	 24.077	  1.003	  0.591	  0.004
17	  0.480	 25.526	  1.003	  0.591	  0.004
18	  0.480	 26.975	  1.003	  0.591	  0.004
19	  0.480	 28.424	  1.003	  0.591	  0.004
20	  0.480	 29.874	  1.003	  0.591	  0.004
21	  0.480	 31.323	  1.003	  0.591	  0.004
22	  0.480	 32.772	  1.003	  0.591	  0.004
23	  0.480	 34.221	  1.003	  0.591	  0.004
24	  0.480	 35.671	  1.003	  0.591	  0.004
25	  0.480	 37.120	  1.003	  0.591	  0.004
26	  0.480	 38.569	  1.003	  0.591	  0.004
27	  0.480	 40.019	  1.003	  0.591	  0.004
28	  0.480	 41.468	  1.003	  0.591	  0.004
29	  0.480	 42.917	  1.003	  0.591	  0.004
30	  0.480	 44.366	  1.003	  0.591	  0.004
31	  0.480	 45.816	  1.003	  0.591	  0.004
32	  0.480	 47.265	  1.003	  0.591	  0.004
33	  0.480	 48.714	  1.003	  0.591	  0.004
34	  0.480	 50.164	  1.003	  0.591	  0.004
35	  0.480	 51.613	  1.003	  0.591	  0.004
36	  0.480	 53.062	  1.003	  0.591	  0.004
37	  0.480	 54.511	  1.003	  0.591	  0.004
38	  0.480	 55.961	  1.003	  0.591	  0.004
39	  0.480	 57.410	  1.003	  0.591	  0.004
40	  0.480	 58.859	  1.003	  0.591	  0.004
41	  0.480	 60.308	  1.003	  0.591	  0.004
42	  0.480	 61.758	  1.003	  0.591	  0.004
43	  0.480	 63.207	  1.003	  0.591	  0.004
44	  0.480	 64.656	  1.003	  0.591	  0.004
45	  0.480	 66.106	  1.003	  0.591	  0.004
46	  0.480	 67.555	  1.003	  0.591	  0.004
47	  0.480	 69.004	  1.003	  0.591	  0.004
48	  0.480	 70.453	  1.003	  0.591	  0.004
49	  0.480	 71.903	  1.003	  0.591	  0.004
50	  0.480	 73.352	  1.003	  0.591	  0.004
51	  0.480	 74.801	  1.003	  0.591	  0.004
52	  0.480	 76.250	  1.003	  0.591	  0.004
53	  0.480	 77.700	  1.003	  0.591	  0.004
54	  0.480	 79.149	  1.003	  0.591	  0.004
55	  0.480	 80.598	  1.003	  0.591	  0.004
56	  0.480	 82.048	  1.003	  0.591	  0.004
57	  0.480	 83.497	  1.003	  0.591	  0.004
58	  0.480	 84.946	  1.003	  0.591	  0.004
59	  0.480	 86.395	  1.003	  0.591	  0.004
60	  0.480	 87.845	  1.003	  0.591	  0.004
61	  0.480	 89.294	  1.003	  0.591	  0.004
62	  0.480	 90.743	  1.003	  0.591	  0.004
63	  0.480	 92.192	  1.003	  0.591	  0.004
64	  0.480	 93.642	  1.003	  0.591	  0.004
65	  0.480	 95.091	  1.003	  0.591	  0.004
66	  0.480	 96.540	  1.003	  0.591	  0.004
67	  0.480	 97.990	  1.003	  0.591	  0.004
68	  0.480	 99.439	  1.003	  0.591	  0.004
0	  0.600	  0.963	  1.004	  0.667	  0.003
1	  0.600	  2.413	  1.004	  0.667	  0.003
2	  0.600	  3.862	  1.004	  0.667	  0.003
3	  0.600	  5.311	  1.004	  0.667	  0.003
4	  0.600	  6.761	  1.004	  0.667	  0.003
5	  0.600	  8.210	  1.004	  0.667	  0.003
6	  0.600	  9.659	  1.004	  0.667	  0.003
7	  0.600	 11.108	  1.004	  0.667	  0.003
8	  0.600	 12.558	  1.004	  0.667	  0.003
9	  0.600	 14.007	  1.004	  0.667	  0.003
10	  0.600	 15.456	  1.004	  0.667	  0.003
11	  0.600	 16.905	  1.004	  0.667	  0.003
12	  0.600	 18.355	  1.004	  0.667	  0.003
13	  0.600	 19.804	  1.004	  0.667	  0.003
14	  0.600	 21.253	  1.004	  0.667	  0.003
15	  0.600	 22.703	  1.004	  0.667	  0.003
16	  0.600	 24.152	  1.004	  0.667	  0.003
17	  0.600	 25.601	  1.004	  0.667	  0.003
18	  0.600	 27.050	  1.004	  0.667	  0.003
19	  0.600	 28.500	  1.004	  0.667	  0.003
20	  0.600	 29.949	  1.004	  0.667	  0.003
21	  0.600	 31.398	  1.004	  0.667	  0.003
22	  0.600	 32.847	  1.004	  0.667	  0.003
23	  0.600	 34.297	  1.004	  0.667	  0.003
24	  0.600	 35.746	  1.004	  0.667	  0.003
25	  0.600	 37.195	  1.004	  0.667	  0.003
26	  0.600	 38.645	  1.004	  0.667	  0.003
27	  0.600	 40.094	  1.004	  0.667	  0.003
28	  0.600	 41.543	  1.004	  0.667	  0.003
29	  0.600	 42.992	  1.004	  0.667	  0.003
30	  0.600	 44.442	  1.004	  0.667	  0.003
31	  0.600	 45.891	  1.004	  0.667	  0.003
32	  0.600	 47.340	  1.004	  0.667	  0.003
33	  0.600	 48.790	  1.004	  0.667	  0.003
34	  0.600	 50.239	  1.004	  0.667	  0.003
35	  0.600	 51.688	  1.004	  0.667	  0.003
36	  0.600	 53.137	  1.004	  0.667	  0.003
37	  0.600	 54.587	  1.004	  0.667	  0.003
38	  0.600	 56.036	  1.004	  0.667	  0.003
39	  0.600	 57.485	  1.004	  0.667	  0.003
40	  0.600	 58.934	  1.004	  0.667	  0.003
41	  0.600	 60.384	  1.004	  0.667	  0.003
42	  0.600	 61.833	  1.004	  0.667	  0.003
43	  0.600	 63.282	  1.004	  0.667	  0.003
44	  0.600	 64.732	  1.004	  0.667	  0.003
45	  0.600	 66.181	  1.004	  0.667	  0.003
46	  0.600	 67.630	  1.004	  0.667	  0.003
47	  0.600	 69.079	  1.004	  0.667	  0.003
48	  0.600	 70.529	  1.004	  0.667	  0.003
49	  0.600	 71.978	  1.004	  0.667	  0.003
50	  0.600	 73.427	  1.004	  0.667	  0.003
51	  0.600	 74.876	  1.004	  0.667	  0.003
52	  0.600	 76.326	  1.004	  0.667	  0.003
53	  0.600	 77.775	  1.004	  0.667	  0.003
54	  0.600	 79.224	  1.004	  0.667	  0.003
55	  0.600	 80.674	  1.004	  0.667	  0.003
56	  0.600	 82.123	  1.004	  0.667	  0.003
57	  0.600	 83.572	  1.004	  0.667	  0.003
58	  0.600	 85.021	  1.004	  0.667	  0.003
59	  0.600	 86.471	  1.004	  0.667	  0.003
60	  0.600	 87.920	  1.004	  0.667	  0.003
61	  0.600	 89.369	  1.004	  0.667	  0.003
62	  0.600	 90.819	  1.004	  0.667	  0.003
63	  0.600	 92.268	  1.004	  0.667	  0.003
64	  0.600	 93.717	  1.004	  0.667	  0.003
65	  0.600	 95.166	  1.004	  0.667	  0.003
66	  0.600	 96.616	  1.004	  0.667	  0.003
67	  0.600	 98.065	  1.004	  0.667	  0.003
68	  0.600	 99.514	  1.004	  0.667	  0.003
0	  0.720	  1.047	  1.004	  0.727	  0.002
1	  0.720	  2.496	  1.004	  0.727	  0.002
2	  0.720	  3.946	  1.004	  0.727	  0.002
3	  0.720	  5.395	  1.004	  0.727	  0.002
4	  0.720	  6.844	  1.004	  0.727	  0.002
5	  0.720	  8.293	  1.004	  0.727	  0.002
6	  0.720	  9.743	  1.004	  0.727	  0.002
7	  0.720	 11.192	  1.004	  0.727	  0.002
8	  0.720	 12.641	  1.004	  0.727	  0.002
9	  0.720	 14.090	  1.004	  0.727	  0.002
10	  0.720	 15.540	  1.004	  0.727	  0.002
11	  0.720	 16.989	  1.004	  0.727	  0.002
12	  0.720	 18.438	  1.004	  0.727	  0.002
13	  0.720	 19.888	  1.004	  0.727	  0.002
14	  0.720	 21.337	  1.004	  0.727	  0.002
15	  0.720	 22.786	  1.004	  0.727	  0.002
16	  0.720	 24.235	  1.004	  0.727	  0.002
17	  0.720	 25.685	  1.004	  0.727	  0.002
18	  0.720	 27.134	  1.004	  0.727	  0.002
19	  0.720	 28.583	  1.004	  0.727	  0.002
20	  0.720	 30.032	  1.004	  0.727	  0.002
21	  0.720	 31.482	  1.004	  0.727	  0.002
22	  0.720	 32.931	  1.004	  0.727	  0.002
23	  0.720	 34.380	  1.004	  0.727	  0.002
24	  0.720	 35.830	  1.004	  0.727	  0.002
25	  0.720	 37.279	  1.004	  0.727	  0.002
26	  0.720	 38.728	  1.004	  0.727	  0.002
27	  0.720	 40.177	  1.004	  0.727	  0.002
28	  0.720	 41.627	  1.004	  0.727	  0.002
29	  0.720	 43.076	  1.004	  0.727	  0.002
30	  0.720	 44.525	  1.004	  0.727	  0.002
31	  0.720	 45.974	  1.004	  0.727	  0.002
32	  0.720	 47.424	  1.004	  0.727	  0.002
33	  0.720	 48.873	  1.004	  0.727	  0.002
34	  0.720	 50.322	  1.004	  0.727	  0.002
35	  0.720	 51.772	  1.004	  0.727	  0.002
36	  0.720	 53.221	  1.004	  0.727	  0.002
37	  0.720	 54.670	  1.004	  0.727	  0.002
38	  0.720	 56.119	  1.004	  0.727	  0.002
39	  0.720	 57.569	  1.004	  0.727	  0.002
40	  0.720	 59.018	  1.004	  0.727	  0.002
41	  0.720	 60.467	  1.004	  0.727	  0.002
42	  0.720	 61.917	  1.004	  0.727	  0.002
43	  0.720	 63.366	  1.004	  0.727	  0.002
44	  0.720	 64.815	  1.004	  0.727	  0.002
45	  0.720	 66.264	  1.004	  0.727	  0.002
46	  0.720	 67.714	  1.004	  0.727	  0.002
47	  0.720	 69.163	  1.004	  0.727	  0.002
48	  0.720	 70.612	  1.004	  0.727	  0.002
49	  0.720	 72.061	  1.004	  0.727	  0.002
50	  0.720	 73.511	  1.004	  0.727	  0.002
51	  0.720	 74.960	  1.004	  0.727	  0.002
52	  0.720	 76.409	  1.004	  0.727	  0.002
53	  0.720	 77.859	  1.004	  0.727	  0.002
54	  0.720	 79.308	  1.004	  0.727	  0.002
55	  0.720	 80.757	  1.004	  0.727	  0.002
56	  0.720	 82.206	  1.004	  0.727	  0.002
57	  0.720	 83.656	  1.004	  0.727	  0.002
58	  0.720	 85.105	  1.004	  0.727	  0.002
59	  0.720	 86.554	  1.004	  0.727	  0.002
60	  0.720	 88.003	  1.004	  0.727	  0.002
61	  0.720	 89.453	  1.004	  0.727	  0.002
62	  0.720	 90.902	  1.004	  0.727	  0.002
63	  0.720	 92.351	  1.004	  0.727	  0.002
64	  0.720	 93.801	  1.004	  0.727	  0.002
65	  0.720	 95.250	  1.004	  0.727	  0.002
66	  0.720	 96.699	  1.004	  0.727	  0.002
67	  0.720	 98.148	  1.004	  0.727	  0.002
68	  0.720	 99.598	  1.004	  0.727	  0.002
0	  0.840	  1.137	  1.004	  0.774	  0.002
1	  0.840	  2.586	  1.004	  0.774	  0.002
2	  0.840	  4.035	  1.004	  0.774	  0.002
3	  0.840	  5.485	  1.004	  0.774	  0.002
4	  0.840	  6.934	  1.004	  0.774	  0.002
5	  0.840	  8.383	  1.004	  0.774	  0.002
6	  0.840	  9.833	  1.004	  0.774	  0.002
7	  0.840	 11.282	  1.004	  0.774	  0.002
8	  0.840	 12.731	  1.004	  0.774	  0.002
9	  0.840	 14.180	  1.004	  0.774	  0.002
10	  0.840	 15.630	  1.004	  0.774	  0.002
11	  0.840	 17.079	  1.004	  0.774	  0.002
12	  0.840	 18.528	  1.004	  0.774	  0.002
13	  0.840	 19.978	  1.004	  0.774	  0.002
14	  0.840	 21.427	  1.004	  0.774	  0.002
15	  0.840	 22.876	  1.004	  0.774	  0.002
16	  0.840	 24.325	  1.004	  0.774	  0.002
17	  0.840	 25.775	  1.004	  0.774	  0.002
18	  0.840	 27.224	  1.004	  0.774	  0.002
19	  0.840	 28.673	  1.004	  0.774	  0.002
20	  0.840	 30.122	  1.004	  0.774	  0.002
21	  0.840	 31.572	  1.004	  0.774	  0.002
22	  0.840	 33.021	  1.004	  0.774	  0.002
23	  0.840	 34.470	  1.004	  0.774	  0.002
24	  0.840	 35.920	  1.004	  0.774	  0.002
25	  0.840	 37.369	  1.004	  0.774	  0.002
26	  0.840	 38.818	  1.004	  0.774	  0.002
27	  0.840	 40.267	  1.004	  0.774	  0.002
28	  0.840	 41.717	  1.004	  0.774	  0.002
29	  0.840	 43.166	  1.004	  0.774	  0.002
30	  0.840	 44.615	  1.004	  0.774	  0.002
31	  0.840	 46.064	  1.004	  0.774	  0.002
32	  0.840	 47.514	  1.004	  0.774	  0.002
33	  0.840	 48.963	  1.004	  0.774	  0.002
34	  0.840	 50.412	  1.004	  0.774	  0.002
35	  0.840	 51.862	  1.004	  0.774	  0.002
36	  0.840	 53.311	  1.004	  0.774	  0.002
37	  0.840	 54.760	  1.004	  0.774	  0.002
38	  0.840	 56.209	  1.004	  0.774	  0.002
39	  0.840	 57.659	  1.004	  0.774	  0.002
40	  0.840	 59.108	  1.004	  0.774	  0.002
41	  0.840	 60.557	  1.004	  0.774	  0.002
42	  0.840	 62.007	  1.004	  0.774	  0.002
43	  0.840	 63.456	  1.004	  0.774	  0.002
44	  0.840	 64.905	  1.004	  0.774	  0.002
45	  0.840	 66.354	  1.004	  0.774	  0.002
46	  0.840	 67.804	  1.004	  0.774	  0.002
47	  0.840	 69.253	  1.004	  0.774	  0.002
48	  0.840	 70.702	  1.004	  0.774	  0.002
49	  0.840	 72.151	  1.004	  0.774	  0.002
50	  0.840	 73.601	  1.004	  0.774	  0.002
51	  0.840	 75.050	  1.004	  0.774	  0.002
52	  0.840	 76.499	  1.004	  0.774	  0.002
53	  0.840	 77.949	  1.004	  0.774	  0.002
54	  0.840	 79.398	  1.004	  0.774	  0.002
55	  0.840	 80.847	  1.004	  0.774	  0.002
56	  0.840	 82.296	  1.004	  0.774	  0.002
57	  0.840	 83.746	  1.004	  0.774	  0.002
58	  0.840	 85.195	  1.004	  0.774	  0.002
59	  0.840	 86.644	  1.004	  0.774	  0.002
60	  0.840	 88.093	  1.004	  0.774	  0.002
61	  0.840	 89.543	  1.004	  0.774	  0.002
62	  0.840	 90.992	  1.004	  0.774	  0.002
63	  0.840	 92.441	  1.004	  0.774	  0.002
64	  0.840	 93.891	  1.004	  0.774	  0.002
65	  0.840	 95.340	  1.004	  0.774	  0.002
66	  0.840	 96.789	  1.004	  0.774	  0.002
67	  0.840	 98.238	  1.004	  0.774	  0.002
68	  0.840	 99.688	  1.004	  0.774	  0.002
0	  0.960	  1.232	  1.004	  0.811	  0.001
1	  0.960	  2.681	  1.004	  0.811	  0.001
2	  0.960	  4.131	  1.004	  0.811	  0.001
3	  0.960	  5.580	  1.004	  0.811	  0.001
4	  0.960	  7.029	  1.004	  0.811	  0.001
5	  0.960	  8.478	  1.004	  0.811	  0.001
6	  0.960	  9.928	  1.004	  0.811	  0.001
7	  0.960	 11.377	  1.004	  0.811	  0.001
8	  0.960	 12.826	  1.004	  0.811	  0.001
9	  0.960	 14.275	  1.004	  0.811	  0.001
10	  0.960	 15.725	  1.004	  0.811	  0.001
11	  0.960	 17.174	  1.004	  0.811	  0.001
12	  0.960	 18.623	  1.004	  0.811	  0.001
13	  0.960	 20.073	  1.004	  0.811	  0.001
14	  0.960	 21.522	  1.004	  0.811	  0.001
15	  0.960	 22.971	  1.004	  0.811	  0.001
16	  0.960	 24.420	  1.004	  0.811	  0.001
17	  0.960	 25.870	  1.004	  0.811	  0.001
18	  0.960	 27.319	  1.004	  0.811	  0.001
19	  0.960	 28.768	  1.004	  0.811	  0.001
20	  0.960	 30.217	  1.004	  0.811	  0.001
21	  0.960	 31.667	  1.004	  0.811	  0.001
22	  0.960	 33.116	  1.004	  0.811	  0.001
23	  0.960	 34.565	  1.004	  0.811	  0.001
24	  0.960	 36.015	  1.004	  0.811	  0.001
25	  0.960	 37.464	  1.004	  0.811	  0.001
26	  0.960	 38.913	  1.004	  0.811	  0.001
27	  0.960	 40.362	  1.004	  0.811	  0.001
28	  0.960	 41.812	  1.004	  0.811	  0.001
29	  0.960	 43.261	  1.004	  0.811	  0.001
30	  0.960	 44.710	  1.004	  0.811	  0.001
31	  0.960	 46.160	  1.004	  0.811	  0.001
32	  0.960	 47.609	  1.004	  0.811	  0.001
33	  0.960	 49.058	  1.004	  0.811	  0.001
34	  0.960	 50.507	  1.004	  0.811	  0.001
35	  0.960	 51.957	  1.004	  0.811	  0.001
36	  0.960	 53.406	  1.004	  0.811	  0.001
37	  0.960	 54.855	  1.004	  0.811	  0.001
38	  0.960	 56.304	  1.004	  0.811	  0.001
39	  0.960	 57.754	  1.004	  0.811	  0.001
40	  0.960	 59.203	  1.004	  0.811	  0.001
41	  0.960	 60.652	  1.004	  0.811	  0.001
42	  0.960	 62.102	  1.004	  0.811	  0.001
43	  0.960	 63.551	  1.004	  0.811	  0.001
44	  0.960	 65.000	  1.004	  0.811	  0.001
45	  0.960	 66.449	  1.004	  0.811	  0.001
46	  0.960	 67.899	  1.004	  0.811	  0.001
47	  0.960	 69.348	  1.004	  0.811	  0.001
48	  0.960	 70.797	  1.004	  0.811	  0.001
49	  0.960	 72.246	  1.004	  0.811	  0.001
50	  0.960	 73.696	  1.004	  0.811	  0.001
51	  0.960	 75.145	  1.004	  0.811	  0.001
52	  0.960	 76.594	  1.004	  0.811	  0.001
53	  0.960	 78.044	  1.004	  0.811	  0.001
54	  0.960	 79.493	  1.004	  0.811	  0.001
55	  0.960	 80.942	  1.004	  0.811	  0.001
56	  0.960	 82.391	  1.004	  0.811	  0.001
57	  0.960	 83.841	  1.004	  0.811	  0.001
58	  0.960	 85.290	  1.004	  0.811	  0.001
59	  0.960	 86.739	  1.004	  0.811	  0.001
60	  0.960	 88.188	  1.004	  0.811	  0.001
61	  0.960	 89.638	  1.004	  0.811	  0.001
62	  0.960	 91.087	  1.004	  0.811	  0.001
63	  0.960	 92.536	  1.004	  0.811	  0.001
64	  0.960	 93.986	  1.004	  0.811	  0.001
65	  0.960	 95.435	  1.004	  0.811	  0.001
66	  0.960	 96.884	  1.004	  0.811	  0.001
67	  0.960	 98.333	  1.004	  0.811	  0.001
68	  0.960	 99.783	  1.004	  0.811	  0.001
0	  1.080	  1.331	  1.004	  0.840	  0.001
1	  1.080	  2.780	  1.004	  0.840	  0.001
2	  1.080	  4.230	  1.004	  0.840	  0.001
3	  1.080	  5.679	  1.004	  0.840	  0.001
4	  1.080	  7.128	  1.004	  0.840	  0.001
5	  1.080	  8.577	  1.004	  0.840	  0.001
6	  1.080	 10.027	  1.004	  0.840	  0.001
7	  1.080	 11.476	  1.004	  0.840	  0.001
8	  1.080	 12.925	  1.004	  0.840	  0.001
9	  1.080	 14.374	  1.004	  0.840	  0.001
10	  1.080	 15.824	  1.004	  0.840	  0.001
11	  1.080	 17.273	  1.004	  0.840	  0.001
12	  1.080	 18.722	  1.004	  0.840	  0.001
13	  1.080	 20.172	  1.004	  0.840	  0.001
14	  1.080	 21.621	  1.004	  0.840	  0.001
15	  1.080	 23.070	  1.004	  0.840	  0.001
16	  1.080	 24.519	  1.004	  0.840	  0.001
17	  1.080	 25.969	  1.004	  0.840	  0.001
18	  1.080	 27.418	  1.004	  0.840	  0.001
19	  1.080	 28.867	  1.004	  0.840	  0.001
20	  1.080	 30.316	  1.004	  0.840	  0.001
21	  1.080	 31.766	  1.004	  0.840	  0.001
22	  1.080	 33.215	  1.004	  0.840	  0.001
23	  1.080	 34.664	  1.004	  0.840	  0.001
24	  1.080	 36.114	  1.004	  0.840	  0.001
25	  1.080	 37.563	  1.004	  0.840	  0.001
26	  1.080	 39.012	  1.004	  0.840	  0.001
27	  1.080	 40.461	  1.004	  0.840	  0.001
28	  1.080	 41.911	  1.004	  0.840	  0.001
29	  1.080	 43.360	  1.004	  0.840	  0.001
30	  1.080	 44.809	  1.004	  0.840	  0.001
31	  1.080	 46.259	  1.004	  0.840	  0.001
32	  1.080	 47.708	  1.004	  0.840	  0.001
33	  1.080	 49.157	  1.004	  0.840	  0.001
34	  1.080	 50.606	  1.004	  0.840	  0.001
35	  1.080	 52.056	  1.004	  0.840	  0.001
36	  1.080	 53.505	  1.004	  0.840	  0.001
37	  1.080	 54.954	  1.004	  0.840	  0.001
38	  1.080	 56.403	  1.004	  0.840	  0.001
39	  1.080	 57.853	  1.004	  0.840	  0.001
40	  1.080	 59.302	  1.004	  0.840	  0.001
41	  1.080	 60.751	  1.004	  0.840	  0.001
42	  1.080	 62.201	  1.004	  0.840	  0.001
43	  1.080	 63.650	  1.004	  0.840	  0.001
44	  1.080	 65.099	  1.004	  0.840	  0.001
45	  1.080	 66.548	  1.004	  0.840	  0.001
46	  1.080	 67.998	  1.004	  0.840	  0.001
47	  1.080	 69.447	  1.004	  0.840	  0.001
48	  1.080	 70.896	  1.004	  0.840	  0.001
49	  1.080	 72.345	  1.004	  0.840	  0.001
50	  1.080	 73.795	  1.004	  0.840	  0.001
51	  1.080	 75.244	  1.004	  0.840	  0.001
52	  1.080	 76.693	  1.004	  0.840	  0.001
53	  1.080	 78.143	  1.004	  0.840	  0.001
54	  1.080	 79.592	  1.004	  0.840	  0.001
55	  1.080	 81.041	  1.004	  0.840	  0.001
56	  1.080	 82.490	  1.004	  0.840	  0.001
57	  1.080	 83.940	  1.004	  0.840	  0.001
58	  1.080	 85.389	  1.004	  0.840	  0.001
59	  1.080	 86.838	  1.004	  0.840	  0.001
60	  1.080	 88.288	  1.004	  0.840	  0.001
61	  1.080	 89.737	  1.004	  0.840	  0.001
62	  1.080	 91.186	  1.004	  0.840	  0.001
63	  1.080	 92.635	  1.004	  0.840	  0.001
64	  1.080	 94.085	  1.004	  0.840	  0.001
65	  1.080	 95.534	  1.004	  0.840	  0.001
66	  1.080	 96.983	  1.004	  0.840	  0.001
67	  1.080	 98.432	  1.004	  0.840	  0.001
68	  1.080	 99.882	  1.004	  0.840	  0.001
0	  1.200	  1.433	  1.005	  0.863	  0.001
1	  1.200	  2.882	  1.005	  0.863	  0.001
2	  1.200	  4.332	  1.005	  0.863	  0.001
3	  1.200	  5.781	  1.005	  0.863	  0.001
4	  1.200	  7.230	  1.005	  0.863	  0.001
5	  1.200	  8.679	  1.005	  0.863	  0.001
6	  1.200	 10.129	  1.005	  0.863	  0.001
7	  1.200	 11.578	  1.005	  0.863	  0.001
8	  1.200	 13.027	  1.005	  0.863	  0.001
9	  1.200	 14.477	  1.005	  0.863	  0.001
10	  1.200	 15.926	  1.005	  0.863	  0.001
11	  1.200	 17.375	  1.005	  0.863	  0.001
12	  1.200	 18.824	  1.005	  0.863	  0.001
13	  1.200	 20.274	  1.005	  0.863	  0.001
14	  1.200	 21.723	  1.005	  0.863	  0.001
15	  1.200	 23.172	  1.005	  0.863	  0.001
16	  1.200	 24.622	  1.005	  0.863	  0.001
17	  1.200	 26.071	  1.005	  0.863	  0.001
18	  1.200	 27.520	  1.005	  0.863	  0.001
19	  1.200	 28.969	  1.005	  0.863	  0.001
20	  1.200	 30.419	  1.005	  0.863	  0.001
21	  1.200	 31.868	  1.005	  0.863	  0.001
22	  1.200	 33.317	  1.005	  0.863	  0.001
23	  1.200	 34.766	  1.005	  0.863	  0.001
24	  1.200	 36.216	  1.005	  0.863	  0.001
25	  1.200	 37.665	  1.005	  0.863	  0.001
26	  1.200	 39.114	  1.005	  0.863	  0.001
27	  1.200	 40.564	  1.005	  0.863	  0.001
28	  1.200	 42.013	  1.005	  0.863	  0.001
29	  1.200	 43.462	  1.005	  0.863	  0.001
30	  1.200	 44.911	  1.005	  0.863	  0.001
31	  1.200	 46.361	  1.005	  0.863	  0.001
32	  1.200	 47.810	  1.005	  0.863	  0.001
33	  1.200	 49.259	  1.005	  0.863	  0.001
34	  1.200	 50.708	  1.005	  0.863	  0.001
35	  1.200	 52.158	  1.005	  0.863	  0.001
36	  1.200	 53.607	  1.005	  0.863	  0.001
37	  1.200	 55.056	  1.005	  0.863	  0.001
38	  1.200	 56.506	  1.005	  0.863	  0.001
39	  1.200	 57.955	  1.005	  0.863	  0.001
40	  1.200	 59.404	  1.005	  0.863	  0.001
41	  1.200	 60.853	  1.005	  0.863	  0.001
42	  1.200	 62.303	  1.005	  0.863	  0.001
43	  1.200	 63.752	  1.005	  0.863	  0.001
44	  1.200	 65.201	  1.005	  0.863	  0.001
45	  1.200	 66.651	  1.005	  0.863	  0.001
46	  1.200	 68.100	  1.005	  0.863	  0.001
47	  1.200	 69.549	  1.005	  0.863	  0.001
48	  1.200	 70.998	  1.005	  0.863	  0.001
49	  1.200	 72.448	  1.005	  0.863	  0.001
50	  1.200	 73.897	  1.005	  0.863	  0.001
51	  1.200	 75.346	  1.005	  0.863	  0.001
52	  1.200	 76.795	  1.005	  0.863	  0.001
53	  1.200	 78.245	  1.005	  0.863	  0.001
54	  1.200	 79.694	  1.005	  0.863	  0.001
55	  1.200	 81.143	  1.005	  0.863	  0.001
56	  1.200	 82.593	  1.005	  0.863	  0.001
57	  1.200	 84.042	  1.005	  0.863	  0.001
58	  1.200	 85.491	  1.005	  0.863	  0.001
59	  1.200	 86.940	  1.005	  0.863	  0.001
60	  1.200	 88.390	  1.005	  0.863	  0.001
61	  1.200	 89.839	  1.005	  0.863	  0.001
62	  1.200	 91.288	  1.005	  0.863	  0.001
63	  1.200	 92.737	  1.005	  0.863	  0.001
64	  1.200	 94.187	  1.005	  0.863	  0.001
65	  1.200	 95.636	  1.005	  0.863	  0.001
66	  1.200	 97.085	  1.005	  0.863	  0.001
67	  1.200	 98.535	  1.005	  0.863	  0.001
68	  1.200	 99.984	  1.005	  0.863	  0.001
0	  1.320	  1.538	  1.005	  0.881	  0.001
1	  1.320	  2.987	  1.005	  0.881	  0.001
2	  1.320	  4.436	  1.005	  0.881	  0.001
3	  1.320	  5.886	  1.005	  0.881	  0.001
4	  1.320	  7.335	  1.005	  0.881	  0.001
5	  1.320	  8.784	  1.005	  0.881	  0.001
6	  1.320	 10.233	  1.005	  0.881	  0.001
7	  1.320	 11.683	  1.005	  0.881	  0.001
8	  1.320	 13.132	  1.005	  0.881	  0.001
9	  1.320	 14.581	  1.005	  0.881	  0.001
10	  1.320	 16.030	  1.005	  0.881	  0.001
11	  1.320	 17.480	  1.005	  0.881	  0.001
12	  1.320	 18.929	  1.005	  0.881	  0.001
13	  1.320	 20.378	  1.005	  0.881	  0.001
14	  1.320	 21.828	  1.005	  0.881	  0.001
15	  1.320	 23.277	  1.005	  0.881	  0.001
16	  1.320	 24.726	  1.005	  0.881	  0.001
17	  1.320	 26.175	  1.005	  0.881	  0.001
18	  1.320	 27.625	  1.005	  0.881	  0.001
19	  1.320	 29.074	  1.005	  0.881	  0.001
20	  1.320	 30.523	  1.005	  0.881	  0.001
21	  1.320	 31.972	  1.005	  0.881	  0.001
22	  1.320	 33.422	  1.005	  0.881	  0.001
23	  1.320	 34.871	  1.005	  0.881	  0.001
24	  1.320	 36.320	  1.005	  0.881	  0.001
25	  1.320	 37.770	  1.005	  0.881	  0.001
26	  1.320	 39.219	  1.005	  0.881	  0.001
27	  1.320	 40.668	  1.005	  0.881	  0.001
28	  1.320	 42.117	  1.005	  0.881	  0.001
29	  1.320	 43.567	  1.005	  0.881	  0.001
30	  1.320	 45.016	  1.005	  0.881	  0.001
31	  1.320	 46.465	  1.005	  0.881	  0.001
32	  1.320	 47.915	  1.005	  0.881	  0.001
33	  1.320	 49.364	  1.005	  0.881	  0.001
34	  1.320	 50.813	  1.005	  0.881	  0.001
35	  1.320	 52.262	  1.005	  0.881	  0.001
36	  1.320	 53.712	  1.005	  0.881	  0.001
37	  1.320	 55.161	  1.005	  0.881	  0.001
38	  1.320	 56.610	  1.005	  0.881	  0.001
39	  1.320	 58.059	  1.005	  0.881	  0.001
40	  1.320	 59.509	  1.005	  0.881	  0.001
41	  1.320	 60.958	  1.005	  0.881	  0.001
42	  1.320	 62.407	  1.005	  0.881	  0.001
43	  1.320	 63.857	  1.005	  0.881	  0.001
44	  1.320	 65.306	  1.005	  0.881	  0.001
45	  1.320	 66.755	  1.005	  0.881	  0.001
46	  1.320	 68.204	  1.005	  0.881	  0.001
47	  1.320	 69.654	  1.005	  0.881	  0.001
48	  1.320	 71.103	  1.005	  0.881	  0.001
49	  1.320	 72.552	  1.005	  0.881	  0.001
50	  1.320	 74.001	  1.005	  0.881	  0.001
51	  1.320	 75.451	  1.005	  0.881	  0.001
52	  1.320	 76.900	  1.005	  0.881	  0.001
53	  1.320	 78.349	  1.005	  0.881	  0.001
54	  1.320	 79.799	  1.005	  0.881	  0.001
55	  1.320	 81.248	  1.005	  0.881	  0.001
56	  1.320	 82.697	  1.005	  0.881	  0.001
57	  1.320	 84.146	  1.005	  0.881	  0.001
58	  1.320	 85.596	  1.005	  0.881	  0.001
59	  1.320	 87.045	  1.005	  0.881	  0.001
60	  1.320	 88.494	  1.005	  0.881	  0.001
61	  1.320	 89.943	  1.005	  0.881	  0.001
62	  1.320	 91.393	  1.005	  0.881	  0.001
63	  1.320	 92.842	  1.005	  0.881	  0.001
64	  1.320	 94.291	  1.005	  0.881	  0.001
65	  1.320	 95.741	  1.005	  0.881	  0.001
66	  1.320	 97.190	  1.005	  0.881	  0.001
67	  1.320	 98.639	  1.005	  0.881	  0.001
68	  1.320	100.088	  1.005	  0.881	  0.001
0	  1.440	  1.644	  1.005	  0.895	  0.001
1	  1.440	  3.093	  1.005	  0.895	  0.001
2	  1.440	  4.543	  1.005	  0.895	  0.001
3	  1.440	  5.992	  1.005	  0.895	  0.001
4	  1.440	  7.441	  1.005	  0.895	  0.001
5	  1.440	  8.891	  1.005	  0.895	  0.001
6	  1.440	 10.340	  1.005	  0.895	  0.001
7	  1.440	 11.789	  1.005	  0.895	  0.001
8	  1.440	 13.238	  1.005	  0.895	  0.001
9	  1.440	 14.688	  1.005	  0.895	  0.001
10	  1.440	 16.137	  1.005	  0.895	  0.001
11	  1.440	 17.586	  1.005	  0.895	  0.001
12	  1.440	 19.035	  1.005	  0.895	  0.001
13	  1.440	 20.485	  1.005	  0.895	  0.001
14	  1.440	 21.934	  1.005	  0.895	  0.001
15	  1.440	 23.383	  1.005	  0.895	  0.001
16	  1.440	 24.833	  1.005	  0.895	  0.001
17	  1.440	 26.282	  1.005	  0.895	  0.001
18	  1.440	 27.731	  1.005	  0.895	  0.001
19	  1.440	 29.180	  1.005	  0.895	  0.001
20	  1.440	 30.630	  1.005	  0.895	  0.001
21	  1.440	 32.079	  1.005	  0.895	  0.001
22	  1.440	 33.528	  1.005	  0.895	  0.001
23	  1.440	 34.978	  1.005	  0.895	  0.001
24	  1.440	 36.427	  1.005	  0.895	  0.001
25	  1.440	 37.876	  1.005	  0.895	  0.001
26	  1.440	 39.325	  1.005	  0.895	  0.001
27	  1.440	 40.775	  1.005	  0.895	  0.001
28	  1.440	 42.224	  1.005	  0.895	  0.001
29	  1.440	 43.673	  1.005	  0.895	  0.001
30	  1.440	 45.122	  1.005	  0.895	  0.001
31	  1.440	 46.572	  1.005	  0.895	  0.001
32	  1.440	 48.021	  1.005	  0.895	  0.001
33	  1.440	 49.470	  1.005	  0.895	  0.001
34	  1.440	 50.920	  1.005	  0.895	  0.001
35	  1.440	 52.369	  1.005	  0.895	  0.001
36	  1.440	 53.818	  1.005	  0.895	  0.001
37	  1.440	 55.267	  1.005	  0.895	  0.001
38	  1.440	 56.717	  1.005	  0.895	  0.001
39	  1.440	 58.166	  1.005	  0.895	  0.001
40	  1.440	 59.615	  1.005	  0.895	  0.001
41	  1.440	 61.064	  1.005	  0.895	  0.001
42	  1.440	 62.514	  1.005	  0.895	  0.001
43	  1.440	 63.963	  1.005	  0.895	  0.001
44	  1.440	 65.412	  1.005	  0.895	  0.001
45	  1.440	 66.862	  1.005	  0.895	  0.001
46	  1.440	 68.311	  1.005	  0.895	  0.001
47	  1.440	 69.760	  1.005	  0.895	  0.001
48	  1.440	 71.209	  1.005	  0.895	  0.001
49	  1.440	 72.659	  1.005	  0.895	  0.001
50	  1.440	 74.108	  1.005	  0.895	  0.001
51	  1.440	 75.557	  1.005	  0.895	  0.001
52	  1.440	 77.007	  1.005	  0.895	  0.001
53	  1.440	 78.456	  1.005	  0.895	  0.001
54	  1.440	 79.905	  1.005	  0.895	  0.001
55	  1.440	 81.354	  1.005	  0.895	  0.001
56	  1.440	 82.804	  1.005	  0.895	  0.001
57	  1.440	 84.253	  1.005	  0.895	  0.001
58	  1.440	 85.702	  1.005	  0.895	  0.001
59	  1.440	 87.151	  1.005	  0.895	  0.001
60	  1.440	 88.601	  1.005	  0.895	  0.001
61	  1.440	 90.050	  1.005	  0.895	  0.001
62	  1.440	 91.499	  1.005	  0.895	  0.001
63	  1.440	 92.949	  1.005	  0.895	  0.001
64	  1.440	 94.398	  1.005	  0.895	  0.001
65	  1.440	 95.847	  1.005	  0.895	  0.001
66	  1.440	 97.296	  1.005	  0.895	  0.001
67	  1.440	 98.746	  1.005	  0.895	  0.001
68	  1.440	100.195	  1.005	  0.895	  0.001
0	  1.560	  1.752	  1.005	  0.906	  0.000
1	  1.560	  3.201	  1.005	  0.906	  0.000
2	  1.560	  4.651	  1.005	  0.906	  0.000
3	  1.560	  6.100	  1.005	  0.906	  0.000
4	  1.560	  7.549	  1.005	  0.906	  0.000
5	  1.560	  8.999	  1.005	  0.906	  0.000
6	  1.560	 10.448	  1.005	  0.906	  0.000
7	  1.560	 11.897	  1.005	  0.906	  0.000
8	  1.560	 13.346	  1.005	  0.906	  0.000
9	  1.560	 14.796	  1.005	  0.906	  0.000
10	  1.560	 16.245	  1.005	  0.906	  0.000
11	  1.560	 17.694	  1.005	  0.906	  0.000
12	  1.560	 19.143	  1.005	  0.906	  0.000
13	  1.560	 20.593	  1.005	  0.906	  0.000
14	  1.560	 22.042	  1.005	  0.906	  0.000
15	  1.560	 23.491	  1.005	  0.906	  0.000
16	  1.560	 24.941	  1.005	  0.906	  0.000
17	  1.560	 26.390	  1.005	  0.906	  0.000
18	  1.560	 27.839	  1.005	  0.906	  0.000
19	  1.560	 29.288	  1.005	  0.906	  0.000
20	  1.560	 30.738	  1.005	  0.906	  0.000
21	  1.560	 32.187	  1.005	  0.906	  0.000
22	  1.560	 33.636	  1.005	  0.906	  0.000
23	  1.560	 35.086	  1.005	  0.906	  0.000
24	  1.560	 36.535	  1.005	  0.906	  0.000
25	  1.560	 37.984	  1.005	  0.906	  0.000
26	  1.560	 39.433	  1.005	  0.906	  0.000
27	  1.560	 40.883	  1.005	  0.906	  0.000
28	  1.560	 42.332	  1.005	  0.906	  0.000
29	  1.560	 43.781	  1.005	  0.906	  0.000
30	  1.560	 45.230	  1.005	  0.906	  0.000
31	  1.560	 46.680	  1.005	  0.906	  0.000
32	  1.560	 48.129	  1.005	  0.906	  0.000
33	  1.560	 49.578	  1.005	  0.906	  0.000
34	  1.560	 51.028	  1.005	  0.906	  0.000
35	  1.560	 52.477	  1.005	  0.906	  0.000
36	  1.560	 53.926	  1.005	  0.906	  0.000
37	  1.560	 55.375	  1.005	  0.906	  0.000
38	  1.560	 56.825	  1.005	  0.906	  0.000
39	  1.560	 58.274	  1.005	  0.906	  0.000
40	  1.560	 59.723	  1.005	  0.906	  0.000
41	  1.560	 61.172	  1.005	  0.906	  0.000
42	  1.560	 62.622	  1.005	  0.906	  0.000
43	  1.560	 64.071	  1.005	  0.906	  0.000
44	  1.560	 65.520	  1.005	  0.906	  0.000
45	  1.560	 66.970	  1.005	  0.906	  0.000
46	  1.560	 68.419	  1.005	  0.906	  0.000
47	  1.560	 69.868	  1.005	  0.906	  0.000
48	  1.560	 71.317	  1.005	  0.906	  0.000
49	  1.560	 72.767	  1.005	  0.906	  0.000
50	  1.560	 74.216	  1.005	  0.906	  0.000
51	  1.560	 75.665	  1.005	  0.906	  0.000
52	  1.560	 77.115	  1.005	  0.906	  0.000
53	  1.560	 78.564	  1.005	  0.906	  0.000
54	  1.560	 80.013	  1.005	  0.906	  0.000
55	  1.560	 81.462	  1.005	  0.906	  0.000
56	  1.560	 82.912	  1.005	  0.906	  0.000
57	  1.560	 84.361	  1.005	  0.906	  0.000
58	  1.560	 85.810	  1.005	  0.906	  0.000
59	  1.560	 87.259	  1.005	  0.906	  0.000
60	  1.560	 88.709	  1.005	  0.906	  0.000
61	  1.560	 90.158	  1.005	  0.906	  0.000
62	  1.560	 91.607	  1.005	  0.906	  0.000
63	  1.560	 93.057	  1.005	  0.906	  0.000
64	  1.560	 94.506	  1.005	  0.906	  0.000
65	  1.560	 95.955	  1.005	  0.906	  0.000
66	  1.560	 97.404	  1.005	  0.906	  0.000
67	  1.560	 98.854	  1.005	  0.906	  0.000
68	  1.560	100.303	  1.005	  0.906	  0.000
0	  1.680	  1.861	  1.005	  0.914	  0.000
1	  1.680	  3.311	  1.005	  0.914	  0.000
2	  1.680	  4.760	  1.005	  0.914	  0.000
3	  1.680	  6.209	  1.005	  0.914	  0.000
4	  1.680	  7.658	  1.005	  0.914	  0.000
5	  1.680	  9.108	  1.005	  0.914	  0.000
6	  1.680	 10.557	  1.005	  0.914	  0.000
7	  1.680	 12.006	  1.005	  0.914	  0.000
8	  1.680	 13.456	  1.005	  0.914	  0.000
9	  1.680	 14.905	  1.005	  0.914	  0.000
10	  1.680	 16.354	  1.005	  0.914	  0.000
11	  1.680	 17.803	  1.005	  0.914	  0.000
12	  1.680	 19.253	  1.005	  0.914	  0.000
13	  1.680	 20.702	  1.005	  0.914	  0.000
14	  1.680	 22.151	  1.005	  0.914	  0.000
15	  1.680	 23.601	  1.005	  0.914	  0.000
16	  1.680	 25.050	  1.005	  0.914	  0.000
17	  1.680	 26.499	  1.005	  0.914	  0.000
18	  1.680	 27.948	  1.005	  0.914	  0.000
19	  1.680	 29.398	  1.005	  0.914	  0.000
20	  1.680	 30.847	  1.005	  0.914	  0.000
21	  1.680	 32.296	  1.005	  0.914	  0.000
22	  1.680	 33.745	  1.005	  0.914	  0.000
23	  1.680	 35.195	  1.005	  0.914	  0.000
24	  1.680	 36.644	  1.005	  0.914	  0.000
25	  1.680	 38.093	  1.005	  0.914	  0.000
26	  1.680	 39.543	  1.005	  0.914	  0.000
27	  1.680	 40.992	  1.005	  0.914	  0.000
28	  1.680	 42.441	  1.005	  0.914	  0.000
29	  1.680	 43.890	  1.005	  0.914	  0.000
30	  1.680	 45.340	  1.005	  0.914	  0.000
31	  1.680	 46.789	  1.005	  0.914	  0.000
32	  1.680	 48.238	  1.005	  0.914	  0.000
33	  1.680	 49.687	  1.005	  0.914	  0.000
34	  1.680	 51.137	  1.005	  0.914	  0.000
35	  1.680	 52.586	  1.005	  0.914	  0.000
36	  1.680	 54.035	  1.005	  0.914	  0.000
37	  1.680	 55.485	  1.005	  0.914	  0.000
38	  1.680	 56.934	  1.005	  0.914	  0.000
39	  1.680	 58.383	  1.005	  0.914	  0.000
40	  1.680	 59.832	  1.005	  0.914	  0.000
41	  1.680	 61.282	  1.005	  0.914	  0.000
42	  1.680	 62.731	  1.005	  0.914	  0.000
43	  1.680	 64.180	  1.005	  0.914	  0.000
44	  1.680	 65.629	  1.005	  0.914	  0.000
45	  1.680	 67.079	  1.005	  0.914	  0.000
46	  1.680	 68.528	  1.005	  0.914	  0.000
47	  1.680	 69.977	  1.005	  0.914	  0.000
48	  1.680	 71.427	  1.005	  0.914	  0.000
49	  1.680	 72.876	  1.005	  0.914	  0.000
50	  1.680	 74.325	  1.005	  0.914	  0.000
51	  1.680	 75.774	  1.005	  0.914	  0.000
52	  1.680	 77.224	  1.005	  0.914	  0.000
53	  1.680	 78.673	  1.005	  0.914	  0.000
54	  1.680	 80.122	  1.005	  0.914	  0.000
55	  1.680	 81.572	  1.005	  0.914	  0.000
56	  1.680	 83.021	  1.005	  0.914	  0.000
57	  1.680	 84.470	  1.005	  0.914	  0.000
58	  1.680	 85.919	  1.005	  0.914	  0.000
59	  1.680	 87.369	  1.005	  0.914	  0.000
60	  1.680	 88.818	  1.005	  0.914	  0.000
61	  1.680	 90.267	  1.005	  0.914	  0.000
62	  1.680	 91.716	  1.005	  0.914	  0.000
63	  1.680	 93.166	  1.005	  0.914	  0.000
64	  1.680	 94.615	  1.005	  0.914	  0.000
65	  1.680	 96.064	  1.005	  0.914	  0.000
66	  1.680	 97.514	  1.005	  0.914	  0.000
67	  1.680	 98.963	  1.005	  0.914	  0.000
68	  1.680	100.412	  1.005	  0.914	  0.000
0	  1.800	  1.971	  1.005	  0.921	  0.000
1	  1.800	  3.421	  1.005	  0.921	  0.000
2	  1.800	  4.870	  1.005	  0.921	  0.000
3	  1.800	  6.319	  1.005	  0.921	  0.000
4	  1.800	  7.769	  1.005	  0.921	  0.000
5	  1.800	  9.218	  1.005	  0.921	  0.000
6	  1.800	 10.667	  1.005	  0.921	  0.000
7	  1.800	 12.116	  1.005	  0.921	  0.000
8	  1.800	 13.566	  1.005	  0.921	  0.000
9	  1.800	 15.015	  1.005	  0.921	  0.000
10	  1.800	 16.464	  1.005	  0.921	  0.000
11	  1.800	 17.914	  1.005	  0.921	  0.000
12	  1.800	 19.363	  1.005	  0.921	  0.000
13	  1.800	 20.812	  1.005	  0.921	  0.000
14	  1.800	 22.261	  1.005	  0.921	  0.000
15	  1.800	 23.711	  1.005	  0.921	  0.000
16	  1.800	 25.160	  1.005	  0.921	  0.000
17	  1.800	 26.609	  1.005	  0.921	  0.000
18	  1.800	 28.058	  1.005	  0.921	  0.000
19	  1.800	 29.508	  1.005	  0.921	  0.000
20	  1.800	 30.957	  1.005	  0.921	  0.000
21	  1.800	 32.406	  1.005	  0.921	  0.000
22	  1.800	 33.856	  1.005	  0.921	  0.000
23	  1.800	 35.305	  1.005	  0.921	  0.000
24	  1.800	 36.754	  1.005	  0.921	  0.000
25	  1.800	 38.203	  1.005	  0.921	  0.000
26	  1.800	 39.653	  1.005	  0.921	  0.000
27	  1.800	 41.102	  1.005	  0.921	  0.000
28	  1.800	 42.551	  1.005	  0.921	  0.000
29	  1.800	 44.000	  1.005	  0.921	  0.000
30	  1.800	 45.450	  1.005	  0.921	  0.000
31	  1.800	 46.899	  1.005	  0.921	  0.000
32	  1.800	 48.348	  1.005	  0.921	  0.000
33	  1.800	 49.798	  1.005	  0.921	  0.000
34	  1.800	 51.247	  1.005	  0.921	  0.000
35	  1.800	 52.696	  1.005	  0.921	  0.000
36	  1.800	 54.145	  1.005	  0.921	  0.000
37	  1.800	 55.595	  1.005	  0.921	  0.000
38	  1.800	 57.044	  1.005	  0.921	  0.000
39	  1.800	 58.493	  1.005	  0.921	  0.000
40	  1.800	 59.943	  1.005	  0.921	  0.000
41	  1.800	 61.392	  1.005	  0.921	  0.000
42	  1.800	 62.841	  1.005	  0.921	  0.000
43	  1.800	 64.290	  1.005	  0.921	  0.000
44	  1.800	 65.740	  1.005	  0.921	  0.000
45	  1.800	 67.189	  1.005	  0.921	  0.000
46	  1.800	 68.638	  1.005	  0.921	  0.000
47	  1.800	 70.087	  1.005	  0.921	  0.000
48	  1.800	 71.537	  1.005	  0.921	  0.000
49	  1.800	 72.986	  1.005	  0.921	  0.000
50	  1.800	 74.435	  1.005	  0.921	  0.000
51	  1.800	 75.885	  1.005	  0.921	  0.000
52	  1.800	 77.334	  1.005	  0.921	  0.000
53	  1.800	 78.783	  1.005	  0.921	  0.000
54	  1.800	 80.232	  1.005	  0.921	  0.000
55	  1.800	 81.682	  1.005	  0.921	  0.000
56	  1.800	 83.131	  1.005	  0.921	  0.000
57	  1.800	 84.580	  1.005	  0.921	  0.000
58	  1.800	 86.029	  1.005	  0.921	  0.000
59	  1.800	 87.479	  1.005	  0.921	  0.000
60	  1.800	 88.928	  1.005	  0.921	  0.000
61	  1.800	 90.377	  1.005	  0.921	  0.000
62	  1.800	 91.827	  1.005	  0.921	  0.000
63	  1.800	 93.276	  1.005	  0.921	  0.000
64	  1.800	 94.725	  1.005	  0.921	  0.000
65	  1.800	 96.174	  1.005	  0.921	  0.000
66	  1.800	 97.624	  1.005	  0.921	  0.000
67	  1.800	 99.073	  1.005	  0.921	  0.000
68	  1.800	100.522	  1.005	  0.921	  0.000
0	  1.920	  2.082	  1.005	  0.926	  0.000
1	  1.920	  3.532	  1.005	  0.926	  0.000
2	  1.920	  4.981	  1.005	  0.926	  0.000
3	  1.920	  6.430	  1.005	  0.926	  0.000
4	  1.920	  7.879	  1.005	  0.926	  0.000
5	  1.920	  9.329	  1.005	  0.926	  0.000
6	  1.920	 10.778	  1.005	  0.926	  0.000
7	  1.920	 12.227	  1.005	  0.926	  0.000
8	  1.920	 13.677	  1.005	  0.926	  0.000
9	  1.920	 15.126	  1.005	  0.926	  0.000
10	  1.920	 16.575	  1.005	  0.926	  0.000
11	  1.920	 18.024	  1.005	  0.926	  0.000
12	  1.920	 19.474	  1.005	  0.926	  0.000
13	  1.920	 20.923	  1.005	  0.926	  0.000
14	  1.920	 22.372	  1.005	  0.926	  0.000
15	  1.920	 23.821	  1.005	  0.926	  0.000
16	  1.920	 25.271	  1.005	  0.926	  0.000
17	  1.920	 26.720	  1.005	  0.926	  0.000
18	  1.920	 28.169	  1.005	  0.926	  0.000
19	  1.920	 29.619	  1.005	  0.926	  0.000
20	  1.920	 31.068	  1.005	  0.926	  0.000
21	  1.920	 32.517	  1.005	  0.926	  0.000
22	  1.920	 33.966	  1.005	  0.926	  0.000
23	  1.920	 35.416	  1.005	  0.926	  0.000
24	  1.920	 36.865	  1.005	  0.926	  0.000
25	  1.920	 38.314	  1.005	  0.926	  0.000
26	  1.920	 39.763	  1.005	  0.926	  0.000
27	  1.920	 41.213	  1.005	  0.926	  0.000
28	  1.920	 42.662	  1.005	  0.926	  0.000
29	  1.920	 44.111	  1.005	  0.926	  0.000
30	  1.920	 45.561	  1.005	  0.926	  0.000
31	  1.920	 47.010	  1.005	  0.926	  0.000
32	  1.920	 48.459	  1.005	  0.926	  0.000
33	  1.920	 49.908	  1.005	  0.926	  0.000
34	  1.920	 51.358	  1.005	  0.926	  0.000
35	  1.920	 52.807	  1.005	  0.926	  0.000
36	  1.920	 54.256	  1.005	  0.926	  0.000
37	  1.920	 55.706	  1.005	  0.926	  0.000
38	  1.920	 57.155	  1.005	  0.926	  0.000
39	  1.920	 58.604	  1.005	  0.926	  0.000
40	  1.920	 60.053	  1.005	  0.926	  0.000
41	  1.920	 61.503	  1.005	  0.926	  0.000
42	  1.920	 62.952	  1.005	  0.926	  0.000
43	  1.920	 64.401	  1.005	  0.926	  0.000
44	  1.920	 65.850	  1.005	  0.926	  0.000
45	  1.920	 67.300	  1.005	  0.926	  0.000
46	  1.920	 68.749	  1.005	  0.926	  0.000
47	  1.920	 70.198	  1.005	  0.926	  0.000
48	  1.920	 71.648	  1.005	  0.926	  0.000
49	  1.920	 73.097	  1.005	  0.926	  0.000
50	  1.920	 74.546	  1.005	  0.926	  0.000
51	  1.920	 75.995	  1.005	  0.926	  0.000
52	  1.920	 77.445	  1.005	  0.926	  0.000
53	  1.920	 78.894	  1.005	  0.926	  0.000
54	  1.920	 80.343	  1.005	  0.926	  0.000
55	  1.920	 81.792	  1.005	  0.926	  0.000
56	  1.920	 83.242	  1.005	  0.926	  0.000
57	  1.920	 84.691	  1.005	  0.926	  0.000
58	  1.920	 86.140	  1.005	  0.926	  0.000
59	  1.920	 87.590	  1.005	  0.926	  0.000
60	  1.920	 89.039	  1.005	  0.926	  0.000
61	  1.920	 90.488	  1.005	  0.926	  0.000
62	  1.920	 91.937	  1.005	  0.926	  0.000
63	  1.920	 93.387	  1.005	  0.926	  0.000
64	  1.920	 94.836	  1.005	  0.926	  0.000
65	  1.920	 96.285	  1.005	  0.926	  0.000
66	  1.920	 97.735	  1.005	  0.926	  0.000
67	  1.920	 99.184	  1.005	  0.926	  0.000
68	  1.920	100.633	  1.005	  0.926	  0.000
0	  2.040	  2.194	  1.005	  0.931	  0.000
1	  2.040	  3.643	  1.005	  0.931	  0.000
2	  2.040	  5.092	  1.005	  0.931	  0.000
3	  2.040	  6.542	  1.005	  0.931	  0.000
4	  2.040	  7.991	  1.005	  0.931	  0.000
5	  2.040	  9.440	  1.005	  0.931	  0.000
6	  2.040	 10.889	  1.005	  0.931	  0.000
7	  2.040	 12.339	  1.005	  0.931	  0.000
8	  2.040	 13.788	  1.005	  0.931	  0.000
9	  2.040	 15.237	  1.005	  0.931	  0.000
10	  2.040	 16.686	  1.005	  0.931	  0.000
11	  2.040	 18.136	  1.005	  0.931	  0.000
12	  2.040	 19.585	  1.005	  0.931	  0.000
13	  2.040	 21.034	  1.005	  0.931	  0.000
14	  2.040	 22.484	  1.005	  0.931	  0.000
15	  2.040	 23.933	  1.005	  0.931	  0.000
16	  2.040	 25.382	  1.005	  0.931	  0.000
17	  2.040	 26.831	  1.005	  0.931	  0.000
18	  2.040	 28.281	  1.005	  0.931	  0.000
19	  2.040	 29.730	  1.005	  0.931	  0.000
20	  2.040	 31.179	  1.005	  0.931	  0.000
21	  2.040	 32.629	  1.005	  0.931	  0.000
22	  2.040	 34.078	  1.005	  0.931	  0.000
23	  2.040	 35.527	  1.005	  0.931	  0.000
24	  2.040	 36.976	  1.005	  0.931	  0.000
25	  2.040	 38.426	  1.005	  0.931	  0.000
26	  2.040	 39.875	  1.005	  0.931	  0.000
27	  2.040	 41.324	  1.005	  0.931	  0.000
28	  2.040	 42.773	  1.005	  0.931	  0.000
29	  2.040	 44.223	  1.005	  0.931	  0.000
30	  2.040	 45.672	  1.005	  0.931	  0.000
31	  2.040	 47.121	  1.005	  0.931	  0.000
32	  2.040	 48.571	  1.005	  0.931	  0.000
33	  2.040	 50.020	  1.005	  0.931	  0.000
34	  2.040	 51.469	  1.005	  0.931	  0.000
35	  2.040	 52.918	  1.005	  0.931	  0.000
36	  2.040	 54.368	  1.005	  0.931	  0.000
37	  2.040	 55.817	  1.005	  0.931	  0.000
38	  2.040	 57.266	  1.005	  0.931	  0.000
39	  2.040	 58.715	  1.005	  0.931	  0.000
40	  2.040	 60.165	  1.005	  0.931	  0.000
41	  2.040	 61.614	  1.005	  0.931	  0.000
42	  2.040	 63.063	  1.005	  0.931	  0.000
43	  2.040	 64.513	  1.005	  0.931	  0.000
44	  2.040	 65.962	  1.005	  0.931	  0.000
45	  2.040	 67.411	  1.005	  0.931	  0.000
46	  2.040	 68.860	  1.005	  0.931	  0.000
47	  2.040	 70.310	  1.005	  0.931	  0.000
48	  2.040	 71.759	  1.005	  0.931	  0.000
49	  2.040	 73.208	  1.005	  0.931	  0.000
50	  2.040	 74.658	  1.005	  0.931	  0.000
51	  2.040	 76.107	  1.005	  0.931	  0.000
52	  2.040	 77.556	  1.005	  0.931	  0.000
53	  2.040	 79.005	  1.005	  0.931	  0.000
54	  2.040	 80.455	  1.005	  0.931	  0.000
55	  2.040	 81.904	  1.005	  0.931	  0.000
56	  2.040	 83.353	  1.005	  0.931	  0.000
57	  2.040	 84.802	  1.005	  0.931	  0.000
58	  2.040	 86.252	  1.005	  0.931	  0.000
59	  2.040	 87.701	  1.005	  0.931	  0.000
60	  2.040	 89.150	  1.005	  0.931	  0.000
61	  2.040	 90.600	  1.005	  0.931	  0.000
62	  2.040	 92.049	  1.005	  0.931	  0.000
63	  2.040	 93.498	  1.005	  0.931	  0.000
64	  2.040	 94.947	  1.005	  0.931	  0.000
65	  2.040	 96.397	  1.005	  0.931	  0.000
66	  2.040	 97.846	  1.005	  0.931	  0.000
67	  2.040	 99.295	  1.005	  0.931	  0.000
68	  2.040	100.744	  1.005	  0.931	  0.000
0	  2.160	  2.306	  1.005	  0.934	  0.000
1	  2.160	  3.755	  1.005	  0.934	  0.000
2	  2.160	  5.204	  1.005	  0.934	  0.000
3	  2.160	  6.653	  1.005	  0.934	  0.000
4	  2.160	  8.103	  1.005	  0.934	  0.000
5	  2.160	  9.552	  1.005	  0.934	  0.000
6	  2.160	 11.001	  1.005	  0.934	  0.000
7	  2.160	 12.451	  1.005	  0.934	  0.000
8	  2.160	 13.900	  1.005	  0.934	  0.000
9	  2.160	 15.349	  1.005	  0.934	  0.000
10	  2.160	 16.798	  1.005	  0.934	  0.000
11	  2.160	 18.248	  1.005	  0.934	  0.000
12	  2.160	 19.697	  1.005	  0.934	  0.000
13	  2.160	 21.146	  1.005	  0.934	  0.000
14	  2.160	 22.595	  1.005	  0.934	  0.000
15	  2.160	 24.045	  1.005	  0.934	  0.000
16	  2.160	 25.494	  1.005	  0.934	  0.000
17	  2.160	 26.943	  1.005	  0.934	  0.000
18	  2.160	 28.393	  1.005	  0.934	  0.000
19	  2.160	 29.842	  1.005	  0.934	  0.000
20	  2.160	 31.291	  1.005	  0.934	  0.000
21	  2.160	 32.740	  1.005	  0.934	  0.000
22	  2.160	 34.190	  1.005	  0.934	  0.000
23	  2.160	 35.639	  1.005	  0.934	  0.000
24	  2.160	 37.088	  1.005	  0.934	  0.000
25	  2.160	 38.537	  1.005	  0.934	  0.000
26	  2.160	 39.987	  1.005	  0.934	  0.000
27	  2.160	 41.436	  1.005	  0.934	  0.000
28	  2.160	 42.885	  1.005	  0.934	  0.000
29	  2.160	 44.335	  1.005	  0.934	  0.000
30	  2.160	 45.784	  1.005	  0.934	  0.000
31	  2.160	 47.233	  1.005	  0.934	  0.000
32	  2.160	 48.682	  1.005	  0.934	  0.000
33	  2.160	 50.132	  1.005	  0.934	  0.000
34	  2.160	 51.581	  1.005	  0.934	  0.000
35	  2.160	 53.030	  1.005	  0.934	  0.000
36	  2.160	 54.480	  1.005	  0.934	  0.000
37	  2.160	 55.929	  1.005	  0.934	  0.000
38	  2.160	 57.378	  1.005	  0.934	  0.000
39	  2.160	 58.827	  1.005	  0.934	  0.000
40	  2.160	 60.277	  1.005	  0.934	  0.000
41	  2.160	 61.726	  1.005	  0.934	  0.000
42	  2.160	 63.175	  1.005	  0.934	  0.000
43	  2.160	 64.624	  1.005	  0.934	  0.000
44	  2.160	 66.074	  1.005	  0.934	  0.000
45	  2.160	 67.523	  1.005	  0.934	  0.000
46	  2.160	 68.972	  1.005	  0.934	  0.000
47	  2.160	 70.422	  1.005	  0.934	  0.000
48	  2.160	 71.871	  1.005	  0.934	  0.000
49	  2.160	 73.320	  1.005	  0.934	  0.000
50	  2.160	 74.769	  1.005	  0.934	  0.000
51	  2.160	 76.219	  1.005	  0.934	  0.000
52	  2.160	 77.668	  1.005	  0.934	  0.000
53	  2.160	 79.117	  1.005	  0.934	  0.000
54	  2.160	 80.566	  1.005	  0.934	  0.000
55	  2.160	 82.016	  1.005	  0.934	  0.000
56	  2.160	 83.465	  1.005	  0.934	  0.000
57	  2.160	 84.914	  1.005	  0.934	  0.000
58	  2.160	 86.364	  1.005	  0.934	  0.000
59	  2.160	 87.813	  1.005	  0.934	  0.000
60	  2.160	 89.262	  1.005	  0.934	  0.000
61	  2.160	 90.711	  1.005	  0.934	  0.000
62	  2.160	 92.161	  1.005	  0.934	  0.000
63	  2.160	 93.610	  1.005	  0.934	  0.000
64	  2.160	 95.059	  1.005	  0.934	  0.000
65	  2.160	 96.509	  1.005	  0.934	  0.000
66	  2.160	 97.958	  1.005	  0.934	  0.000
67	  2.160	 99.407	  1.005	  0.934	  0.000
68	  2.160	100.856	  1.005	  0.934	  0.000
0	  2.280	  2.418	  1.005	  0.936	  0.000
1	  2.280	  3.867	  1.005	  0.936	  0.000
2	  2.280	  5.316	  1.005	  0.936	  0.000
3	  2.280	  6.766	  1.005	  0.936	  0.000
4	  2.280	  8.215	  1.005	  0.936	  0.000
5	  2.280	  9.664	  1.005	  0.936	  0.000
6	  2.280	 11.113	  1.005	  0.936	  0.000
7	  2.280	 12.563	  1.005	  0.936	  0.000
8	  2.280	 14.012	  1.005	  0.936	  0.000
9	  2.280	 15.461	  1.005	  0.936	  0.000
10	  2.280	 16.911	  1.005	  0.936	  0.000
11	  2.280	 18.360	  1.005	  0.936	  0.000
12	  2.280	 19.809	  1.005	  0.936	  0.000
13	  2.280	 21.258	  1.005	  0.936	  0.000
14	  2.280	 22.708	  1.005	  0.936	  0.000
15	  2.280	 24.157	  1.005	  0.936	  0.000
16	  2.280	 25.606	  1.005	  0.936	  0.000
17	  2.280	 27.056	  1.005	  0.936	  0.000
18	  2.280	 28.505	  1.005	  0.936	  0.000
19	  2.280	 29.954	  1.005	  0.936	  0.000
20	  2.280	 31.403	  1.005	  0.936	  0.000
21	  2.280	 32.853	  1.005	  0.936	  0.000
22	  2.280	 34.302	  1.005	  0.936	  0.000
23	  2.280	 35.751	  1.005	  0.936	  0.000
24	  2.280	 37.200	  1.005	  0.936	  0.000
25	  2.280	 38.650	  1.005	  0.936	  0.000
26	  2.280	 40.099	  1.005	  0.936	  0.000
27	  2.280	 41.548	  1.005	  0.936	  0.000
28	  2.280	 42.998	  1.005	  0.936	  0.000
29	  2.280	 44.447	  1.005	  0.936	  0.000
30	  2.280	 45.896	  1.005	  0.936	  0.000
31	  2.280	 47.345	  1.005	  0.936	  0.000
32	  2.280	 48.795	  1.005	  0.936	  0.000
33	  2.280	 50.244	  1.005	  0.936	  0.000
34	  2.280	 51.693	  1.005	  0.936	  0.000
35	  2.280	 53.142	  1.005	  0.936	  0.000
36	  2.280	 54.592	  1.005	  0.936	  0.000
37	  2.280	 56.041	  1.005	  0.936	  0.000
38	  2.280	 57.490	  1.005	  0.936	  0.000
39	  2.280	 58.940	  1.005	  0.936	  0.000
40	  2.280	 60.389	  1.005	  0.936	  0.000
41	  2.280	 61.838	  1.005	  0.936	  0.000
42	  2.280	 63.287	  1.005	  0.936	  0.000
43	  2.280	 64.737	  1.005	  0.936	  0.000
44	  2.280	 66.186	  1.005	  0.936	  0.000
45	  2.280	 67.635	  1.005	  0.936	  0.000
46	  2.280	 69.084	  1.005	  0.936	  0.000
47	  2.280	 70.534	  1.005	  0.936	  0.000
48	  2.280	 71.983	  1.005	  0.936	  0.000
49	  2.280	 73.432	  1.005	  0.936	  0.000
50	  2.280	 74.882	  1.005	  0.936	  0.000
51	  2.280	 76.331	  1.005	  0.936	  0.000
52	  2.280	 77.780	  1.005	  0.936	  0.000
53	  2.280	 79.229	  1.005	  0.936	  0.000
54	  2.280	 80.679	  1.005	  0.936	  0.000
55	  2.280	 82.128	  1.005	  0.936	  0.000
56	  2.280	 83.577	  1.005	  0.936	  0.000
57	  2.280	 85.027	  1.005	  0.936	  0.000
58	  2.280	 86.476	  1.005	  0.936	  0.000
59	  2.280	 87.925	  1.005	  0.936	  0.000
60	  2.280	 89.374	  1.005	  0.936	  0.000
61	  2.280	 90.824	  1.005	  0.936	  0.000
62	  2.280	 92.273	  1.005	  0.936	  0.000
63	  2.280	 93.722	  1.005	  0.936	  0.000
64	  2.280	 95.171	  1.005	  0.936	  0.000
65	  2.280	 96.621	  1.005	  0.936	  0.000
66	  2.280	 98.070	  1.005	  0.936	  0.000
67	  2.280	 99.519	  1.005	  0.936	  0.000
68	  2.280	100.969	  1.005	  0.936	  0.000
0	  2.400	  2.530	  1.005	  0.938	  0.000
1	  2.400	  3.980	  1.005	  0.938	  0.000
2	  2.400	  5.429	  1.005	  0.938	  0.000
3	  2.400	  6.878	  1.005	  0.938	  0.000
4	  2.400	  8.327	  1.005	  0.938	  0.000
5	  2.400	  9.777	  1.005	  0.938	  0.000
6	  2.400	 11.226	  1.005	  0.938	  0.000
7	  2.400	 12.675	  1.005	  0.938	  0.000
8	  2.400	 14.125	  1.005	  0.938	  0.000
9	  2.400	 15.574	  1.005	  0.938	  0.000
10	  2.400	 17.023	  1.005	  0.938	  0.000
11	  2.400	 18.472	  1.005	  0.938	  0.000
12	  2.400	 19.922	  1.005	  0.938	  0.000
13	  2.400	 21.371	  1.005	  0.938	  0.000
14	  2.400	 22.820	  1.005	  0.938	  0.000
15	  2.400	 24.269	  1.005	  0.938	  0.000
16	  2.400	 25.719	  1.005	  0.938	  0.000
17	  2.400	 27.168	  1.005	  0.938	  0.000
18	  2.400	 28.617	  1.005	  0.938	  0.000
19	  2.400	 30.067	  1.005	  0.938	  0.000
20	  2.400	 31.516	  1.005	  0.938	  0.000
21	  2.400	 32.965	  1.005	  0.938	  0.000
22	  2.400	 34.414	  1.005	  0.938	  0.000
23	  2.400	 35.864	  1.005	  0.938	  0.000
24	  2.400	 37.313	  1.005	  0.938	  0.000
25	  2.400	 38.762	  1.005	  0.938	  0.000
26	  2.400	 40.211	  1.005	  0.938	  0.000
27	  2.400	 41.661	  1.005	  0.938	  0.000
28	  2.400	 43.110	  1.005	  0.938	  0.000
29	  2.400	 44.559	  1.005	  0.938	  0.000
30	  2.400	 46.009	  1.005	  0.938	  0.000
31	  2.400	 47.458	  1.005	  0.938	  0.000
32	  2.400	 48.907	  1.005	  0.938	  0.000
33	  2.400	 50.356	  1.005	  0.938	  0.000
34	  2.400	 51.806	  1.005	  0.938	  0.000
35	  2.400	 53.255	  1.005	  0.938	  0.000
36	  2.400	 54.704	  1.005	  0.938	  0.000
37	  2.400	 56.153	  1.005	  0.938	  0.000
38	  2.400	 57.603	  1.005	  0.938	  0.000
39	  2.400	 59.052	  1.005	  0.938	  0.000
40	  2.400	 60.501	  1.005	  0.938	  0.000
41	  2.400	 61.951	  1.005	  0.938	  0.000
42	  2.400	 63.400	  1.005	  0.938	  0.000
43	  2.400	 64.849	  1.005	  0.938	  0.000
44	  2.400	 66.298	  1.005	  0.938	  0.000
45	  2.400	 67.748	  1.005	  0.938	  0.000
46	  2.400	 69.197	  1.005	  0.938	  0.000
47	  2.400	 70.646	  1.005	  0.938	  0.000
48	  2.400	 72.096	  1.005	  0.938	  0.000
49	  2.400	 73.545	  1.005	  0.938	  0.000
50	  2.400	 74.994	  1.005	  0.938	  0.000
51	  2.400	 76.443	  1.005	  0.938	  0.000
52	  2.400	 77.893	  1.005	  0.938	  0.000
53	  2.400	 79.342	  1.005	  0.938	  0.000
54	  2.400	 80.791	  1.005	  0.938	  0.000
55	  2.400	 82.240	  1.005	  0.938	  0.000
56	  2.400	 83.690	  1.005	  0.938	  0.000
57	  2.400	 85.139	  1.005	  0.938	  0.000
58	  2.400	 86.588	  1.005	  0.938	  0.000
59	  2.400	 88.038	  1.005	  0.938	  0.000
60	  2.400	 89.487	  1.005	  0.938	  0.000
61	  2.400	 90.936	  1.005	  0.938	  0.000
62	  2.400	 92.385	  1.005	  0.938	  0.000
63	  2.400	 93.835	  1.005	  0.938	  0.000
64	  2.400	 95.284	  1.005	  0.938	  0.000
65	  2.400	 96.733	  1.005	  0.938	  0.000
66	  2.400	 98.182	  1.005	  0.938	  0.000
67	  2.400	 99.632	  1.005	  0.938	  0.000
68	  2.400	101.081	  1.005	  0.938	  0.000
0	  2.520	  2.643	  1.005	  0.940	  0.000
1	  2.520	  4.092	  1.005	  0.940	  0.000
2	  2.520	  5.542	  1.005	  0.940	  0.000
3	  2.520	  6.991	  1.005	  0.940	  0.000
4	  2.520	  8.440	  1.005	  0.940	  0.000
5	  2.520	  9.889	  1.005	  0.940	  0.000
6	  2.520	 11.339	  1.005	  0.940	  0.000
7	  2.520	 12.788	  1.005	  0.940	  0.000
8	  2.520	 14.237	  1.005	  0.940	  0.000
9	  2.520	 15.686	  1.005	  0.940	  0.000
10	  2.520	 17.136	  1.005	  0.940	  0.000
11	  2.520	 18.585	  1.005	  0.940	  0.000
12	  2.520	 20.034	  1.005	  0.940	  0.000
13	  2.520	 21.484	  1.005	  0.940	  0.000
14	  2.520	 22.933	  1.005	  0.940	  0.000
15	  2.520	 24.382	  1.005	  0.940	  0.000
16	  2.520	 25.831	  1.005	  0.940	  0.000
17	  2.520	 27.281	  1.005	  0.940	  0.000
18	  2.520	 28.730	  1.005	  0.940	  0.000
19	  2.520	 30.179	  1.005	  0.940	  0.000
20	  2.520	 31.629	  1.005	  0.940	  0.000
21	  2.520	 33.078	  1.005	  0.940	  0.000
22	  2.520	 34.527	  1.005	  0.940	  0.000
23	  2.520	 35.976	  1.005	  0.940	  0.000
24	  2.520	 37.426	  1.005	  0.940	  0.000
25	  2.520	 38.875	  1.005	  0.940	  0.000
26	  2.520	 40.324	  1.005	  0.940	  0.000
27	  2.520	 41.773	  1.005	  0.940	  0.000
28	  2.520	 43.223	  1.005	  0.940	  0.000
29	  2.520	 44.672	  1.005	  0.940	  0.000
30	  2.520	 46.121	  1.005	  0.940	  0.000
31	  2.520	 47.571	  1.005	  0.940	  0.000
32	  2.520	 49.020	  1.005	  0.940	  0.000
33	  2.520	 50.469	  1.005	  0.940	  0.000
34	  2.520	 51.918	  1.005	  0.940	  0.000
35	  2.520	 53.368	  1.005	  0.940	  0.000
36	  2.520	 54.817	  1.005	  0.940	  0.000
37	  2.520	 56.266	  1.005	  0.940	  0.000
38	  2.520	 57.715	  1.005	  0.940	  0.000
39	  2.520	 59.165	  1.005	  0.940	  0.000
40	  2.520	 60.614	  1.005	  0.940	  0.000
41	  2.520	 62.063	  1.005	  0.940	  0.000
42	  2.520	 63.513	  1.005	  0.940	  0.000
43	  2.520	 64.962	  1.005	  0.940	  0.000
44	  2.520	 66.411	  1.005	  0.940	  0.000
45	  2.520	 67.860	  1.005	  0.940	  0.000
46	  2.520	 69.310	  1.005	  0.940	  0.000
47	  2.520	 70.759	  1.005	  0.940	  0.000
48	  2.520	 72.208	  1.005	  0.940	  0.000
49	  2.520	 73.658	  1.005	  0.940	  0.000
50	  2.520	 75.107	  1.005	  0.940	  0.000
51	  2.520	 76.556	  1.005	  0.940	  0.000
52	  2.520	 78.005	  1.005	  0.940	  0.000
53	  2.520	 79.455	  1.005	  0.940	  0.000
54	  2.520	 80.904	  1.005	  0.940	  0.000
55	  2.520	 82.353	  1.005	  0.940	  0.000
56	  2.520	 83.802	  1.005	  0.940	  0.000
57	  2.520	 85.252	  1.005	  0.940	  0.000
58	  2.520	 86.701	  1.005	  0.940	  0.000
59	  2.520	 88.150	  1.005	  0.940	  0.000
60	  2.520	 89.600	  1.005	  0.940	  0.000
61	  2.520	 91.049	  1.005	  0.940	  0.000
62	  2.520	 92.498	  1.005	  0.940	  0.000
63	  2.520	 93.947	  1.005	  0.940	  0.000
64	  2.520	 95.397	  1.005	  0.940	  0.000
65	  2.520	 96.846	  1.005	  0.940	  0.000
66	  2.520	 98.295	  1.005	  0.940	  0.000
67	  2.520	 99.744	  1.005	  0.940	  0.000
68	  2.520	101.194	  1.005	  0.940	  0.000
0	  2.640	  2.756	  1.005	  0.941	  0.000
1	  2.640	  4.205	  1.005	  0.941	  0.000
2	  2.640	  5.654	  1.005	  0.941	  0.000
3	  2.640	  7.104	  1.005	  0.941	  0.000
4	  2.640	  8.553	  1.005	  0.941	  0.000
5	  2.640	 10.002	  1.005	  0.941	  0.000
6	  2.640	 11.452	  1.005	  0.941	  0.000
7	  2.640	 12.901	  1.005	  0.941	  0.000
8	  2.640	 14.350	  1.005	  0.941	  0.000
9	  2.640	 15.799	  1.005	  0.941	  0.000
10	  2.640	 17.249	  1.005	  0.941	  0.000
11	  2.640	 18.698	  1.005	  0.941	  0.000
12	  2.640	 20.147	  1.005	  0.941	  0.000
13	  2.640	 21.596	  1.005	  0.941	  0.000
14	  2.640	 23.046	  1.005	  0.941	  0.000
15	  2.640	 24.495	  1.005	  0.941	  0.000
16	  2.640	 25.944	  1.005	  0.941	  0.000
17	  2.640	 27.394	  1.005	  0.941	  0.000
18	  2.640	 28.843	  1.005	  0.941	  0.000
19	  2.640	 30.292	  1.005	  0.941	  0.000
20	  2.640	 31.741	  1.005	  0.941	  0.000
21	  2.640	 33.191	  1.005	  0.941	  0.000
22	  2.640	 34.640	  1.005	  0.941	  0.000
23	  2.640	 36.089	  1.005	  0.941	  0.000
24	  2.640	 37.538	  1.005	  0.941	  0.000
25	  2.640	 38.988	  1.005	  0.941	  0.000
26	  2.640	 40.437	  1.005	  0.941	  0.000
27	  2.640	 41.886	  1.005	  0.941	  0.000
28	  2.640	 43.336	  1.005	  0.941	  0.000
29	  2.640	 44.785	  1.005	  0.941	  0.000
30	  2.640	 46.234	  1.005	  0.941	  0.000
31	  2.640	 47.683	  1.005	  0.941	  0.000
32	  2.640	 49.133	  1.005	  0.941	  0.000
33	  2.640	 50.582	  1.005	  0.941	  0.000
34	  2.640	 52.031	  1.005	  0.941	  0.000
35	  2.640	 53.481	  1.005	  0.941	  0.000
36	  2.640	 54.930	  1.005	  0.941	  0.000
37	  2.640	 56.379	  1.005	  0.941	  0.000
38	  2.640	 57.828	  1.005	  0.941	  0.000
39	  2.640	 59.278	  1.005	  0.941	  0.000
40	  2.640	 60.727	  1.005	  0.941	  0.000
41	  2.640	 62.176	  1.005	  0.941	  0.000
42	  2.640	 63.625	  1.005	  0.941	  0.000
43	  2.640	 65.075	  1.005	  0.941	  0.000
44	  2.640	 66.524	  1.005	  0.941	  0.000
45	  2.640	 67.973	  1.005	  0.941	  0.000
46	  2.640	 69.423	  1.005	  0.941	  0.000
47	  2.640	 70.872	  1.005	  0.941	  0.000
48	  2.640	 72.321	  1.005	  0.941	  0.000
49	  2.640	 73.770	  1.005	  0.941	  0.000
50	  2.640	 75.220	  1.005	  0.941	  0.000
51	  2.640	 76.669	  1.005	  0.941	  0.000
52	  2.640	 78.118	  1.005	  0.941	  0.000
53	  2.640	 79.567	  1.005	  0.941	  0.000
54	  2.640	 81.017	  1.005	  0.941	  0.000
55	  2.640	 82.466	  1.005	  0.941	  0.000
56	  2.640	 83.915	  1.005	  0.941	  0.000
57	  2.640	 85.365	  1.005	  0.941	  0.000
58	  2.640	 86.814	  1.005	  0.941	  0.000
59	  2.640	 88.263	  1.005	  0.941	  0.000
60	  2.640	 89.712	  1.005	  0.941	  0.000
61	  2.640	 91.162	  1.005	  0.941	  0.000
62	  2.640	 92.611	  1.005	  0.941	  0.000
63	  2.640	 94.060	  1.005	  0.941	  0.000
64	  2.640	 95.510	  1.005	  0.941	  0.000
65	  2.640	 96.959	  1.005	  0.941	  0.000
66	  2.640	 98.408	  1.005	  0.941	  0.000
67	  2.640	 99.857	  1.005	  0.941	  0.000
68	  2.640	101.307	  1.005	  0.941	  0.000
0	  2.760	  2.869	  1.005	  0.942	  0.000
1	  2.760	  4.318	  1.005	  0.942	  0.000
2	  2.760	  5.767	  1.005	  0.942	  0.000
3	  2.760	  7.217	  1.005	  0.942	  0.000
4	  2.760	  8.666	  1.005	  0.942	  0.000
5	  2.760	 10.115	  1.005	  0.942	  0.000
6	  2.760	 11.565	  1.005	  0.942	  0.000
7	  2.760	 13.014	  1.005	  0.942	  0.000
8	  2.760	 14.463	  1.005	  0.942	  0.000
9	  2.760	 15.912	  1.005	  0.942	  0.000
10	  2.760	 17.362	  1.005	  0.942	  0.000
11	  2.760	 18.811	  1.005	  0.942	  0.000
12	  2.760	 20.260	  1.005	  0.942	  0.000
13	  2.760	 21.709	  1.005	  0.942	  0.000
14	  2.760	 23.159	  1.005	  0.942	  0.000
15	  2.760	 24.608	  1.005	  0.942	  0.000
16	  2.760	 26.057	  1.005	  0.942	  0.000
17	  2.760	 27.507	  1.005	  0.942	  0.000
18	  2.760	 28.956	  1.005	  0.942	  0.000
19	  2.760	 30.405	  1.005	  0.942	  0.000
20	  2.760	 31.854	  1.005	  0.942	  0.000
21	  2.760	 33.304	  1.005	  0.942	  0.000
22	  2.760	 34.753	  1.005	  0.942	  0.000
23	  2.760	 36.202	  1.005	  0.942	  0.000
24	  2.760	 37.652	  1.005	  0.942	  0.000
25	  2.760	 39.101	  1.005	  0.942	  0.000
26	  2.760	 40.550	  1.005	  0.942	  0.000
27	  2.760	 41.999	  1.005	  0.942	  0.000
28	  2.760	 43.449	  1.005	  0.942	  0.000
29	  2.760	 44.898	  1.005	  0.942	  0.000
30	  2.760	 46.347	  1.005	  0.942	  0.000
31	  2.760	 47.796	  1.005	  0.942	  0.000
32	  2.760	 49.246	  1.005	  0.942	  0.000
33	  2.760	 50.695	  1.005	  0.942	  0.000
34	  2.760	 52.144	  1.005	  0.942	  0.000
35	  2.760	 53.594	  1.005	  0.942	  0.000
36	  2.760	 55.043	  1.005	  0.942	  0.000
37	  2.760	 56.492	  1.005	  0.942	  0.000
38	  2.760	 57.941	  1.005	  0.942	  0.000
39	  2.760	 59.391	  1.005	  0.942	  0.000
40	  2.760	 60.840	  1.005	  0.942	  0.000
41	  2.760	 62.289	  1.005	  0.942	  0.000
42	  2.760	 63.738	  1.005	  0.942	  0.000
43	  2.760	 65.188	  1.005	  0.942	  0.000
44	  2.760	 66.637	  1.005	  0.942	  0.000
45	  2.760	 68.086	  1.005	  0.942	  0.000
46	  2.760	 69.536	  1.005	  0.942	  0.000
47	  2.760	 70.985	  1.005	  0.942	  0.000
48	  2.760	 72.434	  1.005	  0.942	  0.000
49	  2.760	 73.883	  1.005	  0.942	  0.000
50	  2.760	 75.333	  1.005	  0.942	  0.000
51	  2.760	 76.782	  1.005	  0.942	  0.000
52	  2.760	 78.231	  1.005	  0.942	  0.000
53	  2.760	 79.680	  1.005	  0.942	  0.000
54	  2.760	 81.130	  1.005	  0.942	  0.000
55	  2.760	 82.579	  1.005	  0.942	  0.000
56	  2.760	 84.028	  1.005	  0.942	  0.000
57	  2.760	 85.478	  1.005	  0.942	  0.000
58	  2.760	 86.927	  1.005	  0.942	  0.000
59	  2.760	 88.376	  1.005	  0.942	  0.000
60	  2.760	 89.825	  1.005	  0.942	  0.000
61	  2.760	 91.275	  1.005	  0.942	  0.000
62	  2.760	 92.724	  1.005	  0.942	  0.000
63	  2.760	 94.173	  1.005	  0.942	  0.000
64	  2.760	 95.623	  1.005	  0.942	  0.000
65	  2.760	 97.072	  1.005	  0.942	  0.000
66	  2.760	 98.521	  1.005	  0.942	  0.000
67	  2.760	 99.970	  1.005	  0.942	  0.000
68	  2.760	101.420	  1.005	  0.942	  0.000
0	  2.880	  2.982	  1.005	  0.943	  0.000
1	  2.880	  4.431	  1.005	  0.943	  0.000
2	  2.880	  5.881	  1.005	  0.943	  0.000
3	  2.880	  7.330	  1.005	  0.943	  0.000
4	  2.880	  8.779	  1.005	  0.943	  0.000
5	  2.880	 10.228	  1.005	  0.943	  0.000
6	  2.880	 11.678	  1.005	  0.943	  0.000
7	  2.880	 13.127	  1.005	  0.943	  0.000
8	  2.880	 14.576	  1.005	  0.943	  0.000
9	  2.880	 16.025	  1.005	  0.943	  0.000
10	  2.880	 17.475	  1.005	  0.943	  0.000
11	  2.880	 18.924	  1.005	  0.943	  0.000
12	  2.880	 20.373	  1.005	  0.943	  0.000
13	  2.880	 21.823	  1.005	  0.943	  0.000
14	  2.880	 23.272	  1.005	  0.943	  0.000
15	  2.880	 24.721	  1.005	  0.943	  0.000
16	  2.880	 26.170	  1.005	  0.943	  0.000
17	  2.880	 27.620	  1.005	  0.943	  0.000
18	  2.880	 29.069	  1.005	  0.943	  0.000
19	  2.880	 30.518	  1.005	  0.943	  0.000
20	  2.880	 31.968	  1.005	  0.943	  0.000
21	  2.880	 33.417	  1.005	  0.943	  0.000
22	  2.880	 34.866	  1.005	  0.943	  0.000
23	  2.880	 36.315	  1.005	  0.943	  0.000
24	  2.880	 37.765	  1.005	  0.943	  0.000
25	  2.880	 39.214	  1.005	  0.943	  0.000
26	  2.880	 40.663	  1.005	  0.943	  0.000
27	  2.880	 42.112	  1.005	  0.943	  0.000
28	  2.880	 43.562	  1.005	  0.943	  0.000
29	  2.880	 45.011	  1.005	  0.943	  0.000
30	  2.880	 46.460	  1.005	  0.943	  0.000
31	  2.880	 47.910	  1.005	  0.943	  0.000
32	  2.880	 49.359	  1.005	  0.943	  0.000
33	  2.880	 50.808	  1.005	  0.943	  0.000
34	  2.880	 52.257	  1.005	  0.943	  0.000
35	  2.880	 53.707	  1.005	  0.943	  0.000
36	  2.880	 55.156	  1.005	  0.943	  0.000
37	  2.880	 56.605	  1.005	  0.943	  0.000
38	  2.880	 58.054	  1.005	  0.943	  0.000
39	  2.880	 59.504	  1.005	  0.943	  0.000
40	  2.880	 60.953	  1.005	  0.943	  0.000
41	  2.880	 62.402	  1.005	  0.943	  0.000
42	  2.880	 63.852	  1.005	  0.943	  0.000
43	  2.880	 65.301	  1.005	  0.943	  0.000
44	  2.880	 66.750	  1.005	  0.943	  0.000
45	  2.880	 68.199	  1.005	  0.943	  0.000
46	  2.880	 69.649	  1.005	  0.943	  0.000
47	  2.880	 71.098	  1.005	  0.943	  0.000
48	  2.880	 72.547	  1.005	  0.943	  0.000
49	  2.880	 73.997	  1.005	  0.943	  0.000
50	  2.880	 75.446	  1.005	  0.943	  0.000
51	  2.880	 76.895	  1.005	  0.943	  0.000
52	  2.880	 78.344	  1.005	  0.943	  0.000
53	  2.880	 79.794	  1.005	  0.943	  0.000
54	  2.880	 81.243	  1.005	  0.943	  0.000
55	  2.880	 82.692	  1.005	  0.943	  0.000
56	  2.880	 84.141	  1.005	  0.943	  0.000
57	  2.880	 85.591	  1.005	  0.943	  0.000
58	  2.880	 87.040	  1.005	  0.943	  0.000
59	  2.880	 88.489	  1.005	  0.943	  0.000
60	  2.880	 89.939	  1.005	  0.943	  0.000
61	  2.880	 91.388	  1.005	  0.943	  0.000
62	  2.880	 92.837	  1.005	  0.943	  0.000
63	  2.880	 94.286	  1.005	  0.943	  0.000
64	  2.880	 95.736	  1.005	  0.943	  0.000
65	  2.880	 97.185	  1.005	  0.943	  0.000
66	  2.880	 98.634	  1.005	  0.943	  0.000
67	  2.880	100.083	  1.005	  0.943	  0.000
68	  2.880	101.533	  1.005	  0.943	  0.000
0	  3.000	  3.095	  1.005	  0.944	  0.000
1	  3.000	  4.544	  1.005	  0.944	  0.000
2	  3.000	  5.994	  1.005	  0.944	  0.000
3	  3.000	  7.443	  1.005	  0.944	  0.000
4	  3.000	  8.892	  1.005	  0.944	  0.000
5	  3.000	 10.342	  1.005	  0.944	  0.000
6	  3.000	 11.791	  1.005	  0.944	  0.000
7	  3.000	 13.240	  1.005	  0.944	  0.000
8	  3.000	 14.689	  1.005	  0.944	  0.000
9	  3.000	 16.139	  1.005	  0.944	  0.000
10	  3.000	 17.588	  1.005	  0.944	  0.000
11	  3.000	 19.037	  1.005	  0.944	  0.000
12	  3.000	 20.487	  1.005	  0.944	  0.000
13	  3.000	 21.936	  1.005	  0.944	  0.000
14	  3.000	 23.385	  1.005	  0.944	  0.000
15	  3.000	 24.834	  1.005	  0.944	  0.000
16	  3.000	 26.284	  1.005	  0.944	  0.000
17	  3.000	 27.733	  1.005	  0.944	  0.000
18	  3.000	 29.182	  1.005	  0.944	  0.000
19	  3.000	 30.631	  1.005	  0.944	  0.000
20	  3.000	 32.081	  1.005	  0.944	  0.000
21	  3.000	 33.530	  1.005	  0.944	  0.000
22	  3.000	 34.979	  1.005	  0.944	  0.000
23	  3.000	 36.429	  1.005	  0.944	  0.000
24	  3.000	 37.878	  1.005	  0.944	  0.000
25	  3.000	 39.327	  1.005	  0.944	  0.000
26	  3.000	 40.776	  1.005	  0.944	  0.000
27	  3.000	 42.226	  1.005	  0.944	  0.000
28	  3.000	 43.675	  1.005	  0.944	  0.000
29	  3.000	 45.124	  1.005	  0.944	  0.000
30	  3.000	 46.573	  1.005	  0.944	  0.000
31	  3.000	 48.023	  1.005	  0.944	  0.000
32	  3.000	 49.472	  1.005	  0.944	  0.000
33	  3.000	 50.921	  1.005	  0.944	  0.000
34	  3.000	 52.371	  1.005	  0.944	  0.000
35	  3.000	 53.820	  1.005	  0.944	  0.000
36	  3.000	 55.269	  1.005	  0.944	  0.000
37	  3.000	 56.718	  1.005	  0.944	  0.000
38	  3.000	 58.168	  1.005	  0.944	  0.000
39	  3.000	 59.617	  1.005	  0.944	  0.000
40	  3.000	 61.066	  1.005	  0.944	  0.000
41	  3.000	 62.515	  1.005	  0.944	  0.000
42	  3.000	 63.965	  1.005	  0.944	  0.000
43	  3.000	 65.414	  1.005	  0.944	  0.000
44	  3.000	 66.863	  1.005	  0.944	  0.000
45	  3.000	 68.313	  1.005	  0.944	  0.000
46	  3.000	 69.762	  1.005	  0.944	  0.000
47	  3.000	 71.211	  1.005	  0.944	  0.000
48	  3.000	 72.660	  1.005	  0.944	  0.000
49	  3.000	 74.110	  1.005	  0.944	  0.000
50	  3.000	 75.559	  1.005	  0.944	  0.000
51	  3.000	 77.008	  1.005	  0.944	  0.000
52	  3.000	 78.458	  1.005	  0.944	  0.000
53	  3.000	 79.907	  1.005	  0.944	  0.000
54	  3.000	 81.356	  1.005	  0.944	  0.000
55	  3.000	 82.805	  1.005	  0.944	  0.000
56	  3.000	 84.255	  1.005	  0.944	  0.000
57	  3.000	 85.704	  1.005	  0.944	  0.000
58	  3.000	 87.153	  1.005	  0.944	  0.000
59	  3.000	 88.602	  1.005	  0.944	  0.000
60	  3.000	 90.052	  1.005	  0.944	  0.000
61	  3.000	 91.501	  1.005	  0.944	  0.000
62	  3.000	 92.950	  1.005	  0.944	  0.000
63	  3.000	 94.400	  1.005	  0.944	  0.000
64	  3.000	 95.849	  1.005	  0.944	  0.000
65	  3.000	 97.298	  1.005	  0.944	  0.000
66	  3.000	 98.747	  1.005	  0.944	  0.000
67	  3.000	100.197	  1.005	  0.944	  0.000
68	  3.000	101.646	  1.005	  0.944	  0.000
