# id	 time	 x	 y	 vx	 vy
0	  0.000	  0.833	  1.000	  0.010	  0.010
1	  0.000	  2.500	  1.000	  0.010	  0.010
2	  0.000	  4.167	  1.000	  0.010	  0.010
3	  0.000	  5.833	  1.000	  0.010	  0.010
4	  0.000	  7.500	  1.000	  0.010	  0.010
5	  0.000	  9.167	  1.000	  0.010	  0.010
6	  0.000	 10.833	  1.000	  0.010	  0.010
7	  0.000	 12.500	  1.000	  0.010	  0.010
8	  0.000	 14.167	  1.000	  0.010	  0.010
9	  0.000	 15.833	  1.000	  0.010	  0.010
10	  0.000	 17.500	  1.000	  0.010	  0.010
11	  0.000	 19.167	  1.000	  0.010	  0.010
12	  0.000	 20.833	  1.000	  0.010	  0.010
13	  0.000	 22.500	  1.000	  0.010	  0.010
14	  0.000	 24.167	  1.000	  0.010	  0.010
15	  0.000	 25.833	  1.000	  0.010	  0.010
16	  0.000	 27.500	  1.000	  0.010	  0.010
17	  0.000	 29.167	  1.000	  0.010	  0.010
18	  0.000	 30.833	  1.000	  0.010	  0.010
19	  0.000	 32.500	  1.000	  0.010	  0.010
20	  0.000	 34.167	  1.000	  0.010	  0.010
21	  0.000	 35.833	  1.000	  0.010	  0.010
22	  0.000	 37.500	  1.000	  0.010	  0.010
23	  0.000	 39.167	  1.000	  0.010	  0.010
24	  0.000	 40.833	  1.000	  0.010	  0.010
25	  0.000	 42.500	  1.000	  0.010	  0.010
26	  0.000	 44.167	  1.000	  0.010	  0.010
27	  0.000	 45.833	  1.000	  0.010	  0.010
28	  0.000	 47.500	  1.000	  0.010	  0.010
29	  0.000	 49.167	  1.000	  0.010	  0.010
30	  0.000	 50.833	  1.000	  0.010	  0.010
31	  0.000	 52.500	  1.000	  0.010	  0.010
32	  0.000	 54.167	  1.000	  0.010	  0.010
33	  0.000	 55.833	  1.000	  0.010	  0.010
34	  0.000	 57.500	  1.000	  0.010	  0.010
35	  0.000	 59.167	  1.000	  0.010	  0.010
36	  0.000	 60.833	  1.000	  0.010	  0.010
37	  0.000	 62.500	  1.000	  0.010	  0.010
38	  0.000	 64.167	  1.000	  0.010	  0.010
39	  0.000	 65.833	  1.000	  0.010	  0.010
40	  0.000	 67.500	  1.000	  0.010	  0.010
41	  0.000	 69.167	  1.000	  0.010	  0.010
42	  0.000	 70.833	  1.000	  0.010	  0.010
43	  0.000	 72.500	  1.000	  0.010	  0.010
44	  0.000	 74.167	  1.000	  0.010	  0.010
45	  0.000	 75.833	  1.000	  0.010	  0.010
46	  0.000	 77.500	  1.000	  0.010	  0.010
47	  0.000	 79.167	  1.000	  0.010	  0.010
48	  0.000	 80.833	  1.000	  0.010	  0.010
49	  0.000	 82.500	  1.000	  0.010	  0.010
50	  0.000	 84.167	  1.000	  0.010	  0.010
51	  0.000	 85.833	  1.000	  0.010	  0.010
52	  0.000	 87.500	  1.000	  0.010	  0.010
53	  0.000	 89.167	  1.000	  0.010	  0.010
54	  0.000	 90.833	  1.000	  0.010	  0.010
55	  0.000	 92.500	  1.000	  0.010	  0.010
56	  0.000	 94.167	  1.000	  0.010	  0.010
57	  0.000	 95.833	  1.000	  0.010	  0.010
58	  0.000	 97.500	  1.000	  0.010	  0.010
59	  0.000	 99.167	  1.000	  0.010	  0.010
0	  0.120	  0.852	  1.001	  0.323	  0.008
1	  0.120	  2.519	  1.001	  0.323	  0.008
2	  0.120	  4.186	  1.001	  0.323	  0.008
3	  0.120	  5.852	  1.001	  0.323	  0.008
4	  0.120	  7.519	  1.001	  0.323	  0.008
5	  0.120	  9.186	  1.001	  0.323	  0.008
6	  0.120	 10.852	  1.001	  0.323	  0.008
7	  0.120	 12.519	  1.001	  0.323	  0.008
8	  0.120	 14.186	  1.001	  0.323	  0.008
9	  0.120	 15.852	  1.001	  0.323	  0.008
10	  0.120	 17.519	  1.001	  0.323	  0.008
11	  0.120	 19.186	  1.001	  0.323	  0.008
12	  0.120	 20.852	  1.001	  0.323	  0.008
13	  0.120	 22.519	  1.001	  0.323	  0.008
14	  0.120	 24.186	  1.001	  0.323	  0.008
15	  0.120	 25.852	  1.001	  0.323	  0.008
16	  0.120	 27.519	  1.001	  0.323	  0.008
17	  0.120	 29.186	  1.001	  0.323	  0.008
18	  0.120	 30.852	  1.001	  0.323	  0.008
19	  0.120	 32.519	  1.001	  0.323	  0.008
20	  0.120	 34.186	  1.001	  0.323	  0.008
21	  0.120	 35.852	  1.001	  0.323	  0.008
22	  0.120	 37.519	  1.001	  0.323	  0.008
23	  0.120	 39.186	  1.001	  0.323	  0.008
24	  0.120	 40.852	  1.001	  0.323	  0.008
25	  0.120	 42.519	  1.001	  0.323	  0.008
26	  0.120	 44.186	  1.001	  0.323	  0.008
27	  0.120	 45.852	  1.001	  0.323	  0.008
28	  0.120	 47.519	  1.001	  0.323	  0.008
29	  0.120	 49.186	  1.001	  0.323	  0.008
30	  0.120	 50.852	  1.001	  0.323	  0.008
31	  0.120	 52.519	  1.001	  0.323	  0.008
32	  0.120	 54.186	  1.001	  0.323	  0.008
33	  0.120	 55.852	  1.001	  0.323	  0.008
34	  0.120	 57.519	  1.001	  0.323	  0.008
35	  0.120	 59.186	  1.001	  0.323	  0.008
36	  0.120	 60.852	  1.001	  0.323	  0.008
37	  0.120	 62.519	  1.001	  0.323	  0.008
38	  0.120	 64.186	  1.001	  0.323	  0.008
39	  0.120	 65.852	  1.001	  0.323	  0.008
40	  0.120	 67.519	  1.001	  0.323	  0.008
41	  0.120	 69.186	  1.001	  0.323	  0.008
42	  0.120	 70.852	  1.001	  0.323	  0.008
43	  0.120	 72.519	  1.001	  0.323	  0.008
44	  0.120	 74.186	  1.001	  0.323	  0.008
45	  0.120	 75.852	  1.001	  0.323	  0.008
46	  0.120	 77.519	  1.001	  0.323	  0.008
47	  0.120	 79.186	  1.001	  0.323	  0.008
48	  0.120	 80.852	  1.001	  0.323	  0.008
49	  0.120	 82.519	  1.001	  0.323	  0.008
50	  0.120	 84.186	  1.001	  0.323	  0.008
51	  0.120	 85.852	  1.001	  0.323	  0.008
52	  0.120	 87.519	  1.001	  0.323	  0.008
53	  0.120	 89.186	  1.001	  0.323	  0.008
54	  0.120	 90.852	  1.001	  0.323	  0.008
55	  0.120	 92.519	  1.001	  0.323	  0.008
56	  0.120	 94.186	  1.001	  0.323	  0.008
57	  0.120	 95.852	  1.001	  0.323	  0.008
58	  0.120	 97.519	  1.001	  0.323	  0.008
59	  0.120	 99.186	  1.001	  0.323	  0.008
0	  0.240	  0.905	  1.002	  0.568	  0.006
1	  0.240	  2.572	  1.002	  0.568	  0.006
2	  0.240	  4.239	  1.002	  0.568	  0.006
3	  0.240	  5.905	  1.002	  0.568	  0.006
4	  0.240	  7.572	  1.002	  0.568	  0.006
5	  0.240	  9.239	  1.002	  0.568	  0.006
6	  0.240	 10.905	  1.002	  0.568	  0.006
7	  0.240	 12.572	  1.002	  0.568	  0.006
8	  0.240	 14.239	  1.002	  0.568	  0.006
9	  0.240	 15.905	  1.002	  0.568	  0.006
10	  0.240	 17.572	  1.002	  0.568	  0.006
11	  0.240	 19.239	  1.002	  0.568	  0.006
12	  0.240	 20.905	  1.002	  0.568	  0.006
13	  0.240	 22.572	  1.002	  0.568	  0.006
14	  0.240	 24.239	  1.002	  0.568	  0.006
15	  0.240	 25.905	  1.002	  0.568	  0.006
16	  0.240	 27.572	  1.002	  0.568	  0.006
17	  0.240	 29.239	  1.002	  0.568	  0.006
18	  0.240	 30.905	  1.002	  0.568	  0.006
19	  0.240	 32.572	  1.002	  0.568	  0.006
20	  0.240	 34.239	  1.002	  0.568	  0.006
21	  0.240	 35.905	  1.002	  0.568	  0.006
22	  0.240	 37.572	  1.002	  0.568	  0.006
23	  0.240	 39.239	  1.002	  0.568	  0.006
24	  0.240	 40.905	  1.002	  0.568	  0.006
25	  0.240	 42.572	  1.002	  0.568	  0.006
26	  0.240	 44.239	  1.002	  0.568	  0.006
27	  0.240	 45.905	  1.002	  0.568	  0.006
28	  0.240	 47.572	  1.002	  0.568	  0.006
29	  0.240	 49.239	  1.002	  0.568	  0.006
30	  0.240	 50.905	  1.002	  0.568	  0.006
31	  0.240	 52.572	  1.002	  0.568	  0.006
32	  0.240	 54.239	  1.002	  0.568	  0.006
33	  0.240	 55.905	  1.002	  0.568	  0.006
34	  0.240	 57.572	  1.002	  0.568	  0.006
35	  0.240	 59.239	  1.002	  0.568	  0.006
36	  0.240	 60.905	  1.002	  0.568	  0.006
37	  0.240	 62.572	  1.002	  0.568	  0.006
38	  0.240	 64.239	  1.002	  0.568	  0.006
39	  0.240	 65.905	  1.002	  0.568	  0.006
40	  0.240	 67.572	  1.002	  0.568	  0.006
41	  0.240	 69.239	  1.002	  0.568	  0.006
42	  0.240	 70.905	  1.002	  0.568	  0.006
43	  0.240	 72.572	  1.002	  0.568	  0.006
44	  0.240	 74.239	  1.002	  0.568	  0.006
45	  0.240	 75.905	  1.002	  0.568	  0.006
46	  0.240	 77.572	  1.002	  0.568	  0.006
47	  0.240	 79.239	  1.002	  0.568	  0.006
48	  0.240	 80.905	  1.002	  0.568	  0.006
49	  0.240	 82.572	  1.002	  0.568	  0.006
50	  0.240	 84.239	  1.002	  0.568	  0.006
51	  0.240	 85.905	  1.002	  0.568	  0.006
52	  0.240	 87.572	  1.002	  0.568	  0.006
53	  0.240	 89.239	  1.002	  0.568	  0.006
54	  0.240	 90.905	  1.002	  0.568	  0.006
55	  0.240	 92.572	  1.002	  0.568	  0.006
56	  0.240	 94.239	  1.002	  0.568	  0.006
57	  0.240	 95.905	  1.002	  0.568	  0.006
58	  0.240	 97.572	  1.002	  0.568	  0.006
59	  0.240	 99.239	  1.002	  0.568	  0.006
0	  0.360	  0.985	  1.003	  0.761	  0.005
1	  0.360	  2.651	  1.003	  0.761	  0.005
2	  0.360	  4.318	  1.003	  0.761	  0.005
3	  0.360	  5.985	  1.003	  0.761	  0.005
4	  0.360	  7.651	  1.003	  0.761	  0.005
5	  0.360	  9.318	  1.003	  0.761	  0.005
6	  0.360	 10.985	  1.003	  0.761	  0.005
7	  0.360	 12.651	  1.003	  0.761	  0.005
8	  0.360	 14.318	  1.003	  0.761	  0.005
9	  0.360	 15.985	  1.003	  0.761	  0.005
10	  0.360	 17.651	  1.003	  0.761	  0.005
11	  0.360	 19.318	  1.003	  0.761	  0.005
12	  0.360	 20.985	  1.003	  0.761	  0.005
13	  0.360	 22.651	  1.003	  0.761	  0.005
14	  0.360	 24.318	  1.003	  0.761	  0.005
15	  0.360	 25.985	  1.003	  0.761	  0.005
16	  0.360	 27.651	  1.003	  0.761	  0.005
17	  0.360	 29.318	  1.003	  0.761	  0.005
18	  0.360	 30.985	  1.003	  0.761	  0.005
19	  0.360	 32.651	  1.003	  0.761	  0.005
20	  0.360	 34.318	  1.003	  0.761	  0.005
21	  0.360	 35.985	  1.003	  0.761	  0.005
22	  0.360	 37.651	  1.003	  0.761	  0.005
23	  0.360	 39.318	  1.003	  0.761	  0.005
24	  0.360	 40.985	  1.003	  0.761	  0.005
25	  0.360	 42.651	  1.003	  0.761	  0.005
26	  0.360	 44.318	  1.003	  0.761	  0.005
27	  0.360	 45.985	  1.003	  0.761	  0.005
28	  0.360	 47.651	  1.003	  0.761	  0.005
29	  0.360	 49.318	  1.003	  0.761	  0.005
30	  0.360	 50.985	  1.003	  0.761	  0.005
31	  0.360	 52.651	  1.003	  0.761	  0.005
32	  0.360	 54.318	  1.003	  0.761	  0.005
33	  0.360	 55.985	  1.003	  0.761	  0.005
34	  0.360	 57.651	  1.003	  0.761	  0.005
35	  0.360	 59.318	  1.003	  0.761	  0.005
36	  0.360	 60.985	  1.003	  0.761	  0.005
37	  0.360	 62.651	  1.003	  0.761	  0.005
38	  0.360	 64.318	  1.003	  0.761	  0.005
39	  0.360	 65.985	  1.003	  0.761	  0.005
40	  0.360	 67.651	  1.003	  0.761	  0.005
41	  0.360	 69.318	  1.003	  0.761	  0.005
42	  0.360	 70.985	  1.003	  0.761	  0.005
43	  0.360	 72.651	  1.003	  0.761	  0.005
44	  0.360	 74.318	  1.003	  0.761	  0.005
45	  0.360	 75.985	  1.003	  0.761	  0.005
46	  0.360	 77.651	  1.003	  0.761	  0.005
47	  0.360	 79.318	  1.003	  0.761	  0.005
48	  0.360	 80.985	  1.003	  0.761	  0.005
49	  0.360	 82.651	  1.003	  0.761	  0.005
50	  0.360	 84.318	  1.003	  0.761	  0.005
51	  0.360	 85.985	  1.003	  0.761	  0.005
52	  0.360	 87.651	  1.003	  0.761	  0.005
53	  0.360	 89.318	  1.003	  0.761	  0.005
54	  0.360	 90.985	  1.003	  0.761	  0.005
55	  0.360	 92.651	  1.003	  0.761	  0.005
56	  0.360	 94.318	  1.003	  0.761	  0.005
57	  0.360	 95.985	  1.003	  0.761	  0.005
58	  0.360	 97.651	  1.003	  0.761	  0.005
59	  0.360	 99.318	  1.003	  0.761	  0.005
0	  0.480	  1.085	  1.003	  0.912	  0.004
1	  0.480	  2.751	  1.003	  0.912	  0.004
2	  0.480	  4.418	  1.003	  0.912	  0.004
3	  0.480	  6.085	  1.003	  0.912	  0.004
4	  0.480	  7.751	  1.003	  0.912	  0.004
5	  0.480	  9.418	  1.003	  0.912	  0.004
6	  0.480	 11.085	  1.003	  0.912	  0.004
7	  0.480	 12.751	  1.003	  0.912	  0.004
8	  0.480	 14.418	  1.003	  0.912	  0.004
9	  0.480	 16.085	  1.003	  0.912	  0.004
10	  0.480	 17.751	  1.003	  0.912	  0.004
11	  0.480	 19.418	  1.003	  0.912	  0.004
12	  0.480	 21.085	  1.003	  0.912	  0.004
13	  0.480	 22.751	  1.003	  0.912	  0.004
14	  0.480	 24.418	  1.003	  0.912	  0.004
15	  0.480	 26.085	  1.003	  0.912	  0.004
16	  0.480	 27.751	  1.003	  0.912	  0.004
17	  0.480	 29.418	  1.003	  0.912	  0.004
18	  0.480	 31.085	  1.003	  0.912	  0.004
19	  0.480	 32.751	  1.003	  0.912	  0.004
20	  0.480	 34.418	  1.003	  0.912	  0.004
21	  0.480	 36.085	  1.003	  0.912	  0.004
22	  0.480	 37.751	  1.003	  0.912	  0.004
23	  0.480	 39.418	  1.003	  0.912	  0.004
24	  0.480	 41.085	  1.003	  0.912	  0.004
25	  0.480	 42.751	  1.003	  0.912	  0.004
26	  0.480	 44.418	  1.003	  0.912	  0.004
27	  0.480	 46.085	  1.003	  0.912	  0.004
28	  0.480	 47.751	  1.003	  0.912	  0.004
29	  0.480	 49.418	  1.003	  0.912	  0.004
30	  0.480	 51.085	  1.003	  0.912	  0.004
31	  0.480	 52.751	  1.003	  0.912	  0.004
32	  0.480	 54.418	  1.003	  0.912	  0.004
33	  0.480	 56.085	  1.003	  0.912	  0.004
34	  0.480	 57.751	  1.003	  0.912	  0.004
35	  0.480	 59.418	  1.003	  0.912	  0.004
36	  0.480	 61.085	  1.003	  0.912	  0.004
37	  0.480	 62.751	  1.003	  0.912	  0.004
38	  0.480	 64.418	  1.003	  0.912	  0.004
39	  0.480	 66.085	  1.003	  0.912	  0.004
40	  0.480	 67.751	  1.003	  0.912	  0.004
41	  0.480	 69.418	  1.003	  0.912	  0.004
42	  0.480	 71.085	  1.003	  0.912	  0.004
43	  0.480	 72.751	  1.003	  0.912	  0.004
44	  0.480	 74.418	  1.003	  0.912	  0.004
45	  0.480	 76.085	  1.003	  0.912	  0.004
46	  0.480	 77.751	  1.003	  0.912	  0.004
47	  0.480	 79.418	  1.003	  0.912	  0.004
48	  0.480	 81.085	  1.003	  0.912	  0.004
49	  0.480	 82.751	  1.003	  0.912	  0.004
50	  0.480	 84.418	  1.003	  0.912	  0.004
51	  0.480	 86.085	  1.003	  0.912	  0.004
52	  0.480	 87.751	  1.003	  0.912	  0.004
53	  0.480	 89.418	  1.003	  0.912	  0.004
54	  0.480	 91.085	  1.003	  0.912	  0.004
55	  0.480	 92.751	  1.003	  0.912	  0.004
56	  0.480	 94.418	  1.003	  0.912	  0.004
57	  0.480	 96.085	  1.003	  0.912	  0.004
58	  0.480	 97.751	  1.003	  0.912	  0.004
59	  0.480	 99.418	  1.003	  0.912	  0.004
0	  0.600	  1.201	  1.004	  1.031	  0.003
1	  0.600	  2.868	  1.004	  1.031	  0.003
2	  0.600	  4.534	  1.004	  1.031	  0.003
3	  0.600	  6.201	  1.004	  1.031	  0.003
4	  0.600	  7.868	  1.004	  1.031	  0.003
5	  0.600	  9.534	  1.004	  1.031	  0.003
6	  0.600	 11.201	  1.004	  1.031	  0.003
7	  0.600	 12.868	  1.004	  1.031	  0.003
8	  0.600	 14.534	  1.004	  1.031	  0.003
9	  0.600	 16.201	  1.004	  1.031	  0.003
10	  0.600	 17.868	  1.004	  1.031	  0.003
11	  0.600	 19.534	  1.004	  1.031	  0.003
12	  0.600	 21.201	  1.004	  1.031	  0.003
13	  0.600	 22.868	  1.004	  1.031	  0.003
14	  0.600	 24.534	  1.004	  1.031	  0.003
15	  0.600	 26.201	  1.004	  1.031	  0.003
16	  0.600	 27.868	  1.004	  1.031	  0.003
17	  0.600	 29.534	  1.004	  1.031	  0.003
18	  0.600	 31.201	  1.004	  1.031	  0.003
19	  0.600	 32.868	  1.004	  1.031	  0.003
20	  0.600	 34.534	  1.004	  1.031	  0.003
21	  0.600	 36.201	  1.004	  1.031	  0.003
22	  0.600	 37.868	  1.004	  1.031	  0.003
23	  0.600	 39.534	  1.004	  1.031	  0.003
24	  0.600	 41.201	  1.004	  1.031	  0.003
25	  0.600	 42.868	  1.004	  1.031	  0.003
26	  0.600	 44.534	  1.004	  1.031	  0.003
27	  0.600	 46.201	  1.004	  1.031	  0.003
28	  0.600	 47.868	  1.004	  1.031	  0.003
29	  0.600	 49.534	  1.004	  1.031	  0.003
30	  0.600	 51.201	  1.004	  1.031	  0.003
31	  0.600	 52.868	  1.004	  1.031	  0.003
32	  0.600	 54.534	  1.004	  1.031	  0.003
33	  0.600	 56.201	  1.004	  1.031	  0.003
34	  0.600	 57.868	  1.004	  1.031	  0.003
35	  0.600	 59.534	  1.004	  1.031	  0.003
36	  0.600	 61.201	  1.004	  1.031	  0.003
37	  0.600	 62.868	  1.004	  1.031	  0.003
38	  0.600	 64.534	  1.004	  1.031	  0.003
39	  0.600	 66.201	  1.004	  1.031	  0.003
40	  0.600	 67.868	  1.004	  1.031	  0.003
41	  0.600	 69.534	  1.004	  1.031	  0.003
42	  0.600	 71.201	  1.004	  1.031	  0.003
43	  0.600	 72.868	  1.004	  1.031	  0.003
44	  0.600	 74.534	  1.004	  1.031	  0.003
45	  0.600	 76.201	  1.004	  1.031	  0.003
46	  0.600	 77.868	  1.004	  1.031	  0.003
47	  0.600	 79.534	  1.004	  1.031	  0.003
48	  0.600	 81.201	  1.004	  1.031	  0.003
49	  0.600	 82.868	  1.004	  1.031	  0.003
50	  0.600	 84.534	  1.004	  1.031	  0.003
51	  0.600	 86.201	  1.004	  1.031	  0.003
52	  0.600	 87.868	  1.004	  1.031	  0.003
53	  0.600	 89.534	  1.004	  1.031	  0.003
54	  0.600	 91.201	  1.004	  1.031	  0.003
55	  0.600	 92.868	  1.004	  1.031	  0.003
56	  0.600	 94.534	  1.004	  1.031	  0.003
57	  0.600	 96.201	  1.004	  1.031	  0.003
58	  0.600	 97.868	  1.004	  1.031	  0.003
59	  0.600	 99.534	  1.004	  1.031	  0.003
0	  0.720	  1.330	  1.004	  1.124	  0.002
1	  0.720	  2.997	  1.004	  1.124	  0.002
2	  0.720	  4.663	  1.004	  1.124	  0.002
3	  0.720	  6.330	  1.004	  1.124	  0.002
4	  0.720	  7.997	  1.004	  1.124	  0.002
5	  0.720	  9.663	  1.004	  1.124	  0.002
6	  0.720	 11.330	  1.004	  1.124	  0.002
7	  0.720	 12.997	  1.004	  1.124	  0.002
8	  0.720	 14.663	  1.004	  1.124	  0.002
9	  0.720	 16.330	  1.004	  1.124	  0.002
10	  0.720	 17.997	  1.004	  1.124	  0.002
11	  0.720	 19.663	  1.004	  1.124	  0.002
12	  0.720	 21.330	  1.004	  1.124	  0.002
13	  0.720	 22.997	  1.004	  1.124	  0.002
14	  0.720	 24.663	  1.004	  1.124	  0.002
15	  0.720	 26.330	  1.004	  1.124	  0.002
16	  0.720	 27.997	  1.004	  1.124	  0.002
17	  0.720	 29.663	  1.004	  1.124	  0.002
18	  0.720	 31.330	  1.004	  1.124	  0.002
19	  0.720	 32.997	  1.004	  1.124	  0.002
20	  0.720	 34.663	  1.004	  1.124	  0.002
21	  0.720	 36.330	  1.004	  1.124	  0.002
22	  0.720	 37.997	  1.004	  1.124	  0.002
23	  0.720	 39.663	  1.004	  1.124	  0.002
24	  0.720	 41.330	  1.004	  1.124	  0.002
25	  0.720	 42.997	  1.004	  1.124	  0.002
26	  0.720	 44.663	  1.004	  1.124	  0.002
27	  0.720	 46.330	  1.004	  1.124	  0.002
28	  0.720	 47.997	  1.004	  1.124	  0.002
29	  0.720	 49.663	  1.004	  1.124	  0.002
30	  0.720	 51.330	  1.004	  1.124	  0.002
31	  0.720	 52.997	  1.004	  1.124	  0.002
32	  0.720	 54.663	  1.004	  1.124	  0.002
33	  0.720	 56.330	  1.004	  1.124	  0.002
34	  0.720	 57.997	  1.004	  1.124	  0.002
35	  0.720	 59.663	  1.004	  1.124	  0.002
36	  0.720	 61.330	  1.004	  1.124	  0.002
37	  0.720	 62.997	  1.004	  1.124	  0.002
38	  0.720	 64.663	  1.004	  1.124	  0.002
39	  0.720	 66.330	  1.004	  1.124	  0.002
40	  0.720	 67.997	  1.004	  1.124	  0.002
41	  0.720	 69.663	  1.004	  1.124	  0.002
42	  0.720	 71.330	  1.004	  1.124	  0.002
43	  0.720	 72.997	  1.004	  1.124	  0.002
44	  0.720	 74.663	  1.004	  1.124	  0.002
45	  0.720	 76.330	  1.004	  1.124	  0.002
46	  0.720	 77.997	  1.004	  1.124	  0.002
47	  0.720	 79.663	  1.004	  1.124	  0.002
48	  0.720	 81.330	  1.004	  1.124	  0.002
49	  0.720	 82.997	  1.004	  1.124	  0.002
50	  0.720	 84.663	  1.004	  1.124	  0.002
51	  0.720	 86.330	  1.004	  1.124	  0.002
52	  0.720	 87.997	  1.004	  1.124	  0.002
53	  0.720	 89.663	  1.004	  1.124	  0.002
54	  0.720	 91.330	  1.004	  1.124	  0.002
55	  0.720	 92.997	  1.004	  1.124	  0.002
56	  0.720	 94.663	  1.004	  1.124	  0.002
57	  0.720	 96.330	  1.004	  1.124	  0.002
58	  0.720	 97.997	  1.004	  1.124	  0.002
59	  0.720	 99.663	  1.004	  1.124	  0.002
0	  0.840	  1.469	  1.004	  1.197	  0.002
1	  0.840	  3.136	  1.004	  1.197	  0.002
2	  0.840	  4.802	  1.004	  1.197	  0.002
3	  0.840	  6.469	  1.004	  1.197	  0.002
4	  0.840	  8.136	  1.004	  1.197	  0.002
5	  0.840	  9.802	  1.004	  1.197	  0.002
6	  0.840	 11.469	  1.004	  1.197	  0.002
7	  0.840	 13.136	  1.004	  1.197	  0.002
8	  0.840	 14.802	  1.004	  1.197	  0.002
9	  0.840	 16.469	  1.004	  1.197	  0.002
10	  0.840	 18.136	  1.004	  1.197	  0.002
11	  0.840	 19.802	  1.004	  1.197	  0.002
12	  0.840	 21.469	  1.004	  1.197	  0.002
13	  0.840	 23.136	  1.004	  1.197	  0.002
14	  0.840	 24.802	  1.004	  1.197	  0.002
15	  0.840	 26.469	  1.004	  1.197	  0.002
16	  0.840	 28.136	  1.004	  1.197	  0.002
17	  0.840	 29.802	  1.004	  1.197	  0.002
18	  0.840	 31.469	  1.004	  1.197	  0.002
19	  0.840	 33.136	  1.004	  1.197	  0.002
20	  0.840	 34.802	  1.004	  1.197	  0.002
21	  0.840	 36.469	  1.004	  1.197	  0.002
22	  0.840	 38.136	  1.004	  1.197	  0.002
23	  0.840	 39.802	  1.004	  1.197	  0.002
24	  0.840	 41.469	  1.004	  1.197	  0.002
25	  0.840	 43.136	  1.004	  1.197	  0.002
26	  0.840	 44.802	  1.004	  1.197	  0.002
27	  0.840	 46.469	  1.004	  1.197	  0.002
28	  0.840	 48.136	  1.004	  1.197	  0.002
29	  0.840	 49.802	  1.004	  1.197	  0.002
30	  0.840	 51.469	  1.004	  1.197	  0.002
31	  0.840	 53.136	  1.004	  1.197	  0.002
32	  0.840	 54.802	  1.004	  1.197	  0.002
33	  0.840	 56.469	  1.004	  1.197	  0.002
34	  0.840	 58.136	  1.004	  1.197	  0.002
35	  0.840	 59.802	  1.004	  1.197	  0.002
36	  0.840	 61.469	  1.004	  1.197	  0.002
37	  0.840	 63.136	  1.004	  1.197	  0.002
38	  0.840	 64.802	  1.004	  1.197	  0.002
39	  0.840	 66.469	  1.004	  1.197	  0.002
40	  0.840	 68.136	  1.004	  1.197	  0.002
41	  0.840	 69.802	  1.004	  1.197	  0.002
42	  0.840	 71.469	  1.004	  1.197	  0.002
43	  0.840	 73.136	  1.004	  1.197	  0.002
44	  0.840	 74.802	  1.004	  1.197	  0.002
45	  0.840	 76.469	  1.004	  1.197	  0.002
46	  0.840	 78.136	  1.004	  1.197	  0.002
47	  0.840	 79.802	  1.004	  1.197	  0.002
48	  0.840	 81.469	  1.004	  1.197	  0.002
49	  0.840	 83.136	  1.004	  1.197	  0.002
50	  0.840	 84.802	  1.004	  1.197	  0.002
51	  0.840	 86.469	  1.004	  1.197	  0.002
52	  0.840	 88.136	  1.004	  1.197	  0.002
53	  0.840	 89.802	  1.004	  1.197	  0.002
54	  0.840	 91.469	  1.004	  1.197	  0.002
55	  0.840	 93.136	  1.004	  1.197	  0.002
56	  0.840	 94.802	  1.004	  1.197	  0.002
57	  0.840	 96.469	  1.004	  1.197	  0.002
58	  0.840	 98.136	  1.004	  1.197	  0.002
59	  0.840	 99.802	  1.004	  1.197	  0.002
0	  0.960	  1.616	  1.004	  1.254	  0.001
1	  0.960	  3.283	  1.004	  1.254	  0.001
2	  0.960	  4.949	  1.004	  1.254	  0.001
3	  0.960	  6.616	  1.004	  1.254	  0.001
4	  0.960	  8.283	  1.004	  1.254	  0.001
5	  0.960	  9.949	  1.004	  1.254	  0.001
6	  0.960	 11.616	  1.004	  1.254	  0.001
7	  0.960	 13.283	  1.004	  1.254	  0.001
8	  0.960	 14.949	  1.004	  1.254	  0.001
9	  0.960	 16.616	  1.004	  1.254	  0.001
10	  0.960	 18.283	  1.004	  1.254	  0.001
11	  0.960	 19.949	  1.004	  1.254	  0.001
12	  0.960	 21.616	  1.004	  1.254	  0.001
13	  0.960	 23.283	  1.004	  1.254	  0.001
14	  0.960	 24.949	  1.004	  1.254	  0.001
15	  0.960	 26.616	  1.004	  1.254	  0.001
16	  0.960	 28.283	  1.004	  1.254	  0.001
17	  0.960	 29.949	  1.004	  1.254	  0.001
18	  0.960	 31.616	  1.004	  1.254	  0.001
19	  0.960	 33.283	  1.004	  1.254	  0.001
20	  0.960	 34.949	  1.004	  1.254	  0.001
21	  0.960	 36.616	  1.004	  1.254	  0.001
22	  0.960	 38.283	  1.004	  1.254	  0.001
23	  0.960	 39.949	  1.004	  1.254	  0.001
24	  0.960	 41.616	  1.004	  1.254	  0.001
25	  0.960	 43.283	  1.004	  1.254	  0.001
26	  0.960	 44.949	  1.004	  1.254	  0.001
27	  0.960	 46.616	  1.004	  1.254	  0.001
28	  0.960	 48.283	  1.004	  1.254	  0.001
29	  0.960	 49.949	  1.004	  1.254	  0.001
30	  0.960	 51.616	  1.004	  1.254	  0.001
31	  0.960	 53.283	  1.004	  1.254	  0.001
32	  0.960	 54.949	  1.004	  1.254	  0.001
33	  0.960	 56.616	  1.004	  1.254	  0.001
34	  0.960	 58.283	  1.004	  1.254	  0.001
35	  0.960	 59.949	  1.004	  1.254	  0.001
36	  0.960	 61.616	  1.004	  1.254	  0.001
37	  0.960	 63.283	  1.004	  1.254	  0.001
38	  0.960	 64.949	  1.004	  1.254	  0.001
39	  0.960	 66.616	  1.004	  1.254	  0.001
40	  0.960	 68.283	  1.004	  1.254	  0.001
41	  0.960	 69.949	  1.004	  1.254	  0.001
42	  0.960	 71.616	  1.004	  1.254	  0.001
43	  0.960	 73.283	  1.004	  1.254	  0.001
44	  0.960	 74.949	  1.004	  1.254	  0.001
45	  0.960	 76.616	  1.004	  1.254	  0.001
46	  0.960	 78.283	  1.004	  1.254	  0.001
47	  0.960	 79.949	  1.004	  1.254	  0.001
48	  0.960	 81.616	  1.004	  1.254	  0.001
49	  0.960	 83.283	  1.004	  1.254	  0.001
50	  0.960	 84.949	  1.004	  1.254	  0.001
51	  0.960	 86.616	  1.004	  1.254	  0.001
52	  0.960	 88.283	  1.004	  1.254	  0.001
53	  0.960	 89.949	  1.004	  1.254	  0.001
54	  0.960	 91.616	  1.004	  1.254	  0.001
55	  0.960	 93.283	  1.004	  1.254	  0.001
56	  0.960	 94.949	  1.004	  1.254	  0.001
57	  0.960	 96.616	  1.004	  1.254	  0.001
58	  0.960	 98.283	  1.004	  1.254	  0.001
59	  0.960	 99.949	  1.004	  1.254	  0.001
0	  1.080	  1.769	  1.004	  1.299	  0.001
1	  1.080	  3.436	  1.004	  1.299	  0.001
2	  1.080	  5.102	  1.004	  1.299	  0.001
3	  1.080	  6.769	  1.004	  1.299	  0.001
4	  1.080	  8.436	  1.004	  1.299	  0.001
5	  1.080	 10.102	  1.004	  1.299	  0.001
6	  1.080	 11.769	  1.004	  1.299	  0.001
7	  1.080	 13.436	  1.004	  1.299	  0.001
8	  1.080	 15.102	  1.004	  1.299	  0.001
9	  1.080	 16.769	  1.004	  1.299	  0.001
10	  1.080	 18.436	  1.004	  1.299	  0.001
11	  1.080	 20.102	  1.004	  1.299	  0.001
12	  1.080	 21.769	  1.004	  1.299	  0.001
13	  1.080	 23.436	  1.004	  1.299	  0.001
14	  1.080	 25.102	  1.004	  1.299	  0.001
15	  1.080	 26.769	  1.004	  1.299	  0.001
16	  1.080	 28.436	  1.004	  1.299	  0.001
17	  1.080	 30.102	  1.004	  1.299	  0.001
18	  1.080	 31.769	  1.004	  1.299	  0.001
19	  1.080	 33.436	  1.004	  1.299	  0.001
20	  1.080	 35.102	  1.004	  1.299	  0.001
21	  1.080	 36.769	  1.004	  1.299	  0.001
22	  1.080	 38.436	  1.004	  1.299	  0.001
23	  1.080	 40.102	  1.004	  1.299	  0.001
24	  1.080	 41.769	  1.004	  1.299	  0.001
25	  1.080	 43.436	  1.004	  1.299	  0.001
26	  1.080	 45.102	  1.004	  1.299	  0.001
27	  1.080	 46.769	  1.004	  1.299	  0.001
28	  1.080	 48.436	  1.004	  1.299	  0.001
29	  1.080	 50.102	  1.004	  1.299	  0.001
30	  1.080	 51.769	  1.004	  1.299	  0.001
31	  1.080	 53.436	  1.004	  1.299	  0.001
32	  1.080	 55.102	  1.004	  1.299	  0.001
33	  1.080	 56.769	  1.004	  1.299	  0.001
34	  1.080	 58.436	  1.004	  1.299	  0.001
35	  1.080	 60.102	  1.004	  1.299	  0.001
36	  1.080	 61.769	  1.004	  1.299	  0.001
37	  1.080	 63.436	  1.004	  1.299	  0.001
38	  1.080	 65.102	  1.004	  1.299	  0.001
39	  1.080	 66.769	  1.004	  1.299	  0.001
40	  1.080	 68.436	  1.004	  1.299	  0.001
41	  1.080	 70.102	  1.004	  1.299	  0.001
42	  1.080	 71.769	  1.004	  1.299	  0.001
43	  1.080	 73.436	  1.004	  1.299	  0.001
44	  1.080	 75.102	  1.004	  1.299	  0.001
45	  1.080	 76.769	  1.004	  1.299	  0.001
46	  1.080	 78.436	  1.004	  1.299	  0.001
47	  1.080	 80.102	  1.004	  1.299	  0.001
48	  1.080	 81.769	  1.004	  1.299	  0.001
49	  1.080	 83.436	  1.004	  1.299	  0.001
50	  1.080	 85.102	  1.004	  1.299	  0.001
51	  1.080	 86.769	  1.004	  1.299	  0.001
52	  1.080	 88.436	  1.004	  1.299	  0.001
53	  1.080	 90.102	  1.004	  1.299	  0.001
54	  1.080	 91.769	  1.004	  1.299	  0.001
55	  1.080	 93.436	  1.004	  1.299	  0.001
56	  1.080	 95.102	  1.004	  1.299	  0.001
57	  1.080	 96.769	  1.004	  1.299	  0.001
58	  1.080	 98.436	  1.004	  1.299	  0.001
59	  1.080	100.102	  1.004	  1.299	  0.001
0	  1.200	  1.927	  1.005	  1.335	  0.001
1	  1.200	  3.594	  1.005	  1.335	  0.001
2	  1.200	  5.260	  1.005	  1.335	  0.001
3	  1.200	  6.927	  1.005	  1.335	  0.001
4	  1.200	  8.594	  1.005	  1.335	  0.001
5	  1.200	 10.260	  1.005	  1.335	  0.001
6	  1.200	 11.927	  1.005	  1.335	  0.001
7	  1.200	 13.594	  1.005	  1.335	  0.001
8	  1.200	 15.260	  1.005	  1.335	  0.001
9	  1.200	 16.927	  1.005	  1.335	  0.001
10	  1.200	 18.594	  1.005	  1.335	  0.001
11	  1.200	 20.260	  1.005	  1.335	  0.001
12	  1.200	 21.927	  1.005	  1.335	  0.001
13	  1.200	 23.594	  1.005	  1.335	  0.001
14	  1.200	 25.260	  1.005	  1.335	  0.001
15	  1.200	 26.927	  1.005	  1.335	  0.001
16	  1.200	 28.594	  1.005	  1.335	  0.001
17	  1.200	 30.260	  1.005	  1.335	  0.001
18	  1.200	 31.927	  1.005	  1.335	  0.001
19	  1.200	 33.594	  1.005	  1.335	  0.001
20	  1.200	 35.260	  1.005	  1.335	  0.001
21	  1.200	 36.927	  1.005	  1.335	  0.001
22	  1.200	 38.594	  1.005	  1.335	  0.001
23	  1.200	 40.260	  1.005	  1.335	  0.001
24	  1.200	 41.927	  1.005	  1.335	  0.001
25	  1.200	 43.594	  1.005	  1.335	  0.001
26	  1.200	 45.260	  1.005	  1.335	  0.001
27	  1.200	 46.927	  1.005	  1.335	  0.001
28	  1.200	 48.594	  1.005	  1.335	  0.001
29	  1.200	 50.260	  1.005	  1.335	  0.001
30	  1.200	 51.927	  1.005	  1.335	  0.001
31	  1.200	 53.594	  1.005	  1.335	  0.001
32	  1.200	 55.260	  1.005	  1.335	  0.001
33	  1.200	 56.927	  1.005	  1.335	  0.001
34	  1.200	 58.594	  1.005	  1.335	  0.001
35	  1.200	 60.260	  1.005	  1.335	  0.001
36	  1.200	 61.927	  1.005	  1.335	  0.001
37	  1.200	 63.594	  1.005	  1.335	  0.001
38	  1.200	 65.260	  1.005	  1.335	  0.001
39	  1.200	 66.927	  1.005	  1.335	  0.001
40	  1.200	 68.594	  1.005	  1.335	  0.001
41	  1.200	 70.260	  1.005	  1.335	  0.001
42	  1.200	 71.927	  1.005	  1.335	  0.001
43	  1.200	 73.594	  1.005	  1.335	  0.001
44	  1.200	 75.260	  1.005	  1.335	  0.001
45	  1.200	 76.927	  1.005	  1.335	  0.001
46	  1.200	 78.594	  1.005	  1.335	  0.001
47	  1.200	 80.260	  1.005	  1.335	  0.001
48	  1.200	 81.927	  1.005	  1.335	  0.001
49	  1.200	 83.594	  1.005	  1.335	  0.001
50	  1.200	 85.260	  1.005	  1.335	  0.001
51	  1.200	 86.927	  1.005	  1.335	  0.001
52	  1.200	 88.594	  1.005	  1.335	  0.001
53	  1.200	 90.260	  1.005	  1.335	  0.001
54	  1.200	 91.927	  1.005	  1.335	  0.001
55	  1.200	 93.594	  1.005	  1.335	  0.001
56	  1.200	 95.260	  1.005	  1.335	  0.001
57	  1.200	 96.927	  1.005	  1.335	  0.001
58	  1.200	 98.594	  1.005	  1.335	  0.001
59	  1.200	100.260	  1.005	  1.335	  0.001
0	  1.320	  2.089	  1.005	  1.362	  0.001
1	  1.320	  3.755	  1.005	  1.362	  0.001
2	  1.320	  5.422	  1.005	  1.362	  0.001
3	  1.320	  7.089	  1.005	  1.362	  0.001
4	  1.320	  8.755	  1.005	  1.362	  0.001
5	  1.320	 10.422	  1.005	  1.362	  0.001
6	  1.320	 12.089	  1.005	  1.362	  0.001
7	  1.320	 13.755	  1.005	  1.362	  0.001
8	  1.320	 15.422	  1.005	  1.362	  0.001
9	  1.320	 17.089	  1.005	  1.362	  0.001
10	  1.320	 18.755	  1.005	  1.362	  0.001
11	  1.320	 20.422	  1.005	  1.362	  0.001
12	  1.320	 22.089	  1.005	  1.362	  0.001
13	  1.320	 23.755	  1.005	  1.362	  0.001
14	  1.320	 25.422	  1.005	  1.362	  0.001
15	  1.320	 27.089	  1.005	  1.362	  0.001
16	  1.320	 28.755	  1.005	  1.362	  0.001
17	  1.320	 30.422	  1.005	  1.362	  0.001
18	  1.320	 32.089	  1.005	  1.362	  0.001
19	  1.320	 33.755	  1.005	  1.362	  0.001
20	  1.320	 35.422	  1.005	  1.362	  0.001
21	  1.320	 37.089	  1.005	  1.362	  0.001
22	  1.320	 38.755	  1.005	  1.362	  0.001
23	  1.320	 40.422	  1.005	  1.362	  0.001
24	  1.320	 42.089	  1.005	  1.362	  0.001
25	  1.320	 43.755	  1.005	  1.362	  0.001
26	  1.320	 45.422	  1.005	  1.362	  0.001
27	  1.320	 47.089	  1.005	  1.362	  0.001
28	  1.320	 48.755	  1.005	  1.362	  0.001
29	  1.320	 50.422	  1.005	  1.362	  0.001
30	  1.320	 52.089	  1.005	  1.362	  0.001
31	  1.320	 53.755	  1.005	  1.362	  0.001
32	  1.320	 55.422	  1.005	  1.362	  0.001
33	  1.320	 57.089	  1.005	  1.362	  0.001
34	  1.320	 58.755	  1.005	  1.362	  0.001
35	  1.320	 60.422	  1.005	  1.362	  0.001
36	  1.320	 62.089	  1.005	  1.362	  0.001
37	  1.320	 63.755	  1.005	  1.362	  0.001
38	  1.320	 65.422	  1.005	  1.362	  0.001
39	  1.320	 67.089	  1.005	  1.362	  0.001
40	  1.320	 68.755	  1.005	  1.362	  0.001
41	  1.320	 70.422	  1.005	  1.362	  0.001
42	  1.320	 72.089	  1.005	  1.362	  0.001
43	  1.320	 73.755	  1.005	  1.362	  0.001
44	  1.320	 75.422	  1.005	  1.362	  0.001
45	  1.320	 77.089	  1.005	  1.362	  0.001
46	  1.320	 78.755	  1.005	  1.362	  0.001
47	  1.320	 80.422	  1.005	  1.362	  0.001
48	  1.320	 82.089	  1.005	  1.362	  0.001
49	  1.320	 83.755	  1.005	  1.362	  0.001
50	  1.320	 85.422	  1.005	  1.362	  0.001
51	  1.320	 87.089	  1.005	  1.362	  0.001
52	  1.320	 88.755	  1.005	  1.362	  0.001
53	  1.320	 90.422	  1.005	  1.362	  0.001
54	  1.320	 92.089	  1.005	  1.362	  0.001
55	  1.320	 93.755	  1.005	  1.362	  0.001
56	  1.320	 95.422	  1.005	  1.362	  0.001
57	  1.320	 97.089	  1.005	  1.362	  0.001
58	  1.320	 98.755	  1.005	  1.362	  0.001
59	  1.320	100.422	  1.005	  1.362	  0.001
0	  1.440	  2.254	  1.005	  1.384	  0.001
1	  1.440	  3.920	  1.005	  1.384	  0.001
2	  1.440	  5.587	  1.005	  1.384	  0.001
3	  1.440	  7.254	  1.005	  1.384	  0.001
4	  1.440	  8.920	  1.005	  1.384	  0.001
5	  1.440	 10.587	  1.005	  1.384	  0.001
6	  1.440	 12.254	  1.005	  1.384	  0.001
7	  1.440	 13.920	  1.005	  1.384	  0.001
8	  1.440	 15.587	  1.005	  1.384	  0.001
9	  1.440	 17.254	  1.005	  1.384	  0.001
10	  1.440	 18.920	  1.005	  1.384	  0.001
11	  1.440	 20.587	  1.005	  1.384	  0.001
12	  1.440	 22.254	  1.005	  1.384	  0.001
13	  1.440	 23.920	  1.005	  1.384	  0.001
14	  1.440	 25.587	  1.005	  1.384	  0.001
15	  1.440	 27.254	  1.005	  1.384	  0.001
16	  1.440	 28.920	  1.005	  1.384	  0.001
17	  1.440	 30.587	  1.005	  1.384	  0.001
18	  1.440	 32.254	  1.005	  1.384	  0.001
19	  1.440	 33.920	  1.005	  1.384	  0.001
20	  1.440	 35.587	  1.005	  1.384	  0.001
21	  1.440	 37.254	  1.005	  1.384	  0.001
22	  1.440	 38.920	  1.005	  1.384	  0.001
23	  1.440	 40.587	  1.005	  1.384	  0.001
24	  1.440	 42.254	  1.005	  1.384	  0.001
25	  1.440	 43.920	  1.005	  1.384	  0.001
26	  1.440	 45.587	  1.005	  1.384	  0.001
27	  1.440	 47.254	  1.005	  1.384	  0.001
28	  1.440	 48.920	  1.005	  1.384	  0.001
29	  1.440	 50.587	  1.005	  1.384	  0.001
30	  1.440	 52.254	  1.005	  1.384	  0.001
31	  1.440	 53.920	  1.005	  1.384	  0.001
32	  1.440	 55.587	  1.005	  1.384	  0.001
33	  1.440	 57.254	  1.005	  1.384	  0.001
34	  1.440	 58.920	  1.005	  1.384	  0.001
35	  1.440	 60.587	  1.005	  1.384	  0.001
36	  1.440	 62.254	  1.005	  1.384	  0.001
37	  1.440	 63.920	  1.005	  1.384	  0.001
38	  1.440	 65.587	  1.005	  1.384	  0.001
39	  1.440	 67.254	  1.005	  1.384	  0.001
40	  1.440	 68.920	  1.005	  1.384	  0.001
41	  1.440	 70.587	  1.005	  1.384	  0.001
42	  1.440	 72.254	  1.005	  1.384	  0.001
43	  1.440	 73.920	  1.005	  1.384	  0.001
44	  1.440	 75.587	  1.005	  1.384	  0.001
45	  1.440	 77.254	  1.005	  1.384	  0.001
46	  1.440	 78.920	  1.005	  1.384	  0.001
47	  1.440	 80.587	  1.005	  1.384	  0.001
48	  1.440	 82.254	  1.005	  1.384	  0.001
49	  1.440	 83.920	  1.005	  1.384	  0.001
50	  1.440	 85.587	  1.005	  1.384	  0.001
51	  1.440	 87.254	  1.005	  1.384	  0.001
52	  1.440	 88.920	  1.005	  1.384	  0.001
53	  1.440	 90.587	  1.005	  1.384	  0.001
54	  1.440	 92.254	  1.005	  1.384	  0.001
55	  1.440	 93.920	  1.005	  1.384	  0.001
56	  1.440	 95.587	  1.005	  1.384	  0.001
57	  1.440	 97.254	  1.005	  1.384	  0.001
58	  1.440	 98.920	  1.005	  1.384	  0.001
59	  1.440	100.587	  1.005	  1.384	  0.001
0	  1.560	  2.421	  1.005	  1.401	  0.000
1	  1.560	  4.087	  1.005	  1.401	  0.000
2	  1.560	  5.754	  1.005	  1.401	  0.000
3	  1.560	  7.421	  1.005	  1.401	  0.000
4	  1.560	  9.087	  1.005	  1.401	  0.000
5	  1.560	 10.754	  1.005	  1.401	  0.000
6	  1.560	 12.421	  1.005	  1.401	  0.000
7	  1.560	 14.087	  1.005	  1.401	  0.000
8	  1.560	 15.754	  1.005	  1.401	  0.000
9	  1.560	 17.421	  1.005	  1.401	  0.000
10	  1.560	 19.087	  1.005	  1.401	  0.000
11	  1.560	 20.754	  1.005	  1.401	  0.000
12	  1.560	 22.421	  1.005	  1.401	  0.000
13	  1.560	 24.087	  1.005	  1.401	  0.000
14	  1.560	 25.754	  1.005	  1.401	  0.000
15	  1.560	 27.421	  1.005	  1.401	  0.000
16	  1.560	 29.087	  1.005	  1.401	  0.000
17	  1.560	 30.754	  1.005	  1.401	  0.000
18	  1.560	 32.421	  1.005	  1.401	  0.000
19	  1.560	 34.087	  1.005	  1.401	  0.000
20	  1.560	 35.754	  1.005	  1.401	  0.000
21	  1.560	 37.421	  1.005	  1.401	  0.000
22	  1.560	 39.087	  1.005	  1.401	  0.000
23	  1.560	 40.754	  1.005	  1.401	  0.000
24	  1.560	 42.421	  1.005	  1.401	  0.000
25	  1.560	 44.087	  1.005	  1.401	  0.000
26	  1.560	 45.754	  1.005	  1.401	  0.000
27	  1.560	 47.421	  1.005	  1.401	  0.000
28	  1.560	 49.087	  1.005	  1.401	  0.000
29	  1.560	 50.754	  1.005	  1.401	  0.000
30	  1.560	 52.421	  1.005	  1.401	  0.000
31	  1.560	 54.087	  1.005	  1.401	  0.000
32	  1.560	 55.754	  1.005	  1.401	  0.000
33	  1.560	 57.421	  1.005	  1.401	  0.000
34	  1.560	 59.087	  1.005	  1.401	  0.000
35	  1.560	 60.754	  1.005	  1.401	  0.000
36	  1.560	 62.421	  1.005	  1.401	  0.000
37	  1.560	 64.087	  1.005	  1.401	  0.000
38	  1.560	 65.754	  1.005	  1.401	  0.000
39	  1.560	 67.421	  1.005	  1.401	  0.000
40	  1.560	 69.087	  1.005	  1.401	  0.000
41	  1.560	 70.754	  1.005	  1.401	  0.000
42	  1.560	 72.421	  1.005	  1.401	  0.000
43	  1.560	 74.087	  1.005	  1.401	  0.000
44	  1.560	 75.754	  1.005	  1.401	  0.000
45	  1.560	 77.421	  1.005	  1.401	  0.000
46	  1.560	 79.087	  1.005	  1.401	  0.000
47	  1.560	 80.754	  1.005	  1.401	  0.000
48	  1.560	 82.421	  1.005	  1.401	  0.000
49	  1.560	 84.087	  1.005	  1.401	  0.000
50	  1.560	 85.754	  1.005	  1.401	  0.000
51	  1.560	 87.421	  1.005	  1.401	  0.000
52	  1.560	 89.087	  1.005	  1.401	  0.000
53	  1.560	 90.754	  1.005	  1.401	  0.000
54	  1.560	 92.421	  1.005	  1.401	  0.000
55	  1.560	 94.087	  1.005	  1.401	  0.000
56	  1.560	 95.754	  1.005	  1.401	  0.000
57	  1.560	 97.421	  1.005	  1.401	  0.000
58	  1.560	 99.087	  1.005	  1.401	  0.000
59	  1.560	100.754	  1.005	  1.401	  0.000
0	  1.680	  2.590	  1.005	  1.415	  0.000
1	  1.680	  4.256	  1.005	  1.415	  0.000
2	  1.680	  5.923	  1.005	  1.415	  0.000
3	  1.680	  7.590	  1.005	  1.415	  0.000
4	  1.680	  9.256	  1.005	  1.415	  0.000
5	  1.680	 10.923	  1.005	  1.415	  0.000
6	  1.680	 12.590	  1.005	  1.415	  0.000
7	  1.680	 14.256	  1.005	  1.415	  0.000
8	  1.680	 15.923	  1.005	  1.415	  0.000
9	  1.680	 17.590	  1.005	  1.415	  0.000
10	  1.680	 19.256	  1.005	  1.415	  0.000
11	  1.680	 20.923	  1.005	  1.415	  0.000
12	  1.680	 22.590	  1.005	  1.415	  0.000
13	  1.680	 24.256	  1.005	  1.415	  0.000
14	  1.680	 25.923	  1.005	  1.415	  0.000
15	  1.680	 27.590	  1.005	  1.415	  0.000
16	  1.680	 29.256	  1.005	  1.415	  0.000
17	  1.680	 30.923	  1.005	  1.415	  0.000
18	  1.680	 32.590	  1.005	  1.415	  0.000
19	  1.680	 34.256	  1.005	  1.415	  0.000
20	  1.680	 35.923	  1.005	  1.415	  0.000
21	  1.680	 37.590	  1.005	  1.415	  0.000
22	  1.680	 39.256	  1.005	  1.415	  0.000
23	  1.680	 40.923	  1.005	  1.415	  0.000
24	  1.680	 42.590	  1.005	  1.415	  0.000
25	  1.680	 44.256	  1.005	  1.415	  0.000
26	  1.680	 45.923	  1.005	  1.415	  0.000
27	  1.680	 47.590	  1.005	  1.415	  0.000
28	  1.680	 49.256	  1.005	  1.415	  0.000
29	  1.680	 50.923	  1.005	  1.415	  0.000
30	  1.680	 52.590	  1.005	  1.415	  0.000
31	  1.680	 54.256	  1.005	  1.415	  0.000
32	  1.680	 55.923	  1.005	  1.415	  0.000
33	  1.680	 57.590	  1.005	  1.415	  0.000
34	  1.680	 59.256	  1.005	  1.415	  0.000
35	  1.680	 60.923	  1.005	  1.415	  0.000
36	  1.680	 62.590	  1.005	  1.415	  0.000
37	  1.680	 64.256	  1.005	  1.415	  0.000
38	  1.680	 65.923	  1.005	  1.415	  0.000
39	  1.680	 67.590	  1.005	  1.415	  0.000
40	  1.680	 69.256	  1.005	  1.415	  0.000
41	  1.680	 70.923	  1.005	  1.415	  0.000
42	  1.680	 72.590	  1.005	  1.415	  0.000
43	  1.680	 74.256	  1.005	  1.415	  0.000
44	  1.680	 75.923	  1.005	  1.415	  0.000
45	  1.680	 77.590	  1.005	  1.415	  0.000
46	  1.680	 79.256	  1.005	  1.415	  0.000
47	  1.680	 80.923	  1.005	  1.415	  0.000
48	  1.680	 82.590	  1.005	  1.415	  0.000
49	  1.680	 84.256	  1.005	  1.415	  0.000
50	  1.680	 85.923	  1.005	  1.415	  0.000
51	  1.680	 87.590	  1.005	  1.415	  0.000
52	  1.680	 89.256	  1.005	  1.415	  0.000
53	  1.680	 90.923	  1.005	  1.415	  0.000
54	  1.680	 92.590	  1.005	  1.415	  0.000
55	  1.680	 94.256	  1.005	  1.415	  0.000
56	  1.680	 95.923	  1.005	  1.415	  0.000
57	  1.680	 97.590	  1.005	  1.415	  0.000
58	  1.680	 99.256	  1.005	  1.415	  0.000
59	  1.680	100.923	  1.005	  1.415	  0.000
0	  1.800	  2.760	  1.005	  1.425	  0.000
1	  1.800	  4.427	  1.005	  1.425	  0.000
2	  1.800	  6.093	  1.005	  1.425	  0.000
3	  1.800	  7.760	  1.005	  1.425	  0.000
4	  1.800	  9.427	  1.005	  1.425	  0.000
5	  1.800	 11.093	  1.005	  1.425	  0.000
6	  1.800	 12.760	  1.005	  1.425	  0.000
7	  1.800	 14.427	  1.005	  1.425	  0.000
8	  1.800	 16.093	  1.005	  1.425	  0.000
9	  1.800	 17.760	  1.005	  1.425	  0.000
10	  1.800	 19.427	  1.005	  1.425	  0.000
11	  1.800	 21.093	  1.005	  1.425	  0.000
12	  1.800	 22.760	  1.005	  1.425	  0.000
13	  1.800	 24.427	  1.005	  1.425	  0.000
14	  1.800	 26.093	  1.005	  1.425	  0.000
15	  1.800	 27.760	  1.005	  1.425	  0.000
16	  1.800	 29.427	  1.005	  1.425	  0.000
17	  1.800	 31.093	  1.005	  1.425	  0.000
18	  1.800	 32.760	  1.005	  1.425	  0.000
19	  1.800	 34.427	  1.005	  1.425	  0.000
20	  1.800	 36.093	  1.005	  1.425	  0.000
21	  1.800	 37.760	  1.005	  1.425	  0.000
22	  1.800	 39.427	  1.005	  1.425	  0.000
23	  1.800	 41.093	  1.005	  1.425	  0.000
24	  1.800	 42.760	  1.005	  1.425	  0.000
25	  1.800	 44.427	  1.005	  1.425	  0.000
26	  1.800	 46.093	  1.005	  1.425	  0.000
27	  1.800	 47.760	  1.005	  1.425	  0.000
28	  1.800	 49.427	  1.005	  1.425	  0.000
29	  1.800	 51.093	  1.005	  1.425	  0.000
30	  1.800	 52.760	  1.005	  1.425	  0.000
31	  1.800	 54.427	  1.005	  1.425	  0.000
32	  1.800	 56.093	  1.005	  1.425	  0.000
33	  1.800	 57.760	  1.005	  1.425	  0.000
34	  1.800	 59.427	  1.005	  1.425	  0.000
35	  1.800	 61.093	  1.005	  1.425	  0.000
36	  1.800	 62.760	  1.005	  1.425	  0.000
37	  1.800	 64.427	  1.005	  1.425	  0.000
38	  1.800	 66.093	  1.005	  1.425	  0.000
39	  1.800	 67.760	  1.005	  1.425	  0.000
40	  1.800	 69.427	  1.005	  1.425	  0.000
41	  1.800	 71.093	  1.005	  1.425	  0.000
42	  1.800	 72.760	  1.005	  1.425	  0.000
43	  1.800	 74.427	  1.005	  1.425	  0.000
44	  1.800	 76.093	  1.005	  1.425	  0.000
45	  1.800	 77.760	  1.005	  1.425	  0.000
46	  1.800	 79.427	  1.005	  1.425	  0.000
47	  1.800	 81.093	  1.005	  1.425	  0.000
48	  1.800	 82.760	  1.005	  1.425	  0.000
49	  1.800	 84.427	  1.005	  1.425	  0.000
50	  1.800	 86.093	  1.005	  1.425	  0.000
51	  1.800	 87.760	  1.005	  1.425	  0.000
52	  1.800	 89.427	  1.005	  1.425	  0.000
53	  1.800	 91.093	  1.005	  1.425	  0.000
54	  1.800	 92.760	  1.005	  1.425	  0.000
55	  1.800	 94.427	  1.005	  1.425	  0.000
56	  1.800	 96.093	  1.005	  1.425	  0.000
57	  1.800	 97.760	  1.005	  1.425	  0.000
58	  1.800	 99.427	  1.005	  1.425	  0.000
59	  1.800	101.093	  1.005	  1.425	  0.000
0	  1.920	  2.931	  1.005	  1.433	  0.000
1	  1.920	  4.598	  1.005	  1.433	  0.000
2	  1.920	  6.265	  1.005	  1.433	  0.000
3	  1.920	  7.931	  1.005	  1.433	  0.000
4	  1.920	  9.598	  1.005	  1.433	  0.000
5	  1.920	 11.265	  1.005	  1.433	  0.000
6	  1.920	 12.931	  1.005	  1.433	  0.000
7	  1.920	 14.598	  1.005	  1.433	  0.000
8	  1.920	 16.265	  1.005	  1.433	  0.000
9	  1.920	 17.931	  1.005	  1.433	  0.000
10	  1.920	 19.598	  1.005	  1.433	  0.000
11	  1.920	 21.265	  1.005	  1.433	  0.000
12	  1.920	 22.931	  1.005	  1.433	  0.000
13	  1.920	 24.598	  1.005	  1.433	  0.000
14	  1.920	 26.265	  1.005	  1.433	  0.000
15	  1.920	 27.931	  1.005	  1.433	  0.000
16	  1.920	 29.598	  1.005	  1.433	  0.000
17	  1.920	 31.265	  1.005	  1.433	  0.000
18	  1.920	 32.931	  1.005	  1.433	  0.000
19	  1.920	 34.598	  1.005	  1.433	  0.000
20	  1.920	 36.265	  1.005	  1.433	  0.000
21	  1.920	 37.931	  1.005	  1.433	  0.000
22	  1.920	 39.598	  1.005	  1.433	  0.000
23	  1.920	 41.265	  1.005	  1.433	  0.000
24	  1.920	 42.931	  1.005	  1.433	  0.000
25	  1.920	 44.598	  1.005	  1.433	  0.000
26	  1.920	 46.265	  1.005	  1.433	  0.000
27	  1.920	 47.931	  1.005	  1.433	  0.000
28	  1.920	 49.598	  1.005	  1.433	  0.000
29	  1.920	 51.265	  1.005	  1.433	  0.000
30	  1.920	 52.931	  1.005	  1.433	  0.000
31	  1.920	 54.598	  1.005	  1.433	  0.000
32	  1.920	 56.265	  1.005	  1.433	  0.000
33	  1.920	 57.931	  1.005	  1.433	  0.000
34	  1.920	 59.598	  1.005	  1.433	  0.000
35	  1.920	 61.265	  1.005	  1.433	  0.000
36	  1.920	 62.931	  1.005	  1.433	  0.000
37	  1.920	 64.598	  1.005	  1.433	  0.000
38	  1.920	 66.265	  1.005	  1.433	  0.000
39	  1.920	 67.931	  1.005	  1.433	  0.000
40	  1.920	 69.598	  1.005	  1.433	  0.000
41	  1.920	 71.265	  1.005	  1.433	  0.000
42	  1.920	 72.931	  1.005	  1.433	  0.000
43	  1.920	 74.598	  1.005	  1.433	  0.000
44	  1.920	 76.265	  1.005	  1.433	  0.000
45	  1.920	 77.931	  1.005	  1.433	  0.000
46	  1.920	 79.598	  1.005	  1.433	  0.000
47	  1.920	 81.265	  1.005	  1.433	  0.000
48	  1.920	 82.931	  1.005	  1.433	  0.000
49	  1.920	 84.598	  1.005	  1.433	  0.000
50	  1.920	 86.265	  1.005	  1.433	  0.000
51	  1.920	 87.931	  1.005	  1.433	  0.000
52	  1.920	 89.598	  1.005	  1.433	  0.000
53	  1.920	 91.265	  1.005	  1.433	  0.000
54	  1.920	 92.931	  1.005	  1.433	  0.000
55	  1.920	 94.598	  1.005	  1.433	  0.000
56	  1.920	 96.265	  1.005	  1.433	  0.000
57	  1.920	 97.931	  1.005	  1.433	  0.000
58	  1.920	 99.598	  1.005	  1.433	  0.000
59	  1.920	101.265	  1.005	  1.433	  0.000
0	  2.040	  3.104	  1.005	  1.440	  0.000
1	  2.040	  4.770	  1.005	  1.440	  0.000
2	  2.040	  6.437	  1.005	  1.440	  0.000
3	  2.040	  8.104	  1.005	  1.440	  0.000
4	  2.040	  9.770	  1.005	  1.440	  0.000
5	  2.040	 11.437	  1.005	  1.440	  0.000
6	  2.040	 13.104	  1.005	  1.440	  0.000
7	  2.040	 14.770	  1.005	  1.440	  0.000
8	  2.040	 16.437	  1.005	  1.440	  0.000
9	  2.040	 18.104	  1.005	  1.440	  0.000
10	  2.040	 19.770	  1.005	  1.440	  0.000
11	  2.040	 21.437	  1.005	  1.440	  0.000
12	  2.040	 23.104	  1.005	  1.440	  0.000
13	  2.040	 24.770	  1.005	  1.440	  0.000
14	  2.040	 26.437	  1.005	  1.440	  0.000
15	  2.040	 28.104	  1.005	  1.440	  0.000
16	  2.040	 29.770	  1.005	  1.440	  0.000
17	  2.040	 31.437	  1.005	  1.440	  0.000
18	  2.040	 33.104	  1.005	  1.440	  0.000
19	  2.040	 34.770	  1.005	  1.440	  0.000
20	  2.040	 36.437	  1.005	  1.440	  0.000
21	  2.040	 38.104	  1.005	  1.440	  0.000
22	  2.040	 39.770	  1.005	  1.440	  0.000
23	  2.040	 41.437	  1.005	  1.440	  0.000
24	  2.040	 43.104	  1.005	  1.440	  0.000
25	  2.040	 44.770	  1.005	  1.440	  0.000
26	  2.040	 46.437	  1.005	  1.440	  0.000
27	  2.040	 48.104	  1.005	  1.440	  0.000
28	  2.040	 49.770	  1.005	  1.440	  0.000
29	  2.040	 51.437	  1.005	  1.440	  0.000
30	  2.040	 53.104	  1.005	  1.440	  0.000
31	  2.040	 54.770	  1.005	  1.440	  0.000
32	  2.040	 56.437	  1.005	  1.440	  0.000
33	  2.040	 58.104	  1.005	  1.440	  0.000
34	  2.040	 59.770	  1.005	  1.440	  0.000
35	  2.040	 61.437	  1.005	  1.440	  0.000
36	  2.040	 63.104	  1.005	  1.440	  0.000
37	  2.040	 64.770	  1.005	  1.440	  0.000
38	  2.040	 66.437	  1.005	  1.440	  0.000
39	  2.040	 68.104	  1.005	  1.440	  0.000
40	  2.040	 69.770	  1.005	  1.440	  0.000
41	  2.040	 71.437	  1.005	  1.440	  0.000
42	  2.040	 73.104	  1.005	  1.440	  0.000
43	  2.040	 74.770	  1.005	  1.440	  0.000
44	  2.040	 76.437	  1.005	  1.440	  0.000
45	  2.040	 78.104	  1.005	  1.440	  0.000
46	  2.040	 79.770	  1.005	  1.440	  0.000
47	  2.040	 81.437	  1.005	  1.440	  0.000
48	  2.040	 83.104	  1.005	  1.440	  0.000
49	  2.040	 84.770	  1.005	  1.440	  0.000
50	  2.040	 86.437	  1.005	  1.440	  0.000
51	  2.040	 88.104	  1.005	  1.440	  0.000
52	  2.040	 89.770	  1.005	  1.440	  0.000
53	  2.040	 91.437	  1.005	  1.440	  0.000
54	  2.040	 93.104	  1.005	  1.440	  0.000
55	  2.040	 94.770	  1.005	  1.440	  0.000
56	  2.040	 96.437	  1.005	  1.440	  0.000
57	  2.040	 98.104	  1.005	  1.440	  0.000
58	  2.040	 99.770	  1.005	  1.440	  0.000
59	  2.040	101.437	  1.005	  1.440	  0.000
0	  2.160	  3.277	  1.005	  1.445	  0.000
1	  2.160	  4.943	  1.005	  1.445	  0.000
2	  2.160	  6.610	  1.005	  1.445	  0.000
3	  2.160	  8.277	  1.005	  1.445	  0.000
4	  2.160	  9.943	  1.005	  1.445	  0.000
5	  2.160	 11.610	  1.005	  1.445	  0.000
6	  2.160	 13.277	  1.005	  1.445	  0.000
7	  2.160	 14.943	  1.005	  1.445	  0.000
8	  2.160	 16.610	  1.005	  1.445	  0.000
9	  2.160	 18.277	  1.005	  1.445	  0.000
10	  2.160	 19.943	  1.005	  1.445	  0.000
11	  2.160	 21.610	  1.005	  1.445	  0.000
12	  2.160	 23.277	  1.005	  1.445	  0.000
13	  2.160	 24.943	  1.005	  1.445	  0.000
14	  2.160	 26.610	  1.005	  1.445	  0.000
15	  2.160	 28.277	  1.005	  1.445	  0.000
16	  2.160	 29.943	  1.005	  1.445	  0.000
17	  2.160	 31.610	  1.005	  1.445	  0.000
18	  2.160	 33.277	  1.005	  1.445	  0.000
19	  2.160	 34.943	  1.005	  1.445	  0.000
20	  2.160	 36.610	  1.005	  1.445	  0.000
21	  2.160	 38.277	  1.005	  1.445	  0.000
22	  2.160	 39.943	  1.005	  1.445	  0.000
23	  2.160	 41.610	  1.005	  1.445	  0.000
24	  2.160	 43.277	  1.005	  1.445	  0.000
25	  2.160	 44.943	  1.005	  1.445	  0.000
26	  2.160	 46.610	  1.005	  1.445	  0.000
27	  2.160	 48.277	  1.005	  1.445	  0.000
28	  2.160	 49.943	  1.005	  1.445	  0.000
29	  2.160	 51.610	  1.005	  1.445	  0.000
30	  2.160	 53.277	  1.005	  1.445	  0.000
31	  2.160	 54.943	  1.005	  1.445	  0.000
32	  2.160	 56.610	  1.005	  1.445	  0.000
33	  2.160	 58.277	  1.005	  1.445	  0.000
34	  2.160	 59.943	  1.005	  1.445	  0.000
35	  2.160	 61.610	  1.005	  1.445	  0.000
36	  2.160	 63.277	  1.005	  1.445	  0.000
37	  2.160	 64.943	  1.005	  1.445	  0.000
38	  2.160	 66.610	  1.005	  1.445	  0.000
39	  2.160	 68.277	  1.005	  1.445	  0.000
40	  2.160	 69.943	  1.005	  1.445	  0.000
41	  2.160	 71.610	  1.005	  1.445	  0.000
42	  2.160	 73.277	  1.005	  1.445	  0.000
43	  2.160	 74.943	  1.005	  1.445	  0.000
44	  2.160	 76.610	  1.005	  1.445	  0.000
45	  2.160	 78.277	  1.005	  1.445	  0.000
46	  2.160	 79.943	  1.005	  1.445	  0.000
47	  2.160	 81.610	  1.005	  1.445	  0.000
48	  2.160	 83.277	  1.005	  1.445	  0.000
49	  2.160	 84.943	  1.005	  1.445	  0.000
50	  2.160	 86.610	  1.005	  1.445	  0.000
51	  2.160	 88.277	  1.005	  1.445	  0.000
52	  2.160	 89.943	  1.005	  1.445	  0.000
53	  2.160	 91.610	  1.005	  1.445	  0.000
54	  2.160	 93.277	  1.005	  1.445	  0.000
55	  2.160	 94.943	  1.005	  1.445	  0.000
56	  2.160	 96.610	  1.005	  1.445	  0.000
57	  2.160	 98.277	  1.005	  1.445	  0.000
58	  2.160	 99.943	  1.005	  1.445	  0.000
59	  2.160	101.610	  1.005	  1.445	  0.000
0	  2.280	  3.450	  1.005	  1.449	  0.000
1	  2.280	  5.117	  1.005	  1.449	  0.000
2	  2.280	  6.784	  1.005	  1.449	  0.000
3	  2.280	  8.450	  1.005	  1.449	  0.000
4	  2.280	 10.117	  1.005	  1.449	  0.000
5	  2.280	 11.784	  1.005	  1.449	  0.000
6	  2.280	 13.450	  1.005	  1.449	  0.000
7	  2.280	 15.117	  1.005	  1.449	  0.000
8	  2.280	 16.784	  1.005	  1.449	  0.000
9	  2.280	 18.450	  1.005	  1.449	  0.000
10	  2.280	 20.117	  1.005	  1.449	  0.000
11	  2.280	 21.784	  1.005	  1.449	  0.000
12	  2.280	 23.450	  1.005	  1.449	  0.000
13	  2.280	 25.117	  1.005	  1.449	  0.000
14	  2.280	 26.784	  1.005	  1.449	  0.000
15	  2.280	 28.450	  1.005	  1.449	  0.000
16	  2.280	 30.117	  1.005	  1.449	  0.000
17	  2.280	 31.784	  1.005	  1.449	  0.000
18	  2.280	 33.450	  1.005	  1.449	  0.000
19	  2.280	 35.117	  1.005	  1.449	  0.000
20	  2.280	 36.784	  1.005	  1.449	  0.000
21	  2.280	 38.450	  1.005	  1.449	  0.000
22	  2.280	 40.117	  1.005	  1.449	  0.000
23	  2.280	 41.784	  1.005	  1.449	  0.000
24	  2.280	 43.450	  1.005	  1.449	  0.000
25	  2.280	 45.117	  1.005	  1.449	  0.000
26	  2.280	 46.784	  1.005	  1.449	  0.000
27	  2.280	 48.450	  1.005	  1.449	  0.000
28	  2.280	 50.117	  1.005	  1.449	  0.000
29	  2.280	 51.784	  1.005	  1.449	  0.000
30	  2.280	 53.450	  1.005	  1.449	  0.000
31	  2.280	 55.117	  1.005	  1.449	  0.000
32	  2.280	 56.784	  1.005	  1.449	  0.000
33	  2.280	 58.450	  1.005	  1.449	  0.000
34	  2.280	 60.117	  1.005	  1.449	  0.000
35	  2.280	 61.784	  1.005	  1.449	  0.000
36	  2.280	 63.450	  1.005	  1.449	  0.000
37	  2.280	 65.117	  1.005	  1.449	  0.000
38	  2.280	 66.784	  1.005	  1.449	  0.000
39	  2.280	 68.450	  1.005	  1.449	  0.000
40	  2.280	 70.117	  1.005	  1.449	  0.000
41	  2.280	 71.784	  1.005	  1.449	  0.000
42	  2.280	 73.450	  1.005	  1.449	  0.000
43	  2.280	 75.117	  1.005	  1.449	  0.000
44	  2.280	 76.784	  1.005	  1.449	  0.000
45	  2.280	 78.450	  1.005	  1.449	  0.000
46	  2.280	 80.117	  1.005	  1.449	  0.000
47	  2.280	 81.784	  1.005	  1.449	  0.000
48	  2.280	 83.450	  1.005	  1.449	  0.000
49	  2.280	 85.117	  1.005	  1.449	  0.000
50	  2.280	 86.784	  1.005	  1.449	  0.000
51	  2.280	 88.450	  1.005	  1.449	  0.000
52	  2.280	 90.117	  1.005	  1.449	  0.000
53	  2.280	 91.784	  1.005	  1.449	  0.000
54	  2.280	 93.450	  1.005	  1.449	  0.000
55	  2.280	 95.117	  1.005	  1.449	  0.000
56	  2.280	 96.784	  1.005	  1.449	  0.000
57	  2.280	 98.450	  1.005	  1.449	  0.000
58	  2.280	100.117	  1.005	  1.449	  0.000
59	  2.280	101.784	  1.005	  1.449	  0.000
0	  2.400	  3.624	  1.005	  1.452	  0.000
1	  2.400	  5.291	  1.005	  1.452	  0.000
2	  2.400	  6.958	  1.005	  1.452	  0.000
3	  2.400	  8.624	  1.005	  1.452	  0.000
4	  2.400	 10.291	  1.005	  1.452	  0.000
5	  2.400	 11.958	  1.005	  1.452	  0.000
6	  2.400	 13.624	  1.005	  1.452	  0.000
7	  2.400	 15.291	  1.005	  1.452	  0.000
8	  2.400	 16.958	  1.005	  1.452	  0.000
9	  2.400	 18.624	  1.005	  1.452	  0.000
10	  2.400	 20.291	  1.005	  1.452	  0.000
11	  2.400	 21.958	  1.005	  1.452	  0.000
12	  2.400	 23.624	  1.005	  1.452	  0.000
13	  2.400	 25.291	  1.005	  1.452	  0.000
14	  2.400	 26.958	  1.005	  1.452	  0.000
15	  2.400	 28.624	  1.005	  1.452	  0.000
16	  2.400	 30.291	  1.005	  1.452	  0.000
17	  2.400	 31.958	  1.005	  1.452	  0.000
18	  2.400	 33.624	  1.005	  1.452	  0.000
19	  2.400	 35.291	  1.005	  1.452	  0.000
20	  2.400	 36.958	  1.005	  1.452	  0.000
21	  2.400	 38.624	  1.005	  1.452	  0.000
22	  2.400	 40.291	  1.005	  1.452	  0.000
23	  2.400	 41.958	  1.005	  1.452	  0.000
24	  2.400	 43.624	  1.005	  1.452	  0.000
25	  2.400	 45.291	  1.005	  1.452	  0.000
26	  2.400	 46.958	  1.005	  1.452	  0.000
27	  2.400	 48.624	  1.005	  1.452	  0.000
28	  2.400	 50.291	  1.005	  1.452	  0.000
29	  2.400	 51.958	  1.005	  1.452	  0.000
30	  2.400	 53.624	  1.005	  1.452	  0.000
31	  2.400	 55.291	  1.005	  1.452	  0.000
32	  2.400	 56.958	  1.005	  1.452	  0.000
33	  2.400	 58.624	  1.005	  1.452	  0.000
34	  2.400	 60.291	  1.005	  1.452	  0.000
35	  2.400	 61.958	  1.005	  1.452	  0.000
36	  2.400	 63.624	  1.005	  1.452	  0.000
37	  2.400	 65.291	  1.005	  1.452	  0.000
38	  2.400	 66.958	  1.005	  1.452	  0.000
39	  2.400	 68.624	  1.005	  1.452	  0.000
40	  2.400	 70.291	  1.005	  1.452	  0.000
41	  2.400	 71.958	  1.005	  1.452	  0.000
42	  2.400	 73.624	  1.005	  1.452	  0.000
43	  2.400	 75.291	  1.005	  1.452	  0.000
44	  2.400	 76.958	  1.005	  1.452	  0.000
45	  2.400	 78.624	  1.005	  1.452	  0.000
46	  2.400	 80.291	  1.005	  1.452	  0.000
47	  2.400	 81.958	  1.005	  1.452	  0.000
48	  2.400	 83.624	  1.005	  1.452	  0.000
49	  2.400	 85.291	  1.005	  1.452	  0.000
50	  2.400	 86.958	  1.005	  1.452	  0.000
51	  2.400	 88.624	  1.005	  1.452	  0.000
52	  2.400	 90.291	  1.005	  1.452	  0.000
53	  2.400	 91.958	  1.005	  1.452	  0.000
54	  2.400	 93.624	  1.005	  1.452	  0.000
55	  2.400	 95.291	  1.005	  1.452	  0.000
56	  2.400	 96.958	  1.005	  1.452	  0.000
57	  2.400	 98.624	  1.005	  1.452	  0.000
58	  2.400	100.291	  1.005	  1.452	  0.000
59	  2.400	101.958	  1.005	  1.452	  0.000
0	  2.520	  3.799	  1.005	  1.454	  0.000
1	  2.520	  5.466	  1.005	  1.454	  0.000
2	  2.520	  7.132	  1.005	  1.454	  0.000
3	  2.520	  8.799	  1.005	  1.454	  0.000
4	  2.520	 10.466	  1.005	  1.454	  0.000
5	  2.520	 12.132	  1.005	  1.454	  0.000
6	  2.520	 13.799	  1.005	  1.454	  0.000
7	  2.520	 15.466	  1.005	  1.454	  0.000
8	  2.520	 17.132	  1.005	  1.454	  0.000
9	  2.520	 18.799	  1.005	  1.454	  0.000
10	  2.520	 20.466	  1.005	  1.454	  0.000
11	  2.520	 22.132	  1.005	  1.454	  0.000
12	  2.520	 23.799	  1.005	  1.454	  0.000
13	  2.520	 25.466	  1.005	  1.454	  0.000
14	  2.520	 27.132	  1.005	  1.454	  0.000
15	  2.520	 28.799	  1.005	  1.454	  0.000
16	  2.520	 30.466	  1.005	  1.454	  0.000
17	  2.520	 32.132	  1.005	  1.454	  0.000
18	  2.520	 33.799	  1.005	  1.454	  0.000
19	  2.520	 35.466	  1.005	  1.454	  0.000
20	  2.520	 37.132	  1.005	  1.454	  0.000
21	  2.520	 38.799	  1.005	  1.454	  0.000
22	  2.520	 40.466	  1.005	  1.454	  0.000
23	  2.520	 42.132	  1.005	  1.454	  0.000
24	  2.520	 43.799	  1.005	  1.454	  0.000
25	  2.520	 45.466	  1.005	  1.454	  0.000
26	  2.520	 47.132	  1.005	  1.454	  0.000
27	  2.520	 48.799	  1.005	  1.454	  0.000
28	  2.520	 50.466	  1.005	  1.454	  0.000
29	  2.520	 52.132	  1.005	  1.454	  0.000
30	  2.520	 53.799	  1.005	  1.454	  0.000
31	  2.520	 55.466	  1.005	  1.454	  0.000
32	  2.520	 57.132	  1.005	  1.454	  0.000
33	  2.520	 58.799	  1.005	  1.454	  0.000
34	  2.520	 60.466	  1.005	  1.454	  0.000
35	  2.520	 62.132	  1.005	  1.454	  0.000
36	  2.520	 63.799	  1.005	  1.454	  0.000
37	  2.520	 65.466	  1.005	  1.454	  0.000
38	  2.520	 67.132	  1.005	  1.454	  0.000
39	  2.520	 68.799	  1.005	  1.454	  0.000
40	  2.520	 70.466	  1.005	  1.454	  0.000
41	  2.520	 72.132	  1.005	  1.454	  0.000
42	  2.520	 73.799	  1.005	  1.454	  0.000
43	  2.520	 75.466	  1.005	  1.454	  0.000
44	  2.520	 77.132	  1.005	  1.454	  0.000
45	  2.520	 78.799	  1.005	  1.454	  0.000
46	  2.520	 80.466	  1.005	  1.454	  0.000
47	  2.520	 82.132	  1.005	  1.454	  0.000
48	  2.520	 83.799	  1.005	  1.454	  0.000
49	  2.520	 85.466	  1.005	  1.454	  0.000
50	  2.520	 87.132	  1.005	  1.454	  0.000
51	  2.520	 88.799	  1.005	  1.454	  0.000
52	  2.520	 90.466	  1.005	  1.454	  0.000
53	  2.520	 92.132	  1.005	  1.454	  0.000
54	  2.520	 93.799	  1.005	  1.454	  0.000
55	  2.520	 95.466	  1.005	  1.454	  0.000
56	  2.520	 97.132	  1.005	  1.454	  0.000
57	  2.520	 98.799	  1.005	  1.454	  0.000
58	  2.520	100.466	  1.005	  1.454	  0.000
59	  2.520	102.132	  1.005	  1.454	  0.000
0	  2.640	  3.974	  1.005	  1.456	  0.000
1	  2.640	  5.640	  1.005	  1.456	  0.000
2	  2.640	  7.307	  1.005	  1.456	  0.000
3	  2.640	  8.974	  1.005	  1.456	  0.000
4	  2.640	 10.640	  1.005	  1.456	  0.000
5	  2.640	 12.307	  1.005	  1.456	  0.000
6	  2.640	 13.974	  1.005	  1.456	  0.000
7	  2.640	 15.640	  1.005	  1.456	  0.000
8	  2.640	 17.307	  1.005	  1.456	  0.000
9	  2.640	 18.974	  1.005	  1.456	  0.000
10	  2.640	 20.640	  1.005	  1.456	  0.000
11	  2.640	 22.307	  1.005	  1.456	  0.000
12	  2.640	 23.974	  1.005	  1.456	  0.000
13	  2.640	 25.640	  1.005	  1.456	  0.000
14	  2.640	 27.307	  1.005	  1.456	  0.000
15	  2.640	 28.974	  1.005	  1.456	  0.000
16	  2.640	 30.640	  1.005	  1.456	  0.000
17	  2.640	 32.307	  1.005	  1.456	  0.000
18	  2.640	 33.974	  1.005	  1.456	  0.000
19	  2.640	 35.640	  1.005	  1.456	  0.000
20	  2.640	 37.307	  1.005	  1.456	  0.000
21	  2.640	 38.974	  1.005	  1.456	  0.000
22	  2.640	 40.640	  1.005	  1.456	  0.000
23	  2.640	 42.307	  1.005	  1.456	  0.000
24	  2.640	 43.974	  1.005	  1.456	  0.000
25	  2.640	 45.640	  1.005	  1.456	  0.000
26	  2.640	 47.307	  1.005	  1.456	  0.000
27	  2.640	 48.974	  1.005	  1.456	  0.000
28	  2.640	 50.640	  1.005	  1.456	  0.000
29	  2.640	 52.307	  1.005	  1.456	  0.000
30	  2.640	 53.974	  1.005	  1.456	  0.000
31	  2.640	 55.640	  1.005	  1.456	  0.000
32	  2.640	 57.307	  1.005	  1.456	  0.000
33	  2.640	 58.974	  1.005	  1.456	  0.000
34	  2.640	 60.640	  1.005	  1.456	  0.000
35	  2.640	 62.307	  1.005	  1.456	  0.000
36	  2.640	 63.974	  1.005	  1.456	  0.000
37	  2.640	 65.640	  1.005	  1.456	  0.000
38	  2.640	 67.307	  1.005	  1.456	  0.000
39	  2.640	 68.974	  1.005	  1.456	  0.000
40	  2.640	 70.640	  1.005	  1.456	  0.000
41	  2.640	 72.307	  1.005	  1.456	  0.000
42	  2.640	 73.974	  1.005	  1.456	  0.000
43	  2.640	 75.640	  1.005	  1.456	  0.000
44	  2.640	 77.307	  1.005	  1.456	  0.000
45	  2.640	 78.974	  1.005	  1.456	  0.000
46	  2.640	 80.640	  1.005	  1.456	  0.000
47	  2.640	 82.307	  1.005	  1.456	  0.000
48	  2.640	 83.974	  1.005	  1.456	  0.000
49	  2.640	 85.640	  1.005	  1.456	  0.000
50	  2.640	 87.307	  1.005	  1.456	  0.000
51	  2.640	 88.974	  1.005	  1.456	  0.000
52	  2.640	 90.640	  1.005	  1.456	  0.000
53	  2.640	 92.307	  1.005	  1.456	  0.000
54	  2.640	 93.974	  1.005	  1.456	  0.000
55	  2.640	 95.640	  1.005	  1.456	  0.000
56	  2.640	 97.307	  1.005	  1.456	  0.000
57	  2.640	 98.974	  1.005	  1.456	  0.000
58	  2.640	100.640	  1.005	  1.456	  0.000
59	  2.640	102.307	  1.005	  1.456	  0.000
0	  2.760	  4.148	  1.005	  1.458	  0.000
1	  2.760	  5.815	  1.005	  1.458	  0.000
2	  2.760	  7.482	  1.005	  1.458	  0.000
3	  2.760	  9.148	  1.005	  1.458	  0.000
4	  2.760	 10.815	  1.005	  1.458	  0.000
5	  2.760	 12.482	  1.005	  1.458	  0.000
6	  2.760	 14.148	  1.005	  1.458	  0.000
7	  2.760	 15.815	  1.005	  1.458	  0.000
8	  2.760	 17.482	  1.005	  1.458	  0.000
9	  2.760	 19.148	  1.005	  1.458	  0.000
10	  2.760	 20.815	  1.005	  1.458	  0.000
11	  2.760	 22.482	  1.005	  1.458	  0.000
12	  2.760	 24.148	  1.005	  1.458	  0.000
13	  2.760	 25.815	  1.005	  1.458	  0.000
14	  2.760	 27.482	  1.005	  1.458	  0.000
15	  2.760	 29.148	  1.005	  1.458	  0.000
16	  2.760	 30.815	  1.005	  1.458	  0.000
17	  2.760	 32.482	  1.005	  1.458	  0.000
18	  2.760	 34.148	  1.005	  1.458	  0.000
19	  2.760	 35.815	  1.005	  1.458	  0.000
20	  2.760	 37.482	  1.005	  1.458	  0.000
21	  2.760	 39.148	  1.005	  1.458	  0.000
22	  2.760	 40.815	  1.005	  1.458	  0.000
23	  2.760	 42.482	  1.005	  1.458	  0.000
24	  2.760	 44.148	  1.005	  1.458	  0.000
25	  2.760	 45.815	  1.005	  1.458	  0.000
26	  2.760	 47.482	  1.005	  1.458	  0.000
27	  2.760	 49.148	  1.005	  1.458	  0.000
28	  2.760	 50.815	  1.005	  1.458	  0.000
29	  2.760	 52.482	  1.005	  1.458	  0.000
30	  2.760	 54.148	  1.005	  1.458	  0.000
31	  2.760	 55.815	  1.005	  1.458	  0.000
32	  2.760	 57.482	  1.005	  1.458	  0.000
33	  2.760	 59.148	  1.005	  1.458	  0.000
34	  2.760	 60.815	  1.005	  1.458	  0.000
35	  2.760	 62.482	  1.005	  1.458	  0.000
36	  2.760	 64.148	  1.005	  1.458	  0.000
37	  2.760	 65.815	  1.005	  1.458	  0.000
38	  2.760	 67.482	  1.005	  1.458	  0.000
39	  2.760	 69.148	  1.005	  1.458	  0.000
40	  2.760	 70.815	  1.005	  1.458	  0.000
41	  2.760	 72.482	  1.005	  1.458	  0.000
42	  2.760	 74.148	  1.005	  1.458	  0.000
43	  2.760	 75.815	  1.005	  1.458	  0.000
44	  2.760	 77.482	  1.005	  1.458	  0.000
45	  2.760	 79.148	  1.005	  1.458	  0.000
46	  2.760	 80.815	  1.005	  1.458	  0.000
47	  2.760	 82.482	  1.005	  1.458	  0.000
48	  2.760	 84.148	  1.005	  1.458	  0.000
49	  2.760	 85.815	  1.005	  1.458	  0.000
50	  2.760	 87.482	  1.005	  1.458	  0.000
51	  2.760	 89.148	  1.005	  1.458	  0.000
52	  2.760	 90.815	  1.005	  1.458	  0.000
53	  2.760	 92.482	  1.005	  1.458	  0.000
54	  2.760	 94.148	  1.005	  1.458	  0.000
55	  2.760	 95.815	  1.005	  1.458	  0.000
56	  2.760	 97.482	  1.005	  1.458	  0.000
57	  2.760	 99.148	  1.005	  1.458	  0.000
58	  2.760	100.815	  1.005	  1.458	  0.000
59	  2.760	102.482	  1.005	  1.458	  0.000
0	  2.880	  4.323	  1.005	  1.459	  0.000
1	  2.880	  5.990	  1.005	  1.459	  0.000
2	  2.880	  7.657	  1.005	  1.459	  0.000
3	  2.880	  9.323	  1.005	  1.459	  0.000
4	  2.880	 10.990	  1.005	  1.459	  0.000
5	  2.880	 12.657	  1.005	  1.459	  0.000
6	  2.880	 14.323	  1.005	  1.459	  0.000
7	  2.880	 15.990	  1.005	  1.459	  0.000
8	  2.880	 17.657	  1.005	  1.459	  0.000
9	  2.880	 19.323	  1.005	  1.459	  0.000
10	  2.880	 20.990	  1.005	  1.459	  0.000
11	  2.880	 22.657	  1.005	  1.459	  0.000
12	  2.880	 24.323	  1.005	  1.459	  0.000
13	  2.880	 25.990	  1.005	  1.459	  0.000
14	  2.880	 27.657	  1.005	  1.459	  0.000
15	  2.880	 29.323	  1.005	  1.459	  0.000
16	  2.880	 30.990	  1.005	  1.459	  0.000
17	  2.880	 32.657	  1.005	  1.459	  0.000
18	  2.880	 34.323	  1.005	  1.459	  0.000
19	  2.880	 35.990	  1.005	  1.459	  0.000
20	  2.880	 37.657	  1.005	  1.459	  0.000
21	  2.880	 39.323	  1.005	  1.459	  0.000
22	  2.880	 40.990	  1.005	  1.459	  0.000
23	  2.880	 42.657	  1.005	  1.459	  0.000
24	  2.880	 44.323	  1.005	  1.459	  0.000
25	  2.880	 45.990	  1.005	  1.459	  0.000
26	  2.880	 47.657	  1.005	  1.459	  0.000
27	  2.880	 49.323	  1.005	  1.459	  0.000
28	  2.880	 50.990	  1.005	  1.459	  0.000
29	  2.880	 52.657	  1.005	  1.459	  0.000
30	  2.880	 54.323	  1.005	  1.459	  0.000
31	  2.880	 55.990	  1.005	  1.459	  0.000
32	  2.880	 57.657	  1.005	  1.459	  0.000
33	  2.880	 59.323	  1.005	  1.459	  0.000
34	  2.880	 60.990	  1.005	  1.459	  0.000
35	  2.880	 62.657	  1.005	  1.459	  0.000
36	  2.880	 64.323	  1.005	  1.459	  0.000
37	  2.880	 65.990	  1.005	  1.459	  0.000
38	  2.880	 67.657	  1.005	  1.459	  0.000
39	  2.880	 69.323	  1.005	  1.459	  0.000
40	  2.880	 70.990	  1.005	  1.459	  0.000
41	  2.880	 72.657	  1.005	  1.459	  0.000
42	  2.880	 74.323	  1.005	  1.459	  0.000
43	  2.880	 75.990	  1.005	  1.459	  0.000
44	  2.880	 77.657	  1.005	  1.459	  0.000
45	  2.880	 79.323	  1.005	  1.459	  0.000
46	  2.880	 80.990	  1.005	  1.459	  0.000
47	  2.880	 82.657	  1.005	  1.459	  0.000
48	  2.880	 84.323	  1.005	  1.459	  0.000
49	  2.880	 85.990	  1.005	  1.459	  0.000
50	  2.880	 87.657	  1.005	  1.459	  0.000
51	  2.880	 89.323	  1.005	  1.459	  0.000
52	  2.880	 90.990	  1.005	  1.459	  0.000
53	  2.880	 92.657	  1.005	  1.459	  0.000
54	  2.880	 94.323	  1.005	  1.459	  0.000
55	  2.880	 95.990	  1.005	  1.459	  0.000
56	  2.880	 97.657	  1.005	  1.459	  0.000
57	  2.880	 99.323	  1.005	  1.459	  0.000
58	  2.880	100.990	  1.005	  1.459	  0.000
59	  2.880	102.657	  1.005	  1.459	  0.000
0	  3.000	  4.499	  1.005	  1.460	  0.000
1	  3.000	  6.165	  1.005	  1.460	  0.000
2	  3.000	  7.832	  1.005	  1.460	  0.000
3	  3.000	  9.499	  1.005	  1.460	  0.000
4	  3.000	 11.165	  1.005	  1.460	  0.000
5	  3.000	 12.832	  1.005	  1.460	  0.000
6	  3.000	 14.499	  1.005	  1.460	  0.000
7	  3.000	 16.165	  1.005	  1.460	  0.000
8	  3.000	 17.832	  1.005	  1.460	  0.000
9	  3.000	 19.499	  1.005	  1.460	  0.000
10	  3.000	 21.165	  1.005	  1.460	  0.000
11	  3.000	 22.832	  1.005	  1.460	  0.000
12	  3.000	 24.499	  1.005	  1.460	  0.000
13	  3.000	 26.165	  1.005	  1.460	  0.000
14	  3.000	 27.832	  1.005	  1.460	  0.000
15	  3.000	 29.499	  1.005	  1.460	  0.000
16	  3.000	 31.165	  1.005	  1.460	  0.000
17	  3.000	 32.832	  1.005	  1.460	  0.000
18	  3.000	 34.499	  1.005	  1.460	  0.000
19	  3.000	 36.165	  1.005	  1.460	  0.000
20	  3.000	 37.832	  1.005	  1.460	  0.000
21	  3.000	 39.499	  1.005	  1.460	  0.000
22	  3.000	 41.165	  1.005	  1.460	  0.000
23	  3.000	 42.832	  1.005	  1.460	  0.000
24	  3.000	 44.499	  1.005	  1.460	  0.000
25	  3.000	 46.165	  1.005	  1.460	  0.000
26	  3.000	 47.832	  1.005	  1.460	  0.000
27	  3.000	 49.499	  1.005	  1.460	  0.000
28	  3.000	 51.165	  1.005	  1.460	  0.000
29	  3.000	 52.832	  1.005	  1.460	  0.000
30	  3.000	 54.499	  1.005	  1.460	  0.000
31	  3.000	 56.165	  1.005	  1.460	  0.000
32	  3.000	 57.832	  1.005	  1.460	  0.000
33	  3.000	 59.499	  1.005	  1.460	  0.000
34	  3.000	 61.165	  1.005	  1.460	  0.000
35	  3.000	 62.832	  1.005	  1.460	  0.000
36	  3.000	 64.499	  1.005	  1.460	  0.000
37	  3.000	 66.165	  1.005	  1.460	  0.000
38	  3.000	 67.832	  1.005	  1.460	  0.000
39	  3.000	 69.499	  1.005	  1.460	  0.000
40	  3.000	 71.165	  1.005	  1.460	  0.000
41	  3.000	 72.832	  1.005	  1.460	  0.000
42	  3.000	 74.499	  1.005	  1.460	  0.000
43	  3.000	 76.165	  1.005	  1.460	  0.000
44	  3.000	 77.832	  1.005	  1.460	  0.000
45	  3.000	 79.499	  1.005	  1.460	  0.000
46	  3.000	 81.165	  1.005	  1.460	  0.000
47	  3.000	 82.832	  1.005	  1.460	  0.000
48	  3.000	 84.499	  1.005	  1.460	  0.000
49	  3.000	 86.165	  1.005	  1.460	  0.000
50	  3.000	 87.832	  1.005	  1.460	  0.000
51	  3.000	 89.499	  1.005	  1.460	  0.000
52	  3.000	 91.165	  1.005	  1.460	  0.000
53	  3.000	 92.832	  1.005	  1.460	  0.000
54	  3.000	 94.499	  1.005	  1.460	  0.000
55	  3.000	 96.165	  1.005	  1.460	  0.000
56	  3.000	 97.832	  1.005	  1.460	  0.000
57	  3.000	 99.499	  1.005	  1.460	  0.000
58	  3.000	101.165	  1.005	  1.460	  0.000
59	  3.000	102.832	  1.005	  1.460	  0.000
