# id	 time	 x	 y	 vx	 vy
0	  0.000	  0.758	  1.000	  0.010	  0.010
1	  0.000	  2.273	  1.000	  0.010	  0.010
2	  0.000	  3.788	  1.000	  0.010	  0.010
3	  0.000	  5.303	  1.000	  0.010	  0.010
4	  0.000	  6.818	  1.000	  0.010	  0.010
5	  0.000	  8.333	  1.000	  0.010	  0.010
6	  0.000	  9.848	  1.000	  0.010	  0.010
7	  0.000	 11.364	  1.000	  0.010	  0.010
8	  0.000	 12.879	  1.000	  0.010	  0.010
9	  0.000	 14.394	  1.000	  0.010	  0.010
10	  0.000	 15.909	  1.000	  0.010	  0.010
11	  0.000	 17.424	  1.000	  0.010	  0.010
12	  0.000	 18.939	  1.000	  0.010	  0.010
13	  0.000	 20.455	  1.000	  0.010	  0.010
14	  0.000	 21.970	  1.000	  0.010	  0.010
15	  0.000	 23.485	  1.000	  0.010	  0.010
16	  0.000	 25.000	  1.000	  0.010	  0.010
17	  0.000	 26.515	  1.000	  0.010	  0.010
18	  0.000	 28.030	  1.000	  0.010	  0.010
19	  0.000	 29.545	  1.000	  0.010	  0.010
20	  0.000	 31.061	  1.000	  0.010	  0.010
21	  0.000	 32.576	  1.000	  0.010	  0.010
22	  0.000	 34.091	  1.000	  0.010	  0.010
23	  0.000	 35.606	  1.000	  0.010	  0.010
24	  0.000	 37.121	  1.000	  0.010	  0.010
25	  0.000	 38.636	  1.000	  0.010	  0.010
26	  0.000	 40.152	  1.000	  0.010	  0.010
27	  0.000	 41.667	  1.000	  0.010	  0.010
28	  0.000	 43.182	  1.000	  0.010	  0.010
29	  0.000	 44.697	  1.000	  0.010	  0.010
30	  0.000	 46.212	  1.000	  0.010	  0.010
31	  0.000	 47.727	  1.000	  0.010	  0.010
32	  0.000	 49.242	  1.000	  0.010	  0.010
33	  0.000	 50.758	  1.000	  0.010	  0.010
34	  0.000	 52.273	  1.000	  0.010	  0.010
35	  0.000	 53.788	  1.000	  0.010	  0.010
36	  0.000	 55.303	  1.000	  0.010	  0.010
37	  0.000	 56.818	  1.000	  0.010	  0.010
38	  0.000	 58.333	  1.000	  0.010	  0.010
39	  0.000	 59.848	  1.000	  0.010	  0.010
40	  0.000	 61.364	  1.000	  0.010	  0.010
41	  0.000	 62.879	  1.000	  0.010	  0.010
42	  0.000	 64.394	  1.000	  0.010	  0.010
43	  0.000	 65.909	  1.000	  0.010	  0.010
44	  0.000	 67.424	  1.000	  0.010	  0.010
45	  0.000	 68.939	  1.000	  0.010	  0.010
46	  0.000	 70.455	  1.000	  0.010	  0.010
47	  0.000	 71.970	  1.000	  0.010	  0.010
48	  0.000	 73.485	  1.000	  0.010	  0.010
49	  0.000	 75.000	  1.000	  0.010	  0.010
50	  0.000	 76.515	  1.000	  0.010	  0.010
51	  0.000	 78.030	  1.000	  0.010	  0.010
52	  0.000	 79.545	  1.000	  0.010	  0.010
53	  0.000	 81.061	  1.000	  0.010	  0.010
54	  0.000	 82.576	  1.000	  0.010	  0.010
55	  0.000	 84.091	  1.000	  0.010	  0.010
56	  0.000	 85.606	  1.000	  0.010	  0.010
57	  0.000	 87.121	  1.000	  0.010	  0.010
58	  0.000	 88.636	  1.000	  0.010	  0.010
59	  0.000	 90.152	  1.000	  0.010	  0.010
60	  0.000	 91.667	  1.000	  0.010	  0.010
61	  0.000	 93.182	  1.000	  0.010	  0.010
62	  0.000	 94.697	  1.000	  0.010	  0.010
63	  0.000	 96.212	  1.000	  0.010	  0.010
64	  0.000	 97.727	  1.000	  0.010	  0.010
65	  0.000	 99.242	  1.000	  0.010	  0.010
0	  0.120	  0.774	  1.001	  0.278	  0.008
1	  0.120	  2.289	  1.001	  0.278	  0.008
2	  0.120	  3.804	  1.001	  0.278	  0.008
3	  0.120	  5.320	  1.001	  0.278	  0.008
4	  0.120	  6.835	  1.001	  0.278	  0.008
5	  0.120	  8.350	  1.001	  0.278	  0.008
6	  0.120	  9.865	  1.001	  0.278	  0.008
7	  0.120	 11.380	  1.001	  0.278	  0.008
8	  0.120	 12.895	  1.001	  0.278	  0.008
9	  0.120	 14.411	  1.001	  0.278	  0.008
10	  0.120	 15.926	  1.001	  0.278	  0.008
11	  0.120	 17.441	  1.001	  0.278	  0.008
12	  0.120	 18.956	  1.001	  0.278	  0.008
13	  0.120	 20.471	  1.001	  0.278	  0.008
14	  0.120	 21.986	  1.001	  0.278	  0.008
15	  0.120	 23.501	  1.001	  0.278	  0.008
16	  0.120	 25.017	  1.001	  0.278	  0.008
17	  0.120	 26.532	  1.001	  0.278	  0.008
18	  0.120	 28.047	  1.001	  0.278	  0.008
19	  0.120	 29.562	  1.001	  0.278	  0.008
20	  0.120	 31.077	  1.001	  0.278	  0.008
21	  0.120	 32.592	  1.001	  0.278	  0.008
22	  0.120	 34.108	  1.001	  0.278	  0.008
23	  0.120	 35.623	  1.001	  0.278	  0.008
24	  0.120	 37.138	  1.001	  0.278	  0.008
25	  0.120	 38.653	  1.001	  0.278	  0.008
26	  0.120	 40.168	  1.001	  0.278	  0.008
27	  0.120	 41.683	  1.001	  0.278	  0.008
28	  0.120	 43.198	  1.001	  0.278	  0.008
29	  0.120	 44.714	  1.001	  0.278	  0.008
30	  0.120	 46.229	  1.001	  0.278	  0.008
31	  0.120	 47.744	  1.001	  0.278	  0.008
32	  0.120	 49.259	  1.001	  0.278	  0.008
33	  0.120	 50.774	  1.001	  0.278	  0.008
34	  0.120	 52.289	  1.001	  0.278	  0.008
35	  0.120	 53.804	  1.001	  0.278	  0.008
36	  0.120	 55.320	  1.001	  0.278	  0.008
37	  0.120	 56.835	  1.001	  0.278	  0.008
38	  0.120	 58.350	  1.001	  0.278	  0.008
39	  0.120	 59.865	  1.001	  0.278	  0.008
40	  0.120	 61.380	  1.001	  0.278	  0.008
41	  0.120	 62.895	  1.001	  0.278	  0.008
42	  0.120	 64.411	  1.001	  0.278	  0.008
43	  0.120	 65.926	  1.001	  0.278	  0.008
44	  0.120	 67.441	  1.001	  0.278	  0.008
45	  0.120	 68.956	  1.001	  0.278	  0.008
46	  0.120	 70.471	  1.001	  0.278	  0.008
47	  0.120	 71.986	  1.001	  0.278	  0.008
48	  0.120	 73.501	  1.001	  0.278	  0.008
49	  0.120	 75.017	  1.001	  0.278	  0.008
50	  0.120	 76.532	  1.001	  0.278	  0.008
51	  0.120	 78.047	  1.001	  0.278	  0.008
52	  0.120	 79.562	  1.001	  0.278	  0.008
53	  0.120	 81.077	  1.001	  0.278	  0.008
54	  0.120	 82.592	  1.001	  0.278	  0.008
55	  0.120	 84.108	  1.001	  0.278	  0.008
56	  0.120	 85.623	  1.001	  0.278	  0.008
57	  0.120	 87.138	  1.001	  0.278	  0.008
58	  0.120	 88.653	  1.001	  0.278	  0.008
59	  0.120	 90.168	  1.001	  0.278	  0.008
60	  0.120	 91.683	  1.001	  0.278	  0.008
61	  0.120	 93.198	  1.001	  0.278	  0.008
62	  0.120	 94.714	  1.001	  0.278	  0.008
63	  0.120	 96.229	  1.001	  0.278	  0.008
64	  0.120	 97.744	  1.001	  0.278	  0.008
65	  0.120	 99.259	  1.001	  0.278	  0.008
0	  0.240	  0.820	  1.002	  0.489	  0.006
1	  0.240	  2.335	  1.002	  0.489	  0.006
2	  0.240	  3.850	  1.002	  0.489	  0.006
3	  0.240	  5.365	  1.002	  0.489	  0.006
4	  0.240	  6.880	  1.002	  0.489	  0.006
5	  0.240	  8.395	  1.002	  0.489	  0.006
6	  0.240	  9.911	  1.002	  0.489	  0.006
7	  0.240	 11.426	  1.002	  0.489	  0.006
8	  0.240	 12.941	  1.002	  0.489	  0.006
9	  0.240	 14.456	  1.002	  0.489	  0.006
10	  0.240	 15.971	  1.002	  0.489	  0.006
11	  0.240	 17.486	  1.002	  0.489	  0.006
12	  0.240	 19.002	  1.002	  0.489	  0.006
13	  0.240	 20.517	  1.002	  0.489	  0.006
14	  0.240	 22.032	  1.002	  0.489	  0.006
15	  0.240	 23.547	  1.002	  0.489	  0.006
16	  0.240	 25.062	  1.002	  0.489	  0.006
17	  0.240	 26.577	  1.002	  0.489	  0.006
18	  0.240	 28.092	  1.002	  0.489	  0.006
19	  0.240	 29.608	  1.002	  0.489	  0.006
20	  0.240	 31.123	  1.002	  0.489	  0.006
21	  0.240	 32.638	  1.002	  0.489	  0.006
22	  0.240	 34.153	  1.002	  0.489	  0.006
23	  0.240	 35.668	  1.002	  0.489	  0.006
24	  0.240	 37.183	  1.002	  0.489	  0.006
25	  0.240	 38.698	  1.002	  0.489	  0.006
26	  0.240	 40.214	  1.002	  0.489	  0.006
27	  0.240	 41.729	  1.002	  0.489	  0.006
28	  0.240	 43.244	  1.002	  0.489	  0.006
29	  0.240	 44.759	  1.002	  0.489	  0.006
30	  0.240	 46.274	  1.002	  0.489	  0.006
31	  0.240	 47.789	  1.002	  0.489	  0.006
32	  0.240	 49.305	  1.002	  0.489	  0.006
33	  0.240	 50.820	  1.002	  0.489	  0.006
34	  0.240	 52.335	  1.002	  0.489	  0.006
35	  0.240	 53.850	  1.002	  0.489	  0.006
36	  0.240	 55.365	  1.002	  0.489	  0.006
37	  0.240	 56.880	  1.002	  0.489	  0.006
38	  0.240	 58.395	  1.002	  0.489	  0.006
39	  0.240	 59.911	  1.002	  0.489	  0.006
40	  0.240	 61.426	  1.002	  0.489	  0.006
41	  0.240	 62.941	  1.002	  0.489	  0.006
42	  0.240	 64.456	  1.002	  0.489	  0.006
43	  0.240	 65.971	  1.002	  0.489	  0.006
44	  0.240	 67.486	  1.002	  0.489	  0.006
45	  0.240	 69.002	  1.002	  0.489	  0.006
46	  0.240	 70.517	  1.002	  0.489	  0.006
47	  0.240	 72.032	  1.002	  0.489	  0.006
48	  0.240	 73.547	  1.002	  0.489	  0.006
49	  0.240	 75.062	  1.002	  0.489	  0.006
50	  0.240	 76.577	  1.002	  0.489	  0.006
51	  0.240	 78.092	  1.002	  0.489	  0.006
52	  0.240	 79.608	  1.002	  0.489	  0.006
53	  0.240	 81.123	  1.002	  0.489	  0.006
54	  0.240	 82.638	  1.002	  0.489	  0.006
55	  0.240	 84.153	  1.002	  0.489	  0.006
56	  0.240	 85.668	  1.002	  0.489	  0.006
57	  0.240	 87.183	  1.002	  0.489	  0.006
58	  0.240	 88.698	  1.002	  0.489	  0.006
59	  0.240	 90.214	  1.002	  0.489	  0.006
60	  0.240	 91.729	  1.002	  0.489	  0.006
61	  0.240	 93.244	  1.002	  0.489	  0.006
62	  0.240	 94.759	  1.002	  0.489	  0.006
63	  0.240	 96.274	  1.002	  0.489	  0.006
64	  0.240	 97.789	  1.002	  0.489	  0.006
65	  0.240	 99.305	  1.002	  0.489	  0.006
0	  0.360	  0.888	  1.003	  0.654	  0.005
1	  0.360	  2.403	  1.003	  0.654	  0.005
2	  0.360	  3.918	  1.003	  0.654	  0.005
3	  0.360	  5.433	  1.003	  0.654	  0.005
4	  0.360	  6.948	  1.003	  0.654	  0.005
5	  0.360	  8.464	  1.003	  0.654	  0.005
6	  0.360	  9.979	  1.003	  0.654	  0.005
7	  0.360	 11.494	  1.003	  0.654	  0.005
8	  0.360	 13.009	  1.003	  0.654	  0.005
9	  0.360	 14.524	  1.003	  0.654	  0.005
10	  0.360	 16.039	  1.003	  0.654	  0.005
11	  0.360	 17.555	  1.003	  0.654	  0.005
12	  0.360	 19.070	  1.003	  0.654	  0.005
13	  0.360	 20.585	  1.003	  0.654	  0.005
14	  0.360	 22.100	  1.003	  0.654	  0.005
15	  0.360	 23.615	  1.003	  0.654	  0.005
16	  0.360	 25.130	  1.003	  0.654	  0.005
17	  0.360	 26.645	  1.003	  0.654	  0.005
18	  0.360	 28.161	  1.003	  0.654	  0.005
19	  0.360	 29.676	  1.003	  0.654	  0.005
20	  0.360	 31.191	  1.003	  0.654	  0.005
21	  0.360	 32.706	  1.003	  0.654	  0.005
22	  0.360	 34.221	  1.003	  0.654	  0.005
23	  0.360	 35.736	  1.003	  0.654	  0.005
24	  0.360	 37.251	  1.003	  0.654	  0.005
25	  0.360	 38.767	  1.003	  0.654	  0.005
26	  0.360	 40.282	  1.003	  0.654	  0.005
27	  0.360	 41.797	  1.003	  0.654	  0.005
28	  0.360	 43.312	  1.003	  0.654	  0.005
29	  0.360	 44.827	  1.003	  0.654	  0.005
30	  0.360	 46.342	  1.003	  0.654	  0.005
31	  0.360	 47.858	  1.003	  0.654	  0.005
32	  0.360	 49.373	  1.003	  0.654	  0.005
33	  0.360	 50.888	  1.003	  0.654	  0.005
34	  0.360	 52.403	  1.003	  0.654	  0.005
35	  0.360	 53.918	  1.003	  0.654	  0.005
36	  0.360	 55.433	  1.003	  0.654	  0.005
37	  0.360	 56.948	  1.003	  0.654	  0.005
38	  0.360	 58.464	  1.003	  0.654	  0.005
39	  0.360	 59.979	  1.003	  0.654	  0.005
40	  0.360	 61.494	  1.003	  0.654	  0.005
41	  0.360	 63.009	  1.003	  0.654	  0.005
42	  0.360	 64.524	  1.003	  0.654	  0.005
43	  0.360	 66.039	  1.003	  0.654	  0.005
44	  0.360	 67.555	  1.003	  0.654	  0.005
45	  0.360	 69.070	  1.003	  0.654	  0.005
46	  0.360	 70.585	  1.003	  0.654	  0.005
47	  0.360	 72.100	  1.003	  0.654	  0.005
48	  0.360	 73.615	  1.003	  0.654	  0.005
49	  0.360	 75.130	  1.003	  0.654	  0.005
50	  0.360	 76.645	  1.003	  0.654	  0.005
51	  0.360	 78.161	  1.003	  0.654	  0.005
52	  0.360	 79.676	  1.003	  0.654	  0.005
53	  0.360	 81.191	  1.003	  0.654	  0.005
54	  0.360	 82.706	  1.003	  0.654	  0.005
55	  0.360	 84.221	  1.003	  0.654	  0.005
56	  0.360	 85.736	  1.003	  0.654	  0.005
57	  0.360	 87.251	  1.003	  0.654	  0.005
58	  0.360	 88.767	  1.003	  0.654	  0.005
59	  0.360	 90.282	  1.003	  0.654	  0.005
60	  0.360	 91.797	  1.003	  0.654	  0.005
61	  0.360	 93.312	  1.003	  0.654	  0.005
62	  0.360	 94.827	  1.003	  0.654	  0.005
63	  0.360	 96.342	  1.003	  0.654	  0.005
64	  0.360	 97.858	  1.003	  0.654	  0.005
65	  0.360	 99.373	  1.003	  0.654	  0.005
0	  0.480	  0.974	  1.003	  0.784	  0.004
1	  0.480	  2.489	  1.003	  0.784	  0.004
2	  0.480	  4.004	  1.003	  0.784	  0.004
3	  0.480	  5.519	  1.003	  0.784	  0.004
4	  0.480	  7.034	  1.003	  0.784	  0.004
5	  0.480	  8.550	  1.003	  0.784	  0.004
6	  0.480	 10.065	  1.003	  0.784	  0.004
7	  0.480	 11.580	  1.003	  0.784	  0.004
8	  0.480	 13.095	  1.003	  0.784	  0.004
9	  0.480	 14.610	  1.003	  0.784	  0.004
10	  0.480	 16.125	  1.003	  0.784	  0.004
11	  0.480	 17.640	  1.003	  0.784	  0.004
12	  0.480	 19.156	  1.003	  0.784	  0.004
13	  0.480	 20.671	  1.003	  0.784	  0.004
14	  0.480	 22.186	  1.003	  0.784	  0.004
15	  0.480	 23.701	  1.003	  0.784	  0.004
16	  0.480	 25.216	  1.003	  0.784	  0.004
17	  0.480	 26.731	  1.003	  0.784	  0.004
18	  0.480	 28.247	  1.003	  0.784	  0.004
19	  0.480	 29.762	  1.003	  0.784	  0.004
20	  0.480	 31.277	  1.003	  0.784	  0.004
21	  0.480	 32.792	  1.003	  0.784	  0.004
22	  0.480	 34.307	  1.003	  0.784	  0.004
23	  0.480	 35.822	  1.003	  0.784	  0.004
24	  0.480	 37.337	  1.003	  0.784	  0.004
25	  0.480	 38.853	  1.003	  0.784	  0.004
26	  0.480	 40.368	  1.003	  0.784	  0.004
27	  0.480	 41.883	  1.003	  0.784	  0.004
28	  0.480	 43.398	  1.003	  0.784	  0.004
29	  0.480	 44.913	  1.003	  0.784	  0.004
30	  0.480	 46.428	  1.003	  0.784	  0.004
31	  0.480	 47.944	  1.003	  0.784	  0.004
32	  0.480	 49.459	  1.003	  0.784	  0.004
33	  0.480	 50.974	  1.003	  0.784	  0.004
34	  0.480	 52.489	  1.003	  0.784	  0.004
35	  0.480	 54.004	  1.003	  0.784	  0.004
36	  0.480	 55.519	  1.003	  0.784	  0.004
37	  0.480	 57.034	  1.003	  0.784	  0.004
38	  0.480	 58.550	  1.003	  0.784	  0.004
39	  0.480	 60.065	  1.003	  0.784	  0.004
40	  0.480	 61.580	  1.003	  0.784	  0.004
41	  0.480	 63.095	  1.003	  0.784	  0.004
42	  0.480	 64.610	  1.003	  0.784	  0.004
43	  0.480	 66.125	  1.003	  0.784	  0.004
44	  0.480	 67.640	  1.003	  0.784	  0.004
45	  0.480	 69.156	  1.003	  0.784	  0.004
46	  0.480	 70.671	  1.003	  0.784	  0.004
47	  0.480	 72.186	  1.003	  0.784	  0.004
48	  0.480	 73.701	  1.003	  0.784	  0.004
49	  0.480	 75.216	  1.003	  0.784	  0.004
50	  0.480	 76.731	  1.003	  0.784	  0.004
51	  0.480	 78.247	  1.003	  0.784	  0.004
52	  0.480	 79.762	  1.003	  0.784	  0.004
53	  0.480	 81.277	  1.003	  0.784	  0.004
54	  0.480	 82.792	  1.003	  0.784	  0.004
55	  0.480	 84.307	  1.003	  0.784	  0.004
56	  0.480	 85.822	  1.003	  0.784	  0.004
57	  0.480	 87.337	  1.003	  0.784	  0.004
58	  0.480	 88.853	  1.003	  0.784	  0.004
59	  0.480	 90.368	  1.003	  0.784	  0.004
60	  0.480	 91.883	  1.003	  0.784	  0.004
61	  0.480	 93.398	  1.003	  0.784	  0.004
62	  0.480	 94.913	  1.003	  0.784	  0.004
63	  0.480	 96.428	  1.003	  0.784	  0.004
64	  0.480	 97.944	  1.003	  0.784	  0.004
65	  0.480	 99.459	  1.003	  0.784	  0.004
0	  0.600	  1.074	  1.004	  0.886	  0.003
1	  0.600	  2.589	  1.004	  0.886	  0.003
2	  0.600	  4.104	  1.004	  0.886	  0.003
3	  0.600	  5.619	  1.004	  0.886	  0.003
4	  0.600	  7.134	  1.004	  0.886	  0.003
5	  0.600	  8.649	  1.004	  0.886	  0.003
6	  0.600	 10.165	  1.004	  0.886	  0.003
7	  0.600	 11.680	  1.004	  0.886	  0.003
8	  0.600	 13.195	  1.004	  0.886	  0.003
9	  0.600	 14.710	  1.004	  0.886	  0.003
10	  0.600	 16.225	  1.004	  0.886	  0.003
11	  0.600	 17.740	  1.004	  0.886	  0.003
12	  0.600	 19.256	  1.004	  0.886	  0.003
13	  0.600	 20.771	  1.004	  0.886	  0.003
14	  0.600	 22.286	  1.004	  0.886	  0.003
15	  0.600	 23.801	  1.004	  0.886	  0.003
16	  0.600	 25.316	  1.004	  0.886	  0.003
17	  0.600	 26.831	  1.004	  0.886	  0.003
18	  0.600	 28.346	  1.004	  0.886	  0.003
19	  0.600	 29.862	  1.004	  0.886	  0.003
20	  0.600	 31.377	  1.004	  0.886	  0.003
21	  0.600	 32.892	  1.004	  0.886	  0.003
22	  0.600	 34.407	  1.004	  0.886	  0.003
23	  0.600	 35.922	  1.004	  0.886	  0.003
24	  0.600	 37.437	  1.004	  0.886	  0.003
25	  0.600	 38.953	  1.004	  0.886	  0.003
26	  0.600	 40.468	  1.004	  0.886	  0.003
27	  0.600	 41.983	  1.004	  0.886	  0.003
28	  0.600	 43.498	  1.004	  0.886	  0.003
29	  0.600	 45.013	  1.004	  0.886	  0.003
30	  0.600	 46.528	  1.004	  0.886	  0.003
31	  0.600	 48.043	  1.004	  0.886	  0.003
32	  0.600	 49.559	  1.004	  0.886	  0.003
33	  0.600	 51.074	  1.004	  0.886	  0.003
34	  0.600	 52.589	  1.004	  0.886	  0.003
35	  0.600	 54.104	  1.004	  0.886	  0.003
36	  0.600	 55.619	  1.004	  0.886	  0.003
37	  0.600	 57.134	  1.004	  0.886	  0.003
38	  0.600	 58.649	  1.004	  0.886	  0.003
39	  0.600	 60.165	  1.004	  0.886	  0.003
40	  0.600	 61.680	  1.004	  0.886	  0.003
41	  0.600	 63.195	  1.004	  0.886	  0.003
42	  0.600	 64.710	  1.004	  0.886	  0.003
43	  0.600	 66.225	  1.004	  0.886	  0.003
44	  0.600	 67.740	  1.004	  0.886	  0.003
45	  0.600	 69.256	  1.004	  0.886	  0.003
46	  0.600	 70.771	  1.004	  0.886	  0.003
47	  0.600	 72.286	  1.004	  0.886	  0.003
48	  0.600	 73.801	  1.004	  0.886	  0.003
49	  0.600	 75.316	  1.004	  0.886	  0.003
50	  0.600	 76.831	  1.004	  0.886	  0.003
51	  0.600	 78.346	  1.004	  0.886	  0.003
52	  0.600	 79.862	  1.004	  0.886	  0.003
53	  0.600	 81.377	  1.004	  0.886	  0.003
54	  0.600	 82.892	  1.004	  0.886	  0.003
55	  0.600	 84.407	  1.004	  0.886	  0.003
56	  0.600	 85.922	  1.004	  0.886	  0.003
57	  0.600	 87.437	  1.004	  0.886	  0.003
58	  0.600	 88.953	  1.004	  0.886	  0.003
59	  0.600	 90.468	  1.004	  0.886	  0.003
60	  0.600	 91.983	  1.004	  0.886	  0.003
61	  0.600	 93.498	  1.004	  0.886	  0.003
62	  0.600	 95.013	  1.004	  0.886	  0.003
63	  0.600	 96.528	  1.004	  0.886	  0.003
64	  0.600	 98.043	  1.004	  0.886	  0.003
65	  0.600	 99.559	  1.004	  0.886	  0.003
0	  0.720	  1.185	  1.004	  0.966	  0.002
1	  0.720	  2.700	  1.004	  0.966	  0.002
2	  0.720	  4.215	  1.004	  0.966	  0.002
3	  0.720	  5.730	  1.004	  0.966	  0.002
4	  0.720	  7.245	  1.004	  0.966	  0.002
5	  0.720	  8.760	  1.004	  0.966	  0.002
6	  0.720	 10.276	  1.004	  0.966	  0.002
7	  0.720	 11.791	  1.004	  0.966	  0.002
8	  0.720	 13.306	  1.004	  0.966	  0.002
9	  0.720	 14.821	  1.004	  0.966	  0.002
10	  0.720	 16.336	  1.004	  0.966	  0.002
11	  0.720	 17.851	  1.004	  0.966	  0.002
12	  0.720	 19.366	  1.004	  0.966	  0.002
13	  0.720	 20.882	  1.004	  0.966	  0.002
14	  0.720	 22.397	  1.004	  0.966	  0.002
15	  0.720	 23.912	  1.004	  0.966	  0.002
16	  0.720	 25.427	  1.004	  0.966	  0.002
17	  0.720	 26.942	  1.004	  0.966	  0.002
18	  0.720	 28.457	  1.004	  0.966	  0.002
19	  0.720	 29.972	  1.004	  0.966	  0.002
20	  0.720	 31.488	  1.004	  0.966	  0.002
21	  0.720	 33.003	  1.004	  0.966	  0.002
22	  0.720	 34.518	  1.004	  0.966	  0.002
23	  0.720	 36.033	  1.004	  0.966	  0.002
24	  0.720	 37.548	  1.004	  0.966	  0.002
25	  0.720	 39.063	  1.004	  0.966	  0.002
26	  0.720	 40.579	  1.004	  0.966	  0.002
27	  0.720	 42.094	  1.004	  0.966	  0.002
28	  0.720	 43.609	  1.004	  0.966	  0.002
29	  0.720	 45.124	  1.004	  0.966	  0.002
30	  0.720	 46.639	  1.004	  0.966	  0.002
31	  0.720	 48.154	  1.004	  0.966	  0.002
32	  0.720	 49.669	  1.004	  0.966	  0.002
33	  0.720	 51.185	  1.004	  0.966	  0.002
34	  0.720	 52.700	  1.004	  0.966	  0.002
35	  0.720	 54.215	  1.004	  0.966	  0.002
36	  0.720	 55.730	  1.004	  0.966	  0.002
37	  0.720	 57.245	  1.004	  0.966	  0.002
38	  0.720	 58.760	  1.004	  0.966	  0.002
39	  0.720	 60.276	  1.004	  0.966	  0.002
40	  0.720	 61.791	  1.004	  0.966	  0.002
41	  0.720	 63.306	  1.004	  0.966	  0.002
42	  0.720	 64.821	  1.004	  0.966	  0.002
43	  0.720	 66.336	  1.004	  0.966	  0.002
44	  0.720	 67.851	  1.004	  0.966	  0.002
45	  0.720	 69.366	  1.004	  0.966	  0.002
46	  0.720	 70.882	  1.004	  0.966	  0.002
47	  0.720	 72.397	  1.004	  0.966	  0.002
48	  0.720	 73.912	  1.004	  0.966	  0.002
49	  0.720	 75.427	  1.004	  0.966	  0.002
50	  0.720	 76.942	  1.004	  0.966	  0.002
51	  0.720	 78.457	  1.004	  0.966	  0.002
52	  0.720	 79.972	  1.004	  0.966	  0.002
53	  0.720	 81.488	  1.004	  0.966	  0.002
54	  0.720	 83.003	  1.004	  0.966	  0.002
55	  0.720	 84.518	  1.004	  0.966	  0.002
56	  0.720	 86.033	  1.004	  0.966	  0.002
57	  0.720	 87.548	  1.004	  0.966	  0.002
58	  0.720	 89.063	  1.004	  0.966	  0.002
59	  0.720	 90.579	  1.004	  0.966	  0.002
60	  0.720	 92.094	  1.004	  0.966	  0.002
61	  0.720	 93.609	  1.004	  0.966	  0.002
62	  0.720	 95.124	  1.004	  0.966	  0.002
63	  0.720	 96.639	  1.004	  0.966	  0.002
64	  0.720	 98.154	  1.004	  0.966	  0.002
65	  0.720	 99.669	  1.004	  0.966	  0.002
0	  0.840	  1.304	  1.004	  1.028	  0.002
1	  0.840	  2.819	  1.004	  1.028	  0.002
2	  0.840	  4.334	  1.004	  1.028	  0.002
3	  0.840	  5.850	  1.004	  1.028	  0.002
4	  0.840	  7.365	  1.004	  1.028	  0.002
5	  0.840	  8.880	  1.004	  1.028	  0.002
6	  0.840	 10.395	  1.004	  1.028	  0.002
7	  0.840	 11.910	  1.004	  1.028	  0.002
8	  0.840	 13.425	  1.004	  1.028	  0.002
9	  0.840	 14.940	  1.004	  1.028	  0.002
10	  0.840	 16.456	  1.004	  1.028	  0.002
11	  0.840	 17.971	  1.004	  1.028	  0.002
12	  0.840	 19.486	  1.004	  1.028	  0.002
13	  0.840	 21.001	  1.004	  1.028	  0.002
14	  0.840	 22.516	  1.004	  1.028	  0.002
15	  0.840	 24.031	  1.004	  1.028	  0.002
16	  0.840	 25.547	  1.004	  1.028	  0.002
17	  0.840	 27.062	  1.004	  1.028	  0.002
18	  0.840	 28.577	  1.004	  1.028	  0.002
19	  0.840	 30.092	  1.004	  1.028	  0.002
20	  0.840	 31.607	  1.004	  1.028	  0.002
21	  0.840	 33.122	  1.004	  1.028	  0.002
22	  0.840	 34.637	  1.004	  1.028	  0.002
23	  0.840	 36.153	  1.004	  1.028	  0.002
24	  0.840	 37.668	  1.004	  1.028	  0.002
25	  0.840	 39.183	  1.004	  1.028	  0.002
26	  0.840	 40.698	  1.004	  1.028	  0.002
27	  0.840	 42.213	  1.004	  1.028	  0.002
28	  0.840	 43.728	  1.004	  1.028	  0.002
29	  0.840	 45.243	  1.004	  1.028	  0.002
30	  0.840	 46.759	  1.004	  1.028	  0.002
31	  0.840	 48.274	  1.004	  1.028	  0.002
32	  0.840	 49.789	  1.004	  1.028	  0.002
33	  0.840	 51.304	  1.004	  1.028	  0.002
34	  0.840	 52.819	  1.004	  1.028	  0.002
35	  0.840	 54.334	  1.004	  1.028	  0.002
36	  0.840	 55.850	  1.004	  1.028	  0.002
37	  0.840	 57.365	  1.004	  1.028	  0.002
38	  0.840	 58.880	  1.004	  1.028	  0.002
39	  0.840	 60.395	  1.004	  1.028	  0.002
40	  0.840	 61.910	  1.004	  1.028	  0.002
41	  0.840	 63.425	  1.004	  1.028	  0.002
42	  0.840	 64.940	  1.004	  1.028	  0.002
43	  0.840	 66.456	  1.004	  1.028	  0.002
44	  0.840	 67.971	  1.004	  1.028	  0.002
45	  0.840	 69.486	  1.004	  1.028	  0.002
46	  0.840	 71.001	  1.004	  1.028	  0.002
47	  0.840	 72.516	  1.004	  1.028	  0.002
48	  0.840	 74.031	  1.004	  1.028	  0.002
49	  0.840	 75.547	  1.004	  1.028	  0.002
50	  0.840	 77.062	  1.004	  1.028	  0.002
51	  0.840	 78.577	  1.004	  1.028	  0.002
52	  0.840	 80.092	  1.004	  1.028	  0.002
53	  0.840	 81.607	  1.004	  1.028	  0.002
54	  0.840	 83.122	  1.004	  1.028	  0.002
55	  0.840	 84.637	  1.004	  1.028	  0.002
56	  0.840	 86.153	  1.004	  1.028	  0.002
57	  0.840	 87.668	  1.004	  1.028	  0.002
58	  0.840	 89.183	  1.004	  1.028	  0.002
59	  0.840	 90.698	  1.004	  1.028	  0.002
60	  0.840	 92.213	  1.004	  1.028	  0.002
61	  0.840	 93.728	  1.004	  1.028	  0.002
62	  0.840	 95.243	  1.004	  1.028	  0.002
63	  0.840	 96.759	  1.004	  1.028	  0.002
64	  0.840	 98.274	  1.004	  1.028	  0.002
65	  0.840	 99.789	  1.004	  1.028	  0.002
0	  0.960	  1.430	  1.004	  1.077	  0.001
1	  0.960	  2.945	  1.004	  1.077	  0.001
2	  0.960	  4.461	  1.004	  1.077	  0.001
3	  0.960	  5.976	  1.004	  1.077	  0.001
4	  0.960	  7.491	  1.004	  1.077	  0.001
5	  0.960	  9.006	  1.004	  1.077	  0.001
6	  0.960	 10.521	  1.004	  1.077	  0.001
7	  0.960	 12.036	  1.004	  1.077	  0.001
8	  0.960	 13.552	  1.004	  1.077	  0.001
9	  0.960	 15.067	  1.004	  1.077	  0.001
10	  0.960	 16.582	  1.004	  1.077	  0.001
11	  0.960	 18.097	  1.004	  1.077	  0.001
12	  0.960	 19.612	  1.004	  1.077	  0.001
13	  0.960	 21.127	  1.004	  1.077	  0.001
14	  0.960	 22.642	  1.004	  1.077	  0.001
15	  0.960	 24.158	  1.004	  1.077	  0.001
16	  0.960	 25.673	  1.004	  1.077	  0.001
17	  0.960	 27.188	  1.004	  1.077	  0.001
18	  0.960	 28.703	  1.004	  1.077	  0.001
19	  0.960	 30.218	  1.004	  1.077	  0.001
20	  0.960	 31.733	  1.004	  1.077	  0.001
21	  0.960	 33.248	  1.004	  1.077	  0.001
22	  0.960	 34.764	  1.004	  1.077	  0.001
23	  0.960	 36.279	  1.004	  1.077	  0.001
24	  0.960	 37.794	  1.004	  1.077	  0.001
25	  0.960	 39.309	  1.004	  1.077	  0.001
26	  0.960	 40.824	  1.004	  1.077	  0.001
27	  0.960	 42.339	  1.004	  1.077	  0.001
28	  0.960	 43.855	  1.004	  1.077	  0.001
29	  0.960	 45.370	  1.004	  1.077	  0.001
30	  0.960	 46.885	  1.004	  1.077	  0.001
31	  0.960	 48.400	  1.004	  1.077	  0.001
32	  0.960	 49.915	  1.004	  1.077	  0.001
33	  0.960	 51.430	  1.004	  1.077	  0.001
34	  0.960	 52.945	  1.004	  1.077	  0.001
35	  0.960	 54.461	  1.004	  1.077	  0.001
36	  0.960	 55.976	  1.004	  1.077	  0.001
37	  0.960	 57.491	  1.004	  1.077	  0.001
38	  0.960	 59.006	  1.004	  1.077	  0.001
39	  0.960	 60.521	  1.004	  1.077	  0.001
40	  0.960	 62.036	  1.004	  1.077	  0.001
41	  0.960	 63.552	  1.004	  1.077	  0.001
42	  0.960	 65.067	  1.004	  1.077	  0.001
43	  0.960	 66.582	  1.004	  1.077	  0.001
44	  0.960	 68.097	  1.004	  1.077	  0.001
45	  0.960	 69.612	  1.004	  1.077	  0.001
46	  0.960	 71.127	  1.004	  1.077	  0.001
47	  0.960	 72.642	  1.004	  1.077	  0.001
48	  0.960	 74.158	  1.004	  1.077	  0.001
49	  0.960	 75.673	  1.004	  1.077	  0.001
50	  0.960	 77.188	  1.004	  1.077	  0.001
51	  0.960	 78.703	  1.004	  1.077	  0.001
52	  0.960	 80.218	  1.004	  1.077	  0.001
53	  0.960	 81.733	  1.004	  1.077	  0.001
54	  0.960	 83.248	  1.004	  1.077	  0.001
55	  0.960	 84.764	  1.004	  1.077	  0.001
56	  0.960	 86.279	  1.004	  1.077	  0.001
57	  0.960	 87.794	  1.004	  1.077	  0.001
58	  0.960	 89.309	  1.004	  1.077	  0.001
59	  0.960	 90.824	  1.004	  1.077	  0.001
60	  0.960	 92.339	  1.004	  1.077	  0.001
61	  0.960	 93.855	  1.004	  1.077	  0.001
62	  0.960	 95.370	  1.004	  1.077	  0.001
63	  0.960	 96.885	  1.004	  1.077	  0.001
64	  0.960	 98.400	  1.004	  1.077	  0.001
65	  0.960	 99.915	  1.004	  1.077	  0.001
0	  1.080	  1.562	  1.004	  1.116	  0.001
1	  1.080	  3.077	  1.004	  1.116	  0.001
2	  1.080	  4.592	  1.004	  1.116	  0.001
3	  1.080	  6.107	  1.004	  1.116	  0.001
4	  1.080	  7.622	  1.004	  1.116	  0.001
5	  1.080	  9.138	  1.004	  1.116	  0.001
6	  1.080	 10.653	  1.004	  1.116	  0.001
7	  1.080	 12.168	  1.004	  1.116	  0.001
8	  1.080	 13.683	  1.004	  1.116	  0.001
9	  1.080	 15.198	  1.004	  1.116	  0.001
10	  1.080	 16.713	  1.004	  1.116	  0.001
11	  1.080	 18.228	  1.004	  1.116	  0.001
12	  1.080	 19.744	  1.004	  1.116	  0.001
13	  1.080	 21.259	  1.004	  1.116	  0.001
14	  1.080	 22.774	  1.004	  1.116	  0.001
15	  1.080	 24.289	  1.004	  1.116	  0.001
16	  1.080	 25.804	  1.004	  1.116	  0.001
17	  1.080	 27.319	  1.004	  1.116	  0.001
18	  1.080	 28.835	  1.004	  1.116	  0.001
19	  1.080	 30.350	  1.004	  1.116	  0.001
20	  1.080	 31.865	  1.004	  1.116	  0.001
21	  1.080	 33.380	  1.004	  1.116	  0.001
22	  1.080	 34.895	  1.004	  1.116	  0.001
23	  1.080	 36.410	  1.004	  1.116	  0.001
24	  1.080	 37.925	  1.004	  1.116	  0.001
25	  1.080	 39.441	  1.004	  1.116	  0.001
26	  1.080	 40.956	  1.004	  1.116	  0.001
27	  1.080	 42.471	  1.004	  1.116	  0.001
28	  1.080	 43.986	  1.004	  1.116	  0.001
29	  1.080	 45.501	  1.004	  1.116	  0.001
30	  1.080	 47.016	  1.004	  1.116	  0.001
31	  1.080	 48.532	  1.004	  1.116	  0.001
32	  1.080	 50.047	  1.004	  1.116	  0.001
33	  1.080	 51.562	  1.004	  1.116	  0.001
34	  1.080	 53.077	  1.004	  1.116	  0.001
35	  1.080	 54.592	  1.004	  1.116	  0.001
36	  1.080	 56.107	  1.004	  1.116	  0.001
37	  1.080	 57.622	  1.004	  1.116	  0.001
38	  1.080	 59.138	  1.004	  1.116	  0.001
39	  1.080	 60.653	  1.004	  1.116	  0.001
40	  1.080	 62.168	  1.004	  1.116	  0.001
41	  1.080	 63.683	  1.004	  1.116	  0.001
42	  1.080	 65.198	  1.004	  1.116	  0.001
43	  1.080	 66.713	  1.004	  1.116	  0.001
44	  1.080	 68.228	  1.004	  1.116	  0.001
45	  1.080	 69.744	  1.004	  1.116	  0.001
46	  1.080	 71.259	  1.004	  1.116	  0.001
47	  1.080	 72.774	  1.004	  1.116	  0.001
48	  1.080	 74.289	  1.004	  1.116	  0.001
49	  1.080	 75.804	  1.004	  1.116	  0.001
50	  1.080	 77.319	  1.004	  1.116	  0.001
51	  1.080	 78.835	  1.004	  1.116	  0.001
52	  1.080	 80.350	  1.004	  1.116	  0.001
53	  1.080	 81.865	  1.004	  1.116	  0.001
54	  1.080	 83.380	  1.004	  1.116	  0.001
55	  1.080	 84.895	  1.004	  1.116	  0.001
56	  1.080	 86.410	  1.004	  1.116	  0.001
57	  1.080	 87.925	  1.004	  1.116	  0.001
58	  1.080	 89.441	  1.004	  1.116	  0.001
59	  1.080	 90.956	  1.004	  1.116	  0.001
60	  1.080	 92.471	  1.004	  1.116	  0.001
61	  1.080	 93.986	  1.004	  1.116	  0.001
62	  1.080	 95.501	  1.004	  1.116	  0.001
63	  1.080	 97.016	  1.004	  1.116	  0.001
64	  1.080	 98.532	  1.004	  1.116	  0.001
65	  1.080	100.047	  1.004	  1.116	  0.001
0	  1.200	  1.697	  1.005	  1.146	  0.001
1	  1.200	  3.213	  1.005	  1.146	  0.001
2	  1.200	  4.728	  1.005	  1.146	  0.001
3	  1.200	  6.243	  1.005	  1.146	  0.001
4	  1.200	  7.758	  1.005	  1.146	  0.001
5	  1.200	  9.273	  1.005	  1.146	  0.001
6	  1.200	 10.788	  1.005	  1.146	  0.001
7	  1.200	 12.304	  1.005	  1.146	  0.001
8	  1.200	 13.819	  1.005	  1.146	  0.001
9	  1.200	 15.334	  1.005	  1.146	  0.001
10	  1.200	 16.849	  1.005	  1.146	  0.001
11	  1.200	 18.364	  1.005	  1.146	  0.001
12	  1.200	 19.879	  1.005	  1.146	  0.001
13	  1.200	 21.394	  1.005	  1.146	  0.001
14	  1.200	 22.910	  1.005	  1.146	  0.001
15	  1.200	 24.425	  1.005	  1.146	  0.001
16	  1.200	 25.940	  1.005	  1.146	  0.001
17	  1.200	 27.455	  1.005	  1.146	  0.001
18	  1.200	 28.970	  1.005	  1.146	  0.001
19	  1.200	 30.485	  1.005	  1.146	  0.001
20	  1.200	 32.001	  1.005	  1.146	  0.001
21	  1.200	 33.516	  1.005	  1.146	  0.001
22	  1.200	 35.031	  1.005	  1.146	  0.001
23	  1.200	 36.546	  1.005	  1.146	  0.001
24	  1.200	 38.061	  1.005	  1.146	  0.001
25	  1.200	 39.576	  1.005	  1.146	  0.001
26	  1.200	 41.091	  1.005	  1.146	  0.001
27	  1.200	 42.607	  1.005	  1.146	  0.001
28	  1.200	 44.122	  1.005	  1.146	  0.001
29	  1.200	 45.637	  1.005	  1.146	  0.001
30	  1.200	 47.152	  1.005	  1.146	  0.001
31	  1.200	 48.667	  1.005	  1.146	  0.001
32	  1.200	 50.182	  1.005	  1.146	  0.001
33	  1.200	 51.697	  1.005	  1.146	  0.001
34	  1.200	 53.213	  1.005	  1.146	  0.001
35	  1.200	 54.728	  1.005	  1.146	  0.001
36	  1.200	 56.243	  1.005	  1.146	  0.001
37	  1.200	 57.758	  1.005	  1.146	  0.001
38	  1.200	 59.273	  1.005	  1.146	  0.001
39	  1.200	 60.788	  1.005	  1.146	  0.001
40	  1.200	 62.304	  1.005	  1.146	  0.001
41	  1.200	 63.819	  1.005	  1.146	  0.001
42	  1.200	 65.334	  1.005	  1.146	  0.001
43	  1.200	 66.849	  1.005	  1.146	  0.001
44	  1.200	 68.364	  1.005	  1.146	  0.001
45	  1.200	 69.879	  1.005	  1.146	  0.001
46	  1.200	 71.394	  1.005	  1.146	  0.001
47	  1.200	 72.910	  1.005	  1.146	  0.001
48	  1.200	 74.425	  1.005	  1.146	  0.001
49	  1.200	 75.940	  1.005	  1.146	  0.001
50	  1.200	 77.455	  1.005	  1.146	  0.001
51	  1.200	 78.970	  1.005	  1.146	  0.001
52	  1.200	 80.485	  1.005	  1.146	  0.001
53	  1.200	 82.001	  1.005	  1.146	  0.001
54	  1.200	 83.516	  1.005	  1.146	  0.001
55	  1.200	 85.031	  1.005	  1.146	  0.001
56	  1.200	 86.546	  1.005	  1.146	  0.001
57	  1.200	 88.061	  1.005	  1.146	  0.001
58	  1.200	 89.576	  1.005	  1.146	  0.001
59	  1.200	 91.091	  1.005	  1.146	  0.001
60	  1.200	 92.607	  1.005	  1.146	  0.001
61	  1.200	 94.122	  1.005	  1.146	  0.001
62	  1.200	 95.637	  1.005	  1.146	  0.001
63	  1.200	 97.152	  1.005	  1.146	  0.001
64	  1.200	 98.667	  1.005	  1.146	  0.001
65	  1.200	100.182	  1.005	  1.146	  0.001
0	  1.320	  1.836	  1.005	  1.170	  0.001
1	  1.320	  3.352	  1.005	  1.170	  0.001
2	  1.320	  4.867	  1.005	  1.170	  0.001
3	  1.320	  6.382	  1.005	  1.170	  0.001
4	  1.320	  7.897	  1.005	  1.170	  0.001
5	  1.320	  9.412	  1.005	  1.170	  0.001
6	  1.320	 10.927	  1.005	  1.170	  0.001
7	  1.320	 12.442	  1.005	  1.170	  0.001
8	  1.320	 13.958	  1.005	  1.170	  0.001
9	  1.320	 15.473	  1.005	  1.170	  0.001
10	  1.320	 16.988	  1.005	  1.170	  0.001
11	  1.320	 18.503	  1.005	  1.170	  0.001
12	  1.320	 20.018	  1.005	  1.170	  0.001
13	  1.320	 21.533	  1.005	  1.170	  0.001
14	  1.320	 23.049	  1.005	  1.170	  0.001
15	  1.320	 24.564	  1.005	  1.170	  0.001
16	  1.320	 26.079	  1.005	  1.170	  0.001
17	  1.320	 27.594	  1.005	  1.170	  0.001
18	  1.320	 29.109	  1.005	  1.170	  0.001
19	  1.320	 30.624	  1.005	  1.170	  0.001
20	  1.320	 32.139	  1.005	  1.170	  0.001
21	  1.320	 33.655	  1.005	  1.170	  0.001
22	  1.320	 35.170	  1.005	  1.170	  0.001
23	  1.320	 36.685	  1.005	  1.170	  0.001
24	  1.320	 38.200	  1.005	  1.170	  0.001
25	  1.320	 39.715	  1.005	  1.170	  0.001
26	  1.320	 41.230	  1.005	  1.170	  0.001
27	  1.320	 42.746	  1.005	  1.170	  0.001
28	  1.320	 44.261	  1.005	  1.170	  0.001
29	  1.320	 45.776	  1.005	  1.170	  0.001
30	  1.320	 47.291	  1.005	  1.170	  0.001
31	  1.320	 48.806	  1.005	  1.170	  0.001
32	  1.320	 50.321	  1.005	  1.170	  0.001
33	  1.320	 51.836	  1.005	  1.170	  0.001
34	  1.320	 53.352	  1.005	  1.170	  0.001
35	  1.320	 54.867	  1.005	  1.170	  0.001
36	  1.320	 56.382	  1.005	  1.170	  0.001
37	  1.320	 57.897	  1.005	  1.170	  0.001
38	  1.320	 59.412	  1.005	  1.170	  0.001
39	  1.320	 60.927	  1.005	  1.170	  0.001
40	  1.320	 62.442	  1.005	  1.170	  0.001
41	  1.320	 63.958	  1.005	  1.170	  0.001
42	  1.320	 65.473	  1.005	  1.170	  0.001
43	  1.320	 66.988	  1.005	  1.170	  0.001
44	  1.320	 68.503	  1.005	  1.170	  0.001
45	  1.320	 70.018	  1.005	  1.170	  0.001
46	  1.320	 71.533	  1.005	  1.170	  0.001
47	  1.320	 73.049	  1.005	  1.170	  0.001
48	  1.320	 74.564	  1.005	  1.170	  0.001
49	  1.320	 76.079	  1.005	  1.170	  0.001
50	  1.320	 77.594	  1.005	  1.170	  0.001
51	  1.320	 79.109	  1.005	  1.170	  0.001
52	  1.320	 80.624	  1.005	  1.170	  0.001
53	  1.320	 82.139	  1.005	  1.170	  0.001
54	  1.320	 83.655	  1.005	  1.170	  0.001
55	  1.320	 85.170	  1.005	  1.170	  0.001
56	  1.320	 86.685	  1.005	  1.170	  0.001
57	  1.320	 88.200	  1.005	  1.170	  0.001
58	  1.320	 89.715	  1.005	  1.170	  0.001
59	  1.320	 91.230	  1.005	  1.170	  0.001
60	  1.320	 92.746	  1.005	  1.170	  0.001
61	  1.320	 94.261	  1.005	  1.170	  0.001
62	  1.320	 95.776	  1.005	  1.170	  0.001
63	  1.320	 97.291	  1.005	  1.170	  0.001
64	  1.320	 98.806	  1.005	  1.170	  0.001
65	  1.320	100.321	  1.005	  1.170	  0.001
0	  1.440	  1.978	  1.005	  1.189	  0.001
1	  1.440	  3.493	  1.005	  1.189	  0.001
2	  1.440	  5.008	  1.005	  1.189	  0.001
3	  1.440	  6.523	  1.005	  1.189	  0.001
4	  1.440	  8.039	  1.005	  1.189	  0.001
5	  1.440	  9.554	  1.005	  1.189	  0.001
6	  1.440	 11.069	  1.005	  1.189	  0.001
7	  1.440	 12.584	  1.005	  1.189	  0.001
8	  1.440	 14.099	  1.005	  1.189	  0.001
9	  1.440	 15.614	  1.005	  1.189	  0.001
10	  1.440	 17.129	  1.005	  1.189	  0.001
11	  1.440	 18.645	  1.005	  1.189	  0.001
12	  1.440	 20.160	  1.005	  1.189	  0.001
13	  1.440	 21.675	  1.005	  1.189	  0.001
14	  1.440	 23.190	  1.005	  1.189	  0.001
15	  1.440	 24.705	  1.005	  1.189	  0.001
16	  1.440	 26.220	  1.005	  1.189	  0.001
17	  1.440	 27.735	  1.005	  1.189	  0.001
18	  1.440	 29.251	  1.005	  1.189	  0.001
19	  1.440	 30.766	  1.005	  1.189	  0.001
20	  1.440	 32.281	  1.005	  1.189	  0.001
21	  1.440	 33.796	  1.005	  1.189	  0.001
22	  1.440	 35.311	  1.005	  1.189	  0.001
23	  1.440	 36.826	  1.005	  1.189	  0.001
24	  1.440	 38.342	  1.005	  1.189	  0.001
25	  1.440	 39.857	  1.005	  1.189	  0.001
26	  1.440	 41.372	  1.005	  1.189	  0.001
27	  1.440	 42.887	  1.005	  1.189	  0.001
28	  1.440	 44.402	  1.005	  1.189	  0.001
29	  1.440	 45.917	  1.005	  1.189	  0.001
30	  1.440	 47.432	  1.005	  1.189	  0.001
31	  1.440	 48.948	  1.005	  1.189	  0.001
32	  1.440	 50.463	  1.005	  1.189	  0.001
33	  1.440	 51.978	  1.005	  1.189	  0.001
34	  1.440	 53.493	  1.005	  1.189	  0.001
35	  1.440	 55.008	  1.005	  1.189	  0.001
36	  1.440	 56.523	  1.005	  1.189	  0.001
37	  1.440	 58.039	  1.005	  1.189	  0.001
38	  1.440	 59.554	  1.005	  1.189	  0.001
39	  1.440	 61.069	  1.005	  1.189	  0.001
40	  1.440	 62.584	  1.005	  1.189	  0.001
41	  1.440	 64.099	  1.005	  1.189	  0.001
42	  1.440	 65.614	  1.005	  1.189	  0.001
43	  1.440	 67.129	  1.005	  1.189	  0.001
44	  1.440	 68.645	  1.005	  1.189	  0.001
45	  1.440	 70.160	  1.005	  1.189	  0.001
46	  1.440	 71.675	  1.005	  1.189	  0.001
47	  1.440	 73.190	  1.005	  1.189	  0.001
48	  1.440	 74.705	  1.005	  1.189	  0.001
49	  1.440	 76.220	  1.005	  1.189	  0.001
50	  1.440	 77.735	  1.005	  1.189	  0.001
51	  1.440	 79.251	  1.005	  1.189	  0.001
52	  1.440	 80.766	  1.005	  1.189	  0.001
53	  1.440	 82.281	  1.005	  1.189	  0.001
54	  1.440	 83.796	  1.005	  1.189	  0.001
55	  1.440	 85.311	  1.005	  1.189	  0.001
56	  1.440	 86.826	  1.005	  1.189	  0.001
57	  1.440	 88.342	  1.005	  1.189	  0.001
58	  1.440	 89.857	  1.005	  1.189	  0.001
59	  1.440	 91.372	  1.005	  1.189	  0.001
60	  1.440	 92.887	  1.005	  1.189	  0.001
61	  1.440	 94.402	  1.005	  1.189	  0.001
62	  1.440	 95.917	  1.005	  1.189	  0.001
63	  1.440	 97.432	  1.005	  1.189	  0.001
64	  1.440	 98.948	  1.005	  1.189	  0.001
65	  1.440	100.463	  1.005	  1.189	  0.001
0	  1.560	  2.121	  1.005	  1.203	  0.000
1	  1.560	  3.637	  1.005	  1.203	  0.000
2	  1.560	  5.152	  1.005	  1.203	  0.000
3	  1.560	  6.667	  1.005	  1.203	  0.000
4	  1.560	  8.182	  1.005	  1.203	  0.000
5	  1.560	  9.697	  1.005	  1.203	  0.000
6	  1.560	 11.212	  1.005	  1.203	  0.000
7	  1.560	 12.727	  1.005	  1.203	  0.000
8	  1.560	 14.243	  1.005	  1.203	  0.000
9	  1.560	 15.758	  1.005	  1.203	  0.000
10	  1.560	 17.273	  1.005	  1.203	  0.000
11	  1.560	 18.788	  1.005	  1.203	  0.000
12	  1.560	 20.303	  1.005	  1.203	  0.000
13	  1.560	 21.818	  1.005	  1.203	  0.000
14	  1.560	 23.334	  1.005	  1.203	  0.000
15	  1.560	 24.849	  1.005	  1.203	  0.000
16	  1.560	 26.364	  1.005	  1.203	  0.000
17	  1.560	 27.879	  1.005	  1.203	  0.000
18	  1.560	 29.394	  1.005	  1.203	  0.000
19	  1.560	 30.909	  1.005	  1.203	  0.000
20	  1.560	 32.424	  1.005	  1.203	  0.000
21	  1.560	 33.940	  1.005	  1.203	  0.000
22	  1.560	 35.455	  1.005	  1.203	  0.000
23	  1.560	 36.970	  1.005	  1.203	  0.000
24	  1.560	 38.485	  1.005	  1.203	  0.000
25	  1.560	 40.000	  1.005	  1.203	  0.000
26	  1.560	 41.515	  1.005	  1.203	  0.000
27	  1.560	 43.030	  1.005	  1.203	  0.000
28	  1.560	 44.546	  1.005	  1.203	  0.000
29	  1.560	 46.061	  1.005	  1.203	  0.000
30	  1.560	 47.576	  1.005	  1.203	  0.000
31	  1.560	 49.091	  1.005	  1.203	  0.000
32	  1.560	 50.606	  1.005	  1.203	  0.000
33	  1.560	 52.121	  1.005	  1.203	  0.000
34	  1.560	 53.637	  1.005	  1.203	  0.000
35	  1.560	 55.152	  1.005	  1.203	  0.000
36	  1.560	 56.667	  1.005	  1.203	  0.000
37	  1.560	 58.182	  1.005	  1.203	  0.000
38	  1.560	 59.697	  1.005	  1.203	  0.000
39	  1.560	 61.212	  1.005	  1.203	  0.000
40	  1.560	 62.727	  1.005	  1.203	  0.000
41	  1.560	 64.243	  1.005	  1.203	  0.000
42	  1.560	 65.758	  1.005	  1.203	  0.000
43	  1.560	 67.273	  1.005	  1.203	  0.000
44	  1.560	 68.788	  1.005	  1.203	  0.000
45	  1.560	 70.303	  1.005	  1.203	  0.000
46	  1.560	 71.818	  1.005	  1.203	  0.000
47	  1.560	 73.334	  1.005	  1.203	  0.000
48	  1.560	 74.849	  1.005	  1.203	  0.000
49	  1.560	 76.364	  1.005	  1.203	  0.000
50	  1.560	 77.879	  1.005	  1.203	  0.000
51	  1.560	 79.394	  1.005	  1.203	  0.000
52	  1.560	 80.909	  1.005	  1.203	  0.000
53	  1.560	 82.424	  1.005	  1.203	  0.000
54	  1.560	 83.940	  1.005	  1.203	  0.000
55	  1.560	 85.455	  1.005	  1.203	  0.000
56	  1.560	 86.970	  1.005	  1.203	  0.000
57	  1.560	 88.485	  1.005	  1.203	  0.000
58	  1.560	 90.000	  1.005	  1.203	  0.000
59	  1.560	 91.515	  1.005	  1.203	  0.000
60	  1.560	 93.030	  1.005	  1.203	  0.000
61	  1.560	 94.546	  1.005	  1.203	  0.000
62	  1.560	 96.061	  1.005	  1.203	  0.000
63	  1.560	 97.576	  1.005	  1.203	  0.000
64	  1.560	 99.091	  1.005	  1.203	  0.000
65	  1.560	100.606	  1.005	  1.203	  0.000
0	  1.680	  2.266	  1.005	  1.215	  0.000
1	  1.680	  3.782	  1.005	  1.215	  0.000
2	  1.680	  5.297	  1.005	  1.215	  0.000
3	  1.680	  6.812	  1.005	  1.215	  0.000
4	  1.680	  8.327	  1.005	  1.215	  0.000
5	  1.680	  9.842	  1.005	  1.215	  0.000
6	  1.680	 11.357	  1.005	  1.215	  0.000
7	  1.680	 12.873	  1.005	  1.215	  0.000
8	  1.680	 14.388	  1.005	  1.215	  0.000
9	  1.680	 15.903	  1.005	  1.215	  0.000
10	  1.680	 17.418	  1.005	  1.215	  0.000
11	  1.680	 18.933	  1.005	  1.215	  0.000
12	  1.680	 20.448	  1.005	  1.215	  0.000
13	  1.680	 21.963	  1.005	  1.215	  0.000
14	  1.680	 23.479	  1.005	  1.215	  0.000
15	  1.680	 24.994	  1.005	  1.215	  0.000
16	  1.680	 26.509	  1.005	  1.215	  0.000
17	  1.680	 28.024	  1.005	  1.215	  0.000
18	  1.680	 29.539	  1.005	  1.215	  0.000
19	  1.680	 31.054	  1.005	  1.215	  0.000
20	  1.680	 32.569	  1.005	  1.215	  0.000
21	  1.680	 34.085	  1.005	  1.215	  0.000
22	  1.680	 35.600	  1.005	  1.215	  0.000
23	  1.680	 37.115	  1.005	  1.215	  0.000
24	  1.680	 38.630	  1.005	  1.215	  0.000
25	  1.680	 40.145	  1.005	  1.215	  0.000
26	  1.680	 41.660	  1.005	  1.215	  0.000
27	  1.680	 43.176	  1.005	  1.215	  0.000
28	  1.680	 44.691	  1.005	  1.215	  0.000
29	  1.680	 46.206	  1.005	  1.215	  0.000
30	  1.680	 47.721	  1.005	  1.215	  0.000
31	  1.680	 49.236	  1.005	  1.215	  0.000
32	  1.680	 50.751	  1.005	  1.215	  0.000
33	  1.680	 52.266	  1.005	  1.215	  0.000
34	  1.680	 53.782	  1.005	  1.215	  0.000
35	  1.680	 55.297	  1.005	  1.215	  0.000
36	  1.680	 56.812	  1.005	  1.215	  0.000
37	  1.680	 58.327	  1.005	  1.215	  0.000
38	  1.680	 59.842	  1.005	  1.215	  0.000
39	  1.680	 61.357	  1.005	  1.215	  0.000
40	  1.680	 62.873	  1.005	  1.215	  0.000
41	  1.680	 64.388	  1.005	  1.215	  0.000
42	  1.680	 65.903	  1.005	  1.215	  0.000
43	  1.680	 67.418	  1.005	  1.215	  0.000
44	  1.680	 68.933	  1.005	  1.215	  0.000
45	  1.680	 70.448	  1.005	  1.215	  0.000
46	  1.680	 71.963	  1.005	  1.215	  0.000
47	  1.680	 73.479	  1.005	  1.215	  0.000
48	  1.680	 74.994	  1.005	  1.215	  0.000
49	  1.680	 76.509	  1.005	  1.215	  0.000
50	  1.680	 78.024	  1.005	  1.215	  0.000
51	  1.680	 79.539	  1.005	  1.215	  0.000
52	  1.680	 81.054	  1.005	  1.215	  0.000
53	  1.680	 82.569	  1.005	  1.215	  0.000
54	  1.680	 84.085	  1.005	  1.215	  0.000
55	  1.680	 85.600	  1.005	  1.215	  0.000
56	  1.680	 87.115	  1.005	  1.215	  0.000
57	  1.680	 88.630	  1.005	  1.215	  0.000
58	  1.680	 90.145	  1.005	  1.215	  0.000
59	  1.680	 91.660	  1.005	  1.215	  0.000
60	  1.680	 93.176	  1.005	  1.215	  0.000
61	  1.680	 94.691	  1.005	  1.215	  0.000
62	  1.680	 96.206	  1.005	  1.215	  0.000
63	  1.680	 97.721	  1.005	  1.215	  0.000
64	  1.680	 99.236	  1.005	  1.215	  0.000
65	  1.680	100.751	  1.005	  1.215	  0.000
0	  1.800	  2.413	  1.005	  1.224	  0.000
1	  1.800	  3.928	  1.005	  1.224	  0.000
2	  1.800	  5.443	  1.005	  1.224	  0.000
3	  1.800	  6.958	  1.005	  1.224	  0.000
4	  1.800	  8.473	  1.005	  1.224	  0.000
5	  1.800	  9.989	  1.005	  1.224	  0.000
6	  1.800	 11.504	  1.005	  1.224	  0.000
7	  1.800	 13.019	  1.005	  1.224	  0.000
8	  1.800	 14.534	  1.005	  1.224	  0.000
9	  1.800	 16.049	  1.005	  1.224	  0.000
10	  1.800	 17.564	  1.005	  1.224	  0.000
11	  1.800	 19.079	  1.005	  1.224	  0.000
12	  1.800	 20.595	  1.005	  1.224	  0.000
13	  1.800	 22.110	  1.005	  1.224	  0.000
14	  1.800	 23.625	  1.005	  1.224	  0.000
15	  1.800	 25.140	  1.005	  1.224	  0.000
16	  1.800	 26.655	  1.005	  1.224	  0.000
17	  1.800	 28.170	  1.005	  1.224	  0.000
18	  1.800	 29.686	  1.005	  1.224	  0.000
19	  1.800	 31.201	  1.005	  1.224	  0.000
20	  1.800	 32.716	  1.005	  1.224	  0.000
21	  1.800	 34.231	  1.005	  1.224	  0.000
22	  1.800	 35.746	  1.005	  1.224	  0.000
23	  1.800	 37.261	  1.005	  1.224	  0.000
24	  1.800	 38.776	  1.005	  1.224	  0.000
25	  1.800	 40.292	  1.005	  1.224	  0.000
26	  1.800	 41.807	  1.005	  1.224	  0.000
27	  1.800	 43.322	  1.005	  1.224	  0.000
28	  1.800	 44.837	  1.005	  1.224	  0.000
29	  1.800	 46.352	  1.005	  1.224	  0.000
30	  1.800	 47.867	  1.005	  1.224	  0.000
31	  1.800	 49.382	  1.005	  1.224	  0.000
32	  1.800	 50.898	  1.005	  1.224	  0.000
33	  1.800	 52.413	  1.005	  1.224	  0.000
34	  1.800	 53.928	  1.005	  1.224	  0.000
35	  1.800	 55.443	  1.005	  1.224	  0.000
36	  1.800	 56.958	  1.005	  1.224	  0.000
37	  1.800	 58.473	  1.005	  1.224	  0.000
38	  1.800	 59.989	  1.005	  1.224	  0.000
39	  1.800	 61.504	  1.005	  1.224	  0.000
40	  1.800	 63.019	  1.005	  1.224	  0.000
41	  1.800	 64.534	  1.005	  1.224	  0.000
42	  1.800	 66.049	  1.005	  1.224	  0.000
43	  1.800	 67.564	  1.005	  1.224	  0.000
44	  1.800	 69.079	  1.005	  1.224	  0.000
45	  1.800	 70.595	  1.005	  1.224	  0.000
46	  1.800	 72.110	  1.005	  1.224	  0.000
47	  1.800	 73.625	  1.005	  1.224	  0.000
48	  1.800	 75.140	  1.005	  1.224	  0.000
49	  1.800	 76.655	  1.005	  1.224	  0.000
50	  1.800	 78.170	  1.005	  1.224	  0.000
51	  1.800	 79.686	  1.005	  1.224	  0.000
52	  1.800	 81.201	  1.005	  1.224	  0.000
53	  1.800	 82.716	  1.005	  1.224	  0.000
54	  1.800	 84.231	  1.005	  1.224	  0.000
55	  1.800	 85.746	  1.005	  1.224	  0.000
56	  1.800	 87.261	  1.005	  1.224	  0.000
57	  1.800	 88.776	  1.005	  1.224	  0.000
58	  1.800	 90.292	  1.005	  1.224	  0.000
59	  1.800	 91.807	  1.005	  1.224	  0.000
60	  1.800	 93.322	  1.005	  1.224	  0.000
61	  1.800	 94.837	  1.005	  1.224	  0.000
62	  1.800	 96.352	  1.005	  1.224	  0.000
63	  1.800	 97.867	  1.005	  1.224	  0.000
64	  1.800	 99.382	  1.005	  1.224	  0.000
65	  1.800	100.898	  1.005	  1.224	  0.000
0	  1.920	  2.560	  1.005	  1.231	  0.000
1	  1.920	  4.075	  1.005	  1.231	  0.000
2	  1.920	  5.590	  1.005	  1.231	  0.000
3	  1.920	  7.106	  1.005	  1.231	  0.000
4	  1.920	  8.621	  1.005	  1.231	  0.000
5	  1.920	 10.136	  1.005	  1.231	  0.000
6	  1.920	 11.651	  1.005	  1.231	  0.000
7	  1.920	 13.166	  1.005	  1.231	  0.000
8	  1.920	 14.681	  1.005	  1.231	  0.000
9	  1.920	 16.196	  1.005	  1.231	  0.000
10	  1.920	 17.712	  1.005	  1.231	  0.000
11	  1.920	 19.227	  1.005	  1.231	  0.000
12	  1.920	 20.742	  1.005	  1.231	  0.000
13	  1.920	 22.257	  1.005	  1.231	  0.000
14	  1.920	 23.772	  1.005	  1.231	  0.000
15	  1.920	 25.287	  1.005	  1.231	  0.000
16	  1.920	 26.802	  1.005	  1.231	  0.000
17	  1.920	 28.318	  1.005	  1.231	  0.000
18	  1.920	 29.833	  1.005	  1.231	  0.000
19	  1.920	 31.348	  1.005	  1.231	  0.000
20	  1.920	 32.863	  1.005	  1.231	  0.000
21	  1.920	 34.378	  1.005	  1.231	  0.000
22	  1.920	 35.893	  1.005	  1.231	  0.000
23	  1.920	 37.409	  1.005	  1.231	  0.000
24	  1.920	 38.924	  1.005	  1.231	  0.000
25	  1.920	 40.439	  1.005	  1.231	  0.000
26	  1.920	 41.954	  1.005	  1.231	  0.000
27	  1.920	 43.469	  1.005	  1.231	  0.000
28	  1.920	 44.984	  1.005	  1.231	  0.000
29	  1.920	 46.499	  1.005	  1.231	  0.000
30	  1.920	 48.015	  1.005	  1.231	  0.000
31	  1.920	 49.530	  1.005	  1.231	  0.000
32	  1.920	 51.045	  1.005	  1.231	  0.000
33	  1.920	 52.560	  1.005	  1.231	  0.000
34	  1.920	 54.075	  1.005	  1.231	  0.000
35	  1.920	 55.590	  1.005	  1.231	  0.000
36	  1.920	 57.106	  1.005	  1.231	  0.000
37	  1.920	 58.621	  1.005	  1.231	  0.000
38	  1.920	 60.136	  1.005	  1.231	  0.000
39	  1.920	 61.651	  1.005	  1.231	  0.000
40	  1.920	 63.166	  1.005	  1.231	  0.000
41	  1.920	 64.681	  1.005	  1.231	  0.000
42	  1.920	 66.196	  1.005	  1.231	  0.000
43	  1.920	 67.712	  1.005	  1.231	  0.000
44	  1.920	 69.227	  1.005	  1.231	  0.000
45	  1.920	 70.742	  1.005	  1.231	  0.000
46	  1.920	 72.257	  1.005	  1.231	  0.000
47	  1.920	 73.772	  1.005	  1.231	  0.000
48	  1.920	 75.287	  1.005	  1.231	  0.000
49	  1.920	 76.802	  1.005	  1.231	  0.000
50	  1.920	 78.318	  1.005	  1.231	  0.000
51	  1.920	 79.833	  1.005	  1.231	  0.000
52	  1.920	 81.348	  1.005	  1.231	  0.000
53	  1.920	 82.863	  1.005	  1.231	  0.000
54	  1.920	 84.378	  1.005	  1.231	  0.000
55	  1.920	 85.893	  1.005	  1.231	  0.000
56	  1.920	 87.409	  1.005	  1.231	  0.000
57	  1.920	 88.924	  1.005	  1.231	  0.000
58	  1.920	 90.439	  1.005	  1.231	  0.000
59	  1.920	 91.954	  1.005	  1.231	  0.000
60	  1.920	 93.469	  1.005	  1.231	  0.000
61	  1.920	 94.984	  1.005	  1.231	  0.000
62	  1.920	 96.499	  1.005	  1.231	  0.000
63	  1.920	 98.015	  1.005	  1.231	  0.000
64	  1.920	 99.530	  1.005	  1.231	  0.000
65	  1.920	101.045	  1.005	  1.231	  0.000
0	  2.040	  2.708	  1.005	  1.237	  0.000
1	  2.040	  4.223	  1.005	  1.237	  0.000
2	  2.040	  5.738	  1.005	  1.237	  0.000
3	  2.040	  7.254	  1.005	  1.237	  0.000
4	  2.040	  8.769	  1.005	  1.237	  0.000
5	  2.040	 10.284	  1.005	  1.237	  0.000
6	  2.040	 11.799	  1.005	  1.237	  0.000
7	  2.040	 13.314	  1.005	  1.237	  0.000
8	  2.040	 14.829	  1.005	  1.237	  0.000
9	  2.040	 16.344	  1.005	  1.237	  0.000
10	  2.040	 17.860	  1.005	  1.237	  0.000
11	  2.040	 19.375	  1.005	  1.237	  0.000
12	  2.040	 20.890	  1.005	  1.237	  0.000
13	  2.040	 22.405	  1.005	  1.237	  0.000
14	  2.040	 23.920	  1.005	  1.237	  0.000
15	  2.040	 25.435	  1.005	  1.237	  0.000
16	  2.040	 26.951	  1.005	  1.237	  0.000
17	  2.040	 28.466	  1.005	  1.237	  0.000
18	  2.040	 29.981	  1.005	  1.237	  0.000
19	  2.040	 31.496	  1.005	  1.237	  0.000
20	  2.040	 33.011	  1.005	  1.237	  0.000
21	  2.040	 34.526	  1.005	  1.237	  0.000
22	  2.040	 36.041	  1.005	  1.237	  0.000
23	  2.040	 37.557	  1.005	  1.237	  0.000
24	  2.040	 39.072	  1.005	  1.237	  0.000
25	  2.040	 40.587	  1.005	  1.237	  0.000
26	  2.040	 42.102	  1.005	  1.237	  0.000
27	  2.040	 43.617	  1.005	  1.237	  0.000
28	  2.040	 45.132	  1.005	  1.237	  0.000
29	  2.040	 46.647	  1.005	  1.237	  0.000
30	  2.040	 48.163	  1.005	  1.237	  0.000
31	  2.040	 49.678	  1.005	  1.237	  0.000
32	  2.040	 51.193	  1.005	  1.237	  0.000
33	  2.040	 52.708	  1.005	  1.237	  0.000
34	  2.040	 54.223	  1.005	  1.237	  0.000
35	  2.040	 55.738	  1.005	  1.237	  0.000
36	  2.040	 57.254	  1.005	  1.237	  0.000
37	  2.040	 58.769	  1.005	  1.237	  0.000
38	  2.040	 60.284	  1.005	  1.237	  0.000
39	  2.040	 61.799	  1.005	  1.237	  0.000
40	  2.040	 63.314	  1.005	  1.237	  0.000
41	  2.040	 64.829	  1.005	  1.237	  0.000
42	  2.040	 66.344	  1.005	  1.237	  0.000
43	  2.040	 67.860	  1.005	  1.237	  0.000
44	  2.040	 69.375	  1.005	  1.237	  0.000
45	  2.040	 70.890	  1.005	  1.237	  0.000
46	  2.040	 72.405	  1.005	  1.237	  0.000
47	  2.040	 73.920	  1.005	  1.237	  0.000
48	  2.040	 75.435	  1.005	  1.237	  0.000
49	  2.040	 76.951	  1.005	  1.237	  0.000
50	  2.040	 78.466	  1.005	  1.237	  0.000
51	  2.040	 79.981	  1.005	  1.237	  0.000
52	  2.040	 81.496	  1.005	  1.237	  0.000
53	  2.040	 83.011	  1.005	  1.237	  0.000
54	  2.040	 84.526	  1.005	  1.237	  0.000
55	  2.040	 86.041	  1.005	  1.237	  0.000
56	  2.040	 87.557	  1.005	  1.237	  0.000
57	  2.040	 89.072	  1.005	  1.237	  0.000
58	  2.040	 90.587	  1.005	  1.237	  0.000
59	  2.040	 92.102	  1.005	  1.237	  0.000
60	  2.040	 93.617	  1.005	  1.237	  0.000
61	  2.040	 95.132	  1.005	  1.237	  0.000
62	  2.040	 96.647	  1.005	  1.237	  0.000
63	  2.040	 98.163	  1.005	  1.237	  0.000
64	  2.040	 99.678	  1.005	  1.237	  0.000
65	  2.040	101.193	  1.005	  1.237	  0.000
0	  2.160	  2.857	  1.005	  1.241	  0.000
1	  2.160	  4.372	  1.005	  1.241	  0.000
2	  2.160	  5.887	  1.005	  1.241	  0.000
3	  2.160	  7.402	  1.005	  1.241	  0.000
4	  2.160	  8.917	  1.005	  1.241	  0.000
5	  2.160	 10.432	  1.005	  1.241	  0.000
6	  2.160	 11.948	  1.005	  1.241	  0.000
7	  2.160	 13.463	  1.005	  1.241	  0.000
8	  2.160	 14.978	  1.005	  1.241	  0.000
9	  2.160	 16.493	  1.005	  1.241	  0.000
10	  2.160	 18.008	  1.005	  1.241	  0.000
11	  2.160	 19.523	  1.005	  1.241	  0.000
12	  2.160	 21.039	  1.005	  1.241	  0.000
13	  2.160	 22.554	  1.005	  1.241	  0.000
14	  2.160	 24.069	  1.005	  1.241	  0.000
15	  2.160	 25.584	  1.005	  1.241	  0.000
16	  2.160	 27.099	  1.005	  1.241	  0.000
17	  2.160	 28.614	  1.005	  1.241	  0.000
18	  2.160	 30.129	  1.005	  1.241	  0.000
19	  2.160	 31.645	  1.005	  1.241	  0.000
20	  2.160	 33.160	  1.005	  1.241	  0.000
21	  2.160	 34.675	  1.005	  1.241	  0.000
22	  2.160	 36.190	  1.005	  1.241	  0.000
23	  2.160	 37.705	  1.005	  1.241	  0.000
24	  2.160	 39.220	  1.005	  1.241	  0.000
25	  2.160	 40.736	  1.005	  1.241	  0.000
26	  2.160	 42.251	  1.005	  1.241	  0.000
27	  2.160	 43.766	  1.005	  1.241	  0.000
28	  2.160	 45.281	  1.005	  1.241	  0.000
29	  2.160	 46.796	  1.005	  1.241	  0.000
30	  2.160	 48.311	  1.005	  1.241	  0.000
31	  2.160	 49.826	  1.005	  1.241	  0.000
32	  2.160	 51.342	  1.005	  1.241	  0.000
33	  2.160	 52.857	  1.005	  1.241	  0.000
34	  2.160	 54.372	  1.005	  1.241	  0.000
35	  2.160	 55.887	  1.005	  1.241	  0.000
36	  2.160	 57.402	  1.005	  1.241	  0.000
37	  2.160	 58.917	  1.005	  1.241	  0.000
38	  2.160	 60.432	  1.005	  1.241	  0.000
39	  2.160	 61.948	  1.005	  1.241	  0.000
40	  2.160	 63.463	  1.005	  1.241	  0.000
41	  2.160	 64.978	  1.005	  1.241	  0.000
42	  2.160	 66.493	  1.005	  1.241	  0.000
43	  2.160	 68.008	  1.005	  1.241	  0.000
44	  2.160	 69.523	  1.005	  1.241	  0.000
45	  2.160	 71.039	  1.005	  1.241	  0.000
46	  2.160	 72.554	  1.005	  1.241	  0.000
47	  2.160	 74.069	  1.005	  1.241	  0.000
48	  2.160	 75.584	  1.005	  1.241	  0.000
49	  2.160	 77.099	  1.005	  1.241	  0.000
50	  2.160	 78.614	  1.005	  1.241	  0.000
51	  2.160	 80.129	  1.005	  1.241	  0.000
52	  2.160	 81.645	  1.005	  1.241	  0.000
53	  2.160	 83.160	  1.005	  1.241	  0.000
54	  2.160	 84.675	  1.005	  1.241	  0.000
55	  2.160	 86.190	  1.005	  1.241	  0.000
56	  2.160	 87.705	  1.005	  1.241	  0.000
57	  2.160	 89.220	  1.005	  1.241	  0.000
58	  2.160	 90.736	  1.005	  1.241	  0.000
59	  2.160	 92.251	  1.005	  1.241	  0.000
60	  2.160	 93.766	  1.005	  1.241	  0.000
61	  2.160	 95.281	  1.005	  1.241	  0.000
62	  2.160	 96.796	  1.005	  1.241	  0.000
63	  2.160	 98.311	  1.005	  1.241	  0.000
64	  2.160	 99.826	  1.005	  1.241	  0.000
65	  2.160	101.342	  1.005	  1.241	  0.000
0	  2.280	  3.006	  1.005	  1.244	  0.000
1	  2.280	  4.521	  1.005	  1.244	  0.000
2	  2.280	  6.036	  1.005	  1.244	  0.000
3	  2.280	  7.551	  1.005	  1.244	  0.000
4	  2.280	  9.066	  1.005	  1.244	  0.000
5	  2.280	 10.582	  1.005	  1.244	  0.000
6	  2.280	 12.097	  1.005	  1.244	  0.000
7	  2.280	 13.612	  1.005	  1.244	  0.000
8	  2.280	 15.127	  1.005	  1.244	  0.000
9	  2.280	 16.642	  1.005	  1.244	  0.000
10	  2.280	 18.157	  1.005	  1.244	  0.000
11	  2.280	 19.672	  1.005	  1.244	  0.000
12	  2.280	 21.188	  1.005	  1.244	  0.000
13	  2.280	 22.703	  1.005	  1.244	  0.000
14	  2.280	 24.218	  1.005	  1.244	  0.000
15	  2.280	 25.733	  1.005	  1.244	  0.000
16	  2.280	 27.248	  1.005	  1.244	  0.000
17	  2.280	 28.763	  1.005	  1.244	  0.000
18	  2.280	 30.279	  1.005	  1.244	  0.000
19	  2.280	 31.794	  1.005	  1.244	  0.000
20	  2.280	 33.309	  1.005	  1.244	  0.000
21	  2.280	 34.824	  1.005	  1.244	  0.000
22	  2.280	 36.339	  1.005	  1.244	  0.000
23	  2.280	 37.854	  1.005	  1.244	  0.000
24	  2.280	 39.369	  1.005	  1.244	  0.000
25	  2.280	 40.885	  1.005	  1.244	  0.000
26	  2.280	 42.400	  1.005	  1.244	  0.000
27	  2.280	 43.915	  1.005	  1.244	  0.000
28	  2.280	 45.430	  1.005	  1.244	  0.000
29	  2.280	 46.945	  1.005	  1.244	  0.000
30	  2.280	 48.460	  1.005	  1.244	  0.000
31	  2.280	 49.976	  1.005	  1.244	  0.000
32	  2.280	 51.491	  1.005	  1.244	  0.000
33	  2.280	 53.006	  1.005	  1.244	  0.000
34	  2.280	 54.521	  1.005	  1.244	  0.000
35	  2.280	 56.036	  1.005	  1.244	  0.000
36	  2.280	 57.551	  1.005	  1.244	  0.000
37	  2.280	 59.066	  1.005	  1.244	  0.000
38	  2.280	 60.582	  1.005	  1.244	  0.000
39	  2.280	 62.097	  1.005	  1.244	  0.000
40	  2.280	 63.612	  1.005	  1.244	  0.000
41	  2.280	 65.127	  1.005	  1.244	  0.000
42	  2.280	 66.642	  1.005	  1.244	  0.000
43	  2.280	 68.157	  1.005	  1.244	  0.000
44	  2.280	 69.672	  1.005	  1.244	  0.000
45	  2.280	 71.188	  1.005	  1.244	  0.000
46	  2.280	 72.703	  1.005	  1.244	  0.000
47	  2.280	 74.218	  1.005	  1.244	  0.000
48	  2.280	 75.733	  1.005	  1.244	  0.000
49	  2.280	 77.248	  1.005	  1.244	  0.000
50	  2.280	 78.763	  1.005	  1.244	  0.000
51	  2.280	 80.279	  1.005	  1.244	  0.000
52	  2.280	 81.794	  1.005	  1.244	  0.000
53	  2.280	 83.309	  1.005	  1.244	  0.000
54	  2.280	 84.824	  1.005	  1.244	  0.000
55	  2.280	 86.339	  1.005	  1.244	  0.000
56	  2.280	 87.854	  1.005	  1.244	  0.000
57	  2.280	 89.369	  1.005	  1.244	  0.000
58	  2.280	 90.885	  1.005	  1.244	  0.000
59	  2.280	 92.400	  1.005	  1.244	  0.000
60	  2.280	 93.915	  1.005	  1.244	  0.000
61	  2.280	 95.430	  1.005	  1.244	  0.000
62	  2.280	 96.945	  1.005	  1.244	  0.000
63	  2.280	 98.460	  1.005	  1.244	  0.000
64	  2.280	 99.976	  1.005	  1.244	  0.000
65	  2.280	101.491	  1.005	  1.244	  0.000
0	  2.400	  3.155	  1.005	  1.247	  0.000
1	  2.400	  4.670	  1.005	  1.247	  0.000
2	  2.400	  6.186	  1.005	  1.247	  0.000
3	  2.400	  7.701	  1.005	  1.247	  0.000
4	  2.400	  9.216	  1.005	  1.247	  0.000
5	  2.400	 10.731	  1.005	  1.247	  0.000
6	  2.400	 12.246	  1.005	  1.247	  0.000
7	  2.400	 13.761	  1.005	  1.247	  0.000
8	  2.400	 15.276	  1.005	  1.247	  0.000
9	  2.400	 16.792	  1.005	  1.247	  0.000
10	  2.400	 18.307	  1.005	  1.247	  0.000
11	  2.400	 19.822	  1.005	  1.247	  0.000
12	  2.400	 21.337	  1.005	  1.247	  0.000
13	  2.400	 22.852	  1.005	  1.247	  0.000
14	  2.400	 24.367	  1.005	  1.247	  0.000
15	  2.400	 25.883	  1.005	  1.247	  0.000
16	  2.400	 27.398	  1.005	  1.247	  0.000
17	  2.400	 28.913	  1.005	  1.247	  0.000
18	  2.400	 30.428	  1.005	  1.247	  0.000
19	  2.400	 31.943	  1.005	  1.247	  0.000
20	  2.400	 33.458	  1.005	  1.247	  0.000
21	  2.400	 34.973	  1.005	  1.247	  0.000
22	  2.400	 36.489	  1.005	  1.247	  0.000
23	  2.400	 38.004	  1.005	  1.247	  0.000
24	  2.400	 39.519	  1.005	  1.247	  0.000
25	  2.400	 41.034	  1.005	  1.247	  0.000
26	  2.400	 42.549	  1.005	  1.247	  0.000
27	  2.400	 44.064	  1.005	  1.247	  0.000
28	  2.400	 45.580	  1.005	  1.247	  0.000
29	  2.400	 47.095	  1.005	  1.247	  0.000
30	  2.400	 48.610	  1.005	  1.247	  0.000
31	  2.400	 50.125	  1.005	  1.247	  0.000
32	  2.400	 51.640	  1.005	  1.247	  0.000
33	  2.400	 53.155	  1.005	  1.247	  0.000
34	  2.400	 54.670	  1.005	  1.247	  0.000
35	  2.400	 56.186	  1.005	  1.247	  0.000
36	  2.400	 57.701	  1.005	  1.247	  0.000
37	  2.400	 59.216	  1.005	  1.247	  0.000
38	  2.400	 60.731	  1.005	  1.247	  0.000
39	  2.400	 62.246	  1.005	  1.247	  0.000
40	  2.400	 63.761	  1.005	  1.247	  0.000
41	  2.400	 65.276	  1.005	  1.247	  0.000
42	  2.400	 66.792	  1.005	  1.247	  0.000
43	  2.400	 68.307	  1.005	  1.247	  0.000
44	  2.400	 69.822	  1.005	  1.247	  0.000
45	  2.400	 71.337	  1.005	  1.247	  0.000
46	  2.400	 72.852	  1.005	  1.247	  0.000
47	  2.400	 74.367	  1.005	  1.247	  0.000
48	  2.400	 75.883	  1.005	  1.247	  0.000
49	  2.400	 77.398	  1.005	  1.247	  0.000
50	  2.400	 78.913	  1.005	  1.247	  0.000
51	  2.400	 80.428	  1.005	  1.247	  0.000
52	  2.400	 81.943	  1.005	  1.247	  0.000
53	  2.400	 83.458	  1.005	  1.247	  0.000
54	  2.400	 84.973	  1.005	  1.247	  0.000
55	  2.400	 86.489	  1.005	  1.247	  0.000
56	  2.400	 88.004	  1.005	  1.247	  0.000
57	  2.400	 89.519	  1.005	  1.247	  0.000
58	  2.400	 91.034	  1.005	  1.247	  0.000
59	  2.400	 92.549	  1.005	  1.247	  0.000
60	  2.400	 94.064	  1.005	  1.247	  0.000
61	  2.400	 95.580	  1.005	  1.247	  0.000
62	  2.400	 97.095	  1.005	  1.247	  0.000
63	  2.400	 98.610	  1.005	  1.247	  0.000
64	  2.400	100.125	  1.005	  1.247	  0.000
65	  2.400	101.640	  1.005	  1.247	  0.000
0	  2.520	  3.305	  1.005	  1.249	  0.000
1	  2.520	  4.820	  1.005	  1.249	  0.000
2	  2.520	  6.335	  1.005	  1.249	  0.000
3	  2.520	  7.850	  1.005	  1.249	  0.000
4	  2.520	  9.366	  1.005	  1.249	  0.000
5	  2.520	 10.881	  1.005	  1.249	  0.000
6	  2.520	 12.396	  1.005	  1.249	  0.000
7	  2.520	 13.911	  1.005	  1.249	  0.000
8	  2.520	 15.426	  1.005	  1.249	  0.000
9	  2.520	 16.941	  1.005	  1.249	  0.000
10	  2.520	 18.457	  1.005	  1.249	  0.000
11	  2.520	 19.972	  1.005	  1.249	  0.000
12	  2.520	 21.487	  1.005	  1.249	  0.000
13	  2.520	 23.002	  1.005	  1.249	  0.000
14	  2.520	 24.517	  1.005	  1.249	  0.000
15	  2.520	 26.032	  1.005	  1.249	  0.000
16	  2.520	 27.547	  1.005	  1.249	  0.000
17	  2.520	 29.063	  1.005	  1.249	  0.000
18	  2.520	 30.578	  1.005	  1.249	  0.000
19	  2.520	 32.093	  1.005	  1.249	  0.000
20	  2.520	 33.608	  1.005	  1.249	  0.000
21	  2.520	 35.123	  1.005	  1.249	  0.000
22	  2.520	 36.638	  1.005	  1.249	  0.000
23	  2.520	 38.154	  1.005	  1.249	  0.000
24	  2.520	 39.669	  1.005	  1.249	  0.000
25	  2.520	 41.184	  1.005	  1.249	  0.000
26	  2.520	 42.699	  1.005	  1.249	  0.000
27	  2.520	 44.214	  1.005	  1.249	  0.000
28	  2.520	 45.729	  1.005	  1.249	  0.000
29	  2.520	 47.244	  1.005	  1.249	  0.000
30	  2.520	 48.760	  1.005	  1.249	  0.000
31	  2.520	 50.275	  1.005	  1.249	  0.000
32	  2.520	 51.790	  1.005	  1.249	  0.000
33	  2.520	 53.305	  1.005	  1.249	  0.000
34	  2.520	 54.820	  1.005	  1.249	  0.000
35	  2.520	 56.335	  1.005	  1.249	  0.000
36	  2.520	 57.850	  1.005	  1.249	  0.000
37	  2.520	 59.366	  1.005	  1.249	  0.000
38	  2.520	 60.881	  1.005	  1.249	  0.000
39	  2.520	 62.396	  1.005	  1.249	  0.000
40	  2.520	 63.911	  1.005	  1.249	  0.000
41	  2.520	 65.426	  1.005	  1.249	  0.000
42	  2.520	 66.941	  1.005	  1.249	  0.000
43	  2.520	 68.457	  1.005	  1.249	  0.000
44	  2.520	 69.972	  1.005	  1.249	  0.000
45	  2.520	 71.487	  1.005	  1.249	  0.000
46	  2.520	 73.002	  1.005	  1.249	  0.000
47	  2.520	 74.517	  1.005	  1.249	  0.000
48	  2.520	 76.032	  1.005	  1.249	  0.000
49	  2.520	 77.547	  1.005	  1.249	  0.000
50	  2.520	 79.063	  1.005	  1.249	  0.000
51	  2.520	 80.578	  1.005	  1.249	  0.000
52	  2.520	 82.093	  1.005	  1.249	  0.000
53	  2.520	 83.608	  1.005	  1.249	  0.000
54	  2.520	 85.123	  1.005	  1.249	  0.000
55	  2.520	 86.638	  1.005	  1.249	  0.000
56	  2.520	 88.154	  1.005	  1.249	  0.000
57	  2.520	 89.669	  1.005	  1.249	  0.000
58	  2.520	 91.184	  1.005	  1.249	  0.000
59	  2.520	 92.699	  1.005	  1.249	  0.000
60	  2.520	 94.214	  1.005	  1.249	  0.000
61	  2.520	 95.729	  1.005	  1.249	  0.000
62	  2.520	 97.244	  1.005	  1.249	  0.000
63	  2.520	 98.760	  1.005	  1.249	  0.000
64	  2.520	100.275	  1.005	  1.249	  0.000
65	  2.520	101.790	  1.005	  1.249	  0.000
0	  2.640	  3.455	  1.005	  1.251	  0.000
1	  2.640	  4.970	  1.005	  1.251	  0.000
2	  2.640	  6.485	  1.005	  1.251	  0.000
3	  2.640	  8.000	  1.005	  1.251	  0.000
4	  2.640	  9.516	  1.005	  1.251	  0.000
5	  2.640	 11.031	  1.005	  1.251	  0.000
6	  2.640	 12.546	  1.005	  1.251	  0.000
7	  2.640	 14.061	  1.005	  1.251	  0.000
8	  2.640	 15.576	  1.005	  1.251	  0.000
9	  2.640	 17.091	  1.005	  1.251	  0.000
10	  2.640	 18.607	  1.005	  1.251	  0.000
11	  2.640	 20.122	  1.005	  1.251	  0.000
12	  2.640	 21.637	  1.005	  1.251	  0.000
13	  2.640	 23.152	  1.005	  1.251	  0.000
14	  2.640	 24.667	  1.005	  1.251	  0.000
15	  2.640	 26.182	  1.005	  1.251	  0.000
16	  2.640	 27.697	  1.005	  1.251	  0.000
17	  2.640	 29.213	  1.005	  1.251	  0.000
18	  2.640	 30.728	  1.005	  1.251	  0.000
19	  2.640	 32.243	  1.005	  1.251	  0.000
20	  2.640	 33.758	  1.005	  1.251	  0.000
21	  2.640	 35.273	  1.005	  1.251	  0.000
22	  2.640	 36.788	  1.005	  1.251	  0.000
23	  2.640	 38.304	  1.005	  1.251	  0.000
24	  2.640	 39.819	  1.005	  1.251	  0.000
25	  2.640	 41.334	  1.005	  1.251	  0.000
26	  2.640	 42.849	  1.005	  1.251	  0.000
27	  2.640	 44.364	  1.005	  1.251	  0.000
28	  2.640	 45.879	  1.005	  1.251	  0.000
29	  2.640	 47.394	  1.005	  1.251	  0.000
30	  2.640	 48.910	  1.005	  1.251	  0.000
31	  2.640	 50.425	  1.005	  1.251	  0.000
32	  2.640	 51.940	  1.005	  1.251	  0.000
33	  2.640	 53.455	  1.005	  1.251	  0.000
34	  2.640	 54.970	  1.005	  1.251	  0.000
35	  2.640	 56.485	  1.005	  1.251	  0.000
36	  2.640	 58.000	  1.005	  1.251	  0.000
37	  2.640	 59.516	  1.005	  1.251	  0.000
38	  2.640	 61.031	  1.005	  1.251	  0.000
39	  2.640	 62.546	  1.005	  1.251	  0.000
40	  2.640	 64.061	  1.005	  1.251	  0.000
41	  2.640	 65.576	  1.005	  1.251	  0.000
42	  2.640	 67.091	  1.005	  1.251	  0.000
43	  2.640	 68.607	  1.005	  1.251	  0.000
44	  2.640	 70.122	  1.005	  1.251	  0.000
45	  2.640	 71.637	  1.005	  1.251	  0.000
46	  2.640	 73.152	  1.005	  1.251	  0.000
47	  2.640	 74.667	  1.005	  1.251	  0.000
48	  2.640	 76.182	  1.005	  1.251	  0.000
49	  2.640	 77.697	  1.005	  1.251	  0.000
50	  2.640	 79.213	  1.005	  1.251	  0.000
51	  2.640	 80.728	  1.005	  1.251	  0.000
52	  2.640	 82.243	  1.005	  1.251	  0.000
53	  2.640	 83.758	  1.005	  1.251	  0.000
54	  2.640	 85.273	  1.005	  1.251	  0.000
55	  2.640	 86.788	  1.005	  1.251	  0.000
56	  2.640	 88.304	  1.005	  1.251	  0.000
57	  2.640	 89.819	  1.005	  1.251	  0.000
58	  2.640	 91.334	  1.005	  1.251	  0.000
59	  2.640	 92.849	  1.005	  1.251	  0.000
60	  2.640	 94.364	  1.005	  1.251	  0.000
61	  2.640	 95.879	  1.005	  1.251	  0.000
62	  2.640	 97.394	  1.005	  1.251	  0.000
63	  2.640	 98.910	  1.005	  1.251	  0.000
64	  2.640	100.425	  1.005	  1.251	  0.000
65	  2.640	101.940	  1.005	  1.251	  0.000
0	  2.760	  3.605	  1.005	  1.252	  0.000
1	  2.760	  5.120	  1.005	  1.252	  0.000
2	  2.760	  6.635	  1.005	  1.252	  0.000
3	  2.760	  8.151	  1.005	  1.252	  0.000
4	  2.760	  9.666	  1.005	  1.252	  0.000
5	  2.760	 11.181	  1.005	  1.252	  0.000
6	  2.760	 12.696	  1.005	  1.252	  0.000
7	  2.760	 14.211	  1.005	  1.252	  0.000
8	  2.760	 15.726	  1.005	  1.252	  0.000
9	  2.760	 17.242	  1.005	  1.252	  0.000
10	  2.760	 18.757	  1.005	  1.252	  0.000
11	  2.760	 20.272	  1.005	  1.252	  0.000
12	  2.760	 21.787	  1.005	  1.252	  0.000
13	  2.760	 23.302	  1.005	  1.252	  0.000
14	  2.760	 24.817	  1.005	  1.252	  0.000
15	  2.760	 26.332	  1.005	  1.252	  0.000
16	  2.760	 27.848	  1.005	  1.252	  0.000
17	  2.760	 29.363	  1.005	  1.252	  0.000
18	  2.760	 30.878	  1.005	  1.252	  0.000
19	  2.760	 32.393	  1.005	  1.252	  0.000
20	  2.760	 33.908	  1.005	  1.252	  0.000
21	  2.760	 35.423	  1.005	  1.252	  0.000
22	  2.760	 36.939	  1.005	  1.252	  0.000
23	  2.760	 38.454	  1.005	  1.252	  0.000
24	  2.760	 39.969	  1.005	  1.252	  0.000
25	  2.760	 41.484	  1.005	  1.252	  0.000
26	  2.760	 42.999	  1.005	  1.252	  0.000
27	  2.760	 44.514	  1.005	  1.252	  0.000
28	  2.760	 46.029	  1.005	  1.252	  0.000
29	  2.760	 47.545	  1.005	  1.252	  0.000
30	  2.760	 49.060	  1.005	  1.252	  0.000
31	  2.760	 50.575	  1.005	  1.252	  0.000
32	  2.760	 52.090	  1.005	  1.252	  0.000
33	  2.760	 53.605	  1.005	  1.252	  0.000
34	  2.760	 55.120	  1.005	  1.252	  0.000
35	  2.760	 56.635	  1.005	  1.252	  0.000
36	  2.760	 58.151	  1.005	  1.252	  0.000
37	  2.760	 59.666	  1.005	  1.252	  0.000
38	  2.760	 61.181	  1.005	  1.252	  0.000
39	  2.760	 62.696	  1.005	  1.252	  0.000
40	  2.760	 64.211	  1.005	  1.252	  0.000
41	  2.760	 65.726	  1.005	  1.252	  0.000
42	  2.760	 67.242	  1.005	  1.252	  0.000
43	  2.760	 68.757	  1.005	  1.252	  0.000
44	  2.760	 70.272	  1.005	  1.252	  0.000
45	  2.760	 71.787	  1.005	  1.252	  0.000
46	  2.760	 73.302	  1.005	  1.252	  0.000
47	  2.760	 74.817	  1.005	  1.252	  0.000
48	  2.760	 76.332	  1.005	  1.252	  0.000
49	  2.760	 77.848	  1.005	  1.252	  0.000
50	  2.760	 79.363	  1.005	  1.252	  0.000
51	  2.760	 80.878	  1.005	  1.252	  0.000
52	  2.760	 82.393	  1.005	  1.252	  0.000
53	  2.760	 83.908	  1.005	  1.252	  0.000
54	  2.760	 85.423	  1.005	  1.252	  0.000
55	  2.760	 86.939	  1.005	  1.252	  0.000
56	  2.760	 88.454	  1.005	  1.252	  0.000
57	  2.760	 89.969	  1.005	  1.252	  0.000
58	  2.760	 91.484	  1.005	  1.252	  0.000
59	  2.760	 92.999	  1.005	  1.252	  0.000
60	  2.760	 94.514	  1.005	  1.252	  0.000
61	  2.760	 96.029	  1.005	  1.252	  0.000
62	  2.760	 97.545	  1.005	  1.252	  0.000
63	  2.760	 99.060	  1.005	  1.252	  0.000
64	  2.760	100.575	  1.005	  1.252	  0.000
65	  2.760	102.090	  1.005	  1.252	  0.000
0	  2.880	  3.755	  1.005	  1.253	  0.000
1	  2.880	  5.271	  1.005	  1.253	  0.000
2	  2.880	  6.786	  1.005	  1.253	  0.000
3	  2.880	  8.301	  1.005	  1.253	  0.000
4	  2.880	  9.816	  1.005	  1.253	  0.000
5	  2.880	 11.331	  1.005	  1.253	  0.000
6	  2.880	 12.846	  1.005	  1.253	  0.000
7	  2.880	 14.362	  1.005	  1.253	  0.000
8	  2.880	 15.877	  1.005	  1.253	  0.000
9	  2.880	 17.392	  1.005	  1.253	  0.000
10	  2.880	 18.907	  1.005	  1.253	  0.000
11	  2.880	 20.422	  1.005	  1.253	  0.000
12	  2.880	 21.937	  1.005	  1.253	  0.000
13	  2.880	 23.452	  1.005	  1.253	  0.000
14	  2.880	 24.968	  1.005	  1.253	  0.000
15	  2.880	 26.483	  1.005	  1.253	  0.000
16	  2.880	 27.998	  1.005	  1.253	  0.000
17	  2.880	 29.513	  1.005	  1.253	  0.000
18	  2.880	 31.028	  1.005	  1.253	  0.000
19	  2.880	 32.543	  1.005	  1.253	  0.000
20	  2.880	 34.059	  1.005	  1.253	  0.000
21	  2.880	 35.574	  1.005	  1.253	  0.000
22	  2.880	 37.089	  1.005	  1.253	  0.000
23	  2.880	 38.604	  1.005	  1.253	  0.000
24	  2.880	 40.119	  1.005	  1.253	  0.000
25	  2.880	 41.634	  1.005	  1.253	  0.000
26	  2.880	 43.149	  1.005	  1.253	  0.000
27	  2.880	 44.665	  1.005	  1.253	  0.000
28	  2.880	 46.180	  1.005	  1.253	  0.000
29	  2.880	 47.695	  1.005	  1.253	  0.000
30	  2.880	 49.210	  1.005	  1.253	  0.000
31	  2.880	 50.725	  1.005	  1.253	  0.000
32	  2.880	 52.240	  1.005	  1.253	  0.000
33	  2.880	 53.755	  1.005	  1.253	  0.000
34	  2.880	 55.271	  1.005	  1.253	  0.000
35	  2.880	 56.786	  1.005	  1.253	  0.000
36	  2.880	 58.301	  1.005	  1.253	  0.000
37	  2.880	 59.816	  1.005	  1.253	  0.000
38	  2.880	 61.331	  1.005	  1.253	  0.000
39	  2.880	 62.846	  1.005	  1.253	  0.000
40	  2.880	 64.362	  1.005	  1.253	  0.000
41	  2.880	 65.877	  1.005	  1.253	  0.000
42	  2.880	 67.392	  1.005	  1.253	  0.000
43	  2.880	 68.907	  1.005	  1.253	  0.000
44	  2.880	 70.422	  1.005	  1.253	  0.000
45	  2.880	 71.937	  1.005	  1.253	  0.000
46	  2.880	 73.452	  1.005	  1.253	  0.000
47	  2.880	 74.968	  1.005	  1.253	  0.000
48	  2.880	 76.483	  1.005	  1.253	  0.000
49	  2.880	 77.998	  1.005	  1.253	  0.000
50	  2.880	 79.513	  1.005	  1.253	  0.000
51	  2.880	 81.028	  1.005	  1.253	  0.000
52	  2.880	 82.543	  1.005	  1.253	  0.000
53	  2.880	 84.059	  1.005	  1.253	  0.000
54	  2.880	 85.574	  1.005	  1.253	  0.000
55	  2.880	 87.089	  1.005	  1.253	  0.000
56	  2.880	 88.604	  1.005	  1.253	  0.000
57	  2.880	 90.119	  1.005	  1.253	  0.000
58	  2.880	 91.634	  1.005	  1.253	  0.000
59	  2.880	 93.149	  1.005	  1.253	  0.000
60	  2.880	 94.665	  1.005	  1.253	  0.000
61	  2.880	 96.180	  1.005	  1.253	  0.000
62	  2.880	 97.695	  1.005	  1.253	  0.000
63	  2.880	 99.210	  1.005	  1.253	  0.000
64	  2.880	100.725	  1.005	  1.253	  0.000
65	  2.880	102.240	  1.005	  1.253	  0.000
0	  3.000	  3.906	  1.005	  1.254	  0.000
1	  3.000	  5.421	  1.005	  1.254	  0.000
2	  3.000	  6.936	  1.005	  1.254	  0.000
3	  3.000	  8.451	  1.005	  1.254	  0.000
4	  3.000	  9.967	  1.005	  1.254	  0.000
5	  3.000	 11.482	  1.005	  1.254	  0.000
6	  3.000	 12.997	  1.005	  1.254	  0.000
7	  3.000	 14.512	  1.005	  1.254	  0.000
8	  3.000	 16.027	  1.005	  1.254	  0.000
9	  3.000	 17.542	  1.005	  1.254	  0.000
10	  3.000	 19.057	  1.005	  1.254	  0.000
11	  3.000	 20.573	  1.005	  1.254	  0.000
12	  3.000	 22.088	  1.005	  1.254	  0.000
13	  3.000	 23.603	  1.005	  1.254	  0.000
14	  3.000	 25.118	  1.005	  1.254	  0.000
15	  3.000	 26.633	  1.005	  1.254	  0.000
16	  3.000	 28.148	  1.005	  1.254	  0.000
17	  3.000	 29.663	  1.005	  1.254	  0.000
18	  3.000	 31.179	  1.005	  1.254	  0.000
19	  3.000	 32.694	  1.005	  1.254	  0.000
20	  3.000	 34.209	  1.005	  1.254	  0.000
21	  3.000	 35.724	  1.005	  1.254	  0.000
22	  3.000	 37.239	  1.005	  1.254	  0.000
23	  3.000	 38.754	  1.005	  1.254	  0.000
24	  3.000	 40.270	  1.005	  1.254	  0.000
25	  3.000	 41.785	  1.005	  1.254	  0.000
26	  3.000	 43.300	  1.005	  1.254	  0.000
27	  3.000	 44.815	  1.005	  1.254	  0.000
28	  3.000	 46.330	  1.005	  1.254	  0.000
29	  3.000	 47.845	  1.005	  1.254	  0.000
30	  3.000	 49.360	  1.005	  1.254	  0.000
31	  3.000	 50.876	  1.005	  1.254	  0.000
32	  3.000	 52.391	  1.005	  1.254	  0.000
33	  3.000	 53.906	  1.005	  1.254	  0.000
34	  3.000	 55.421	  1.005	  1.254	  0.000
35	  3.000	 56.936	  1.005	  1.254	  0.000
36	  3.000	 58.451	  1.005	  1.254	  0.000
37	  3.000	 59.967	  1.005	  1.254	  0.000
38	  3.000	 61.482	  1.005	  1.254	  0.000
39	  3.000	 62.997	  1.005	  1.254	  0.000
40	  3.000	 64.512	  1.005	  1.254	  0.000
41	  3.000	 66.027	  1.005	  1.254	  0.000
42	  3.000	 67.542	  1.005	  1.254	  0.000
43	  3.000	 69.057	  1.005	  1.254	  0.000
44	  3.000	 70.573	  1.005	  1.254	  0.000
45	  3.000	 72.088	  1.005	  1.254	  0.000
46	  3.000	 73.603	  1.005	  1.254	  0.000
47	  3.000	 75.118	  1.005	  1.254	  0.000
48	  3.000	 76.633	  1.005	  1.254	  0.000
49	  3.000	 78.148	  1.005	  1.254	  0.000
50	  3.000	 79.663	  1.005	  1.254	  0.000
51	  3.000	 81.179	  1.005	  1.254	  0.000
52	  3.000	 82.694	  1.005	  1.254	  0.000
53	  3.000	 84.209	  1.005	  1.254	  0.000
54	  3.000	 85.724	  1.005	  1.254	  0.000
55	  3.000	 87.239	  1.005	  1.254	  0.000
56	  3.000	 88.754	  1.005	  1.254	  0.000
57	  3.000	 90.270	  1.005	  1.254	  0.000
58	  3.000	 91.785	  1.005	  1.254	  0.000
59	  3.000	 93.300	  1.005	  1.254	  0.000
60	  3.000	 94.815	  1.005	  1.254	  0.000
61	  3.000	 96.330	  1.005	  1.254	  0.000
62	  3.000	 97.845	  1.005	  1.254	  0.000
63	  3.000	 99.360	  1.005	  1.254	  0.000
64	  3.000	100.876	  1.005	  1.254	  0.000
65	  3.000	102.391	  1.005	  1.254	  0.000
