# id	 time	 x	 y	 vx	 vy
0	  0.000	  0.769	  1.000	  0.010	  0.010
1	  0.000	  2.308	  1.000	  0.010	  0.010
2	  0.000	  3.846	  1.000	  0.010	  0.010
3	  0.000	  5.385	  1.000	  0.010	  0.010
4	  0.000	  6.923	  1.000	  0.010	  0.010
5	  0.000	  8.462	  1.000	  0.010	  0.010
6	  0.000	 10.000	  1.000	  0.010	  0.010
7	  0.000	 11.538	  1.000	  0.010	  0.010
8	  0.000	 13.077	  1.000	  0.010	  0.010
9	  0.000	 14.615	  1.000	  0.010	  0.010
10	  0.000	 16.154	  1.000	  0.010	  0.010
11	  0.000	 17.692	  1.000	  0.010	  0.010
12	  0.000	 19.231	  1.000	  0.010	  0.010
13	  0.000	 20.769	  1.000	  0.010	  0.010
14	  0.000	 22.308	  1.000	  0.010	  0.010
15	  0.000	 23.846	  1.000	  0.010	  0.010
16	  0.000	 25.385	  1.000	  0.010	  0.010
17	  0.000	 26.923	  1.000	  0.010	  0.010
18	  0.000	 28.462	  1.000	  0.010	  0.010
19	  0.000	 30.000	  1.000	  0.010	  0.010
20	  0.000	 31.538	  1.000	  0.010	  0.010
21	  0.000	 33.077	  1.000	  0.010	  0.010
22	  0.000	 34.615	  1.000	  0.010	  0.010
23	  0.000	 36.154	  1.000	  0.010	  0.010
24	  0.000	 37.692	  1.000	  0.010	  0.010
25	  0.000	 39.231	  1.000	  0.010	  0.010
26	  0.000	 40.769	  1.000	  0.010	  0.010
27	  0.000	 42.308	  1.000	  0.010	  0.010
28	  0.000	 43.846	  1.000	  0.010	  0.010
29	  0.000	 45.385	  1.000	  0.010	  0.010
30	  0.000	 46.923	  1.000	  0.010	  0.010
31	  0.000	 48.462	  1.000	  0.010	  0.010
32	  0.000	 50.000	  1.000	  0.010	  0.010
33	  0.000	 51.538	  1.000	  0.010	  0.010
34	  0.000	 53.077	  1.000	  0.010	  0.010
35	  0.000	 54.615	  1.000	  0.010	  0.010
36	  0.000	 56.154	  1.000	  0.010	  0.010
37	  0.000	 57.692	  1.000	  0.010	  0.010
38	  0.000	 59.231	  1.000	  0.010	  0.010
39	  0.000	 60.769	  1.000	  0.010	  0.010
40	  0.000	 62.308	  1.000	  0.010	  0.010
41	  0.000	 63.846	  1.000	  0.010	  0.010
42	  0.000	 65.385	  1.000	  0.010	  0.010
43	  0.000	 66.923	  1.000	  0.010	  0.010
44	  0.000	 68.462	  1.000	  0.010	  0.010
45	  0.000	 70.000	  1.000	  0.010	  0.010
46	  0.000	 71.538	  1.000	  0.010	  0.010
47	  0.000	 73.077	  1.000	  0.010	  0.010
48	  0.000	 74.615	  1.000	  0.010	  0.010
49	  0.000	 76.154	  1.000	  0.010	  0.010
50	  0.000	 77.692	  1.000	  0.010	  0.010
51	  0.000	 79.231	  1.000	  0.010	  0.010
52	  0.000	 80.769	  1.000	  0.010	  0.010
53	  0.000	 82.308	  1.000	  0.010	  0.010
54	  0.000	 83.846	  1.000	  0.010	  0.010
55	  0.000	 85.385	  1.000	  0.010	  0.010
56	  0.000	 86.923	  1.000	  0.010	  0.010
57	  0.000	 88.462	  1.000	  0.010	  0.010
58	  0.000	 90.000	  1.000	  0.010	  0.010
59	  0.000	 91.538	  1.000	  0.010	  0.010
60	  0.000	 93.077	  1.000	  0.010	  0.010
61	  0.000	 94.615	  1.000	  0.010	  0.010
62	  0.000	 96.154	  1.000	  0.010	  0.010
63	  0.000	 97.692	  1.000	  0.010	  0.010
64	  0.000	 99.231	  1.000	  0.010	  0.010
0	  0.120	  0.787	  1.001	  0.292	  0.008
1	  0.120	  2.325	  1.001	  0.292	  0.008
2	  0.120	  3.864	  1.001	  0.292	  0.008
3	  0.120	  5.402	  1.001	  0.292	  0.008
4	  0.120	  6.940	  1.001	  0.292	  0.008
5	  0.120	  8.479	  1.001	  0.292	  0.008
6	  0.120	 10.017	  1.001	  0.292	  0.008
7	  0.120	 11.556	  1.001	  0.292	  0.008
8	  0.120	 13.094	  1.001	  0.292	  0.008
9	  0.120	 14.633	  1.001	  0.292	  0.008
10	  0.120	 16.171	  1.001	  0.292	  0.008
11	  0.120	 17.710	  1.001	  0.292	  0.008
12	  0.120	 19.248	  1.001	  0.292	  0.008
13	  0.120	 20.787	  1.001	  0.292	  0.008
14	  0.120	 22.325	  1.001	  0.292	  0.008
15	  0.120	 23.864	  1.001	  0.292	  0.008
16	  0.120	 25.402	  1.001	  0.292	  0.008
17	  0.120	 26.940	  1.001	  0.292	  0.008
18	  0.120	 28.479	  1.001	  0.292	  0.008
19	  0.120	 30.017	  1.001	  0.292	  0.008
20	  0.120	 31.556	  1.001	  0.292	  0.008
21	  0.120	 33.094	  1.001	  0.292	  0.008
22	  0.120	 34.633	  1.001	  0.292	  0.008
23	  0.120	 36.171	  1.001	  0.292	  0.008
24	  0.120	 37.710	  1.001	  0.292	  0.008
25	  0.120	 39.248	  1.001	  0.292	  0.008
26	  0.120	 40.787	  1.001	  0.292	  0.008
27	  0.120	 42.325	  1.001	  0.292	  0.008
28	  0.120	 43.864	  1.001	  0.292	  0.008
29	  0.120	 45.402	  1.001	  0.292	  0.008
30	  0.120	 46.940	  1.001	  0.292	  0.008
31	  0.120	 48.479	  1.001	  0.292	  0.008
32	  0.120	 50.017	  1.001	  0.292	  0.008
33	  0.120	 51.556	  1.001	  0.292	  0.008
34	  0.120	 53.094	  1.001	  0.292	  0.008
35	  0.120	 54.633	  1.001	  0.292	  0.008
36	  0.120	 56.171	  1.001	  0.292	  0.008
37	  0.120	 57.710	  1.001	  0.292	  0.008
38	  0.120	 59.248	  1.001	  0.292	  0.008
39	  0.120	 60.787	  1.001	  0.292	  0.008
40	  0.120	 62.325	  1.001	  0.292	  0.008
41	  0.120	 63.864	  1.001	  0.292	  0.008
42	  0.120	 65.402	  1.001	  0.292	  0.008
43	  0.120	 66.940	  1.001	  0.292	  0.008
44	  0.120	 68.479	  1.001	  0.292	  0.008
45	  0.120	 70.017	  1.001	  0.292	  0.008
46	  0.120	 71.556	  1.001	  0.292	  0.008
47	  0.120	 73.094	  1.001	  0.292	  0.008
48	  0.120	 74.633	  1.001	  0.292	  0.008
49	  0.120	 76.171	  1.001	  0.292	  0.008
50	  0.120	 77.710	  1.001	  0.292	  0.008
51	  0.120	 79.248	  1.001	  0.292	  0.008
52	  0.120	 80.787	  1.001	  0.292	  0.008
53	  0.120	 82.325	  1.001	  0.292	  0.008
54	  0.120	 83.864	  1.001	  0.292	  0.008
55	  0.120	 85.402	  1.001	  0.292	  0.008
56	  0.120	 86.940	  1.001	  0.292	  0.008
57	  0.120	 88.479	  1.001	  0.292	  0.008
58	  0.120	 90.017	  1.001	  0.292	  0.008
59	  0.120	 91.556	  1.001	  0.292	  0.008
60	  0.120	 93.094	  1.001	  0.292	  0.008
61	  0.120	 94.633	  1.001	  0.292	  0.008
62	  0.120	 96.171	  1.001	  0.292	  0.008
63	  0.120	 97.710	  1.001	  0.292	  0.008
64	  0.120	 99.248	  1.001	  0.292	  0.008
0	  0.240	  0.834	  1.002	  0.513	  0.006
1	  0.240	  2.373	  1.002	  0.513	  0.006
2	  0.240	  3.911	  1.002	  0.513	  0.006
3	  0.240	  5.450	  1.002	  0.513	  0.006
4	  0.240	  6.988	  1.002	  0.513	  0.006
5	  0.240	  8.527	  1.002	  0.513	  0.006
6	  0.240	 10.065	  1.002	  0.513	  0.006
7	  0.240	 11.604	  1.002	  0.513	  0.006
8	  0.240	 13.142	  1.002	  0.513	  0.006
9	  0.240	 14.680	  1.002	  0.513	  0.006
10	  0.240	 16.219	  1.002	  0.513	  0.006
11	  0.240	 17.757	  1.002	  0.513	  0.006
12	  0.240	 19.296	  1.002	  0.513	  0.006
13	  0.240	 20.834	  1.002	  0.513	  0.006
14	  0.240	 22.373	  1.002	  0.513	  0.006
15	  0.240	 23.911	  1.002	  0.513	  0.006
16	  0.240	 25.450	  1.002	  0.513	  0.006
17	  0.240	 26.988	  1.002	  0.513	  0.006
18	  0.240	 28.527	  1.002	  0.513	  0.006
19	  0.240	 30.065	  1.002	  0.513	  0.006
20	  0.240	 31.604	  1.002	  0.513	  0.006
21	  0.240	 33.142	  1.002	  0.513	  0.006
22	  0.240	 34.680	  1.002	  0.513	  0.006
23	  0.240	 36.219	  1.002	  0.513	  0.006
24	  0.240	 37.757	  1.002	  0.513	  0.006
25	  0.240	 39.296	  1.002	  0.513	  0.006
26	  0.240	 40.834	  1.002	  0.513	  0.006
27	  0.240	 42.373	  1.002	  0.513	  0.006
28	  0.240	 43.911	  1.002	  0.513	  0.006
29	  0.240	 45.450	  1.002	  0.513	  0.006
30	  0.240	 46.988	  1.002	  0.513	  0.006
31	  0.240	 48.527	  1.002	  0.513	  0.006
32	  0.240	 50.065	  1.002	  0.513	  0.006
33	  0.240	 51.604	  1.002	  0.513	  0.006
34	  0.240	 53.142	  1.002	  0.513	  0.006
35	  0.240	 54.680	  1.002	  0.513	  0.006
36	  0.240	 56.219	  1.002	  0.513	  0.006
37	  0.240	 57.757	  1.002	  0.513	  0.006
38	  0.240	 59.296	  1.002	  0.513	  0.006
39	  0.240	 60.834	  1.002	  0.513	  0.006
40	  0.240	 62.373	  1.002	  0.513	  0.006
41	  0.240	 63.911	  1.002	  0.513	  0.006
42	  0.240	 65.450	  1.002	  0.513	  0.006
43	  0.240	 66.988	  1.002	  0.513	  0.006
44	  0.240	 68.527	  1.002	  0.513	  0.006
45	  0.240	 70.065	  1.002	  0.513	  0.006
46	  0.240	 71.604	  1.002	  0.513	  0.006
47	  0.240	 73.142	  1.002	  0.513	  0.006
48	  0.240	 74.680	  1.002	  0.513	  0.006
49	  0.240	 76.219	  1.002	  0.513	  0.006
50	  0.240	 77.757	  1.002	  0.513	  0.006
51	  0.240	 79.296	  1.002	  0.513	  0.006
52	  0.240	 80.834	  1.002	  0.513	  0.006
53	  0.240	 82.373	  1.002	  0.513	  0.006
54	  0.240	 83.911	  1.002	  0.513	  0.006
55	  0.240	 85.450	  1.002	  0.513	  0.006
56	  0.240	 86.988	  1.002	  0.513	  0.006
57	  0.240	 88.527	  1.002	  0.513	  0.006
58	  0.240	 90.065	  1.002	  0.513	  0.006
59	  0.240	 91.604	  1.002	  0.513	  0.006
60	  0.240	 93.142	  1.002	  0.513	  0.006
61	  0.240	 94.680	  1.002	  0.513	  0.006
62	  0.240	 96.219	  1.002	  0.513	  0.006
63	  0.240	 97.757	  1.002	  0.513	  0.006
64	  0.240	 99.296	  1.002	  0.513	  0.006
0	  0.360	  0.906	  1.003	  0.686	  0.005
1	  0.360	  2.444	  1.003	  0.686	  0.005
2	  0.360	  3.983	  1.003	  0.686	  0.005
3	  0.360	  5.521	  1.003	  0.686	  0.005
4	  0.360	  7.060	  1.003	  0.686	  0.005
5	  0.360	  8.598	  1.003	  0.686	  0.005
6	  0.360	 10.137	  1.003	  0.686	  0.005
7	  0.360	 11.675	  1.003	  0.686	  0.005
8	  0.360	 13.213	  1.003	  0.686	  0.005
9	  0.360	 14.752	  1.003	  0.686	  0.005
10	  0.360	 16.290	  1.003	  0.686	  0.005
11	  0.360	 17.829	  1.003	  0.686	  0.005
12	  0.360	 19.367	  1.003	  0.686	  0.005
13	  0.360	 20.906	  1.003	  0.686	  0.005
14	  0.360	 22.444	  1.003	  0.686	  0.005
15	  0.360	 23.983	  1.003	  0.686	  0.005
16	  0.360	 25.521	  1.003	  0.686	  0.005
17	  0.360	 27.060	  1.003	  0.686	  0.005
18	  0.360	 28.598	  1.003	  0.686	  0.005
19	  0.360	 30.137	  1.003	  0.686	  0.005
20	  0.360	 31.675	  1.003	  0.686	  0.005
21	  0.360	 33.213	  1.003	  0.686	  0.005
22	  0.360	 34.752	  1.003	  0.686	  0.005
23	  0.360	 36.290	  1.003	  0.686	  0.005
24	  0.360	 37.829	  1.003	  0.686	  0.005
25	  0.360	 39.367	  1.003	  0.686	  0.005
26	  0.360	 40.906	  1.003	  0.686	  0.005
27	  0.360	 42.444	  1.003	  0.686	  0.005
28	  0.360	 43.983	  1.003	  0.686	  0.005
29	  0.360	 45.521	  1.003	  0.686	  0.005
30	  0.360	 47.060	  1.003	  0.686	  0.005
31	  0.360	 48.598	  1.003	  0.686	  0.005
32	  0.360	 50.137	  1.003	  0.686	  0.005
33	  0.360	 51.675	  1.003	  0.686	  0.005
34	  0.360	 53.213	  1.003	  0.686	  0.005
35	  0.360	 54.752	  1.003	  0.686	  0.005
36	  0.360	 56.290	  1.003	  0.686	  0.005
37	  0.360	 57.829	  1.003	  0.686	  0.005
38	  0.360	 59.367	  1.003	  0.686	  0.005
39	  0.360	 60.906	  1.003	  0.686	  0.005
40	  0.360	 62.444	  1.003	  0.686	  0.005
41	  0.360	 63.983	  1.003	  0.686	  0.005
42	  0.360	 65.521	  1.003	  0.686	  0.005
43	  0.360	 67.060	  1.003	  0.686	  0.005
44	  0.360	 68.598	  1.003	  0.686	  0.005
45	  0.360	 70.137	  1.003	  0.686	  0.005
46	  0.360	 71.675	  1.003	  0.686	  0.005
47	  0.360	 73.213	  1.003	  0.686	  0.005
48	  0.360	 74.752	  1.003	  0.686	  0.005
49	  0.360	 76.290	  1.003	  0.686	  0.005
50	  0.360	 77.829	  1.003	  0.686	  0.005
51	  0.360	 79.367	  1.003	  0.686	  0.005
52	  0.360	 80.906	  1.003	  0.686	  0.005
53	  0.360	 82.444	  1.003	  0.686	  0.005
54	  0.360	 83.983	  1.003	  0.686	  0.005
55	  0.360	 85.521	  1.003	  0.686	  0.005
56	  0.360	 87.060	  1.003	  0.686	  0.005
57	  0.360	 88.598	  1.003	  0.686	  0.005
58	  0.360	 90.137	  1.003	  0.686	  0.005
59	  0.360	 91.675	  1.003	  0.686	  0.005
60	  0.360	 93.213	  1.003	  0.686	  0.005
61	  0.360	 94.752	  1.003	  0.686	  0.005
62	  0.360	 96.290	  1.003	  0.686	  0.005
63	  0.360	 97.829	  1.003	  0.686	  0.005
64	  0.360	 99.367	  1.003	  0.686	  0.005
0	  0.480	  0.996	  1.003	  0.822	  0.004
1	  0.480	  2.534	  1.003	  0.822	  0.004
2	  0.480	  4.073	  1.003	  0.822	  0.004
3	  0.480	  5.611	  1.003	  0.822	  0.004
4	  0.480	  7.150	  1.003	  0.822	  0.004
5	  0.480	  8.688	  1.003	  0.822	  0.004
6	  0.480	 10.227	  1.003	  0.822	  0.004
7	  0.480	 11.765	  1.003	  0.822	  0.004
8	  0.480	 13.304	  1.003	  0.822	  0.004
9	  0.480	 14.842	  1.003	  0.822	  0.004
10	  0.480	 16.381	  1.003	  0.822	  0.004
11	  0.480	 17.919	  1.003	  0.822	  0.004
12	  0.480	 19.457	  1.003	  0.822	  0.004
13	  0.480	 20.996	  1.003	  0.822	  0.004
14	  0.480	 22.534	  1.003	  0.822	  0.004
15	  0.480	 24.073	  1.003	  0.822	  0.004
16	  0.480	 25.611	  1.003	  0.822	  0.004
17	  0.480	 27.150	  1.003	  0.822	  0.004
18	  0.480	 28.688	  1.003	  0.822	  0.004
19	  0.480	 30.227	  1.003	  0.822	  0.004
20	  0.480	 31.765	  1.003	  0.822	  0.004
21	  0.480	 33.304	  1.003	  0.822	  0.004
22	  0.480	 34.842	  1.003	  0.822	  0.004
23	  0.480	 36.381	  1.003	  0.822	  0.004
24	  0.480	 37.919	  1.003	  0.822	  0.004
25	  0.480	 39.457	  1.003	  0.822	  0.004
26	  0.480	 40.996	  1.003	  0.822	  0.004
27	  0.480	 42.534	  1.003	  0.822	  0.004
28	  0.480	 44.073	  1.003	  0.822	  0.004
29	  0.480	 45.611	  1.003	  0.822	  0.004
30	  0.480	 47.150	  1.003	  0.822	  0.004
31	  0.480	 48.688	  1.003	  0.822	  0.004
32	  0.480	 50.227	  1.003	  0.822	  0.004
33	  0.480	 51.765	  1.003	  0.822	  0.004
34	  0.480	 53.304	  1.003	  0.822	  0.004
35	  0.480	 54.842	  1.003	  0.822	  0.004
36	  0.480	 56.381	  1.003	  0.822	  0.004
37	  0.480	 57.919	  1.003	  0.822	  0.004
38	  0.480	 59.457	  1.003	  0.822	  0.004
39	  0.480	 60.996	  1.003	  0.822	  0.004
40	  0.480	 62.534	  1.003	  0.822	  0.004
41	  0.480	 64.073	  1.003	  0.822	  0.004
42	  0.480	 65.611	  1.003	  0.822	  0.004
43	  0.480	 67.150	  1.003	  0.822	  0.004
44	  0.480	 68.688	  1.003	  0.822	  0.004
45	  0.480	 70.227	  1.003	  0.822	  0.004
46	  0.480	 71.765	  1.003	  0.822	  0.004
47	  0.480	 73.304	  1.003	  0.822	  0.004
48	  0.480	 74.842	  1.003	  0.822	  0.004
49	  0.480	 76.381	  1.003	  0.822	  0.004
50	  0.480	 77.919	  1.003	  0.822	  0.004
51	  0.480	 79.457	  1.003	  0.822	  0.004
52	  0.480	 80.996	  1.003	  0.822	  0.004
53	  0.480	 82.534	  1.003	  0.822	  0.004
54	  0.480	 84.073	  1.003	  0.822	  0.004
55	  0.480	 85.611	  1.003	  0.822	  0.004
56	  0.480	 87.150	  1.003	  0.822	  0.004
57	  0.480	 88.688	  1.003	  0.822	  0.004
58	  0.480	 90.227	  1.003	  0.822	  0.004
59	  0.480	 91.765	  1.003	  0.822	  0.004
60	  0.480	 93.304	  1.003	  0.822	  0.004
61	  0.480	 94.842	  1.003	  0.822	  0.004
62	  0.480	 96.381	  1.003	  0.822	  0.004
63	  0.480	 97.919	  1.003	  0.822	  0.004
64	  0.480	 99.457	  1.003	  0.822	  0.004
0	  0.600	  1.101	  1.004	  0.929	  0.003
1	  0.600	  2.639	  1.004	  0.929	  0.003
2	  0.600	  4.178	  1.004	  0.929	  0.003
3	  0.600	  5.716	  1.004	  0.929	  0.003
4	  0.600	  7.255	  1.004	  0.929	  0.003
5	  0.600	  8.793	  1.004	  0.929	  0.003
6	  0.600	 10.331	  1.004	  0.929	  0.003
7	  0.600	 11.870	  1.004	  0.929	  0.003
8	  0.600	 13.408	  1.004	  0.929	  0.003
9	  0.600	 14.947	  1.004	  0.929	  0.003
10	  0.600	 16.485	  1.004	  0.929	  0.003
11	  0.600	 18.024	  1.004	  0.929	  0.003
12	  0.600	 19.562	  1.004	  0.929	  0.003
13	  0.600	 21.101	  1.004	  0.929	  0.003
14	  0.600	 22.639	  1.004	  0.929	  0.003
15	  0.600	 24.178	  1.004	  0.929	  0.003
16	  0.600	 25.716	  1.004	  0.929	  0.003
17	  0.600	 27.255	  1.004	  0.929	  0.003
18	  0.600	 28.793	  1.004	  0.929	  0.003
19	  0.600	 30.331	  1.004	  0.929	  0.003
20	  0.600	 31.870	  1.004	  0.929	  0.003
21	  0.600	 33.408	  1.004	  0.929	  0.003
22	  0.600	 34.947	  1.004	  0.929	  0.003
23	  0.600	 36.485	  1.004	  0.929	  0.003
24	  0.600	 38.024	  1.004	  0.929	  0.003
25	  0.600	 39.562	  1.004	  0.929	  0.003
26	  0.600	 41.101	  1.004	  0.929	  0.003
27	  0.600	 42.639	  1.004	  0.929	  0.003
28	  0.600	 44.178	  1.004	  0.929	  0.003
29	  0.600	 45.716	  1.004	  0.929	  0.003
30	  0.600	 47.255	  1.004	  0.929	  0.003
31	  0.600	 48.793	  1.004	  0.929	  0.003
32	  0.600	 50.331	  1.004	  0.929	  0.003
33	  0.600	 51.870	  1.004	  0.929	  0.003
34	  0.600	 53.408	  1.004	  0.929	  0.003
35	  0.600	 54.947	  1.004	  0.929	  0.003
36	  0.600	 56.485	  1.004	  0.929	  0.003
37	  0.600	 58.024	  1.004	  0.929	  0.003
38	  0.600	 59.562	  1.004	  0.929	  0.003
39	  0.600	 61.101	  1.004	  0.929	  0.003
40	  0.600	 62.639	  1.004	  0.929	  0.003
41	  0.600	 64.178	  1.004	  0.929	  0.003
42	  0.600	 65.716	  1.004	  0.929	  0.003
43	  0.600	 67.255	  1.004	  0.929	  0.003
44	  0.600	 68.793	  1.004	  0.929	  0.003
45	  0.600	 70.331	  1.004	  0.929	  0.003
46	  0.600	 71.870	  1.004	  0.929	  0.003
47	  0.600	 73.408	  1.004	  0.929	  0.003
48	  0.600	 74.947	  1.004	  0.929	  0.003
49	  0.600	 76.485	  1.004	  0.929	  0.003
50	  0.600	 78.024	  1.004	  0.929	  0.003
51	  0.600	 79.562	  1.004	  0.929	  0.003
52	  0.600	 81.101	  1.004	  0.929	  0.003
53	  0.600	 82.639	  1.004	  0.929	  0.003
54	  0.600	 84.178	  1.004	  0.929	  0.003
55	  0.600	 85.716	  1.004	  0.929	  0.003
56	  0.600	 87.255	  1.004	  0.929	  0.003
57	  0.600	 88.793	  1.004	  0.929	  0.003
58	  0.600	 90.331	  1.004	  0.929	  0.003
59	  0.600	 91.870	  1.004	  0.929	  0.003
60	  0.600	 93.408	  1.004	  0.929	  0.003
61	  0.600	 94.947	  1.004	  0.929	  0.003
62	  0.600	 96.485	  1.004	  0.929	  0.003
63	  0.600	 98.024	  1.004	  0.929	  0.003
64	  0.600	 99.562	  1.004	  0.929	  0.003
0	  0.720	  1.217	  1.004	  1.013	  0.002
1	  0.720	  2.755	  1.004	  1.013	  0.002
2	  0.720	  4.294	  1.004	  1.013	  0.002
3	  0.720	  5.832	  1.004	  1.013	  0.002
4	  0.720	  7.371	  1.004	  1.013	  0.002
5	  0.720	  8.909	  1.004	  1.013	  0.002
6	  0.720	 10.448	  1.004	  1.013	  0.002
7	  0.720	 11.986	  1.004	  1.013	  0.002
8	  0.720	 13.525	  1.004	  1.013	  0.002
9	  0.720	 15.063	  1.004	  1.013	  0.002
10	  0.720	 16.602	  1.004	  1.013	  0.002
11	  0.720	 18.140	  1.004	  1.013	  0.002
12	  0.720	 19.679	  1.004	  1.013	  0.002
13	  0.720	 21.217	  1.004	  1.013	  0.002
14	  0.720	 22.755	  1.004	  1.013	  0.002
15	  0.720	 24.294	  1.004	  1.013	  0.002
16	  0.720	 25.832	  1.004	  1.013	  0.002
17	  0.720	 27.371	  1.004	  1.013	  0.002
18	  0.720	 28.909	  1.004	  1.013	  0.002
19	  0.720	 30.448	  1.004	  1.013	  0.002
20	  0.720	 31.986	  1.004	  1.013	  0.002
21	  0.720	 33.525	  1.004	  1.013	  0.002
22	  0.720	 35.063	  1.004	  1.013	  0.002
23	  0.720	 36.602	  1.004	  1.013	  0.002
24	  0.720	 38.140	  1.004	  1.013	  0.002
25	  0.720	 39.679	  1.004	  1.013	  0.002
26	  0.720	 41.217	  1.004	  1.013	  0.002
27	  0.720	 42.755	  1.004	  1.013	  0.002
28	  0.720	 44.294	  1.004	  1.013	  0.002
29	  0.720	 45.832	  1.004	  1.013	  0.002
30	  0.720	 47.371	  1.004	  1.013	  0.002
31	  0.720	 48.909	  1.004	  1.013	  0.002
32	  0.720	 50.448	  1.004	  1.013	  0.002
33	  0.720	 51.986	  1.004	  1.013	  0.002
34	  0.720	 53.525	  1.004	  1.013	  0.002
35	  0.720	 55.063	  1.004	  1.013	  0.002
36	  0.720	 56.602	  1.004	  1.013	  0.002
37	  0.720	 58.140	  1.004	  1.013	  0.002
38	  0.720	 59.679	  1.004	  1.013	  0.002
39	  0.720	 61.217	  1.004	  1.013	  0.002
40	  0.720	 62.755	  1.004	  1.013	  0.002
41	  0.720	 64.294	  1.004	  1.013	  0.002
42	  0.720	 65.832	  1.004	  1.013	  0.002
43	  0.720	 67.371	  1.004	  1.013	  0.002
44	  0.720	 68.909	  1.004	  1.013	  0.002
45	  0.720	 70.448	  1.004	  1.013	  0.002
46	  0.720	 71.986	  1.004	  1.013	  0.002
47	  0.720	 73.525	  1.004	  1.013	  0.002
48	  0.720	 75.063	  1.004	  1.013	  0.002
49	  0.720	 76.602	  1.004	  1.013	  0.002
50	  0.720	 78.140	  1.004	  1.013	  0.002
51	  0.720	 79.679	  1.004	  1.013	  0.002
52	  0.720	 81.217	  1.004	  1.013	  0.002
53	  0.720	 82.755	  1.004	  1.013	  0.002
54	  0.720	 84.294	  1.004	  1.013	  0.002
55	  0.720	 85.832	  1.004	  1.013	  0.002
56	  0.720	 87.371	  1.004	  1.013	  0.002
57	  0.720	 88.909	  1.004	  1.013	  0.002
58	  0.720	 90.448	  1.004	  1.013	  0.002
59	  0.720	 91.986	  1.004	  1.013	  0.002
60	  0.720	 93.525	  1.004	  1.013	  0.002
61	  0.720	 95.063	  1.004	  1.013	  0.002
62	  0.720	 96.602	  1.004	  1.013	  0.002
63	  0.720	 98.140	  1.004	  1.013	  0.002
64	  0.720	 99.679	  1.004	  1.013	  0.002
0	  0.840	  1.342	  1.004	  1.079	  0.002
1	  0.840	  2.881	  1.004	  1.079	  0.002
2	  0.840	  4.419	  1.004	  1.079	  0.002
3	  0.840	  5.958	  1.004	  1.079	  0.002
4	  0.840	  7.496	  1.004	  1.079	  0.002
5	  0.840	  9.035	  1.004	  1.079	  0.002
6	  0.840	 10.573	  1.004	  1.079	  0.002
7	  0.840	 12.112	  1.004	  1.079	  0.002
8	  0.840	 13.650	  1.004	  1.079	  0.002
9	  0.840	 15.188	  1.004	  1.079	  0.002
10	  0.840	 16.727	  1.004	  1.079	  0.002
11	  0.840	 18.265	  1.004	  1.079	  0.002
12	  0.840	 19.804	  1.004	  1.079	  0.002
13	  0.840	 21.342	  1.004	  1.079	  0.002
14	  0.840	 22.881	  1.004	  1.079	  0.002
15	  0.840	 24.419	  1.004	  1.079	  0.002
16	  0.840	 25.958	  1.004	  1.079	  0.002
17	  0.840	 27.496	  1.004	  1.079	  0.002
18	  0.840	 29.035	  1.004	  1.079	  0.002
19	  0.840	 30.573	  1.004	  1.079	  0.002
20	  0.840	 32.112	  1.004	  1.079	  0.002
21	  0.840	 33.650	  1.004	  1.079	  0.002
22	  0.840	 35.188	  1.004	  1.079	  0.002
23	  0.840	 36.727	  1.004	  1.079	  0.002
24	  0.840	 38.265	  1.004	  1.079	  0.002
25	  0.840	 39.804	  1.004	  1.079	  0.002
26	  0.840	 41.342	  1.004	  1.079	  0.002
27	  0.840	 42.881	  1.004	  1.079	  0.002
28	  0.840	 44.419	  1.004	  1.079	  0.002
29	  0.840	 45.958	  1.004	  1.079	  0.002
30	  0.840	 47.496	  1.004	  1.079	  0.002
31	  0.840	 49.035	  1.004	  1.079	  0.002
32	  0.840	 50.573	  1.004	  1.079	  0.002
33	  0.840	 52.112	  1.004	  1.079	  0.002
34	  0.840	 53.650	  1.004	  1.079	  0.002
35	  0.840	 55.188	  1.004	  1.079	  0.002
36	  0.840	 56.727	  1.004	  1.079	  0.002
37	  0.840	 58.265	  1.004	  1.079	  0.002
38	  0.840	 59.804	  1.004	  1.079	  0.002
39	  0.840	 61.342	  1.004	  1.079	  0.002
40	  0.840	 62.881	  1.004	  1.079	  0.002
41	  0.840	 64.419	  1.004	  1.079	  0.002
42	  0.840	 65.958	  1.004	  1.079	  0.002
43	  0.840	 67.496	  1.004	  1.079	  0.002
44	  0.840	 69.035	  1.004	  1.079	  0.002
45	  0.840	 70.573	  1.004	  1.079	  0.002
46	  0.840	 72.112	  1.004	  1.079	  0.002
47	  0.840	 73.650	  1.004	  1.079	  0.002
48	  0.840	 75.188	  1.004	  1.079	  0.002
49	  0.840	 76.727	  1.004	  1.079	  0.002
50	  0.840	 78.265	  1.004	  1.079	  0.002
51	  0.840	 79.804	  1.004	  1.079	  0.002
52	  0.840	 81.342	  1.004	  1.079	  0.002
53	  0.840	 82.881	  1.004	  1.079	  0.002
54	  0.840	 84.419	  1.004	  1.079	  0.002
55	  0.840	 85.958	  1.004	  1.079	  0.002
56	  0.840	 87.496	  1.004	  1.079	  0.002
57	  0.840	 89.035	  1.004	  1.079	  0.002
58	  0.840	 90.573	  1.004	  1.079	  0.002
59	  0.840	 92.112	  1.004	  1.079	  0.002
60	  0.840	 93.650	  1.004	  1.079	  0.002
61	  0.840	 95.188	  1.004	  1.079	  0.002
62	  0.840	 96.727	  1.004	  1.079	  0.002
63	  0.840	 98.265	  1.004	  1.079	  0.002
64	  0.840	 99.804	  1.004	  1.079	  0.002
0	  0.960	  1.475	  1.004	  1.130	  0.001
1	  0.960	  3.013	  1.004	  1.130	  0.001
2	  0.960	  4.552	  1.004	  1.130	  0.001
3	  0.960	  6.090	  1.004	  1.130	  0.001
4	  0.960	  7.629	  1.004	  1.130	  0.001
5	  0.960	  9.167	  1.004	  1.130	  0.001
6	  0.960	 10.705	  1.004	  1.130	  0.001
7	  0.960	 12.244	  1.004	  1.130	  0.001
8	  0.960	 13.782	  1.004	  1.130	  0.001
9	  0.960	 15.321	  1.004	  1.130	  0.001
10	  0.960	 16.859	  1.004	  1.130	  0.001
11	  0.960	 18.398	  1.004	  1.130	  0.001
12	  0.960	 19.936	  1.004	  1.130	  0.001
13	  0.960	 21.475	  1.004	  1.130	  0.001
14	  0.960	 23.013	  1.004	  1.130	  0.001
15	  0.960	 24.552	  1.004	  1.130	  0.001
16	  0.960	 26.090	  1.004	  1.130	  0.001
17	  0.960	 27.629	  1.004	  1.130	  0.001
18	  0.960	 29.167	  1.004	  1.130	  0.001
19	  0.960	 30.705	  1.004	  1.130	  0.001
20	  0.960	 32.244	  1.004	  1.130	  0.001
21	  0.960	 33.782	  1.004	  1.130	  0.001
22	  0.960	 35.321	  1.004	  1.130	  0.001
23	  0.960	 36.859	  1.004	  1.130	  0.001
24	  0.960	 38.398	  1.004	  1.130	  0.001
25	  0.960	 39.936	  1.004	  1.130	  0.001
26	  0.960	 41.475	  1.004	  1.130	  0.001
27	  0.960	 43.013	  1.004	  1.130	  0.001
28	  0.960	 44.552	  1.004	  1.130	  0.001
29	  0.960	 46.090	  1.004	  1.130	  0.001
30	  0.960	 47.629	  1.004	  1.130	  0.001
31	  0.960	 49.167	  1.004	  1.130	  0.001
32	  0.960	 50.705	  1.004	  1.130	  0.001
33	  0.960	 52.244	  1.004	  1.130	  0.001
34	  0.960	 53.782	  1.004	  1.130	  0.001
35	  0.960	 55.321	  1.004	  1.130	  0.001
36	  0.960	 56.859	  1.004	  1.130	  0.001
37	  0.960	 58.398	  1.004	  1.130	  0.001
38	  0.960	 59.936	  1.004	  1.130	  0.001
39	  0.960	 61.475	  1.004	  1.130	  0.001
40	  0.960	 63.013	  1.004	  1.130	  0.001
41	  0.960	 64.552	  1.004	  1.130	  0.001
42	  0.960	 66.090	  1.004	  1.130	  0.001
43	  0.960	 67.629	  1.004	  1.130	  0.001
44	  0.960	 69.167	  1.004	  1.130	  0.001
45	  0.960	 70.705	  1.004	  1.130	  0.001
46	  0.960	 72.244	  1.004	  1.130	  0.001
47	  0.960	 73.782	  1.004	  1.130	  0.001
48	  0.960	 75.321	  1.004	  1.130	  0.001
49	  0.960	 76.859	  1.004	  1.130	  0.001
50	  0.960	 78.398	  1.004	  1.130	  0.001
51	  0.960	 79.936	  1.004	  1.130	  0.001
52	  0.960	 81.475	  1.004	  1.130	  0.001
53	  0.960	 83.013	  1.004	  1.130	  0.001
54	  0.960	 84.552	  1.004	  1.130	  0.001
55	  0.960	 86.090	  1.004	  1.130	  0.001
56	  0.960	 87.629	  1.004	  1.130	  0.001
57	  0.960	 89.167	  1.004	  1.130	  0.001
58	  0.960	 90.705	  1.004	  1.130	  0.001
59	  0.960	 92.244	  1.004	  1.130	  0.001
60	  0.960	 93.782	  1.004	  1.130	  0.001
61	  0.960	 95.321	  1.004	  1.130	  0.001
62	  0.960	 96.859	  1.004	  1.130	  0.001
63	  0.960	 98.398	  1.004	  1.130	  0.001
64	  0.960	 99.936	  1.004	  1.130	  0.001
0	  1.080	  1.613	  1.004	  1.171	  0.001
1	  1.080	  3.151	  1.004	  1.171	  0.001
2	  1.080	  4.690	  1.004	  1.171	  0.001
3	  1.080	  6.228	  1.004	  1.171	  0.001
4	  1.080	  7.766	  1.004	  1.171	  0.001
5	  1.080	  9.305	  1.004	  1.171	  0.001
6	  1.080	 10.843	  1.004	  1.171	  0.001
7	  1.080	 12.382	  1.004	  1.171	  0.001
8	  1.080	 13.920	  1.004	  1.171	  0.001
9	  1.080	 15.459	  1.004	  1.171	  0.001
10	  1.080	 16.997	  1.004	  1.171	  0.001
11	  1.080	 18.536	  1.004	  1.171	  0.001
12	  1.080	 20.074	  1.004	  1.171	  0.001
13	  1.080	 21.613	  1.004	  1.171	  0.001
14	  1.080	 23.151	  1.004	  1.171	  0.001
15	  1.080	 24.690	  1.004	  1.171	  0.001
16	  1.080	 26.228	  1.004	  1.171	  0.001
17	  1.080	 27.766	  1.004	  1.171	  0.001
18	  1.080	 29.305	  1.004	  1.171	  0.001
19	  1.080	 30.843	  1.004	  1.171	  0.001
20	  1.080	 32.382	  1.004	  1.171	  0.001
21	  1.080	 33.920	  1.004	  1.171	  0.001
22	  1.080	 35.459	  1.004	  1.171	  0.001
23	  1.080	 36.997	  1.004	  1.171	  0.001
24	  1.080	 38.536	  1.004	  1.171	  0.001
25	  1.080	 40.074	  1.004	  1.171	  0.001
26	  1.080	 41.613	  1.004	  1.171	  0.001
27	  1.080	 43.151	  1.004	  1.171	  0.001
28	  1.080	 44.690	  1.004	  1.171	  0.001
29	  1.080	 46.228	  1.004	  1.171	  0.001
30	  1.080	 47.766	  1.004	  1.171	  0.001
31	  1.080	 49.305	  1.004	  1.171	  0.001
32	  1.080	 50.843	  1.004	  1.171	  0.001
33	  1.080	 52.382	  1.004	  1.171	  0.001
34	  1.080	 53.920	  1.004	  1.171	  0.001
35	  1.080	 55.459	  1.004	  1.171	  0.001
36	  1.080	 56.997	  1.004	  1.171	  0.001
37	  1.080	 58.536	  1.004	  1.171	  0.001
38	  1.080	 60.074	  1.004	  1.171	  0.001
39	  1.080	 61.613	  1.004	  1.171	  0.001
40	  1.080	 63.151	  1.004	  1.171	  0.001
41	  1.080	 64.690	  1.004	  1.171	  0.001
42	  1.080	 66.228	  1.004	  1.171	  0.001
43	  1.080	 67.766	  1.004	  1.171	  0.001
44	  1.080	 69.305	  1.004	  1.171	  0.001
45	  1.080	 70.843	  1.004	  1.171	  0.001
46	  1.080	 72.382	  1.004	  1.171	  0.001
47	  1.080	 73.920	  1.004	  1.171	  0.001
48	  1.080	 75.459	  1.004	  1.171	  0.001
49	  1.080	 76.997	  1.004	  1.171	  0.001
50	  1.080	 78.536	  1.004	  1.171	  0.001
51	  1.080	 80.074	  1.004	  1.171	  0.001
52	  1.080	 81.613	  1.004	  1.171	  0.001
53	  1.080	 83.151	  1.004	  1.171	  0.001
54	  1.080	 84.690	  1.004	  1.171	  0.001
55	  1.080	 86.228	  1.004	  1.171	  0.001
56	  1.080	 87.766	  1.004	  1.171	  0.001
57	  1.080	 89.305	  1.004	  1.171	  0.001
58	  1.080	 90.843	  1.004	  1.171	  0.001
59	  1.080	 92.382	  1.004	  1.171	  0.001
60	  1.080	 93.920	  1.004	  1.171	  0.001
61	  1.080	 95.459	  1.004	  1.171	  0.001
62	  1.080	 96.997	  1.004	  1.171	  0.001
63	  1.080	 98.536	  1.004	  1.171	  0.001
64	  1.080	100.074	  1.004	  1.171	  0.001
0	  1.200	  1.755	  1.005	  1.202	  0.001
1	  1.200	  3.293	  1.005	  1.202	  0.001
2	  1.200	  4.832	  1.005	  1.202	  0.001
3	  1.200	  6.370	  1.005	  1.202	  0.001
4	  1.200	  7.909	  1.005	  1.202	  0.001
5	  1.200	  9.447	  1.005	  1.202	  0.001
6	  1.200	 10.986	  1.005	  1.202	  0.001
7	  1.200	 12.524	  1.005	  1.202	  0.001
8	  1.200	 14.063	  1.005	  1.202	  0.001
9	  1.200	 15.601	  1.005	  1.202	  0.001
10	  1.200	 17.140	  1.005	  1.202	  0.001
11	  1.200	 18.678	  1.005	  1.202	  0.001
12	  1.200	 20.216	  1.005	  1.202	  0.001
13	  1.200	 21.755	  1.005	  1.202	  0.001
14	  1.200	 23.293	  1.005	  1.202	  0.001
15	  1.200	 24.832	  1.005	  1.202	  0.001
16	  1.200	 26.370	  1.005	  1.202	  0.001
17	  1.200	 27.909	  1.005	  1.202	  0.001
18	  1.200	 29.447	  1.005	  1.202	  0.001
19	  1.200	 30.986	  1.005	  1.202	  0.001
20	  1.200	 32.524	  1.005	  1.202	  0.001
21	  1.200	 34.063	  1.005	  1.202	  0.001
22	  1.200	 35.601	  1.005	  1.202	  0.001
23	  1.200	 37.140	  1.005	  1.202	  0.001
24	  1.200	 38.678	  1.005	  1.202	  0.001
25	  1.200	 40.216	  1.005	  1.202	  0.001
26	  1.200	 41.755	  1.005	  1.202	  0.001
27	  1.200	 43.293	  1.005	  1.202	  0.001
28	  1.200	 44.832	  1.005	  1.202	  0.001
29	  1.200	 46.370	  1.005	  1.202	  0.001
30	  1.200	 47.909	  1.005	  1.202	  0.001
31	  1.200	 49.447	  1.005	  1.202	  0.001
32	  1.200	 50.986	  1.005	  1.202	  0.001
33	  1.200	 52.524	  1.005	  1.202	  0.001
34	  1.200	 54.063	  1.005	  1.202	  0.001
35	  1.200	 55.601	  1.005	  1.202	  0.001
36	  1.200	 57.140	  1.005	  1.202	  0.001
37	  1.200	 58.678	  1.005	  1.202	  0.001
38	  1.200	 60.216	  1.005	  1.202	  0.001
39	  1.200	 61.755	  1.005	  1.202	  0.001
40	  1.200	 63.293	  1.005	  1.202	  0.001
41	  1.200	 64.832	  1.005	  1.202	  0.001
42	  1.200	 66.370	  1.005	  1.202	  0.001
43	  1.200	 67.909	  1.005	  1.202	  0.001
44	  1.200	 69.447	  1.005	  1.202	  0.001
45	  1.200	 70.986	  1.005	  1.202	  0.001
46	  1.200	 72.524	  1.005	  1.202	  0.001
47	  1.200	 74.063	  1.005	  1.202	  0.001
48	  1.200	 75.601	  1.005	  1.202	  0.001
49	  1.200	 77.140	  1.005	  1.202	  0.001
50	  1.200	 78.678	  1.005	  1.202	  0.001
51	  1.200	 80.216	  1.005	  1.202	  0.001
52	  1.200	 81.755	  1.005	  1.202	  0.001
53	  1.200	 83.293	  1.005	  1.202	  0.001
54	  1.200	 84.832	  1.005	  1.202	  0.001
55	  1.200	 86.370	  1.005	  1.202	  0.001
56	  1.200	 87.909	  1.005	  1.202	  0.001
57	  1.200	 89.447	  1.005	  1.202	  0.001
58	  1.200	 90.986	  1.005	  1.202	  0.001
59	  1.200	 92.524	  1.005	  1.202	  0.001
60	  1.200	 94.063	  1.005	  1.202	  0.001
61	  1.200	 95.601	  1.005	  1.202	  0.001
62	  1.200	 97.140	  1.005	  1.202	  0.001
63	  1.200	 98.678	  1.005	  1.202	  0.001
64	  1.200	100.216	  1.005	  1.202	  0.001
0	  1.320	  1.901	  1.005	  1.227	  0.001
1	  1.320	  3.439	  1.005	  1.227	  0.001
2	  1.320	  4.978	  1.005	  1.227	  0.001
3	  1.320	  6.516	  1.005	  1.227	  0.001
4	  1.320	  8.054	  1.005	  1.227	  0.001
5	  1.320	  9.593	  1.005	  1.227	  0.001
6	  1.320	 11.131	  1.005	  1.227	  0.001
7	  1.320	 12.670	  1.005	  1.227	  0.001
8	  1.320	 14.208	  1.005	  1.227	  0.001
9	  1.320	 15.747	  1.005	  1.227	  0.001
10	  1.320	 17.285	  1.005	  1.227	  0.001
11	  1.320	 18.824	  1.005	  1.227	  0.001
12	  1.320	 20.362	  1.005	  1.227	  0.001
13	  1.320	 21.901	  1.005	  1.227	  0.001
14	  1.320	 23.439	  1.005	  1.227	  0.001
15	  1.320	 24.978	  1.005	  1.227	  0.001
16	  1.320	 26.516	  1.005	  1.227	  0.001
17	  1.320	 28.054	  1.005	  1.227	  0.001
18	  1.320	 29.593	  1.005	  1.227	  0.001
19	  1.320	 31.131	  1.005	  1.227	  0.001
20	  1.320	 32.670	  1.005	  1.227	  0.001
21	  1.320	 34.208	  1.005	  1.227	  0.001
22	  1.320	 35.747	  1.005	  1.227	  0.001
23	  1.320	 37.285	  1.005	  1.227	  0.001
24	  1.320	 38.824	  1.005	  1.227	  0.001
25	  1.320	 40.362	  1.005	  1.227	  0.001
26	  1.320	 41.901	  1.005	  1.227	  0.001
27	  1.320	 43.439	  1.005	  1.227	  0.001
28	  1.320	 44.978	  1.005	  1.227	  0.001
29	  1.320	 46.516	  1.005	  1.227	  0.001
30	  1.320	 48.054	  1.005	  1.227	  0.001
31	  1.320	 49.593	  1.005	  1.227	  0.001
32	  1.320	 51.131	  1.005	  1.227	  0.001
33	  1.320	 52.670	  1.005	  1.227	  0.001
34	  1.320	 54.208	  1.005	  1.227	  0.001
35	  1.320	 55.747	  1.005	  1.227	  0.001
36	  1.320	 57.285	  1.005	  1.227	  0.001
37	  1.320	 58.824	  1.005	  1.227	  0.001
38	  1.320	 60.362	  1.005	  1.227	  0.001
39	  1.320	 61.901	  1.005	  1.227	  0.001
40	  1.320	 63.439	  1.005	  1.227	  0.001
41	  1.320	 64.978	  1.005	  1.227	  0.001
42	  1.320	 66.516	  1.005	  1.227	  0.001
43	  1.320	 68.054	  1.005	  1.227	  0.001
44	  1.320	 69.593	  1.005	  1.227	  0.001
45	  1.320	 71.131	  1.005	  1.227	  0.001
46	  1.320	 72.670	  1.005	  1.227	  0.001
47	  1.320	 74.208	  1.005	  1.227	  0.001
48	  1.320	 75.747	  1.005	  1.227	  0.001
49	  1.320	 77.285	  1.005	  1.227	  0.001
50	  1.320	 78.824	  1.005	  1.227	  0.001
51	  1.320	 80.362	  1.005	  1.227	  0.001
52	  1.320	 81.901	  1.005	  1.227	  0.001
53	  1.320	 83.439	  1.005	  1.227	  0.001
54	  1.320	 84.978	  1.005	  1.227	  0.001
55	  1.320	 86.516	  1.005	  1.227	  0.001
56	  1.320	 88.054	  1.005	  1.227	  0.001
57	  1.320	 89.593	  1.005	  1.227	  0.001
58	  1.320	 91.131	  1.005	  1.227	  0.001
59	  1.320	 92.670	  1.005	  1.227	  0.001
60	  1.320	 94.208	  1.005	  1.227	  0.001
61	  1.320	 95.747	  1.005	  1.227	  0.001
62	  1.320	 97.285	  1.005	  1.227	  0.001
63	  1.320	 98.824	  1.005	  1.227	  0.001
64	  1.320	100.362	  1.005	  1.227	  0.001
0	  1.440	  2.049	  1.005	  1.247	  0.001
1	  1.440	  3.587	  1.005	  1.247	  0.001
2	  1.440	  5.126	  1.005	  1.247	  0.001
3	  1.440	  6.664	  1.005	  1.247	  0.001
4	  1.440	  8.203	  1.005	  1.247	  0.001
5	  1.440	  9.741	  1.005	  1.247	  0.001
6	  1.440	 11.280	  1.005	  1.247	  0.001
7	  1.440	 12.818	  1.005	  1.247	  0.001
8	  1.440	 14.357	  1.005	  1.247	  0.001
9	  1.440	 15.895	  1.005	  1.247	  0.001
10	  1.440	 17.434	  1.005	  1.247	  0.001
11	  1.440	 18.972	  1.005	  1.247	  0.001
12	  1.440	 20.511	  1.005	  1.247	  0.001
13	  1.440	 22.049	  1.005	  1.247	  0.001
14	  1.440	 23.587	  1.005	  1.247	  0.001
15	  1.440	 25.126	  1.005	  1.247	  0.001
16	  1.440	 26.664	  1.005	  1.247	  0.001
17	  1.440	 28.203	  1.005	  1.247	  0.001
18	  1.440	 29.741	  1.005	  1.247	  0.001
19	  1.440	 31.280	  1.005	  1.247	  0.001
20	  1.440	 32.818	  1.005	  1.247	  0.001
21	  1.440	 34.357	  1.005	  1.247	  0.001
22	  1.440	 35.895	  1.005	  1.247	  0.001
23	  1.440	 37.434	  1.005	  1.247	  0.001
24	  1.440	 38.972	  1.005	  1.247	  0.001
25	  1.440	 40.511	  1.005	  1.247	  0.001
26	  1.440	 42.049	  1.005	  1.247	  0.001
27	  1.440	 43.587	  1.005	  1.247	  0.001
28	  1.440	 45.126	  1.005	  1.247	  0.001
29	  1.440	 46.664	  1.005	  1.247	  0.001
30	  1.440	 48.203	  1.005	  1.247	  0.001
31	  1.440	 49.741	  1.005	  1.247	  0.001
32	  1.440	 51.280	  1.005	  1.247	  0.001
33	  1.440	 52.818	  1.005	  1.247	  0.001
34	  1.440	 54.357	  1.005	  1.247	  0.001
35	  1.440	 55.895	  1.005	  1.247	  0.001
36	  1.440	 57.434	  1.005	  1.247	  0.001
37	  1.440	 58.972	  1.005	  1.247	  0.001
38	  1.440	 60.511	  1.005	  1.247	  0.001
39	  1.440	 62.049	  1.005	  1.247	  0.001
40	  1.440	 63.587	  1.005	  1.247	  0.001
41	  1.440	 65.126	  1.005	  1.247	  0.001
42	  1.440	 66.664	  1.005	  1.247	  0.001
43	  1.440	 68.203	  1.005	  1.247	  0.001
44	  1.440	 69.741	  1.005	  1.247	  0.001
45	  1.440	 71.280	  1.005	  1.247	  0.001
46	  1.440	 72.818	  1.005	  1.247	  0.001
47	  1.440	 74.357	  1.005	  1.247	  0.001
48	  1.440	 75.895	  1.005	  1.247	  0.001
49	  1.440	 77.434	  1.005	  1.247	  0.001
50	  1.440	 78.972	  1.005	  1.247	  0.001
51	  1.440	 80.511	  1.005	  1.247	  0.001
52	  1.440	 82.049	  1.005	  1.247	  0.001
53	  1.440	 83.587	  1.005	  1.247	  0.001
54	  1.440	 85.126	  1.005	  1.247	  0.001
55	  1.440	 86.664	  1.005	  1.247	  0.001
56	  1.440	 88.203	  1.005	  1.247	  0.001
57	  1.440	 89.741	  1.005	  1.247	  0.001
58	  1.440	 91.280	  1.005	  1.247	  0.001
59	  1.440	 92.818	  1.005	  1.247	  0.001
60	  1.440	 94.357	  1.005	  1.247	  0.001
61	  1.440	 95.895	  1.005	  1.247	  0.001
62	  1.440	 97.434	  1.005	  1.247	  0.001
63	  1.440	 98.972	  1.005	  1.247	  0.001
64	  1.440	100.511	  1.005	  1.247	  0.001
0	  1.560	  2.200	  1.005	  1.262	  0.000
1	  1.560	  3.738	  1.005	  1.262	  0.000
2	  1.560	  5.276	  1.005	  1.262	  0.000
3	  1.560	  6.815	  1.005	  1.262	  0.000
4	  1.560	  8.353	  1.005	  1.262	  0.000
5	  1.560	  9.892	  1.005	  1.262	  0.000
6	  1.560	 11.430	  1.005	  1.262	  0.000
7	  1.560	 12.969	  1.005	  1.262	  0.000
8	  1.560	 14.507	  1.005	  1.262	  0.000
9	  1.560	 16.046	  1.005	  1.262	  0.000
10	  1.560	 17.584	  1.005	  1.262	  0.000
11	  1.560	 19.123	  1.005	  1.262	  0.000
12	  1.560	 20.661	  1.005	  1.262	  0.000
13	  1.560	 22.200	  1.005	  1.262	  0.000
14	  1.560	 23.738	  1.005	  1.262	  0.000
15	  1.560	 25.276	  1.005	  1.262	  0.000
16	  1.560	 26.815	  1.005	  1.262	  0.000
17	  1.560	 28.353	  1.005	  1.262	  0.000
18	  1.560	 29.892	  1.005	  1.262	  0.000
19	  1.560	 31.430	  1.005	  1.262	  0.000
20	  1.560	 32.969	  1.005	  1.262	  0.000
21	  1.560	 34.507	  1.005	  1.262	  0.000
22	  1.560	 36.046	  1.005	  1.262	  0.000
23	  1.560	 37.584	  1.005	  1.262	  0.000
24	  1.560	 39.123	  1.005	  1.262	  0.000
25	  1.560	 40.661	  1.005	  1.262	  0.000
26	  1.560	 42.200	  1.005	  1.262	  0.000
27	  1.560	 43.738	  1.005	  1.262	  0.000
28	  1.560	 45.276	  1.005	  1.262	  0.000
29	  1.560	 46.815	  1.005	  1.262	  0.000
30	  1.560	 48.353	  1.005	  1.262	  0.000
31	  1.560	 49.892	  1.005	  1.262	  0.000
32	  1.560	 51.430	  1.005	  1.262	  0.000
33	  1.560	 52.969	  1.005	  1.262	  0.000
34	  1.560	 54.507	  1.005	  1.262	  0.000
35	  1.560	 56.046	  1.005	  1.262	  0.000
36	  1.560	 57.584	  1.005	  1.262	  0.000
37	  1.560	 59.123	  1.005	  1.262	  0.000
38	  1.560	 60.661	  1.005	  1.262	  0.000
39	  1.560	 62.200	  1.005	  1.262	  0.000
40	  1.560	 63.738	  1.005	  1.262	  0.000
41	  1.560	 65.276	  1.005	  1.262	  0.000
42	  1.560	 66.815	  1.005	  1.262	  0.000
43	  1.560	 68.353	  1.005	  1.262	  0.000
44	  1.560	 69.892	  1.005	  1.262	  0.000
45	  1.560	 71.430	  1.005	  1.262	  0.000
46	  1.560	 72.969	  1.005	  1.262	  0.000
47	  1.560	 74.507	  1.005	  1.262	  0.000
48	  1.560	 76.046	  1.005	  1.262	  0.000
49	  1.560	 77.584	  1.005	  1.262	  0.000
50	  1.560	 79.123	  1.005	  1.262	  0.000
51	  1.560	 80.661	  1.005	  1.262	  0.000
52	  1.560	 82.200	  1.005	  1.262	  0.000
53	  1.560	 83.738	  1.005	  1.262	  0.000
54	  1.560	 85.276	  1.005	  1.262	  0.000
55	  1.560	 86.815	  1.005	  1.262	  0.000
56	  1.560	 88.353	  1.005	  1.262	  0.000
57	  1.560	 89.892	  1.005	  1.262	  0.000
58	  1.560	 91.430	  1.005	  1.262	  0.000
59	  1.560	 92.969	  1.005	  1.262	  0.000
60	  1.560	 94.507	  1.005	  1.262	  0.000
61	  1.560	 96.046	  1.005	  1.262	  0.000
62	  1.560	 97.584	  1.005	  1.262	  0.000
63	  1.560	 99.123	  1.005	  1.262	  0.000
64	  1.560	100.661	  1.005	  1.262	  0.000
0	  1.680	  2.352	  1.005	  1.274	  0.000
1	  1.680	  3.890	  1.005	  1.274	  0.000
2	  1.680	  5.429	  1.005	  1.274	  0.000
3	  1.680	  6.967	  1.005	  1.274	  0.000
4	  1.680	  8.506	  1.005	  1.274	  0.000
5	  1.680	 10.044	  1.005	  1.274	  0.000
6	  1.680	 11.582	  1.005	  1.274	  0.000
7	  1.680	 13.121	  1.005	  1.274	  0.000
8	  1.680	 14.659	  1.005	  1.274	  0.000
9	  1.680	 16.198	  1.005	  1.274	  0.000
10	  1.680	 17.736	  1.005	  1.274	  0.000
11	  1.680	 19.275	  1.005	  1.274	  0.000
12	  1.680	 20.813	  1.005	  1.274	  0.000
13	  1.680	 22.352	  1.005	  1.274	  0.000
14	  1.680	 23.890	  1.005	  1.274	  0.000
15	  1.680	 25.429	  1.005	  1.274	  0.000
16	  1.680	 26.967	  1.005	  1.274	  0.000
17	  1.680	 28.506	  1.005	  1.274	  0.000
18	  1.680	 30.044	  1.005	  1.274	  0.000
19	  1.680	 31.582	  1.005	  1.274	  0.000
20	  1.680	 33.121	  1.005	  1.274	  0.000
21	  1.680	 34.659	  1.005	  1.274	  0.000
22	  1.680	 36.198	  1.005	  1.274	  0.000
23	  1.680	 37.736	  1.005	  1.274	  0.000
24	  1.680	 39.275	  1.005	  1.274	  0.000
25	  1.680	 40.813	  1.005	  1.274	  0.000
26	  1.680	 42.352	  1.005	  1.274	  0.000
27	  1.680	 43.890	  1.005	  1.274	  0.000
28	  1.680	 45.429	  1.005	  1.274	  0.000
29	  1.680	 46.967	  1.005	  1.274	  0.000
30	  1.680	 48.506	  1.005	  1.274	  0.000
31	  1.680	 50.044	  1.005	  1.274	  0.000
32	  1.680	 51.582	  1.005	  1.274	  0.000
33	  1.680	 53.121	  1.005	  1.274	  0.000
34	  1.680	 54.659	  1.005	  1.274	  0.000
35	  1.680	 56.198	  1.005	  1.274	  0.000
36	  1.680	 57.736	  1.005	  1.274	  0.000
37	  1.680	 59.275	  1.005	  1.274	  0.000
38	  1.680	 60.813	  1.005	  1.274	  0.000
39	  1.680	 62.352	  1.005	  1.274	  0.000
40	  1.680	 63.890	  1.005	  1.274	  0.000
41	  1.680	 65.429	  1.005	  1.274	  0.000
42	  1.680	 66.967	  1.005	  1.274	  0.000
43	  1.680	 68.506	  1.005	  1.274	  0.000
44	  1.680	 70.044	  1.005	  1.274	  0.000
45	  1.680	 71.582	  1.005	  1.274	  0.000
46	  1.680	 73.121	  1.005	  1.274	  0.000
47	  1.680	 74.659	  1.005	  1.274	  0.000
48	  1.680	 76.198	  1.005	  1.274	  0.000
49	  1.680	 77.736	  1.005	  1.274	  0.000
50	  1.680	 79.275	  1.005	  1.274	  0.000
51	  1.680	 80.813	  1.005	  1.274	  0.000
52	  1.680	 82.352	  1.005	  1.274	  0.000
53	  1.680	 83.890	  1.005	  1.274	  0.000
54	  1.680	 85.429	  1.005	  1.274	  0.000
55	  1.680	 86.967	  1.005	  1.274	  0.000
56	  1.680	 88.506	  1.005	  1.274	  0.000
57	  1.680	 90.044	  1.005	  1.274	  0.000
58	  1.680	 91.582	  1.005	  1.274	  0.000
59	  1.680	 93.121	  1.005	  1.274	  0.000
60	  1.680	 94.659	  1.005	  1.274	  0.000
61	  1.680	 96.198	  1.005	  1.274	  0.000
62	  1.680	 97.736	  1.005	  1.274	  0.000
63	  1.680	 99.275	  1.005	  1.274	  0.000
64	  1.680	100.813	  1.005	  1.274	  0.000
0	  1.800	  2.505	  1.005	  1.284	  0.000
1	  1.800	  4.044	  1.005	  1.284	  0.000
2	  1.800	  5.582	  1.005	  1.284	  0.000
3	  1.800	  7.121	  1.005	  1.284	  0.000
4	  1.800	  8.659	  1.005	  1.284	  0.000
5	  1.800	 10.197	  1.005	  1.284	  0.000
6	  1.800	 11.736	  1.005	  1.284	  0.000
7	  1.800	 13.274	  1.005	  1.284	  0.000
8	  1.800	 14.813	  1.005	  1.284	  0.000
9	  1.800	 16.351	  1.005	  1.284	  0.000
10	  1.800	 17.890	  1.005	  1.284	  0.000
11	  1.800	 19.428	  1.005	  1.284	  0.000
12	  1.800	 20.967	  1.005	  1.284	  0.000
13	  1.800	 22.505	  1.005	  1.284	  0.000
14	  1.800	 24.044	  1.005	  1.284	  0.000
15	  1.800	 25.582	  1.005	  1.284	  0.000
16	  1.800	 27.121	  1.005	  1.284	  0.000
17	  1.800	 28.659	  1.005	  1.284	  0.000
18	  1.800	 30.197	  1.005	  1.284	  0.000
19	  1.800	 31.736	  1.005	  1.284	  0.000
20	  1.800	 33.274	  1.005	  1.284	  0.000
21	  1.800	 34.813	  1.005	  1.284	  0.000
22	  1.800	 36.351	  1.005	  1.284	  0.000
23	  1.800	 37.890	  1.005	  1.284	  0.000
24	  1.800	 39.428	  1.005	  1.284	  0.000
25	  1.800	 40.967	  1.005	  1.284	  0.000
26	  1.800	 42.505	  1.005	  1.284	  0.000
27	  1.800	 44.044	  1.005	  1.284	  0.000
28	  1.800	 45.582	  1.005	  1.284	  0.000
29	  1.800	 47.121	  1.005	  1.284	  0.000
30	  1.800	 48.659	  1.005	  1.284	  0.000
31	  1.800	 50.197	  1.005	  1.284	  0.000
32	  1.800	 51.736	  1.005	  1.284	  0.000
33	  1.800	 53.274	  1.005	  1.284	  0.000
34	  1.800	 54.813	  1.005	  1.284	  0.000
35	  1.800	 56.351	  1.005	  1.284	  0.000
36	  1.800	 57.890	  1.005	  1.284	  0.000
37	  1.800	 59.428	  1.005	  1.284	  0.000
38	  1.800	 60.967	  1.005	  1.284	  0.000
39	  1.800	 62.505	  1.005	  1.284	  0.000
40	  1.800	 64.044	  1.005	  1.284	  0.000
41	  1.800	 65.582	  1.005	  1.284	  0.000
42	  1.800	 67.121	  1.005	  1.284	  0.000
43	  1.800	 68.659	  1.005	  1.284	  0.000
44	  1.800	 70.197	  1.005	  1.284	  0.000
45	  1.800	 71.736	  1.005	  1.284	  0.000
46	  1.800	 73.274	  1.005	  1.284	  0.000
47	  1.800	 74.813	  1.005	  1.284	  0.000
48	  1.800	 76.351	  1.005	  1.284	  0.000
49	  1.800	 77.890	  1.005	  1.284	  0.000
50	  1.800	 79.428	  1.005	  1.284	  0.000
51	  1.800	 80.967	  1.005	  1.284	  0.000
52	  1.800	 82.505	  1.005	  1.284	  0.000
53	  1.800	 84.044	  1.005	  1.284	  0.000
54	  1.800	 85.582	  1.005	  1.284	  0.000
55	  1.800	 87.121	  1.005	  1.284	  0.000
56	  1.800	 88.659	  1.005	  1.284	  0.000
57	  1.800	 90.197	  1.005	  1.284	  0.000
58	  1.800	 91.736	  1.005	  1.284	  0.000
59	  1.800	 93.274	  1.005	  1.284	  0.000
60	  1.800	 94.813	  1.005	  1.284	  0.000
61	  1.800	 96.351	  1.005	  1.284	  0.000
62	  1.800	 97.890	  1.005	  1.284	  0.000
63	  1.800	 99.428	  1.005	  1.284	  0.000
64	  1.800	100.967	  1.005	  1.284	  0.000
0	  1.920	  2.660	  1.005	  1.291	  0.000
1	  1.920	  4.198	  1.005	  1.291	  0.000
2	  1.920	  5.737	  1.005	  1.291	  0.000
3	  1.920	  7.275	  1.005	  1.291	  0.000
4	  1.920	  8.813	  1.005	  1.291	  0.000
5	  1.920	 10.352	  1.005	  1.291	  0.000
6	  1.920	 11.890	  1.005	  1.291	  0.000
7	  1.920	 13.429	  1.005	  1.291	  0.000
8	  1.920	 14.967	  1.005	  1.291	  0.000
9	  1.920	 16.506	  1.005	  1.291	  0.000
10	  1.920	 18.044	  1.005	  1.291	  0.000
11	  1.920	 19.583	  1.005	  1.291	  0.000
12	  1.920	 21.121	  1.005	  1.291	  0.000
13	  1.920	 22.660	  1.005	  1.291	  0.000
14	  1.920	 24.198	  1.005	  1.291	  0.000
15	  1.920	 25.737	  1.005	  1.291	  0.000
16	  1.920	 27.275	  1.005	  1.291	  0.000
17	  1.920	 28.813	  1.005	  1.291	  0.000
18	  1.920	 30.352	  1.005	  1.291	  0.000
19	  1.920	 31.890	  1.005	  1.291	  0.000
20	  1.920	 33.429	  1.005	  1.291	  0.000
21	  1.920	 34.967	  1.005	  1.291	  0.000
22	  1.920	 36.506	  1.005	  1.291	  0.000
23	  1.920	 38.044	  1.005	  1.291	  0.000
24	  1.920	 39.583	  1.005	  1.291	  0.000
25	  1.920	 41.121	  1.005	  1.291	  0.000
26	  1.920	 42.660	  1.005	  1.291	  0.000
27	  1.920	 44.198	  1.005	  1.291	  0.000
28	  1.920	 45.737	  1.005	  1.291	  0.000
29	  1.920	 47.275	  1.005	  1.291	  0.000
30	  1.920	 48.813	  1.005	  1.291	  0.000
31	  1.920	 50.352	  1.005	  1.291	  0.000
32	  1.920	 51.890	  1.005	  1.291	  0.000
33	  1.920	 53.429	  1.005	  1.291	  0.000
34	  1.920	 54.967	  1.005	  1.291	  0.000
35	  1.920	 56.506	  1.005	  1.291	  0.000
36	  1.920	 58.044	  1.005	  1.291	  0.000
37	  1.920	 59.583	  1.005	  1.291	  0.000
38	  1.920	 61.121	  1.005	  1.291	  0.000
39	  1.920	 62.660	  1.005	  1.291	  0.000
40	  1.920	 64.198	  1.005	  1.291	  0.000
41	  1.920	 65.737	  1.005	  1.291	  0.000
42	  1.920	 67.275	  1.005	  1.291	  0.000
43	  1.920	 68.813	  1.005	  1.291	  0.000
44	  1.920	 70.352	  1.005	  1.291	  0.000
45	  1.920	 71.890	  1.005	  1.291	  0.000
46	  1.920	 73.429	  1.005	  1.291	  0.000
47	  1.920	 74.967	  1.005	  1.291	  0.000
48	  1.920	 76.506	  1.005	  1.291	  0.000
49	  1.920	 78.044	  1.005	  1.291	  0.000
50	  1.920	 79.583	  1.005	  1.291	  0.000
51	  1.920	 81.121	  1.005	  1.291	  0.000
52	  1.920	 82.660	  1.005	  1.291	  0.000
53	  1.920	 84.198	  1.005	  1.291	  0.000
54	  1.920	 85.737	  1.005	  1.291	  0.000
55	  1.920	 87.275	  1.005	  1.291	  0.000
56	  1.920	 88.813	  1.005	  1.291	  0.000
57	  1.920	 90.352	  1.005	  1.291	  0.000
58	  1.920	 91.890	  1.005	  1.291	  0.000
59	  1.920	 93.429	  1.005	  1.291	  0.000
60	  1.920	 94.967	  1.005	  1.291	  0.000
61	  1.920	 96.506	  1.005	  1.291	  0.000
62	  1.920	 98.044	  1.005	  1.291	  0.000
63	  1.920	 99.583	  1.005	  1.291	  0.000
64	  1.920	101.121	  1.005	  1.291	  0.000
0	  2.040	  2.815	  1.005	  1.297	  0.000
1	  2.040	  4.353	  1.005	  1.297	  0.000
2	  2.040	  5.892	  1.005	  1.297	  0.000
3	  2.040	  7.430	  1.005	  1.297	  0.000
4	  2.040	  8.969	  1.005	  1.297	  0.000
5	  2.040	 10.507	  1.005	  1.297	  0.000
6	  2.040	 12.046	  1.005	  1.297	  0.000
7	  2.040	 13.584	  1.005	  1.297	  0.000
8	  2.040	 15.123	  1.005	  1.297	  0.000
9	  2.040	 16.661	  1.005	  1.297	  0.000
10	  2.040	 18.200	  1.005	  1.297	  0.000
11	  2.040	 19.738	  1.005	  1.297	  0.000
12	  2.040	 21.276	  1.005	  1.297	  0.000
13	  2.040	 22.815	  1.005	  1.297	  0.000
14	  2.040	 24.353	  1.005	  1.297	  0.000
15	  2.040	 25.892	  1.005	  1.297	  0.000
16	  2.040	 27.430	  1.005	  1.297	  0.000
17	  2.040	 28.969	  1.005	  1.297	  0.000
18	  2.040	 30.507	  1.005	  1.297	  0.000
19	  2.040	 32.046	  1.005	  1.297	  0.000
20	  2.040	 33.584	  1.005	  1.297	  0.000
21	  2.040	 35.123	  1.005	  1.297	  0.000
22	  2.040	 36.661	  1.005	  1.297	  0.000
23	  2.040	 38.200	  1.005	  1.297	  0.000
24	  2.040	 39.738	  1.005	  1.297	  0.000
25	  2.040	 41.276	  1.005	  1.297	  0.000
26	  2.040	 42.815	  1.005	  1.297	  0.000
27	  2.040	 44.353	  1.005	  1.297	  0.000
28	  2.040	 45.892	  1.005	  1.297	  0.000
29	  2.040	 47.430	  1.005	  1.297	  0.000
30	  2.040	 48.969	  1.005	  1.297	  0.000
31	  2.040	 50.507	  1.005	  1.297	  0.000
32	  2.040	 52.046	  1.005	  1.297	  0.000
33	  2.040	 53.584	  1.005	  1.297	  0.000
34	  2.040	 55.123	  1.005	  1.297	  0.000
35	  2.040	 56.661	  1.005	  1.297	  0.000
36	  2.040	 58.200	  1.005	  1.297	  0.000
37	  2.040	 59.738	  1.005	  1.297	  0.000
38	  2.040	 61.276	  1.005	  1.297	  0.000
39	  2.040	 62.815	  1.005	  1.297	  0.000
40	  2.040	 64.353	  1.005	  1.297	  0.000
41	  2.040	 65.892	  1.005	  1.297	  0.000
42	  2.040	 67.430	  1.005	  1.297	  0.000
43	  2.040	 68.969	  1.005	  1.297	  0.000
44	  2.040	 70.507	  1.005	  1.297	  0.000
45	  2.040	 72.046	  1.005	  1.297	  0.000
46	  2.040	 73.584	  1.005	  1.297	  0.000
47	  2.040	 75.123	  1.005	  1.297	  0.000
48	  2.040	 76.661	  1.005	  1.297	  0.000
49	  2.040	 78.200	  1.005	  1.297	  0.000
50	  2.040	 79.738	  1.005	  1.297	  0.000
51	  2.040	 81.276	  1.005	  1.297	  0.000
52	  2.040	 82.815	  1.005	  1.297	  0.000
53	  2.040	 84.353	  1.005	  1.297	  0.000
54	  2.040	 85.892	  1.005	  1.297	  0.000
55	  2.040	 87.430	  1.005	  1.297	  0.000
56	  2.040	 88.969	  1.005	  1.297	  0.000
57	  2.040	 90.507	  1.005	  1.297	  0.000
58	  2.040	 92.046	  1.005	  1.297	  0.000
59	  2.040	 93.584	  1.005	  1.297	  0.000
60	  2.040	 95.123	  1.005	  1.297	  0.000
61	  2.040	 96.661	  1.005	  1.297	  0.000
62	  2.040	 98.200	  1.005	  1.297	  0.000
63	  2.040	 99.738	  1.005	  1.297	  0.000
64	  2.040	101.276	  1.005	  1.297	  0.000
0	  2.160	  2.971	  1.005	  1.302	  0.000
1	  2.160	  4.509	  1.005	  1.302	  0.000
2	  2.160	  6.048	  1.005	  1.302	  0.000
3	  2.160	  7.586	  1.005	  1.302	  0.000
4	  2.160	  9.125	  1.005	  1.302	  0.000
5	  2.160	 10.663	  1.005	  1.302	  0.000
6	  2.160	 12.202	  1.005	  1.302	  0.000
7	  2.160	 13.740	  1.005	  1.302	  0.000
8	  2.160	 15.279	  1.005	  1.302	  0.000
9	  2.160	 16.817	  1.005	  1.302	  0.000
10	  2.160	 18.355	  1.005	  1.302	  0.000
11	  2.160	 19.894	  1.005	  1.302	  0.000
12	  2.160	 21.432	  1.005	  1.302	  0.000
13	  2.160	 22.971	  1.005	  1.302	  0.000
14	  2.160	 24.509	  1.005	  1.302	  0.000
15	  2.160	 26.048	  1.005	  1.302	  0.000
16	  2.160	 27.586	  1.005	  1.302	  0.000
17	  2.160	 29.125	  1.005	  1.302	  0.000
18	  2.160	 30.663	  1.005	  1.302	  0.000
19	  2.160	 32.202	  1.005	  1.302	  0.000
20	  2.160	 33.740	  1.005	  1.302	  0.000
21	  2.160	 35.279	  1.005	  1.302	  0.000
22	  2.160	 36.817	  1.005	  1.302	  0.000
23	  2.160	 38.355	  1.005	  1.302	  0.000
24	  2.160	 39.894	  1.005	  1.302	  0.000
25	  2.160	 41.432	  1.005	  1.302	  0.000
26	  2.160	 42.971	  1.005	  1.302	  0.000
27	  2.160	 44.509	  1.005	  1.302	  0.000
28	  2.160	 46.048	  1.005	  1.302	  0.000
29	  2.160	 47.586	  1.005	  1.302	  0.000
30	  2.160	 49.125	  1.005	  1.302	  0.000
31	  2.160	 50.663	  1.005	  1.302	  0.000
32	  2.160	 52.202	  1.005	  1.302	  0.000
33	  2.160	 53.740	  1.005	  1.302	  0.000
34	  2.160	 55.279	  1.005	  1.302	  0.000
35	  2.160	 56.817	  1.005	  1.302	  0.000
36	  2.160	 58.355	  1.005	  1.302	  0.000
37	  2.160	 59.894	  1.005	  1.302	  0.000
38	  2.160	 61.432	  1.005	  1.302	  0.000
39	  2.160	 62.971	  1.005	  1.302	  0.000
40	  2.160	 64.509	  1.005	  1.302	  0.000
41	  2.160	 66.048	  1.005	  1.302	  0.000
42	  2.160	 67.586	  1.005	  1.302	  0.000
43	  2.160	 69.125	  1.005	  1.302	  0.000
44	  2.160	 70.663	  1.005	  1.302	  0.000
45	  2.160	 72.202	  1.005	  1.302	  0.000
46	  2.160	 73.740	  1.005	  1.302	  0.000
47	  2.160	 75.279	  1.005	  1.302	  0.000
48	  2.160	 76.817	  1.005	  1.302	  0.000
49	  2.160	 78.355	  1.005	  1.302	  0.000
50	  2.160	 79.894	  1.005	  1.302	  0.000
51	  2.160	 81.432	  1.005	  1.302	  0.000
52	  2.160	 82.971	  1.005	  1.302	  0.000
53	  2.160	 84.509	  1.005	  1.302	  0.000
54	  2.160	 86.048	  1.005	  1.302	  0.000
55	  2.160	 87.586	  1.005	  1.302	  0.000
56	  2.160	 89.125	  1.005	  1.302	  0.000
57	  2.160	 90.663	  1.005	  1.302	  0.000
58	  2.160	 92.202	  1.005	  1.302	  0.000
59	  2.160	 93.740	  1.005	  1.302	  0.000
60	  2.160	 95.279	  1.005	  1.302	  0.000
61	  2.160	 96.817	  1.005	  1.302	  0.000
62	  2.160	 98.355	  1.005	  1.302	  0.000
63	  2.160	 99.894	  1.005	  1.302	  0.000
64	  2.160	101.432	  1.005	  1.302	  0.000
0	  2.280	  3.127	  1.005	  1.305	  0.000
1	  2.280	  4.666	  1.005	  1.305	  0.000
2	  2.280	  6.204	  1.005	  1.305	  0.000
3	  2.280	  7.743	  1.005	  1.305	  0.000
4	  2.280	  9.281	  1.005	  1.305	  0.000
5	  2.280	 10.820	  1.005	  1.305	  0.000
6	  2.280	 12.358	  1.005	  1.305	  0.000
7	  2.280	 13.896	  1.005	  1.305	  0.000
8	  2.280	 15.435	  1.005	  1.305	  0.000
9	  2.280	 16.973	  1.005	  1.305	  0.000
10	  2.280	 18.512	  1.005	  1.305	  0.000
11	  2.280	 20.050	  1.005	  1.305	  0.000
12	  2.280	 21.589	  1.005	  1.305	  0.000
13	  2.280	 23.127	  1.005	  1.305	  0.000
14	  2.280	 24.666	  1.005	  1.305	  0.000
15	  2.280	 26.204	  1.005	  1.305	  0.000
16	  2.280	 27.743	  1.005	  1.305	  0.000
17	  2.280	 29.281	  1.005	  1.305	  0.000
18	  2.280	 30.820	  1.005	  1.305	  0.000
19	  2.280	 32.358	  1.005	  1.305	  0.000
20	  2.280	 33.896	  1.005	  1.305	  0.000
21	  2.280	 35.435	  1.005	  1.305	  0.000
22	  2.280	 36.973	  1.005	  1.305	  0.000
23	  2.280	 38.512	  1.005	  1.305	  0.000
24	  2.280	 40.050	  1.005	  1.305	  0.000
25	  2.280	 41.589	  1.005	  1.305	  0.000
26	  2.280	 43.127	  1.005	  1.305	  0.000
27	  2.280	 44.666	  1.005	  1.305	  0.000
28	  2.280	 46.204	  1.005	  1.305	  0.000
29	  2.280	 47.743	  1.005	  1.305	  0.000
30	  2.280	 49.281	  1.005	  1.305	  0.000
31	  2.280	 50.820	  1.005	  1.305	  0.000
32	  2.280	 52.358	  1.005	  1.305	  0.000
33	  2.280	 53.896	  1.005	  1.305	  0.000
34	  2.280	 55.435	  1.005	  1.305	  0.000
35	  2.280	 56.973	  1.005	  1.305	  0.000
36	  2.280	 58.512	  1.005	  1.305	  0.000
37	  2.280	 60.050	  1.005	  1.305	  0.000
38	  2.280	 61.589	  1.005	  1.305	  0.000
39	  2.280	 63.127	  1.005	  1.305	  0.000
40	  2.280	 64.666	  1.005	  1.305	  0.000
41	  2.280	 66.204	  1.005	  1.305	  0.000
42	  2.280	 67.743	  1.005	  1.305	  0.000
43	  2.280	 69.281	  1.005	  1.305	  0.000
44	  2.280	 70.820	  1.005	  1.305	  0.000
45	  2.280	 72.358	  1.005	  1.305	  0.000
46	  2.280	 73.896	  1.005	  1.305	  0.000
47	  2.280	 75.435	  1.005	  1.305	  0.000
48	  2.280	 76.973	  1.005	  1.305	  0.000
49	  2.280	 78.512	  1.005	  1.305	  0.000
50	  2.280	 80.050	  1.005	  1.305	  0.000
51	  2.280	 81.589	  1.005	  1.305	  0.000
52	  2.280	 83.127	  1.005	  1.305	  0.000
53	  2.280	 84.666	  1.005	  1.305	  0.000
54	  2.280	 86.204	  1.005	  1.305	  0.000
55	  2.280	 87.743	  1.005	  1.305	  0.000
56	  2.280	 89.281	  1.005	  1.305	  0.000
57	  2.280	 90.820	  1.005	  1.305	  0.000
58	  2.280	 92.358	  1.005	  1.305	  0.000
59	  2.280	 93.896	  1.005	  1.305	  0.000
60	  2.280	 95.435	  1.005	  1.305	  0.000
61	  2.280	 96.973	  1.005	  1.305	  0.000
62	  2.280	 98.512	  1.005	  1.305	  0.000
63	  2.280	100.050	  1.005	  1.305	  0.000
64	  2.280	101.589	  1.005	  1.305	  0.000
0	  2.400	  3.284	  1.005	  1.308	  0.000
1	  2.400	  4.822	  1.005	  1.308	  0.000
2	  2.400	  6.361	  1.005	  1.308	  0.000
3	  2.400	  7.899	  1.005	  1.308	  0.000
4	  2.400	  9.438	  1.005	  1.308	  0.000
5	  2.400	 10.976	  1.005	  1.308	  0.000
6	  2.400	 12.515	  1.005	  1.308	  0.000
7	  2.400	 14.053	  1.005	  1.308	  0.000
8	  2.400	 15.592	  1.005	  1.308	  0.000
9	  2.400	 17.130	  1.005	  1.308	  0.000
10	  2.400	 18.669	  1.005	  1.308	  0.000
11	  2.400	 20.207	  1.005	  1.308	  0.000
12	  2.400	 21.746	  1.005	  1.308	  0.000
13	  2.400	 23.284	  1.005	  1.308	  0.000
14	  2.400	 24.822	  1.005	  1.308	  0.000
15	  2.400	 26.361	  1.005	  1.308	  0.000
16	  2.400	 27.899	  1.005	  1.308	  0.000
17	  2.400	 29.438	  1.005	  1.308	  0.000
18	  2.400	 30.976	  1.005	  1.308	  0.000
19	  2.400	 32.515	  1.005	  1.308	  0.000
20	  2.400	 34.053	  1.005	  1.308	  0.000
21	  2.400	 35.592	  1.005	  1.308	  0.000
22	  2.400	 37.130	  1.005	  1.308	  0.000
23	  2.400	 38.669	  1.005	  1.308	  0.000
24	  2.400	 40.207	  1.005	  1.308	  0.000
25	  2.400	 41.746	  1.005	  1.308	  0.000
26	  2.400	 43.284	  1.005	  1.308	  0.000
27	  2.400	 44.822	  1.005	  1.308	  0.000
28	  2.400	 46.361	  1.005	  1.308	  0.000
29	  2.400	 47.899	  1.005	  1.308	  0.000
30	  2.400	 49.438	  1.005	  1.308	  0.000
31	  2.400	 50.976	  1.005	  1.308	  0.000
32	  2.400	 52.515	  1.005	  1.308	  0.000
33	  2.400	 54.053	  1.005	  1.308	  0.000
34	  2.400	 55.592	  1.005	  1.308	  0.000
35	  2.400	 57.130	  1.005	  1.308	  0.000
36	  2.400	 58.669	  1.005	  1.308	  0.000
37	  2.400	 60.207	  1.005	  1.308	  0.000
38	  2.400	 61.746	  1.005	  1.308	  0.000
39	  2.400	 63.284	  1.005	  1.308	  0.000
40	  2.400	 64.822	  1.005	  1.308	  0.000
41	  2.400	 66.361	  1.005	  1.308	  0.000
42	  2.400	 67.899	  1.005	  1.308	  0.000
43	  2.400	 69.438	  1.005	  1.308	  0.000
44	  2.400	 70.976	  1.005	  1.308	  0.000
45	  2.400	 72.515	  1.005	  1.308	  0.000
46	  2.400	 74.053	  1.005	  1.308	  0.000
47	  2.400	 75.592	  1.005	  1.308	  0.000
48	  2.400	 77.130	  1.005	  1.308	  0.000
49	  2.400	 78.669	  1.005	  1.308	  0.000
50	  2.400	 80.207	  1.005	  1.308	  0.000
51	  2.400	 81.746	  1.005	  1.308	  0.000
52	  2.400	 83.284	  1.005	  1.308	  0.000
53	  2.400	 84.822	  1.005	  1.308	  0.000
54	  2.400	 86.361	  1.005	  1.308	  0.000
55	  2.400	 87.899	  1.005	  1.308	  0.000
56	  2.400	 89.438	  1.005	  1.308	  0.000
57	  2.400	 90.976	  1.005	  1.308	  0.000
58	  2.400	 92.515	  1.005	  1.308	  0.000
59	  2.400	 94.053	  1.005	  1.308	  0.000
60	  2.400	 95.592	  1.005	  1.308	  0.000
61	  2.400	 97.130	  1.005	  1.308	  0.000
62	  2.400	 98.669	  1.005	  1.308	  0.000
63	  2.400	100.207	  1.005	  1.308	  0.000
64	  2.400	101.746	  1.005	  1.308	  0.000
0	  2.520	  3.441	  1.005	  1.310	  0.000
1	  2.520	  4.980	  1.005	  1.310	  0.000
2	  2.520	  6.518	  1.005	  1.310	  0.000
3	  2.520	  8.056	  1.005	  1.310	  0.000
4	  2.520	  9.595	  1.005	  1.310	  0.000
5	  2.520	 11.133	  1.005	  1.310	  0.000
6	  2.520	 12.672	  1.005	  1.310	  0.000
7	  2.520	 14.210	  1.005	  1.310	  0.000
8	  2.520	 15.749	  1.005	  1.310	  0.000
9	  2.520	 17.287	  1.005	  1.310	  0.000
10	  2.520	 18.826	  1.005	  1.310	  0.000
11	  2.520	 20.364	  1.005	  1.310	  0.000
12	  2.520	 21.903	  1.005	  1.310	  0.000
13	  2.520	 23.441	  1.005	  1.310	  0.000
14	  2.520	 24.980	  1.005	  1.310	  0.000
15	  2.520	 26.518	  1.005	  1.310	  0.000
16	  2.520	 28.056	  1.005	  1.310	  0.000
17	  2.520	 29.595	  1.005	  1.310	  0.000
18	  2.520	 31.133	  1.005	  1.310	  0.000
19	  2.520	 32.672	  1.005	  1.310	  0.000
20	  2.520	 34.210	  1.005	  1.310	  0.000
21	  2.520	 35.749	  1.005	  1.310	  0.000
22	  2.520	 37.287	  1.005	  1.310	  0.000
23	  2.520	 38.826	  1.005	  1.310	  0.000
24	  2.520	 40.364	  1.005	  1.310	  0.000
25	  2.520	 41.903	  1.005	  1.310	  0.000
26	  2.520	 43.441	  1.005	  1.310	  0.000
27	  2.520	 44.980	  1.005	  1.310	  0.000
28	  2.520	 46.518	  1.005	  1.310	  0.000
29	  2.520	 48.056	  1.005	  1.310	  0.000
30	  2.520	 49.595	  1.005	  1.310	  0.000
31	  2.520	 51.133	  1.005	  1.310	  0.000
32	  2.520	 52.672	  1.005	  1.310	  0.000
33	  2.520	 54.210	  1.005	  1.310	  0.000
34	  2.520	 55.749	  1.005	  1.310	  0.000
35	  2.520	 57.287	  1.005	  1.310	  0.000
36	  2.520	 58.826	  1.005	  1.310	  0.000
37	  2.520	 60.364	  1.005	  1.310	  0.000
38	  2.520	 61.903	  1.005	  1.310	  0.000
39	  2.520	 63.441	  1.005	  1.310	  0.000
40	  2.520	 64.980	  1.005	  1.310	  0.000
41	  2.520	 66.518	  1.005	  1.310	  0.000
42	  2.520	 68.056	  1.005	  1.310	  0.000
43	  2.520	 69.595	  1.005	  1.310	  0.000
44	  2.520	 71.133	  1.005	  1.310	  0.000
45	  2.520	 72.672	  1.005	  1.310	  0.000
46	  2.520	 74.210	  1.005	  1.310	  0.000
47	  2.520	 75.749	  1.005	  1.310	  0.000
48	  2.520	 77.287	  1.005	  1.310	  0.000
49	  2.520	 78.826	  1.005	  1.310	  0.000
50	  2.520	 80.364	  1.005	  1.310	  0.000
51	  2.520	 81.903	  1.005	  1.310	  0.000
52	  2.520	 83.441	  1.005	  1.310	  0.000
53	  2.520	 84.980	  1.005	  1.310	  0.000
54	  2.520	 86.518	  1.005	  1.310	  0.000
55	  2.520	 88.056	  1.005	  1.310	  0.000
56	  2.520	 89.595	  1.005	  1.310	  0.000
57	  2.520	 91.133	  1.005	  1.310	  0.000
58	  2.520	 92.672	  1.005	  1.310	  0.000
59	  2.520	 94.210	  1.005	  1.310	  0.000
60	  2.520	 95.749	  1.005	  1.310	  0.000
61	  2.520	 97.287	  1.005	  1.310	  0.000
62	  2.520	 98.826	  1.005	  1.310	  0.000
63	  2.520	100.364	  1.005	  1.310	  0.000
64	  2.520	101.903	  1.005	  1.310	  0.000
0	  2.640	  3.598	  1.005	  1.312	  0.000
1	  2.640	  5.137	  1.005	  1.312	  0.000
2	  2.640	  6.675	  1.005	  1.312	  0.000
3	  2.640	  8.214	  1.005	  1.312	  0.000
4	  2.640	  9.752	  1.005	  1.312	  0.000
5	  2.640	 11.291	  1.005	  1.312	  0.000
6	  2.640	 12.829	  1.005	  1.312	  0.000
7	  2.640	 14.368	  1.005	  1.312	  0.000
8	  2.640	 15.906	  1.005	  1.312	  0.000
9	  2.640	 17.445	  1.005	  1.312	  0.000
10	  2.640	 18.983	  1.005	  1.312	  0.000
11	  2.640	 20.521	  1.005	  1.312	  0.000
12	  2.640	 22.060	  1.005	  1.312	  0.000
13	  2.640	 23.598	  1.005	  1.312	  0.000
14	  2.640	 25.137	  1.005	  1.312	  0.000
15	  2.640	 26.675	  1.005	  1.312	  0.000
16	  2.640	 28.214	  1.005	  1.312	  0.000
17	  2.640	 29.752	  1.005	  1.312	  0.000
18	  2.640	 31.291	  1.005	  1.312	  0.000
19	  2.640	 32.829	  1.005	  1.312	  0.000
20	  2.640	 34.368	  1.005	  1.312	  0.000
21	  2.640	 35.906	  1.005	  1.312	  0.000
22	  2.640	 37.445	  1.005	  1.312	  0.000
23	  2.640	 38.983	  1.005	  1.312	  0.000
24	  2.640	 40.521	  1.005	  1.312	  0.000
25	  2.640	 42.060	  1.005	  1.312	  0.000
26	  2.640	 43.598	  1.005	  1.312	  0.000
27	  2.640	 45.137	  1.005	  1.312	  0.000
28	  2.640	 46.675	  1.005	  1.312	  0.000
29	  2.640	 48.214	  1.005	  1.312	  0.000
30	  2.640	 49.752	  1.005	  1.312	  0.000
31	  2.640	 51.291	  1.005	  1.312	  0.000
32	  2.640	 52.829	  1.005	  1.312	  0.000
33	  2.640	 54.368	  1.005	  1.312	  0.000
34	  2.640	 55.906	  1.005	  1.312	  0.000
35	  2.640	 57.445	  1.005	  1.312	  0.000
36	  2.640	 58.983	  1.005	  1.312	  0.000
37	  2.640	 60.521	  1.005	  1.312	  0.000
38	  2.640	 62.060	  1.005	  1.312	  0.000
39	  2.640	 63.598	  1.005	  1.312	  0.000
40	  2.640	 65.137	  1.005	  1.312	  0.000
41	  2.640	 66.675	  1.005	  1.312	  0.000
42	  2.640	 68.214	  1.005	  1.312	  0.000
43	  2.640	 69.752	  1.005	  1.312	  0.000
44	  2.640	 71.291	  1.005	  1.312	  0.000
45	  2.640	 72.829	  1.005	  1.312	  0.000
46	  2.640	 74.368	  1.005	  1.312	  0.000
47	  2.640	 75.906	  1.005	  1.312	  0.000
48	  2.640	 77.445	  1.005	  1.312	  0.000
49	  2.640	 78.983	  1.005	  1.312	  0.000
50	  2.640	 80.521	  1.005	  1.312	  0.000
51	  2.640	 82.060	  1.005	  1.312	  0.000
52	  2.640	 83.598	  1.005	  1.312	  0.000
53	  2.640	 85.137	  1.005	  1.312	  0.000
54	  2.640	 86.675	  1.005	  1.312	  0.000
55	  2.640	 88.214	  1.005	  1.312	  0.000
56	  2.640	 89.752	  1.005	  1.312	  0.000
57	  2.640	 91.291	  1.005	  1.312	  0.000
58	  2.640	 92.829	  1.005	  1.312	  0.000
59	  2.640	 94.368	  1.005	  1.312	  0.000
60	  2.640	 95.906	  1.005	  1.312	  0.000
61	  2.640	 97.445	  1.005	  1.312	  0.000
62	  2.640	 98.983	  1.005	  1.312	  0.000
63	  2.640	100.521	  1.005	  1.312	  0.000
64	  2.640	102.060	  1.005	  1.312	  0.000
0	  2.760	  3.756	  1.005	  1.313	  0.000
1	  2.760	  5.294	  1.005	  1.313	  0.000
2	  2.760	  6.833	  1.005	  1.313	  0.000
3	  2.760	  8.371	  1.005	  1.313	  0.000
4	  2.760	  9.910	  1.005	  1.313	  0.000
5	  2.760	 11.448	  1.005	  1.313	  0.000
6	  2.760	 12.987	  1.005	  1.313	  0.000
7	  2.760	 14.525	  1.005	  1.313	  0.000
8	  2.760	 16.064	  1.005	  1.313	  0.000
9	  2.760	 17.602	  1.005	  1.313	  0.000
10	  2.760	 19.141	  1.005	  1.313	  0.000
11	  2.760	 20.679	  1.005	  1.313	  0.000
12	  2.760	 22.217	  1.005	  1.313	  0.000
13	  2.760	 23.756	  1.005	  1.313	  0.000
14	  2.760	 25.294	  1.005	  1.313	  0.000
15	  2.760	 26.833	  1.005	  1.313	  0.000
16	  2.760	 28.371	  1.005	  1.313	  0.000
17	  2.760	 29.910	  1.005	  1.313	  0.000
18	  2.760	 31.448	  1.005	  1.313	  0.000
19	  2.760	 32.987	  1.005	  1.313	  0.000
20	  2.760	 34.525	  1.005	  1.313	  0.000
21	  2.760	 36.064	  1.005	  1.313	  0.000
22	  2.760	 37.602	  1.005	  1.313	  0.000
23	  2.760	 39.141	  1.005	  1.313	  0.000
24	  2.760	 40.679	  1.005	  1.313	  0.000
25	  2.760	 42.217	  1.005	  1.313	  0.000
26	  2.760	 43.756	  1.005	  1.313	  0.000
27	  2.760	 45.294	  1.005	  1.313	  0.000
28	  2.760	 46.833	  1.005	  1.313	  0.000
29	  2.760	 48.371	  1.005	  1.313	  0.000
30	  2.760	 49.910	  1.005	  1.313	  0.000
31	  2.760	 51.448	  1.005	  1.313	  0.000
32	  2.760	 52.987	  1.005	  1.313	  0.000
33	  2.760	 54.525	  1.005	  1.313	  0.000
34	  2.760	 56.064	  1.005	  1.313	  0.000
35	  2.760	 57.602	  1.005	  1.313	  0.000
36	  2.760	 59.141	  1.005	  1.313	  0.000
37	  2.760	 60.679	  1.005	  1.313	  0.000
38	  2.760	 62.217	  1.005	  1.313	  0.000
39	  2.760	 63.756	  1.005	  1.313	  0.000
40	  2.760	 65.294	  1.005	  1.313	  0.000
41	  2.760	 66.833	  1.005	  1.313	  0.000
42	  2.760	 68.371	  1.005	  1.313	  0.000
43	  2.760	 69.910	  1.005	  1.313	  0.000
44	  2.760	 71.448	  1.005	  1.313	  0.000
45	  2.760	 72.987	  1.005	  1.313	  0.000
46	  2.760	 74.525	  1.005	  1.313	  0.000
47	  2.760	 76.064	  1.005	  1.313	  0.000
48	  2.760	 77.602	  1.005	  1.313	  0.000
49	  2.760	 79.141	  1.005	  1.313	  0.000
50	  2.760	 80.679	  1.005	  1.313	  0.000
51	  2.760	 82.217	  1.005	  1.313	  0.000
52	  2.760	 83.756	  1.005	  1.313	  0.000
53	  2.760	 85.294	  1.005	  1.313	  0.000
54	  2.760	 86.833	  1.005	  1.313	  0.000
55	  2.760	 88.371	  1.005	  1.313	  0.000
56	  2.760	 89.910	  1.005	  1.313	  0.000
57	  2.760	 91.448	  1.005	  1.313	  0.000
58	  2.760	 92.987	  1.005	  1.313	  0.000
59	  2.760	 94.525	  1.005	  1.313	  0.000
60	  2.760	 96.064	  1.005	  1.313	  0.000
61	  2.760	 97.602	  1.005	  1.313	  0.000
62	  2.760	 99.141	  1.005	  1.313	  0.000
63	  2.760	100.679	  1.005	  1.313	  0.000
64	  2.760	102.217	  1.005	  1.313	  0.000
0	  2.880	  3.914	  1.005	  1.314	  0.000
1	  2.880	  5.452	  1.005	  1.314	  0.000
2	  2.880	  6.990	  1.005	  1.314	  0.000
3	  2.880	  8.529	  1.005	  1.314	  0.000
4	  2.880	 10.067	  1.005	  1.314	  0.000
5	  2.880	 11.606	  1.005	  1.314	  0.000
6	  2.880	 13.144	  1.005	  1.314	  0.000
7	  2.880	 14.683	  1.005	  1.314	  0.000
8	  2.880	 16.221	  1.005	  1.314	  0.000
9	  2.880	 17.760	  1.005	  1.314	  0.000
10	  2.880	 19.298	  1.005	  1.314	  0.000
11	  2.880	 20.837	  1.005	  1.314	  0.000
12	  2.880	 22.375	  1.005	  1.314	  0.000
13	  2.880	 23.914	  1.005	  1.314	  0.000
14	  2.880	 25.452	  1.005	  1.314	  0.000
15	  2.880	 26.990	  1.005	  1.314	  0.000
16	  2.880	 28.529	  1.005	  1.314	  0.000
17	  2.880	 30.067	  1.005	  1.314	  0.000
18	  2.880	 31.606	  1.005	  1.314	  0.000
19	  2.880	 33.144	  1.005	  1.314	  0.000
20	  2.880	 34.683	  1.005	  1.314	  0.000
21	  2.880	 36.221	  1.005	  1.314	  0.000
22	  2.880	 37.760	  1.005	  1.314	  0.000
23	  2.880	 39.298	  1.005	  1.314	  0.000
24	  2.880	 40.837	  1.005	  1.314	  0.000
25	  2.880	 42.375	  1.005	  1.314	  0.000
26	  2.880	 43.914	  1.005	  1.314	  0.000
27	  2.880	 45.452	  1.005	  1.314	  0.000
28	  2.880	 46.990	  1.005	  1.314	  0.000
29	  2.880	 48.529	  1.005	  1.314	  0.000
30	  2.880	 50.067	  1.005	  1.314	  0.000
31	  2.880	 51.606	  1.005	  1.314	  0.000
32	  2.880	 53.144	  1.005	  1.314	  0.000
33	  2.880	 54.683	  1.005	  1.314	  0.000
34	  2.880	 56.221	  1.005	  1.314	  0.000
35	  2.880	 57.760	  1.005	  1.314	  0.000
36	  2.880	 59.298	  1.005	  1.314	  0.000
37	  2.880	 60.837	  1.005	  1.314	  0.000
38	  2.880	 62.375	  1.005	  1.314	  0.000
39	  2.880	 63.914	  1.005	  1.314	  0.000
40	  2.880	 65.452	  1.005	  1.314	  0.000
41	  2.880	 66.990	  1.005	  1.314	  0.000
42	  2.880	 68.529	  1.005	  1.314	  0.000
43	  2.880	 70.067	  1.005	  1.314	  0.000
44	  2.880	 71.606	  1.005	  1.314	  0.000
45	  2.880	 73.144	  1.005	  1.314	  0.000
46	  2.880	 74.683	  1.005	  1.314	  0.000
47	  2.880	 76.221	  1.005	  1.314	  0.000
48	  2.880	 77.760	  1.005	  1.314	  0.000
49	  2.880	 79.298	  1.005	  1.314	  0.000
50	  2.880	 80.837	  1.005	  1.314	  0.000
51	  2.880	 82.375	  1.005	  1.314	  0.000
52	  2.880	 83.914	  1.005	  1.314	  0.000
53	  2.880	 85.452	  1.005	  1.314	  0.000
54	  2.880	 86.990	  1.005	  1.314	  0.000
55	  2.880	 88.529	  1.005	  1.314	  0.000
56	  2.880	 90.067	  1.005	  1.314	  0.000
57	  2.880	 91.606	  1.005	  1.314	  0.000
58	  2.880	 93.144	  1.005	  1.314	  0.000
59	  2.880	 94.683	  1.005	  1.314	  0.000
60	  2.880	 96.221	  1.005	  1.314	  0.000
61	  2.880	 97.760	  1.005	  1.314	  0.000
62	  2.880	 99.298	  1.005	  1.314	  0.000
63	  2.880	100.837	  1.005	  1.314	  0.000
64	  2.880	102.375	  1.005	  1.314	  0.000
0	  3.000	  4.071	  1.005	  1.315	  0.000
1	  3.000	  5.610	  1.005	  1.315	  0.000
2	  3.000	  7.148	  1.005	  1.315	  0.000
3	  3.000	  8.687	  1.005	  1.315	  0.000
4	  3.000	 10.225	  1.005	  1.315	  0.000
5	  3.000	 11.764	  1.005	  1.315	  0.000
6	  3.000	 13.302	  1.005	  1.315	  0.000
7	  3.000	 14.841	  1.005	  1.315	  0.000
8	  3.000	 16.379	  1.005	  1.315	  0.000
9	  3.000	 17.917	  1.005	  1.315	  0.000
10	  3.000	 19.456	  1.005	  1.315	  0.000
11	  3.000	 20.994	  1.005	  1.315	  0.000
12	  3.000	 22.533	  1.005	  1.315	  0.000
13	  3.000	 24.071	  1.005	  1.315	  0.000
14	  3.000	 25.610	  1.005	  1.315	  0.000
15	  3.000	 27.148	  1.005	  1.315	  0.000
16	  3.000	 28.687	  1.005	  1.315	  0.000
17	  3.000	 30.225	  1.005	  1.315	  0.000
18	  3.000	 31.764	  1.005	  1.315	  0.000
19	  3.000	 33.302	  1.005	  1.315	  0.000
20	  3.000	 34.841	  1.005	  1.315	  0.000
21	  3.000	 36.379	  1.005	  1.315	  0.000
22	  3.000	 37.917	  1.005	  1.315	  0.000
23	  3.000	 39.456	  1.005	  1.315	  0.000
24	  3.000	 40.994	  1.005	  1.315	  0.000
25	  3.000	 42.533	  1.005	  1.315	  0.000
26	  3.000	 44.071	  1.005	  1.315	  0.000
27	  3.000	 45.610	  1.005	  1.315	  0.000
28	  3.000	 47.148	  1.005	  1.315	  0.000
29	  3.000	 48.687	  1.005	  1.315	  0.000
30	  3.000	 50.225	  1.005	  1.315	  0.000
31	  3.000	 51.764	  1.005	  1.315	  0.000
32	  3.000	 53.302	  1.005	  1.315	  0.000
33	  3.000	 54.841	  1.005	  1.315	  0.000
34	  3.000	 56.379	  1.005	  1.315	  0.000
35	  3.000	 57.917	  1.005	  1.315	  0.000
36	  3.000	 59.456	  1.005	  1.315	  0.000
37	  3.000	 60.994	  1.005	  1.315	  0.000
38	  3.000	 62.533	  1.005	  1.315	  0.000
39	  3.000	 64.071	  1.005	  1.315	  0.000
40	  3.000	 65.610	  1.005	  1.315	  0.000
41	  3.000	 67.148	  1.005	  1.315	  0.000
42	  3.000	 68.687	  1.005	  1.315	  0.000
43	  3.000	 70.225	  1.005	  1.315	  0.000
44	  3.000	 71.764	  1.005	  1.315	  0.000
45	  3.000	 73.302	  1.005	  1.315	  0.000
46	  3.000	 74.841	  1.005	  1.315	  0.000
47	  3.000	 76.379	  1.005	  1.315	  0.000
48	  3.000	 77.917	  1.005	  1.315	  0.000
49	  3.000	 79.456	  1.005	  1.315	  0.000
50	  3.000	 80.994	  1.005	  1.315	  0.000
51	  3.000	 82.533	  1.005	  1.315	  0.000
52	  3.000	 84.071	  1.005	  1.315	  0.000
53	  3.000	 85.610	  1.005	  1.315	  0.000
54	  3.000	 87.148	  1.005	  1.315	  0.000
55	  3.000	 88.687	  1.005	  1.315	  0.000
56	  3.000	 90.225	  1.005	  1.315	  0.000
57	  3.000	 91.764	  1.005	  1.315	  0.000
58	  3.000	 93.302	  1.005	  1.315	  0.000
59	  3.000	 94.841	  1.005	  1.315	  0.000
60	  3.000	 96.379	  1.005	  1.315	  0.000
61	  3.000	 97.917	  1.005	  1.315	  0.000
62	  3.000	 99.456	  1.005	  1.315	  0.000
63	  3.000	100.994	  1.005	  1.315	  0.000
64	  3.000	102.533	  1.005	  1.315	  0.000
