# id	 time	 x	 y	 vx	 vy
0	  0.000	  0.877	  1.000	  0.010	  0.010
1	  0.000	  2.632	  1.000	  0.010	  0.010
2	  0.000	  4.386	  1.000	  0.010	  0.010
3	  0.000	  6.140	  1.000	  0.010	  0.010
4	  0.000	  7.895	  1.000	  0.010	  0.010
5	  0.000	  9.649	  1.000	  0.010	  0.010
6	  0.000	 11.404	  1.000	  0.010	  0.010
7	  0.000	 13.158	  1.000	  0.010	  0.010
8	  0.000	 14.912	  1.000	  0.010	  0.010
9	  0.000	 16.667	  1.000	  0.010	  0.010
10	  0.000	 18.421	  1.000	  0.010	  0.010
11	  0.000	 20.175	  1.000	  0.010	  0.010
12	  0.000	 21.930	  1.000	  0.010	  0.010
13	  0.000	 23.684	  1.000	  0.010	  0.010
14	  0.000	 25.439	  1.000	  0.010	  0.010
15	  0.000	 27.193	  1.000	  0.010	  0.010
16	  0.000	 28.947	  1.000	  0.010	  0.010
17	  0.000	 30.702	  1.000	  0.010	  0.010
18	  0.000	 32.456	  1.000	  0.010	  0.010
19	  0.000	 34.211	  1.000	  0.010	  0.010
20	  0.000	 35.965	  1.000	  0.010	  0.010
21	  0.000	 37.719	  1.000	  0.010	  0.010
22	  0.000	 39.474	  1.000	  0.010	  0.010
23	  0.000	 41.228	  1.000	  0.010	  0.010
24	  0.000	 42.982	  1.000	  0.010	  0.010
25	  0.000	 44.737	  1.000	  0.010	  0.010
26	  0.000	 46.491	  1.000	  0.010	  0.010
27	  0.000	 48.246	  1.000	  0.010	  0.010
28	  0.000	 50.000	  1.000	  0.010	  0.010
29	  0.000	 51.754	  1.000	  0.010	  0.010
30	  0.000	 53.509	  1.000	  0.010	  0.010
31	  0.000	 55.263	  1.000	  0.010	  0.010
32	  0.000	 57.018	  1.000	  0.010	  0.010
33	  0.000	 58.772	  1.000	  0.010	  0.010
34	  0.000	 60.526	  1.000	  0.010	  0.010
35	  0.000	 62.281	  1.000	  0.010	  0.010
36	  0.000	 64.035	  1.000	  0.010	  0.010
37	  0.000	 65.789	  1.000	  0.010	  0.010
38	  0.000	 67.544	  1.000	  0.010	  0.010
39	  0.000	 69.298	  1.000	  0.010	  0.010
40	  0.000	 71.053	  1.000	  0.010	  0.010
41	  0.000	 72.807	  1.000	  0.010	  0.010
42	  0.000	 74.561	  1.000	  0.010	  0.010
43	  0.000	 76.316	  1.000	  0.010	  0.010
44	  0.000	 78.070	  1.000	  0.010	  0.010
45	  0.000	 79.825	  1.000	  0.010	  0.010
46	  0.000	 81.579	  1.000	  0.010	  0.010
47	  0.000	 83.333	  1.000	  0.010	  0.010
48	  0.000	 85.088	  1.000	  0.010	  0.010
49	  0.000	 86.842	  1.000	  0.010	  0.010
50	  0.000	 88.596	  1.000	  0.010	  0.010
51	  0.000	 90.351	  1.000	  0.010	  0.010
52	  0.000	 92.105	  1.000	  0.010	  0.010
53	  0.000	 93.860	  1.000	  0.010	  0.010
54	  0.000	 95.614	  1.000	  0.010	  0.010
55	  0.000	 97.368	  1.000	  0.010	  0.010
56	  0.000	 99.123	  1.000	  0.010	  0.010
0	  0.120	  0.897	  1.001	  0.328	  0.008
1	  0.120	  2.651	  1.001	  0.328	  0.008
2	  0.120	  4.405	  1.001	  0.328	  0.008
3	  0.120	  6.160	  1.001	  0.328	  0.008
4	  0.120	  7.914	  1.001	  0.328	  0.008
5	  0.120	  9.669	  1.001	  0.328	  0.008
6	  0.120	 11.423	  1.001	  0.328	  0.008
7	  0.120	 13.177	  1.001	  0.328	  0.008
8	  0.120	 14.932	  1.001	  0.328	  0.008
9	  0.120	 16.686	  1.001	  0.328	  0.008
10	  0.120	 18.441	  1.001	  0.328	  0.008
11	  0.120	 20.195	  1.001	  0.328	  0.008
12	  0.120	 21.949	  1.001	  0.328	  0.008
13	  0.120	 23.704	  1.001	  0.328	  0.008
14	  0.120	 25.458	  1.001	  0.328	  0.008
15	  0.120	 27.212	  1.001	  0.328	  0.008
16	  0.120	 28.967	  1.001	  0.328	  0.008
17	  0.120	 30.721	  1.001	  0.328	  0.008
18	  0.120	 32.476	  1.001	  0.328	  0.008
19	  0.120	 34.230	  1.001	  0.328	  0.008
20	  0.120	 35.984	  1.001	  0.328	  0.008
21	  0.120	 37.739	  1.001	  0.328	  0.008
22	  0.120	 39.493	  1.001	  0.328	  0.008
23	  0.120	 41.248	  1.001	  0.328	  0.008
24	  0.120	 43.002	  1.001	  0.328	  0.008
25	  0.120	 44.756	  1.001	  0.328	  0.008
26	  0.120	 46.511	  1.001	  0.328	  0.008
27	  0.120	 48.265	  1.001	  0.328	  0.008
28	  0.120	 50.019	  1.001	  0.328	  0.008
29	  0.120	 51.774	  1.001	  0.328	  0.008
30	  0.120	 53.528	  1.001	  0.328	  0.008
31	  0.120	 55.283	  1.001	  0.328	  0.008
32	  0.120	 57.037	  1.001	  0.328	  0.008
33	  0.120	 58.791	  1.001	  0.328	  0.008
34	  0.120	 60.546	  1.001	  0.328	  0.008
35	  0.120	 62.300	  1.001	  0.328	  0.008
36	  0.120	 64.055	  1.001	  0.328	  0.008
37	  0.120	 65.809	  1.001	  0.328	  0.008
38	  0.120	 67.563	  1.001	  0.328	  0.008
39	  0.120	 69.318	  1.001	  0.328	  0.008
40	  0.120	 71.072	  1.001	  0.328	  0.008
41	  0.120	 72.826	  1.001	  0.328	  0.008
42	  0.120	 74.581	  1.001	  0.328	  0.008
43	  0.120	 76.335	  1.001	  0.328	  0.008
44	  0.120	 78.090	  1.001	  0.328	  0.008
45	  0.120	 79.844	  1.001	  0.328	  0.008
46	  0.120	 81.598	  1.001	  0.328	  0.008
47	  0.120	 83.353	  1.001	  0.328	  0.008
48	  0.120	 85.107	  1.001	  0.328	  0.008
49	  0.120	 86.862	  1.001	  0.328	  0.008
50	  0.120	 88.616	  1.001	  0.328	  0.008
51	  0.120	 90.370	  1.001	  0.328	  0.008
52	  0.120	 92.125	  1.001	  0.328	  0.008
53	  0.120	 93.879	  1.001	  0.328	  0.008
54	  0.120	 95.633	  1.001	  0.328	  0.008
55	  0.120	 97.388	  1.001	  0.328	  0.008
56	  0.120	 99.142	  1.001	  0.328	  0.008
0	  0.240	  0.950	  1.002	  0.578	  0.006
1	  0.240	  2.705	  1.002	  0.578	  0.006
2	  0.240	  4.459	  1.002	  0.578	  0.006
3	  0.240	  6.214	  1.002	  0.578	  0.006
4	  0.240	  7.968	  1.002	  0.578	  0.006
5	  0.240	  9.722	  1.002	  0.578	  0.006
6	  0.240	 11.477	  1.002	  0.578	  0.006
7	  0.240	 13.231	  1.002	  0.578	  0.006
8	  0.240	 14.985	  1.002	  0.578	  0.006
9	  0.240	 16.740	  1.002	  0.578	  0.006
10	  0.240	 18.494	  1.002	  0.578	  0.006
11	  0.240	 20.249	  1.002	  0.578	  0.006
12	  0.240	 22.003	  1.002	  0.578	  0.006
13	  0.240	 23.757	  1.002	  0.578	  0.006
14	  0.240	 25.512	  1.002	  0.578	  0.006
15	  0.240	 27.266	  1.002	  0.578	  0.006
16	  0.240	 29.021	  1.002	  0.578	  0.006
17	  0.240	 30.775	  1.002	  0.578	  0.006
18	  0.240	 32.529	  1.002	  0.578	  0.006
19	  0.240	 34.284	  1.002	  0.578	  0.006
20	  0.240	 36.038	  1.002	  0.578	  0.006
21	  0.240	 37.792	  1.002	  0.578	  0.006
22	  0.240	 39.547	  1.002	  0.578	  0.006
23	  0.240	 41.301	  1.002	  0.578	  0.006
24	  0.240	 43.056	  1.002	  0.578	  0.006
25	  0.240	 44.810	  1.002	  0.578	  0.006
26	  0.240	 46.564	  1.002	  0.578	  0.006
27	  0.240	 48.319	  1.002	  0.578	  0.006
28	  0.240	 50.073	  1.002	  0.578	  0.006
29	  0.240	 51.828	  1.002	  0.578	  0.006
30	  0.240	 53.582	  1.002	  0.578	  0.006
31	  0.240	 55.336	  1.002	  0.578	  0.006
32	  0.240	 57.091	  1.002	  0.578	  0.006
33	  0.240	 58.845	  1.002	  0.578	  0.006
34	  0.240	 60.599	  1.002	  0.578	  0.006
35	  0.240	 62.354	  1.002	  0.578	  0.006
36	  0.240	 64.108	  1.002	  0.578	  0.006
37	  0.240	 65.863	  1.002	  0.578	  0.006
38	  0.240	 67.617	  1.002	  0.578	  0.006
39	  0.240	 69.371	  1.002	  0.578	  0.006
40	  0.240	 71.126	  1.002	  0.578	  0.006
41	  0.240	 72.880	  1.002	  0.578	  0.006
42	  0.240	 74.635	  1.002	  0.578	  0.006
43	  0.240	 76.389	  1.002	  0.578	  0.006
44	  0.240	 78.143	  1.002	  0.578	  0.006
45	  0.240	 79.898	  1.002	  0.578	  0.006
46	  0.240	 81.652	  1.002	  0.578	  0.006
47	  0.240	 83.407	  1.002	  0.578	  0.006
48	  0.240	 85.161	  1.002	  0.578	  0.006
49	  0.240	 86.915	  1.002	  0.578	  0.006
50	  0.240	 88.670	  1.002	  0.578	  0.006
51	  0.240	 90.424	  1.002	  0.578	  0.006
52	  0.240	 92.178	  1.002	  0.578	  0.006
53	  0.240	 93.933	  1.002	  0.578	  0.006
54	  0.240	 95.687	  1.002	  0.578	  0.006
55	  0.240	 97.442	  1.002	  0.578	  0.006
56	  0.240	 99.196	  1.002	  0.578	  0.006
0	  0.360	  1.031	  1.003	  0.774	  0.005
1	  0.360	  2.785	  1.003	  0.774	  0.005
2	  0.360	  4.540	  1.003	  0.774	  0.005
3	  0.360	  6.294	  1.003	  0.774	  0.005
4	  0.360	  8.048	  1.003	  0.774	  0.005
5	  0.360	  9.803	  1.003	  0.774	  0.005
6	  0.360	 11.557	  1.003	  0.774	  0.005
7	  0.360	 13.312	  1.003	  0.774	  0.005
8	  0.360	 15.066	  1.003	  0.774	  0.005
9	  0.360	 16.820	  1.003	  0.774	  0.005
10	  0.360	 18.575	  1.003	  0.774	  0.005
11	  0.360	 20.329	  1.003	  0.774	  0.005
12	  0.360	 22.084	  1.003	  0.774	  0.005
13	  0.360	 23.838	  1.003	  0.774	  0.005
14	  0.360	 25.592	  1.003	  0.774	  0.005
15	  0.360	 27.347	  1.003	  0.774	  0.005
16	  0.360	 29.101	  1.003	  0.774	  0.005
17	  0.360	 30.856	  1.003	  0.774	  0.005
18	  0.360	 32.610	  1.003	  0.774	  0.005
19	  0.360	 34.364	  1.003	  0.774	  0.005
20	  0.360	 36.119	  1.003	  0.774	  0.005
21	  0.360	 37.873	  1.003	  0.774	  0.005
22	  0.360	 39.627	  1.003	  0.774	  0.005
23	  0.360	 41.382	  1.003	  0.774	  0.005
24	  0.360	 43.136	  1.003	  0.774	  0.005
25	  0.360	 44.891	  1.003	  0.774	  0.005
26	  0.360	 46.645	  1.003	  0.774	  0.005
27	  0.360	 48.399	  1.003	  0.774	  0.005
28	  0.360	 50.154	  1.003	  0.774	  0.005
29	  0.360	 51.908	  1.003	  0.774	  0.005
30	  0.360	 53.663	  1.003	  0.774	  0.005
31	  0.360	 55.417	  1.003	  0.774	  0.005
32	  0.360	 57.171	  1.003	  0.774	  0.005
33	  0.360	 58.926	  1.003	  0.774	  0.005
34	  0.360	 60.680	  1.003	  0.774	  0.005
35	  0.360	 62.434	  1.003	  0.774	  0.005
36	  0.360	 64.189	  1.003	  0.774	  0.005
37	  0.360	 65.943	  1.003	  0.774	  0.005
38	  0.360	 67.698	  1.003	  0.774	  0.005
39	  0.360	 69.452	  1.003	  0.774	  0.005
40	  0.360	 71.206	  1.003	  0.774	  0.005
41	  0.360	 72.961	  1.003	  0.774	  0.005
42	  0.360	 74.715	  1.003	  0.774	  0.005
43	  0.360	 76.470	  1.003	  0.774	  0.005
44	  0.360	 78.224	  1.003	  0.774	  0.005
45	  0.360	 79.978	  1.003	  0.774	  0.005
46	  0.360	 81.733	  1.003	  0.774	  0.005
47	  0.360	 83.487	  1.003	  0.774	  0.005
48	  0.360	 85.241	  1.003	  0.774	  0.005
49	  0.360	 86.996	  1.003	  0.774	  0.005
50	  0.360	 88.750	  1.003	  0.774	  0.005
51	  0.360	 90.505	  1.003	  0.774	  0.005
52	  0.360	 92.259	  1.003	  0.774	  0.005
53	  0.360	 94.013	  1.003	  0.774	  0.005
54	  0.360	 95.768	  1.003	  0.774	  0.005
55	  0.360	 97.522	  1.003	  0.774	  0.005
56	  0.360	 99.277	  1.003	  0.774	  0.005
0	  0.480	  1.133	  1.003	  0.927	  0.004
1	  0.480	  2.887	  1.003	  0.927	  0.004
2	  0.480	  4.641	  1.003	  0.927	  0.004
3	  0.480	  6.396	  1.003	  0.927	  0.004
4	  0.480	  8.150	  1.003	  0.927	  0.004
5	  0.480	  9.905	  1.003	  0.927	  0.004
6	  0.480	 11.659	  1.003	  0.927	  0.004
7	  0.480	 13.413	  1.003	  0.927	  0.004
8	  0.480	 15.168	  1.003	  0.927	  0.004
9	  0.480	 16.922	  1.003	  0.927	  0.004
10	  0.480	 18.676	  1.003	  0.927	  0.004
11	  0.480	 20.431	  1.003	  0.927	  0.004
12	  0.480	 22.185	  1.003	  0.927	  0.004
13	  0.480	 23.940	  1.003	  0.927	  0.004
14	  0.480	 25.694	  1.003	  0.927	  0.004
15	  0.480	 27.448	  1.003	  0.927	  0.004
16	  0.480	 29.203	  1.003	  0.927	  0.004
17	  0.480	 30.957	  1.003	  0.927	  0.004
18	  0.480	 32.712	  1.003	  0.927	  0.004
19	  0.480	 34.466	  1.003	  0.927	  0.004
20	  0.480	 36.220	  1.003	  0.927	  0.004
21	  0.480	 37.975	  1.003	  0.927	  0.004
22	  0.480	 39.729	  1.003	  0.927	  0.004
23	  0.480	 41.483	  1.003	  0.927	  0.004
24	  0.480	 43.238	  1.003	  0.927	  0.004
25	  0.480	 44.992	  1.003	  0.927	  0.004
26	  0.480	 46.747	  1.003	  0.927	  0.004
27	  0.480	 48.501	  1.003	  0.927	  0.004
28	  0.480	 50.255	  1.003	  0.927	  0.004
29	  0.480	 52.010	  1.003	  0.927	  0.004
30	  0.480	 53.764	  1.003	  0.927	  0.004
31	  0.480	 55.519	  1.003	  0.927	  0.004
32	  0.480	 57.273	  1.003	  0.927	  0.004
33	  0.480	 59.027	  1.003	  0.927	  0.004
34	  0.480	 60.782	  1.003	  0.927	  0.004
35	  0.480	 62.536	  1.003	  0.927	  0.004
36	  0.480	 64.291	  1.003	  0.927	  0.004
37	  0.480	 66.045	  1.003	  0.927	  0.004
38	  0.480	 67.799	  1.003	  0.927	  0.004
39	  0.480	 69.554	  1.003	  0.927	  0.004
40	  0.480	 71.308	  1.003	  0.927	  0.004
41	  0.480	 73.062	  1.003	  0.927	  0.004
42	  0.480	 74.817	  1.003	  0.927	  0.004
43	  0.480	 76.571	  1.003	  0.927	  0.004
44	  0.480	 78.326	  1.003	  0.927	  0.004
45	  0.480	 80.080	  1.003	  0.927	  0.004
46	  0.480	 81.834	  1.003	  0.927	  0.004
47	  0.480	 83.589	  1.003	  0.927	  0.004
48	  0.480	 85.343	  1.003	  0.927	  0.004
49	  0.480	 87.098	  1.003	  0.927	  0.004
50	  0.480	 88.852	  1.003	  0.927	  0.004
51	  0.480	 90.606	  1.003	  0.927	  0.004
52	  0.480	 92.361	  1.003	  0.927	  0.004
53	  0.480	 94.115	  1.003	  0.927	  0.004
54	  0.480	 95.869	  1.003	  0.927	  0.004
55	  0.480	 97.624	  1.003	  0.927	  0.004
56	  0.480	 99.378	  1.003	  0.927	  0.004
0	  0.600	  1.251	  1.004	  1.048	  0.003
1	  0.600	  3.005	  1.004	  1.048	  0.003
2	  0.600	  4.760	  1.004	  1.048	  0.003
3	  0.600	  6.514	  1.004	  1.048	  0.003
4	  0.600	  8.268	  1.004	  1.048	  0.003
5	  0.600	 10.023	  1.004	  1.048	  0.003
6	  0.600	 11.777	  1.004	  1.048	  0.003
7	  0.600	 13.532	  1.004	  1.048	  0.003
8	  0.600	 15.286	  1.004	  1.048	  0.003
9	  0.600	 17.040	  1.004	  1.048	  0.003
10	  0.600	 18.795	  1.004	  1.048	  0.003
11	  0.600	 20.549	  1.004	  1.048	  0.003
12	  0.600	 22.303	  1.004	  1.048	  0.003
13	  0.600	 24.058	  1.004	  1.048	  0.003
14	  0.600	 25.812	  1.004	  1.048	  0.003
15	  0.600	 27.567	  1.004	  1.048	  0.003
16	  0.600	 29.321	  1.004	  1.048	  0.003
17	  0.600	 31.075	  1.004	  1.048	  0.003
18	  0.600	 32.830	  1.004	  1.048	  0.003
19	  0.600	 34.584	  1.004	  1.048	  0.003
20	  0.600	 36.339	  1.004	  1.048	  0.003
21	  0.600	 38.093	  1.004	  1.048	  0.003
22	  0.600	 39.847	  1.004	  1.048	  0.003
23	  0.600	 41.602	  1.004	  1.048	  0.003
24	  0.600	 43.356	  1.004	  1.048	  0.003
25	  0.600	 45.110	  1.004	  1.048	  0.003
26	  0.600	 46.865	  1.004	  1.048	  0.003
27	  0.600	 48.619	  1.004	  1.048	  0.003
28	  0.600	 50.374	  1.004	  1.048	  0.003
29	  0.600	 52.128	  1.004	  1.048	  0.003
30	  0.600	 53.882	  1.004	  1.048	  0.003
31	  0.600	 55.637	  1.004	  1.048	  0.003
32	  0.600	 57.391	  1.004	  1.048	  0.003
33	  0.600	 59.146	  1.004	  1.048	  0.003
34	  0.600	 60.900	  1.004	  1.048	  0.003
35	  0.600	 62.654	  1.004	  1.048	  0.003
36	  0.600	 64.409	  1.004	  1.048	  0.003
37	  0.600	 66.163	  1.004	  1.048	  0.003
38	  0.600	 67.917	  1.004	  1.048	  0.003
39	  0.600	 69.672	  1.004	  1.048	  0.003
40	  0.600	 71.426	  1.004	  1.048	  0.003
41	  0.600	 73.181	  1.004	  1.048	  0.003
42	  0.600	 74.935	  1.004	  1.048	  0.003
43	  0.600	 76.689	  1.004	  1.048	  0.003
44	  0.600	 78.444	  1.004	  1.048	  0.003
45	  0.600	 80.198	  1.004	  1.048	  0.003
46	  0.600	 81.953	  1.004	  1.048	  0.003
47	  0.600	 83.707	  1.004	  1.048	  0.003
48	  0.600	 85.461	  1.004	  1.048	  0.003
49	  0.600	 87.216	  1.004	  1.048	  0.003
50	  0.600	 88.970	  1.004	  1.048	  0.003
51	  0.600	 90.725	  1.004	  1.048	  0.003
52	  0.600	 92.479	  1.004	  1.048	  0.003
53	  0.600	 94.233	  1.004	  1.048	  0.003
54	  0.600	 95.988	  1.004	  1.048	  0.003
55	  0.600	 97.742	  1.004	  1.048	  0.003
56	  0.600	 99.496	  1.004	  1.048	  0.003
0	  0.720	  1.382	  1.004	  1.143	  0.002
1	  0.720	  3.136	  1.004	  1.143	  0.002
2	  0.720	  4.891	  1.004	  1.143	  0.002
3	  0.720	  6.645	  1.004	  1.143	  0.002
4	  0.720	  8.400	  1.004	  1.143	  0.002
5	  0.720	 10.154	  1.004	  1.143	  0.002
6	  0.720	 11.908	  1.004	  1.143	  0.002
7	  0.720	 13.663	  1.004	  1.143	  0.002
8	  0.720	 15.417	  1.004	  1.143	  0.002
9	  0.720	 17.172	  1.004	  1.143	  0.002
10	  0.720	 18.926	  1.004	  1.143	  0.002
11	  0.720	 20.680	  1.004	  1.143	  0.002
12	  0.720	 22.435	  1.004	  1.143	  0.002
13	  0.720	 24.189	  1.004	  1.143	  0.002
14	  0.720	 25.943	  1.004	  1.143	  0.002
15	  0.720	 27.698	  1.004	  1.143	  0.002
16	  0.720	 29.452	  1.004	  1.143	  0.002
17	  0.720	 31.207	  1.004	  1.143	  0.002
18	  0.720	 32.961	  1.004	  1.143	  0.002
19	  0.720	 34.715	  1.004	  1.143	  0.002
20	  0.720	 36.470	  1.004	  1.143	  0.002
21	  0.720	 38.224	  1.004	  1.143	  0.002
22	  0.720	 39.979	  1.004	  1.143	  0.002
23	  0.720	 41.733	  1.004	  1.143	  0.002
24	  0.720	 43.487	  1.004	  1.143	  0.002
25	  0.720	 45.242	  1.004	  1.143	  0.002
26	  0.720	 46.996	  1.004	  1.143	  0.002
27	  0.720	 48.750	  1.004	  1.143	  0.002
28	  0.720	 50.505	  1.004	  1.143	  0.002
29	  0.720	 52.259	  1.004	  1.143	  0.002
30	  0.720	 54.014	  1.004	  1.143	  0.002
31	  0.720	 55.768	  1.004	  1.143	  0.002
32	  0.720	 57.522	  1.004	  1.143	  0.002
33	  0.720	 59.277	  1.004	  1.143	  0.002
34	  0.720	 61.031	  1.004	  1.143	  0.002
35	  0.720	 62.786	  1.004	  1.143	  0.002
36	  0.720	 64.540	  1.004	  1.143	  0.002
37	  0.720	 66.294	  1.004	  1.143	  0.002
38	  0.720	 68.049	  1.004	  1.143	  0.002
39	  0.720	 69.803	  1.004	  1.143	  0.002
40	  0.720	 71.557	  1.004	  1.143	  0.002
41	  0.720	 73.312	  1.004	  1.143	  0.002
42	  0.720	 75.066	  1.004	  1.143	  0.002
43	  0.720	 76.821	  1.004	  1.143	  0.002
44	  0.720	 78.575	  1.004	  1.143	  0.002
45	  0.720	 80.329	  1.004	  1.143	  0.002
46	  0.720	 82.084	  1.004	  1.143	  0.002
47	  0.720	 83.838	  1.004	  1.143	  0.002
48	  0.720	 85.593	  1.004	  1.143	  0.002
49	  0.720	 87.347	  1.004	  1.143	  0.002
50	  0.720	 89.101	  1.004	  1.143	  0.002
51	  0.720	 90.856	  1.004	  1.143	  0.002
52	  0.720	 92.610	  1.004	  1.143	  0.002
53	  0.720	 94.364	  1.004	  1.143	  0.002
54	  0.720	 96.119	  1.004	  1.143	  0.002
55	  0.720	 97.873	  1.004	  1.143	  0.002
56	  0.720	 99.628	  1.004	  1.143	  0.002
0	  0.840	  1.523	  1.004	  1.217	  0.002
1	  0.840	  3.278	  1.004	  1.217	  0.002
2	  0.840	  5.032	  1.004	  1.217	  0.002
3	  0.840	  6.787	  1.004	  1.217	  0.002
4	  0.840	  8.541	  1.004	  1.217	  0.002
5	  0.840	 10.295	  1.004	  1.217	  0.002
6	  0.840	 12.050	  1.004	  1.217	  0.002
7	  0.840	 13.804	  1.004	  1.217	  0.002
8	  0.840	 15.559	  1.004	  1.217	  0.002
9	  0.840	 17.313	  1.004	  1.217	  0.002
10	  0.840	 19.067	  1.004	  1.217	  0.002
11	  0.840	 20.822	  1.004	  1.217	  0.002
12	  0.840	 22.576	  1.004	  1.217	  0.002
13	  0.840	 24.330	  1.004	  1.217	  0.002
14	  0.840	 26.085	  1.004	  1.217	  0.002
15	  0.840	 27.839	  1.004	  1.217	  0.002
16	  0.840	 29.594	  1.004	  1.217	  0.002
17	  0.840	 31.348	  1.004	  1.217	  0.002
18	  0.840	 33.102	  1.004	  1.217	  0.002
19	  0.840	 34.857	  1.004	  1.217	  0.002
20	  0.840	 36.611	  1.004	  1.217	  0.002
21	  0.840	 38.366	  1.004	  1.217	  0.002
22	  0.840	 40.120	  1.004	  1.217	  0.002
23	  0.840	 41.874	  1.004	  1.217	  0.002
24	  0.840	 43.629	  1.004	  1.217	  0.002
25	  0.840	 45.383	  1.004	  1.217	  0.002
26	  0.840	 47.137	  1.004	  1.217	  0.002
27	  0.840	 48.892	  1.004	  1.217	  0.002
28	  0.840	 50.646	  1.004	  1.217	  0.002
29	  0.840	 52.401	  1.004	  1.217	  0.002
30	  0.840	 54.155	  1.004	  1.217	  0.002
31	  0.840	 55.909	  1.004	  1.217	  0.002
32	  0.840	 57.664	  1.004	  1.217	  0.002
33	  0.840	 59.418	  1.004	  1.217	  0.002
34	  0.840	 61.173	  1.004	  1.217	  0.002
35	  0.840	 62.927	  1.004	  1.217	  0.002
36	  0.840	 64.681	  1.004	  1.217	  0.002
37	  0.840	 66.436	  1.004	  1.217	  0.002
38	  0.840	 68.190	  1.004	  1.217	  0.002
39	  0.840	 69.944	  1.004	  1.217	  0.002
40	  0.840	 71.699	  1.004	  1.217	  0.002
41	  0.840	 73.453	  1.004	  1.217	  0.002
42	  0.840	 75.208	  1.004	  1.217	  0.002
43	  0.840	 76.962	  1.004	  1.217	  0.002
44	  0.840	 78.716	  1.004	  1.217	  0.002
45	  0.840	 80.471	  1.004	  1.217	  0.002
46	  0.840	 82.225	  1.004	  1.217	  0.002
47	  0.840	 83.980	  1.004	  1.217	  0.002
48	  0.840	 85.734	  1.004	  1.217	  0.002
49	  0.840	 87.488	  1.004	  1.217	  0.002
50	  0.840	 89.243	  1.004	  1.217	  0.002
51	  0.840	 90.997	  1.004	  1.217	  0.002
52	  0.840	 92.751	  1.004	  1.217	  0.002
53	  0.840	 94.506	  1.004	  1.217	  0.002
54	  0.840	 96.260	  1.004	  1.217	  0.002
55	  0.840	 98.015	  1.004	  1.217	  0.002
56	  0.840	 99.769	  1.004	  1.217	  0.002
0	  0.960	  1.673	  1.004	  1.275	  0.001
1	  0.960	  3.427	  1.004	  1.275	  0.001
2	  0.960	  5.182	  1.004	  1.275	  0.001
3	  0.960	  6.936	  1.004	  1.275	  0.001
4	  0.960	  8.690	  1.004	  1.275	  0.001
5	  0.960	 10.445	  1.004	  1.275	  0.001
6	  0.960	 12.199	  1.004	  1.275	  0.001
7	  0.960	 13.954	  1.004	  1.275	  0.001
8	  0.960	 15.708	  1.004	  1.275	  0.001
9	  0.960	 17.462	  1.004	  1.275	  0.001
10	  0.960	 19.217	  1.004	  1.275	  0.001
11	  0.960	 20.971	  1.004	  1.275	  0.001
12	  0.960	 22.725	  1.004	  1.275	  0.001
13	  0.960	 24.480	  1.004	  1.275	  0.001
14	  0.960	 26.234	  1.004	  1.275	  0.001
15	  0.960	 27.989	  1.004	  1.275	  0.001
16	  0.960	 29.743	  1.004	  1.275	  0.001
17	  0.960	 31.497	  1.004	  1.275	  0.001
18	  0.960	 33.252	  1.004	  1.275	  0.001
19	  0.960	 35.006	  1.004	  1.275	  0.001
20	  0.960	 36.761	  1.004	  1.275	  0.001
21	  0.960	 38.515	  1.004	  1.275	  0.001
22	  0.960	 40.269	  1.004	  1.275	  0.001
23	  0.960	 42.024	  1.004	  1.275	  0.001
24	  0.960	 43.778	  1.004	  1.275	  0.001
25	  0.960	 45.532	  1.004	  1.275	  0.001
26	  0.960	 47.287	  1.004	  1.275	  0.001
27	  0.960	 49.041	  1.004	  1.275	  0.001
28	  0.960	 50.796	  1.004	  1.275	  0.001
29	  0.960	 52.550	  1.004	  1.275	  0.001
30	  0.960	 54.304	  1.004	  1.275	  0.001
31	  0.960	 56.059	  1.004	  1.275	  0.001
32	  0.960	 57.813	  1.004	  1.275	  0.001
33	  0.960	 59.568	  1.004	  1.275	  0.001
34	  0.960	 61.322	  1.004	  1.275	  0.001
35	  0.960	 63.076	  1.004	  1.275	  0.001
36	  0.960	 64.831	  1.004	  1.275	  0.001
37	  0.960	 66.585	  1.004	  1.275	  0.001
38	  0.960	 68.339	  1.004	  1.275	  0.001
39	  0.960	 70.094	  1.004	  1.275	  0.001
40	  0.960	 71.848	  1.004	  1.275	  0.001
41	  0.960	 73.603	  1.004	  1.275	  0.001
42	  0.960	 75.357	  1.004	  1.275	  0.001
43	  0.960	 77.111	  1.004	  1.275	  0.001
44	  0.960	 78.866	  1.004	  1.275	  0.001
45	  0.960	 80.620	  1.004	  1.275	  0.001
46	  0.960	 82.375	  1.004	  1.275	  0.001
47	  0.960	 84.129	  1.004	  1.275	  0.001
48	  0.960	 85.883	  1.004	  1.275	  0.001
49	  0.960	 87.638	  1.004	  1.275	  0.001
50	  0.960	 89.392	  1.004	  1.275	  0.001
51	  0.960	 91.146	  1.004	  1.275	  0.001
52	  0.960	 92.901	  1.004	  1.275	  0.001
53	  0.960	 94.655	  1.004	  1.275	  0.001
54	  0.960	 96.410	  1.004	  1.275	  0.001
55	  0.960	 98.164	  1.004	  1.275	  0.001
56	  0.960	 99.918	  1.004	  1.275	  0.001
0	  1.080	  1.828	  1.004	  1.321	  0.001
1	  1.080	  3.583	  1.004	  1.321	  0.001
2	  1.080	  5.337	  1.004	  1.321	  0.001
3	  1.080	  7.092	  1.004	  1.321	  0.001
4	  1.080	  8.846	  1.004	  1.321	  0.001
5	  1.080	 10.600	  1.004	  1.321	  0.001
6	  1.080	 12.355	  1.004	  1.321	  0.001
7	  1.080	 14.109	  1.004	  1.321	  0.001
8	  1.080	 15.864	  1.004	  1.321	  0.001
9	  1.080	 17.618	  1.004	  1.321	  0.001
10	  1.080	 19.372	  1.004	  1.321	  0.001
11	  1.080	 21.127	  1.004	  1.321	  0.001
12	  1.080	 22.881	  1.004	  1.321	  0.001
13	  1.080	 24.635	  1.004	  1.321	  0.001
14	  1.080	 26.390	  1.004	  1.321	  0.001
15	  1.080	 28.144	  1.004	  1.321	  0.001
16	  1.080	 29.899	  1.004	  1.321	  0.001
17	  1.080	 31.653	  1.004	  1.321	  0.001
18	  1.080	 33.407	  1.004	  1.321	  0.001
19	  1.080	 35.162	  1.004	  1.321	  0.001
20	  1.080	 36.916	  1.004	  1.321	  0.001
21	  1.080	 38.671	  1.004	  1.321	  0.001
22	  1.080	 40.425	  1.004	  1.321	  0.001
23	  1.080	 42.179	  1.004	  1.321	  0.001
24	  1.080	 43.934	  1.004	  1.321	  0.001
25	  1.080	 45.688	  1.004	  1.321	  0.001
26	  1.080	 47.443	  1.004	  1.321	  0.001
27	  1.080	 49.197	  1.004	  1.321	  0.001
28	  1.080	 50.951	  1.004	  1.321	  0.001
29	  1.080	 52.706	  1.004	  1.321	  0.001
30	  1.080	 54.460	  1.004	  1.321	  0.001
31	  1.080	 56.214	  1.004	  1.321	  0.001
32	  1.080	 57.969	  1.004	  1.321	  0.001
33	  1.080	 59.723	  1.004	  1.321	  0.001
34	  1.080	 61.478	  1.004	  1.321	  0.001
35	  1.080	 63.232	  1.004	  1.321	  0.001
36	  1.080	 64.986	  1.004	  1.321	  0.001
37	  1.080	 66.741	  1.004	  1.321	  0.001
38	  1.080	 68.495	  1.004	  1.321	  0.001
39	  1.080	 70.250	  1.004	  1.321	  0.001
40	  1.080	 72.004	  1.004	  1.321	  0.001
41	  1.080	 73.758	  1.004	  1.321	  0.001
42	  1.080	 75.513	  1.004	  1.321	  0.001
43	  1.080	 77.267	  1.004	  1.321	  0.001
44	  1.080	 79.021	  1.004	  1.321	  0.001
45	  1.080	 80.776	  1.004	  1.321	  0.001
46	  1.080	 82.530	  1.004	  1.321	  0.001
47	  1.080	 84.285	  1.004	  1.321	  0.001
48	  1.080	 86.039	  1.004	  1.321	  0.001
49	  1.080	 87.793	  1.004	  1.321	  0.001
50	  1.080	 89.548	  1.004	  1.321	  0.001
51	  1.080	 91.302	  1.004	  1.321	  0.001
52	  1.080	 93.057	  1.004	  1.321	  0.001
53	  1.080	 94.811	  1.004	  1.321	  0.001
54	  1.080	 96.565	  1.004	  1.321	  0.001
55	  1.080	 98.320	  1.004	  1.321	  0.001
56	  1.080	100.074	  1.004	  1.321	  0.001
0	  1.200	  1.989	  1.005	  1.357	  0.001
1	  1.200	  3.743	  1.005	  1.357	  0.001
2	  1.200	  5.498	  1.005	  1.357	  0.001
3	  1.200	  7.252	  1.005	  1.357	  0.001
4	  1.200	  9.007	  1.005	  1.357	  0.001
5	  1.200	 10.761	  1.005	  1.357	  0.001
6	  1.200	 12.515	  1.005	  1.357	  0.001
7	  1.200	 14.270	  1.005	  1.357	  0.001
8	  1.200	 16.024	  1.005	  1.357	  0.001
9	  1.200	 17.779	  1.005	  1.357	  0.001
10	  1.200	 19.533	  1.005	  1.357	  0.001
11	  1.200	 21.287	  1.005	  1.357	  0.001
12	  1.200	 23.042	  1.005	  1.357	  0.001
13	  1.200	 24.796	  1.005	  1.357	  0.001
14	  1.200	 26.550	  1.005	  1.357	  0.001
15	  1.200	 28.305	  1.005	  1.357	  0.001
16	  1.200	 30.059	  1.005	  1.357	  0.001
17	  1.200	 31.814	  1.005	  1.357	  0.001
18	  1.200	 33.568	  1.005	  1.357	  0.001
19	  1.200	 35.322	  1.005	  1.357	  0.001
20	  1.200	 37.077	  1.005	  1.357	  0.001
21	  1.200	 38.831	  1.005	  1.357	  0.001
22	  1.200	 40.586	  1.005	  1.357	  0.001
23	  1.200	 42.340	  1.005	  1.357	  0.001
24	  1.200	 44.094	  1.005	  1.357	  0.001
25	  1.200	 45.849	  1.005	  1.357	  0.001
26	  1.200	 47.603	  1.005	  1.357	  0.001
27	  1.200	 49.357	  1.005	  1.357	  0.001
28	  1.200	 51.112	  1.005	  1.357	  0.001
29	  1.200	 52.866	  1.005	  1.357	  0.001
30	  1.200	 54.621	  1.005	  1.357	  0.001
31	  1.200	 56.375	  1.005	  1.357	  0.001
32	  1.200	 58.129	  1.005	  1.357	  0.001
33	  1.200	 59.884	  1.005	  1.357	  0.001
34	  1.200	 61.638	  1.005	  1.357	  0.001
35	  1.200	 63.393	  1.005	  1.357	  0.001
36	  1.200	 65.147	  1.005	  1.357	  0.001
37	  1.200	 66.901	  1.005	  1.357	  0.001
38	  1.200	 68.656	  1.005	  1.357	  0.001
39	  1.200	 70.410	  1.005	  1.357	  0.001
40	  1.200	 72.164	  1.005	  1.357	  0.001
41	  1.200	 73.919	  1.005	  1.357	  0.001
42	  1.200	 75.673	  1.005	  1.357	  0.001
43	  1.200	 77.428	  1.005	  1.357	  0.001
44	  1.200	 79.182	  1.005	  1.357	  0.001
45	  1.200	 80.936	  1.005	  1.357	  0.001
46	  1.200	 82.691	  1.005	  1.357	  0.001
47	  1.200	 84.445	  1.005	  1.357	  0.001
48	  1.200	 86.200	  1.005	  1.357	  0.001
49	  1.200	 87.954	  1.005	  1.357	  0.001
50	  1.200	 89.708	  1.005	  1.357	  0.001
51	  1.200	 91.463	  1.005	  1.357	  0.001
52	  1.200	 93.217	  1.005	  1.357	  0.001
53	  1.200	 94.972	  1.005	  1.357	  0.001
54	  1.200	 96.726	  1.005	  1.357	  0.001
55	  1.200	 98.480	  1.005	  1.357	  0.001
56	  1.200	100.235	  1.005	  1.357	  0.001
0	  1.320	  2.154	  1.005	  1.385	  0.001
1	  1.320	  3.908	  1.005	  1.385	  0.001
2	  1.320	  5.662	  1.005	  1.385	  0.001
3	  1.320	  7.417	  1.005	  1.385	  0.001
4	  1.320	  9.171	  1.005	  1.385	  0.001
5	  1.320	 10.925	  1.005	  1.385	  0.001
6	  1.320	 12.680	  1.005	  1.385	  0.001
7	  1.320	 14.434	  1.005	  1.385	  0.001
8	  1.320	 16.189	  1.005	  1.385	  0.001
9	  1.320	 17.943	  1.005	  1.385	  0.001
10	  1.320	 19.697	  1.005	  1.385	  0.001
11	  1.320	 21.452	  1.005	  1.385	  0.001
12	  1.320	 23.206	  1.005	  1.385	  0.001
13	  1.320	 24.961	  1.005	  1.385	  0.001
14	  1.320	 26.715	  1.005	  1.385	  0.001
15	  1.320	 28.469	  1.005	  1.385	  0.001
16	  1.320	 30.224	  1.005	  1.385	  0.001
17	  1.320	 31.978	  1.005	  1.385	  0.001
18	  1.320	 33.732	  1.005	  1.385	  0.001
19	  1.320	 35.487	  1.005	  1.385	  0.001
20	  1.320	 37.241	  1.005	  1.385	  0.001
21	  1.320	 38.996	  1.005	  1.385	  0.001
22	  1.320	 40.750	  1.005	  1.385	  0.001
23	  1.320	 42.504	  1.005	  1.385	  0.001
24	  1.320	 44.259	  1.005	  1.385	  0.001
25	  1.320	 46.013	  1.005	  1.385	  0.001
26	  1.320	 47.768	  1.005	  1.385	  0.001
27	  1.320	 49.522	  1.005	  1.385	  0.001
28	  1.320	 51.276	  1.005	  1.385	  0.001
29	  1.320	 53.031	  1.005	  1.385	  0.001
30	  1.320	 54.785	  1.005	  1.385	  0.001
31	  1.320	 56.539	  1.005	  1.385	  0.001
32	  1.320	 58.294	  1.005	  1.385	  0.001
33	  1.320	 60.048	  1.005	  1.385	  0.001
34	  1.320	 61.803	  1.005	  1.385	  0.001
35	  1.320	 63.557	  1.005	  1.385	  0.001
36	  1.320	 65.311	  1.005	  1.385	  0.001
37	  1.320	 67.066	  1.005	  1.385	  0.001
38	  1.320	 68.820	  1.005	  1.385	  0.001
39	  1.320	 70.575	  1.005	  1.385	  0.001
40	  1.320	 72.329	  1.005	  1.385	  0.001
41	  1.320	 74.083	  1.005	  1.385	  0.001
42	  1.320	 75.838	  1.005	  1.385	  0.001
43	  1.320	 77.592	  1.005	  1.385	  0.001
44	  1.320	 79.346	  1.005	  1.385	  0.001
45	  1.320	 81.101	  1.005	  1.385	  0.001
46	  1.320	 82.855	  1.005	  1.385	  0.001
47	  1.320	 84.610	  1.005	  1.385	  0.001
48	  1.320	 86.364	  1.005	  1.385	  0.001
49	  1.320	 88.118	  1.005	  1.385	  0.001
50	  1.320	 89.873	  1.005	  1.385	  0.001
51	  1.320	 91.627	  1.005	  1.385	  0.001
52	  1.320	 93.382	  1.005	  1.385	  0.001
53	  1.320	 95.136	  1.005	  1.385	  0.001
54	  1.320	 96.890	  1.005	  1.385	  0.001
55	  1.320	 98.645	  1.005	  1.385	  0.001
56	  1.320	100.399	  1.005	  1.385	  0.001
0	  1.440	  2.321	  1.005	  1.407	  0.001
1	  1.440	  4.075	  1.005	  1.407	  0.001
2	  1.440	  5.830	  1.005	  1.407	  0.001
3	  1.440	  7.584	  1.005	  1.407	  0.001
4	  1.440	  9.339	  1.005	  1.407	  0.001
5	  1.440	 11.093	  1.005	  1.407	  0.001
6	  1.440	 12.847	  1.005	  1.407	  0.001
7	  1.440	 14.602	  1.005	  1.407	  0.001
8	  1.440	 16.356	  1.005	  1.407	  0.001
9	  1.440	 18.110	  1.005	  1.407	  0.001
10	  1.440	 19.865	  1.005	  1.407	  0.001
11	  1.440	 21.619	  1.005	  1.407	  0.001
12	  1.440	 23.374	  1.005	  1.407	  0.001
13	  1.440	 25.128	  1.005	  1.407	  0.001
14	  1.440	 26.882	  1.005	  1.407	  0.001
15	  1.440	 28.637	  1.005	  1.407	  0.001
16	  1.440	 30.391	  1.005	  1.407	  0.001
17	  1.440	 32.146	  1.005	  1.407	  0.001
18	  1.440	 33.900	  1.005	  1.407	  0.001
19	  1.440	 35.654	  1.005	  1.407	  0.001
20	  1.440	 37.409	  1.005	  1.407	  0.001
21	  1.440	 39.163	  1.005	  1.407	  0.001
22	  1.440	 40.917	  1.005	  1.407	  0.001
23	  1.440	 42.672	  1.005	  1.407	  0.001
24	  1.440	 44.426	  1.005	  1.407	  0.001
25	  1.440	 46.181	  1.005	  1.407	  0.001
26	  1.440	 47.935	  1.005	  1.407	  0.001
27	  1.440	 49.689	  1.005	  1.407	  0.001
28	  1.440	 51.444	  1.005	  1.407	  0.001
29	  1.440	 53.198	  1.005	  1.407	  0.001
30	  1.440	 54.953	  1.005	  1.407	  0.001
31	  1.440	 56.707	  1.005	  1.407	  0.001
32	  1.440	 58.461	  1.005	  1.407	  0.001
33	  1.440	 60.216	  1.005	  1.407	  0.001
34	  1.440	 61.970	  1.005	  1.407	  0.001
35	  1.440	 63.724	  1.005	  1.407	  0.001
36	  1.440	 65.479	  1.005	  1.407	  0.001
37	  1.440	 67.233	  1.005	  1.407	  0.001
38	  1.440	 68.988	  1.005	  1.407	  0.001
39	  1.440	 70.742	  1.005	  1.407	  0.001
40	  1.440	 72.496	  1.005	  1.407	  0.001
41	  1.440	 74.251	  1.005	  1.407	  0.001
42	  1.440	 76.005	  1.005	  1.407	  0.001
43	  1.440	 77.760	  1.005	  1.407	  0.001
44	  1.440	 79.514	  1.005	  1.407	  0.001
45	  1.440	 81.268	  1.005	  1.407	  0.001
46	  1.440	 83.023	  1.005	  1.407	  0.001
47	  1.440	 84.777	  1.005	  1.407	  0.001
48	  1.440	 86.532	  1.005	  1.407	  0.001
49	  1.440	 88.286	  1.005	  1.407	  0.001
50	  1.440	 90.040	  1.005	  1.407	  0.001
51	  1.440	 91.795	  1.005	  1.407	  0.001
52	  1.440	 93.549	  1.005	  1.407	  0.001
53	  1.440	 95.303	  1.005	  1.407	  0.001
54	  1.440	 97.058	  1.005	  1.407	  0.001
55	  1.440	 98.812	  1.005	  1.407	  0.001
56	  1.440	100.567	  1.005	  1.407	  0.001
0	  1.560	  2.491	  1.005	  1.425	  0.000
1	  1.560	  4.245	  1.005	  1.425	  0.000
2	  1.560	  6.000	  1.005	  1.425	  0.000
3	  1.560	  7.754	  1.005	  1.425	  0.000
4	  1.560	  9.508	  1.005	  1.425	  0.000
5	  1.560	 11.263	  1.005	  1.425	  0.000
6	  1.560	 13.017	  1.005	  1.425	  0.000
7	  1.560	 14.772	  1.005	  1.425	  0.000
8	  1.560	 16.526	  1.005	  1.425	  0.000
9	  1.560	 18.280	  1.005	  1.425	  0.000
10	  1.560	 20.035	  1.005	  1.425	  0.000
11	  1.560	 21.789	  1.005	  1.425	  0.000
12	  1.560	 23.543	  1.005	  1.425	  0.000
13	  1.560	 25.298	  1.005	  1.425	  0.000
14	  1.560	 27.052	  1.005	  1.425	  0.000
15	  1.560	 28.807	  1.005	  1.425	  0.000
16	  1.560	 30.561	  1.005	  1.425	  0.000
17	  1.560	 32.315	  1.005	  1.425	  0.000
18	  1.560	 34.070	  1.005	  1.425	  0.000
19	  1.560	 35.824	  1.005	  1.425	  0.000
20	  1.560	 37.579	  1.005	  1.425	  0.000
21	  1.560	 39.333	  1.005	  1.425	  0.000
22	  1.560	 41.087	  1.005	  1.425	  0.000
23	  1.560	 42.842	  1.005	  1.425	  0.000
24	  1.560	 44.596	  1.005	  1.425	  0.000
25	  1.560	 46.350	  1.005	  1.425	  0.000
26	  1.560	 48.105	  1.005	  1.425	  0.000
27	  1.560	 49.859	  1.005	  1.425	  0.000
28	  1.560	 51.614	  1.005	  1.425	  0.000
29	  1.560	 53.368	  1.005	  1.425	  0.000
30	  1.560	 55.122	  1.005	  1.425	  0.000
31	  1.560	 56.877	  1.005	  1.425	  0.000
32	  1.560	 58.631	  1.005	  1.425	  0.000
33	  1.560	 60.386	  1.005	  1.425	  0.000
34	  1.560	 62.140	  1.005	  1.425	  0.000
35	  1.560	 63.894	  1.005	  1.425	  0.000
36	  1.560	 65.649	  1.005	  1.425	  0.000
37	  1.560	 67.403	  1.005	  1.425	  0.000
38	  1.560	 69.158	  1.005	  1.425	  0.000
39	  1.560	 70.912	  1.005	  1.425	  0.000
40	  1.560	 72.666	  1.005	  1.425	  0.000
41	  1.560	 74.421	  1.005	  1.425	  0.000
42	  1.560	 76.175	  1.005	  1.425	  0.000
43	  1.560	 77.929	  1.005	  1.425	  0.000
44	  1.560	 79.684	  1.005	  1.425	  0.000
45	  1.560	 81.438	  1.005	  1.425	  0.000
46	  1.560	 83.193	  1.005	  1.425	  0.000
47	  1.560	 84.947	  1.005	  1.425	  0.000
48	  1.560	 86.701	  1.005	  1.425	  0.000
49	  1.560	 88.456	  1.005	  1.425	  0.000
50	  1.560	 90.210	  1.005	  1.425	  0.000
51	  1.560	 91.965	  1.005	  1.425	  0.000
52	  1.560	 93.719	  1.005	  1.425	  0.000
53	  1.560	 95.473	  1.005	  1.425	  0.000
54	  1.560	 97.228	  1.005	  1.425	  0.000
55	  1.560	 98.982	  1.005	  1.425	  0.000
56	  1.560	100.736	  1.005	  1.425	  0.000
0	  1.680	  2.663	  1.005	  1.438	  0.000
1	  1.680	  4.417	  1.005	  1.438	  0.000
2	  1.680	  6.171	  1.005	  1.438	  0.000
3	  1.680	  7.926	  1.005	  1.438	  0.000
4	  1.680	  9.680	  1.005	  1.438	  0.000
5	  1.680	 11.435	  1.005	  1.438	  0.000
6	  1.680	 13.189	  1.005	  1.438	  0.000
7	  1.680	 14.943	  1.005	  1.438	  0.000
8	  1.680	 16.698	  1.005	  1.438	  0.000
9	  1.680	 18.452	  1.005	  1.438	  0.000
10	  1.680	 20.206	  1.005	  1.438	  0.000
11	  1.680	 21.961	  1.005	  1.438	  0.000
12	  1.680	 23.715	  1.005	  1.438	  0.000
13	  1.680	 25.470	  1.005	  1.438	  0.000
14	  1.680	 27.224	  1.005	  1.438	  0.000
15	  1.680	 28.978	  1.005	  1.438	  0.000
16	  1.680	 30.733	  1.005	  1.438	  0.000
17	  1.680	 32.487	  1.005	  1.438	  0.000
18	  1.680	 34.242	  1.005	  1.438	  0.000
19	  1.680	 35.996	  1.005	  1.438	  0.000
20	  1.680	 37.750	  1.005	  1.438	  0.000
21	  1.680	 39.505	  1.005	  1.438	  0.000
22	  1.680	 41.259	  1.005	  1.438	  0.000
23	  1.680	 43.013	  1.005	  1.438	  0.000
24	  1.680	 44.768	  1.005	  1.438	  0.000
25	  1.680	 46.522	  1.005	  1.438	  0.000
26	  1.680	 48.277	  1.005	  1.438	  0.000
27	  1.680	 50.031	  1.005	  1.438	  0.000
28	  1.680	 51.785	  1.005	  1.438	  0.000
29	  1.680	 53.540	  1.005	  1.438	  0.000
30	  1.680	 55.294	  1.005	  1.438	  0.000
31	  1.680	 57.049	  1.005	  1.438	  0.000
32	  1.680	 58.803	  1.005	  1.438	  0.000
33	  1.680	 60.557	  1.005	  1.438	  0.000
34	  1.680	 62.312	  1.005	  1.438	  0.000
35	  1.680	 64.066	  1.005	  1.438	  0.000
36	  1.680	 65.820	  1.005	  1.438	  0.000
37	  1.680	 67.575	  1.005	  1.438	  0.000
38	  1.680	 69.329	  1.005	  1.438	  0.000
39	  1.680	 71.084	  1.005	  1.438	  0.000
40	  1.680	 72.838	  1.005	  1.438	  0.000
41	  1.680	 74.592	  1.005	  1.438	  0.000
42	  1.680	 76.347	  1.005	  1.438	  0.000
43	  1.680	 78.101	  1.005	  1.438	  0.000
44	  1.680	 79.856	  1.005	  1.438	  0.000
45	  1.680	 81.610	  1.005	  1.438	  0.000
46	  1.680	 83.364	  1.005	  1.438	  0.000
47	  1.680	 85.119	  1.005	  1.438	  0.000
48	  1.680	 86.873	  1.005	  1.438	  0.000
49	  1.680	 88.627	  1.005	  1.438	  0.000
50	  1.680	 90.382	  1.005	  1.438	  0.000
51	  1.680	 92.136	  1.005	  1.438	  0.000
52	  1.680	 93.891	  1.005	  1.438	  0.000
53	  1.680	 95.645	  1.005	  1.438	  0.000
54	  1.680	 97.399	  1.005	  1.438	  0.000
55	  1.680	 99.154	  1.005	  1.438	  0.000
56	  1.680	100.908	  1.005	  1.438	  0.000
0	  1.800	  2.836	  1.005	  1.449	  0.000
1	  1.800	  4.590	  1.005	  1.449	  0.000
2	  1.800	  6.345	  1.005	  1.449	  0.000
3	  1.800	  8.099	  1.005	  1.449	  0.000
4	  1.800	  9.853	  1.005	  1.449	  0.000
5	  1.800	 11.608	  1.005	  1.449	  0.000
6	  1.800	 13.362	  1.005	  1.449	  0.000
7	  1.800	 15.116	  1.005	  1.449	  0.000
8	  1.800	 16.871	  1.005	  1.449	  0.000
9	  1.800	 18.625	  1.005	  1.449	  0.000
10	  1.800	 20.380	  1.005	  1.449	  0.000
11	  1.800	 22.134	  1.005	  1.449	  0.000
12	  1.800	 23.888	  1.005	  1.449	  0.000
13	  1.800	 25.643	  1.005	  1.449	  0.000
14	  1.800	 27.397	  1.005	  1.449	  0.000
15	  1.800	 29.152	  1.005	  1.449	  0.000
16	  1.800	 30.906	  1.005	  1.449	  0.000
17	  1.800	 32.660	  1.005	  1.449	  0.000
18	  1.800	 34.415	  1.005	  1.449	  0.000
19	  1.800	 36.169	  1.005	  1.449	  0.000
20	  1.800	 37.923	  1.005	  1.449	  0.000
21	  1.800	 39.678	  1.005	  1.449	  0.000
22	  1.800	 41.432	  1.005	  1.449	  0.000
23	  1.800	 43.187	  1.005	  1.449	  0.000
24	  1.800	 44.941	  1.005	  1.449	  0.000
25	  1.800	 46.695	  1.005	  1.449	  0.000
26	  1.800	 48.450	  1.005	  1.449	  0.000
27	  1.800	 50.204	  1.005	  1.449	  0.000
28	  1.800	 51.959	  1.005	  1.449	  0.000
29	  1.800	 53.713	  1.005	  1.449	  0.000
30	  1.800	 55.467	  1.005	  1.449	  0.000
31	  1.800	 57.222	  1.005	  1.449	  0.000
32	  1.800	 58.976	  1.005	  1.449	  0.000
33	  1.800	 60.731	  1.005	  1.449	  0.000
34	  1.800	 62.485	  1.005	  1.449	  0.000
35	  1.800	 64.239	  1.005	  1.449	  0.000
36	  1.800	 65.994	  1.005	  1.449	  0.000
37	  1.800	 67.748	  1.005	  1.449	  0.000
38	  1.800	 69.502	  1.005	  1.449	  0.000
39	  1.800	 71.257	  1.005	  1.449	  0.000
40	  1.800	 73.011	  1.005	  1.449	  0.000
41	  1.800	 74.766	  1.005	  1.449	  0.000
42	  1.800	 76.520	  1.005	  1.449	  0.000
43	  1.800	 78.274	  1.005	  1.449	  0.000
44	  1.800	 80.029	  1.005	  1.449	  0.000
45	  1.800	 81.783	  1.005	  1.449	  0.000
46	  1.800	 83.538	  1.005	  1.449	  0.000
47	  1.800	 85.292	  1.005	  1.449	  0.000
48	  1.800	 87.046	  1.005	  1.449	  0.000
49	  1.800	 88.801	  1.005	  1.449	  0.000
50	  1.800	 90.555	  1.005	  1.449	  0.000
51	  1.800	 92.309	  1.005	  1.449	  0.000
52	  1.800	 94.064	  1.005	  1.449	  0.000
53	  1.800	 95.818	  1.005	  1.449	  0.000
54	  1.800	 97.573	  1.005	  1.449	  0.000
55	  1.800	 99.327	  1.005	  1.449	  0.000
56	  1.800	101.081	  1.005	  1.449	  0.000
0	  1.920	  3.010	  1.005	  1.457	  0.000
1	  1.920	  4.764	  1.005	  1.457	  0.000
2	  1.920	  6.519	  1.005	  1.457	  0.000
3	  1.920	  8.273	  1.005	  1.457	  0.000
4	  1.920	 10.028	  1.005	  1.457	  0.000
5	  1.920	 11.782	  1.005	  1.457	  0.000
6	  1.920	 13.536	  1.005	  1.457	  0.000
7	  1.920	 15.291	  1.005	  1.457	  0.000
8	  1.920	 17.045	  1.005	  1.457	  0.000
9	  1.920	 18.800	  1.005	  1.457	  0.000
10	  1.920	 20.554	  1.005	  1.457	  0.000
11	  1.920	 22.308	  1.005	  1.457	  0.000
12	  1.920	 24.063	  1.005	  1.457	  0.000
13	  1.920	 25.817	  1.005	  1.457	  0.000
14	  1.920	 27.572	  1.005	  1.457	  0.000
15	  1.920	 29.326	  1.005	  1.457	  0.000
16	  1.920	 31.080	  1.005	  1.457	  0.000
17	  1.920	 32.835	  1.005	  1.457	  0.000
18	  1.920	 34.589	  1.005	  1.457	  0.000
19	  1.920	 36.343	  1.005	  1.457	  0.000
20	  1.920	 38.098	  1.005	  1.457	  0.000
21	  1.920	 39.852	  1.005	  1.457	  0.000
22	  1.920	 41.607	  1.005	  1.457	  0.000
23	  1.920	 43.361	  1.005	  1.457	  0.000
24	  1.920	 45.115	  1.005	  1.457	  0.000
25	  1.920	 46.870	  1.005	  1.457	  0.000
26	  1.920	 48.624	  1.005	  1.457	  0.000
27	  1.920	 50.379	  1.005	  1.457	  0.000
28	  1.920	 52.133	  1.005	  1.457	  0.000
29	  1.920	 53.887	  1.005	  1.457	  0.000
30	  1.920	 55.642	  1.005	  1.457	  0.000
31	  1.920	 57.396	  1.005	  1.457	  0.000
32	  1.920	 59.150	  1.005	  1.457	  0.000
33	  1.920	 60.905	  1.005	  1.457	  0.000
34	  1.920	 62.659	  1.005	  1.457	  0.000
35	  1.920	 64.414	  1.005	  1.457	  0.000
36	  1.920	 66.168	  1.005	  1.457	  0.000
37	  1.920	 67.922	  1.005	  1.457	  0.000
38	  1.920	 69.677	  1.005	  1.457	  0.000
39	  1.920	 71.431	  1.005	  1.457	  0.000
40	  1.920	 73.186	  1.005	  1.457	  0.000
41	  1.920	 74.940	  1.005	  1.457	  0.000
42	  1.920	 76.694	  1.005	  1.457	  0.000
43	  1.920	 78.449	  1.005	  1.457	  0.000
44	  1.920	 80.203	  1.005	  1.457	  0.000
45	  1.920	 81.957	  1.005	  1.457	  0.000
46	  1.920	 83.712	  1.005	  1.457	  0.000
47	  1.920	 85.466	  1.005	  1.457	  0.000
48	  1.920	 87.221	  1.005	  1.457	  0.000
49	  1.920	 88.975	  1.005	  1.457	  0.000
50	  1.920	 90.729	  1.005	  1.457	  0.000
51	  1.920	 92.484	  1.005	  1.457	  0.000
52	  1.920	 94.238	  1.005	  1.457	  0.000
53	  1.920	 95.993	  1.005	  1.457	  0.000
54	  1.920	 97.747	  1.005	  1.457	  0.000
55	  1.920	 99.501	  1.005	  1.457	  0.000
56	  1.920	101.256	  1.005	  1.457	  0.000
0	  2.040	  3.185	  1.005	  1.464	  0.000
1	  2.040	  4.940	  1.005	  1.464	  0.000
2	  2.040	  6.694	  1.005	  1.464	  0.000
3	  2.040	  8.449	  1.005	  1.464	  0.000
4	  2.040	 10.203	  1.005	  1.464	  0.000
5	  2.040	 11.957	  1.005	  1.464	  0.000
6	  2.040	 13.712	  1.005	  1.464	  0.000
7	  2.040	 15.466	  1.005	  1.464	  0.000
8	  2.040	 17.220	  1.005	  1.464	  0.000
9	  2.040	 18.975	  1.005	  1.464	  0.000
10	  2.040	 20.729	  1.005	  1.464	  0.000
11	  2.040	 22.484	  1.005	  1.464	  0.000
12	  2.040	 24.238	  1.005	  1.464	  0.000
13	  2.040	 25.992	  1.005	  1.464	  0.000
14	  2.040	 27.747	  1.005	  1.464	  0.000
15	  2.040	 29.501	  1.005	  1.464	  0.000
16	  2.040	 31.256	  1.005	  1.464	  0.000
17	  2.040	 33.010	  1.005	  1.464	  0.000
18	  2.040	 34.764	  1.005	  1.464	  0.000
19	  2.040	 36.519	  1.005	  1.464	  0.000
20	  2.040	 38.273	  1.005	  1.464	  0.000
21	  2.040	 40.027	  1.005	  1.464	  0.000
22	  2.040	 41.782	  1.005	  1.464	  0.000
23	  2.040	 43.536	  1.005	  1.464	  0.000
24	  2.040	 45.291	  1.005	  1.464	  0.000
25	  2.040	 47.045	  1.005	  1.464	  0.000
26	  2.040	 48.799	  1.005	  1.464	  0.000
27	  2.040	 50.554	  1.005	  1.464	  0.000
28	  2.040	 52.308	  1.005	  1.464	  0.000
29	  2.040	 54.063	  1.005	  1.464	  0.000
30	  2.040	 55.817	  1.005	  1.464	  0.000
31	  2.040	 57.571	  1.005	  1.464	  0.000
32	  2.040	 59.326	  1.005	  1.464	  0.000
33	  2.040	 61.080	  1.005	  1.464	  0.000
34	  2.040	 62.834	  1.005	  1.464	  0.000
35	  2.040	 64.589	  1.005	  1.464	  0.000
36	  2.040	 66.343	  1.005	  1.464	  0.000
37	  2.040	 68.098	  1.005	  1.464	  0.000
38	  2.040	 69.852	  1.005	  1.464	  0.000
39	  2.040	 71.606	  1.005	  1.464	  0.000
40	  2.040	 73.361	  1.005	  1.464	  0.000
41	  2.040	 75.115	  1.005	  1.464	  0.000
42	  2.040	 76.870	  1.005	  1.464	  0.000
43	  2.040	 78.624	  1.005	  1.464	  0.000
44	  2.040	 80.378	  1.005	  1.464	  0.000
45	  2.040	 82.133	  1.005	  1.464	  0.000
46	  2.040	 83.887	  1.005	  1.464	  0.000
47	  2.040	 85.641	  1.005	  1.464	  0.000
48	  2.040	 87.396	  1.005	  1.464	  0.000
49	  2.040	 89.150	  1.005	  1.464	  0.000
50	  2.040	 90.905	  1.005	  1.464	  0.000
51	  2.040	 92.659	  1.005	  1.464	  0.000
52	  2.040	 94.413	  1.005	  1.464	  0.000
53	  2.040	 96.168	  1.005	  1.464	  0.000
54	  2.040	 97.922	  1.005	  1.464	  0.000
55	  2.040	 99.677	  1.005	  1.464	  0.000
56	  2.040	101.431	  1.005	  1.464	  0.000
0	  2.160	  3.361	  1.005	  1.469	  0.000
1	  2.160	  5.116	  1.005	  1.469	  0.000
2	  2.160	  6.870	  1.005	  1.469	  0.000
3	  2.160	  8.624	  1.005	  1.469	  0.000
4	  2.160	 10.379	  1.005	  1.469	  0.000
5	  2.160	 12.133	  1.005	  1.469	  0.000
6	  2.160	 13.888	  1.005	  1.469	  0.000
7	  2.160	 15.642	  1.005	  1.469	  0.000
8	  2.160	 17.396	  1.005	  1.469	  0.000
9	  2.160	 19.151	  1.005	  1.469	  0.000
10	  2.160	 20.905	  1.005	  1.469	  0.000
11	  2.160	 22.660	  1.005	  1.469	  0.000
12	  2.160	 24.414	  1.005	  1.469	  0.000
13	  2.160	 26.168	  1.005	  1.469	  0.000
14	  2.160	 27.923	  1.005	  1.469	  0.000
15	  2.160	 29.677	  1.005	  1.469	  0.000
16	  2.160	 31.431	  1.005	  1.469	  0.000
17	  2.160	 33.186	  1.005	  1.469	  0.000
18	  2.160	 34.940	  1.005	  1.469	  0.000
19	  2.160	 36.695	  1.005	  1.469	  0.000
20	  2.160	 38.449	  1.005	  1.469	  0.000
21	  2.160	 40.203	  1.005	  1.469	  0.000
22	  2.160	 41.958	  1.005	  1.469	  0.000
23	  2.160	 43.712	  1.005	  1.469	  0.000
24	  2.160	 45.467	  1.005	  1.469	  0.000
25	  2.160	 47.221	  1.005	  1.469	  0.000
26	  2.160	 48.975	  1.005	  1.469	  0.000
27	  2.160	 50.730	  1.005	  1.469	  0.000
28	  2.160	 52.484	  1.005	  1.469	  0.000
29	  2.160	 54.238	  1.005	  1.469	  0.000
30	  2.160	 55.993	  1.005	  1.469	  0.000
31	  2.160	 57.747	  1.005	  1.469	  0.000
32	  2.160	 59.502	  1.005	  1.469	  0.000
33	  2.160	 61.256	  1.005	  1.469	  0.000
34	  2.160	 63.010	  1.005	  1.469	  0.000
35	  2.160	 64.765	  1.005	  1.469	  0.000
36	  2.160	 66.519	  1.005	  1.469	  0.000
37	  2.160	 68.274	  1.005	  1.469	  0.000
38	  2.160	 70.028	  1.005	  1.469	  0.000
39	  2.160	 71.782	  1.005	  1.469	  0.000
40	  2.160	 73.537	  1.005	  1.469	  0.000
41	  2.160	 75.291	  1.005	  1.469	  0.000
42	  2.160	 77.046	  1.005	  1.469	  0.000
43	  2.160	 78.800	  1.005	  1.469	  0.000
44	  2.160	 80.554	  1.005	  1.469	  0.000
45	  2.160	 82.309	  1.005	  1.469	  0.000
46	  2.160	 84.063	  1.005	  1.469	  0.000
47	  2.160	 85.817	  1.005	  1.469	  0.000
48	  2.160	 87.572	  1.005	  1.469	  0.000
49	  2.160	 89.326	  1.005	  1.469	  0.000
50	  2.160	 91.081	  1.005	  1.469	  0.000
51	  2.160	 92.835	  1.005	  1.469	  0.000
52	  2.160	 94.589	  1.005	  1.469	  0.000
53	  2.160	 96.344	  1.005	  1.469	  0.000
54	  2.160	 98.098	  1.005	  1.469	  0.000
55	  2.160	 99.853	  1.005	  1.469	  0.000
56	  2.160	101.607	  1.005	  1.469	  0.000
0	  2.280	  3.538	  1.005	  1.473	  0.000
1	  2.280	  5.292	  1.005	  1.473	  0.000
2	  2.280	  7.047	  1.005	  1.473	  0.000
3	  2.280	  8.801	  1.005	  1.473	  0.000
4	  2.280	 10.555	  1.005	  1.473	  0.000
5	  2.280	 12.310	  1.005	  1.473	  0.000
6	  2.280	 14.064	  1.005	  1.473	  0.000
7	  2.280	 15.819	  1.005	  1.473	  0.000
8	  2.280	 17.573	  1.005	  1.473	  0.000
9	  2.280	 19.327	  1.005	  1.473	  0.000
10	  2.280	 21.082	  1.005	  1.473	  0.000
11	  2.280	 22.836	  1.005	  1.473	  0.000
12	  2.280	 24.590	  1.005	  1.473	  0.000
13	  2.280	 26.345	  1.005	  1.473	  0.000
14	  2.280	 28.099	  1.005	  1.473	  0.000
15	  2.280	 29.854	  1.005	  1.473	  0.000
16	  2.280	 31.608	  1.005	  1.473	  0.000
17	  2.280	 33.362	  1.005	  1.473	  0.000
18	  2.280	 35.117	  1.005	  1.473	  0.000
19	  2.280	 36.871	  1.005	  1.473	  0.000
20	  2.280	 38.626	  1.005	  1.473	  0.000
21	  2.280	 40.380	  1.005	  1.473	  0.000
22	  2.280	 42.134	  1.005	  1.473	  0.000
23	  2.280	 43.889	  1.005	  1.473	  0.000
24	  2.280	 45.643	  1.005	  1.473	  0.000
25	  2.280	 47.397	  1.005	  1.473	  0.000
26	  2.280	 49.152	  1.005	  1.473	  0.000
27	  2.280	 50.906	  1.005	  1.473	  0.000
28	  2.280	 52.661	  1.005	  1.473	  0.000
29	  2.280	 54.415	  1.005	  1.473	  0.000
30	  2.280	 56.169	  1.005	  1.473	  0.000
31	  2.280	 57.924	  1.005	  1.473	  0.000
32	  2.280	 59.678	  1.005	  1.473	  0.000
33	  2.280	 61.433	  1.005	  1.473	  0.000
34	  2.280	 63.187	  1.005	  1.473	  0.000
35	  2.280	 64.941	  1.005	  1.473	  0.000
36	  2.280	 66.696	  1.005	  1.473	  0.000
37	  2.280	 68.450	  1.005	  1.473	  0.000
38	  2.280	 70.204	  1.005	  1.473	  0.000
39	  2.280	 71.959	  1.005	  1.473	  0.000
40	  2.280	 73.713	  1.005	  1.473	  0.000
41	  2.280	 75.468	  1.005	  1.473	  0.000
42	  2.280	 77.222	  1.005	  1.473	  0.000
43	  2.280	 78.976	  1.005	  1.473	  0.000
44	  2.280	 80.731	  1.005	  1.473	  0.000
45	  2.280	 82.485	  1.005	  1.473	  0.000
46	  2.280	 84.240	  1.005	  1.473	  0.000
47	  2.280	 85.994	  1.005	  1.473	  0.000
48	  2.280	 87.748	  1.005	  1.473	  0.000
49	  2.280	 89.503	  1.005	  1.473	  0.000
50	  2.280	 91.257	  1.005	  1.473	  0.000
51	  2.280	 93.011	  1.005	  1.473	  0.000
52	  2.280	 94.766	  1.005	  1.473	  0.000
53	  2.280	 96.520	  1.005	  1.473	  0.000
54	  2.280	 98.275	  1.005	  1.473	  0.000
55	  2.280	100.029	  1.005	  1.473	  0.000
56	  2.280	101.783	  1.005	  1.473	  0.000
0	  2.400	  3.715	  1.005	  1.476	  0.000
1	  2.400	  5.469	  1.005	  1.476	  0.000
2	  2.400	  7.224	  1.005	  1.476	  0.000
3	  2.400	  8.978	  1.005	  1.476	  0.000
4	  2.400	 10.732	  1.005	  1.476	  0.000
5	  2.400	 12.487	  1.005	  1.476	  0.000
6	  2.400	 14.241	  1.005	  1.476	  0.000
7	  2.400	 15.995	  1.005	  1.476	  0.000
8	  2.400	 17.750	  1.005	  1.476	  0.000
9	  2.400	 19.504	  1.005	  1.476	  0.000
10	  2.400	 21.259	  1.005	  1.476	  0.000
11	  2.400	 23.013	  1.005	  1.476	  0.000
12	  2.400	 24.767	  1.005	  1.476	  0.000
13	  2.400	 26.522	  1.005	  1.476	  0.000
14	  2.400	 28.276	  1.005	  1.476	  0.000
15	  2.400	 30.031	  1.005	  1.476	  0.000
16	  2.400	 31.785	  1.005	  1.476	  0.000
17	  2.400	 33.539	  1.005	  1.476	  0.000
18	  2.400	 35.294	  1.005	  1.476	  0.000
19	  2.400	 37.048	  1.005	  1.476	  0.000
20	  2.400	 38.802	  1.005	  1.476	  0.000
21	  2.400	 40.557	  1.005	  1.476	  0.000
22	  2.400	 42.311	  1.005	  1.476	  0.000
23	  2.400	 44.066	  1.005	  1.476	  0.000
24	  2.400	 45.820	  1.005	  1.476	  0.000
25	  2.400	 47.574	  1.005	  1.476	  0.000
26	  2.400	 49.329	  1.005	  1.476	  0.000
27	  2.400	 51.083	  1.005	  1.476	  0.000
28	  2.400	 52.838	  1.005	  1.476	  0.000
29	  2.400	 54.592	  1.005	  1.476	  0.000
30	  2.400	 56.346	  1.005	  1.476	  0.000
31	  2.400	 58.101	  1.005	  1.476	  0.000
32	  2.400	 59.855	  1.005	  1.476	  0.000
33	  2.400	 61.609	  1.005	  1.476	  0.000
34	  2.400	 63.364	  1.005	  1.476	  0.000
35	  2.400	 65.118	  1.005	  1.476	  0.000
36	  2.400	 66.873	  1.005	  1.476	  0.000
37	  2.400	 68.627	  1.005	  1.476	  0.000
38	  2.400	 70.381	  1.005	  1.476	  0.000
39	  2.400	 72.136	  1.005	  1.476	  0.000
40	  2.400	 73.890	  1.005	  1.476	  0.000
41	  2.400	 75.645	  1.005	  1.476	  0.000
42	  2.400	 77.399	  1.005	  1.476	  0.000
43	  2.400	 79.153	  1.005	  1.476	  0.000
44	  2.400	 80.908	  1.005	  1.476	  0.000
45	  2.400	 82.662	  1.005	  1.476	  0.000
46	  2.400	 84.417	  1.005	  1.476	  0.000
47	  2.400	 86.171	  1.005	  1.476	  0.000
48	  2.400	 87.925	  1.005	  1.476	  0.000
49	  2.400	 89.680	  1.005	  1.476	  0.000
50	  2.400	 91.434	  1.005	  1.476	  0.000
51	  2.400	 93.188	  1.005	  1.476	  0.000
52	  2.400	 94.943	  1.005	  1.476	  0.000
53	  2.400	 96.697	  1.005	  1.476	  0.000
54	  2.400	 98.452	  1.005	  1.476	  0.000
55	  2.400	100.206	  1.005	  1.476	  0.000
56	  2.400	101.960	  1.005	  1.476	  0.000
0	  2.520	  3.892	  1.005	  1.479	  0.000
1	  2.520	  5.646	  1.005	  1.479	  0.000
2	  2.520	  7.401	  1.005	  1.479	  0.000
3	  2.520	  9.155	  1.005	  1.479	  0.000
4	  2.520	 10.910	  1.005	  1.479	  0.000
5	  2.520	 12.664	  1.005	  1.479	  0.000
6	  2.520	 14.418	  1.005	  1.479	  0.000
7	  2.520	 16.173	  1.005	  1.479	  0.000
8	  2.520	 17.927	  1.005	  1.479	  0.000
9	  2.520	 19.682	  1.005	  1.479	  0.000
10	  2.520	 21.436	  1.005	  1.479	  0.000
11	  2.520	 23.190	  1.005	  1.479	  0.000
12	  2.520	 24.945	  1.005	  1.479	  0.000
13	  2.520	 26.699	  1.005	  1.479	  0.000
14	  2.520	 28.453	  1.005	  1.479	  0.000
15	  2.520	 30.208	  1.005	  1.479	  0.000
16	  2.520	 31.962	  1.005	  1.479	  0.000
17	  2.520	 33.717	  1.005	  1.479	  0.000
18	  2.520	 35.471	  1.005	  1.479	  0.000
19	  2.520	 37.225	  1.005	  1.479	  0.000
20	  2.520	 38.980	  1.005	  1.479	  0.000
21	  2.520	 40.734	  1.005	  1.479	  0.000
22	  2.520	 42.489	  1.005	  1.479	  0.000
23	  2.520	 44.243	  1.005	  1.479	  0.000
24	  2.520	 45.997	  1.005	  1.479	  0.000
25	  2.520	 47.752	  1.005	  1.479	  0.000
26	  2.520	 49.506	  1.005	  1.479	  0.000
27	  2.520	 51.260	  1.005	  1.479	  0.000
28	  2.520	 53.015	  1.005	  1.479	  0.000
29	  2.520	 54.769	  1.005	  1.479	  0.000
30	  2.520	 56.524	  1.005	  1.479	  0.000
31	  2.520	 58.278	  1.005	  1.479	  0.000
32	  2.520	 60.032	  1.005	  1.479	  0.000
33	  2.520	 61.787	  1.005	  1.479	  0.000
34	  2.520	 63.541	  1.005	  1.479	  0.000
35	  2.520	 65.296	  1.005	  1.479	  0.000
36	  2.520	 67.050	  1.005	  1.479	  0.000
37	  2.520	 68.804	  1.005	  1.479	  0.000
38	  2.520	 70.559	  1.005	  1.479	  0.000
39	  2.520	 72.313	  1.005	  1.479	  0.000
40	  2.520	 74.067	  1.005	  1.479	  0.000
41	  2.520	 75.822	  1.005	  1.479	  0.000
42	  2.520	 77.576	  1.005	  1.479	  0.000
43	  2.520	 79.331	  1.005	  1.479	  0.000
44	  2.520	 81.085	  1.005	  1.479	  0.000
45	  2.520	 82.839	  1.005	  1.479	  0.000
46	  2.520	 84.594	  1.005	  1.479	  0.000
47	  2.520	 86.348	  1.005	  1.479	  0.000
48	  2.520	 88.103	  1.005	  1.479	  0.000
49	  2.520	 89.857	  1.005	  1.479	  0.000
50	  2.520	 91.611	  1.005	  1.479	  0.000
51	  2.520	 93.366	  1.005	  1.479	  0.000
52	  2.520	 95.120	  1.005	  1.479	  0.000
53	  2.520	 96.874	  1.005	  1.479	  0.000
54	  2.520	 98.629	  1.005	  1.479	  0.000
55	  2.520	100.383	  1.005	  1.479	  0.000
56	  2.520	102.138	  1.005	  1.479	  0.000
0	  2.640	  4.070	  1.005	  1.481	  0.000
1	  2.640	  5.824	  1.005	  1.481	  0.000
2	  2.640	  7.578	  1.005	  1.481	  0.000
3	  2.640	  9.333	  1.005	  1.481	  0.000
4	  2.640	 11.087	  1.005	  1.481	  0.000
5	  2.640	 12.842	  1.005	  1.481	  0.000
6	  2.640	 14.596	  1.005	  1.481	  0.000
7	  2.640	 16.350	  1.005	  1.481	  0.000
8	  2.640	 18.105	  1.005	  1.481	  0.000
9	  2.640	 19.859	  1.005	  1.481	  0.000
10	  2.640	 21.613	  1.005	  1.481	  0.000
11	  2.640	 23.368	  1.005	  1.481	  0.000
12	  2.640	 25.122	  1.005	  1.481	  0.000
13	  2.640	 26.877	  1.005	  1.481	  0.000
14	  2.640	 28.631	  1.005	  1.481	  0.000
15	  2.640	 30.385	  1.005	  1.481	  0.000
16	  2.640	 32.140	  1.005	  1.481	  0.000
17	  2.640	 33.894	  1.005	  1.481	  0.000
18	  2.640	 35.649	  1.005	  1.481	  0.000
19	  2.640	 37.403	  1.005	  1.481	  0.000
20	  2.640	 39.157	  1.005	  1.481	  0.000
21	  2.640	 40.912	  1.005	  1.481	  0.000
22	  2.640	 42.666	  1.005	  1.481	  0.000
23	  2.640	 44.420	  1.005	  1.481	  0.000
24	  2.640	 46.175	  1.005	  1.481	  0.000
25	  2.640	 47.929	  1.005	  1.481	  0.000
26	  2.640	 49.684	  1.005	  1.481	  0.000
27	  2.640	 51.438	  1.005	  1.481	  0.000
28	  2.640	 53.192	  1.005	  1.481	  0.000
29	  2.640	 54.947	  1.005	  1.481	  0.000
30	  2.640	 56.701	  1.005	  1.481	  0.000
31	  2.640	 58.456	  1.005	  1.481	  0.000
32	  2.640	 60.210	  1.005	  1.481	  0.000
33	  2.640	 61.964	  1.005	  1.481	  0.000
34	  2.640	 63.719	  1.005	  1.481	  0.000
35	  2.640	 65.473	  1.005	  1.481	  0.000
36	  2.640	 67.227	  1.005	  1.481	  0.000
37	  2.640	 68.982	  1.005	  1.481	  0.000
38	  2.640	 70.736	  1.005	  1.481	  0.000
39	  2.640	 72.491	  1.005	  1.481	  0.000
40	  2.640	 74.245	  1.005	  1.481	  0.000
41	  2.640	 75.999	  1.005	  1.481	  0.000
42	  2.640	 77.754	  1.005	  1.481	  0.000
43	  2.640	 79.508	  1.005	  1.481	  0.000
44	  2.640	 81.263	  1.005	  1.481	  0.000
45	  2.640	 83.017	  1.005	  1.481	  0.000
46	  2.640	 84.771	  1.005	  1.481	  0.000
47	  2.640	 86.526	  1.005	  1.481	  0.000
48	  2.640	 88.280	  1.005	  1.481	  0.000
49	  2.640	 90.035	  1.005	  1.481	  0.000
50	  2.640	 91.789	  1.005	  1.481	  0.000
51	  2.640	 93.543	  1.005	  1.481	  0.000
52	  2.640	 95.298	  1.005	  1.481	  0.000
53	  2.640	 97.052	  1.005	  1.481	  0.000
54	  2.640	 98.806	  1.005	  1.481	  0.000
55	  2.640	100.561	  1.005	  1.481	  0.000
56	  2.640	102.315	  1.005	  1.481	  0.000
0	  2.760	  4.247	  1.005	  1.482	  0.000
1	  2.760	  6.002	  1.005	  1.482	  0.000
2	  2.760	  7.756	  1.005	  1.482	  0.000
3	  2.760	  9.511	  1.005	  1.482	  0.000
4	  2.760	 11.265	  1.005	  1.482	  0.000
5	  2.760	 13.019	  1.005	  1.482	  0.000
6	  2.760	 14.774	  1.005	  1.482	  0.000
7	  2.760	 16.528	  1.005	  1.482	  0.000
8	  2.760	 18.282	  1.005	  1.482	  0.000
9	  2.760	 20.037	  1.005	  1.482	  0.000
10	  2.760	 21.791	  1.005	  1.482	  0.000
11	  2.760	 23.546	  1.005	  1.482	  0.000
12	  2.760	 25.300	  1.005	  1.482	  0.000
13	  2.760	 27.054	  1.005	  1.482	  0.000
14	  2.760	 28.809	  1.005	  1.482	  0.000
15	  2.760	 30.563	  1.005	  1.482	  0.000
16	  2.760	 32.318	  1.005	  1.482	  0.000
17	  2.760	 34.072	  1.005	  1.482	  0.000
18	  2.760	 35.826	  1.005	  1.482	  0.000
19	  2.760	 37.581	  1.005	  1.482	  0.000
20	  2.760	 39.335	  1.005	  1.482	  0.000
21	  2.760	 41.089	  1.005	  1.482	  0.000
22	  2.760	 42.844	  1.005	  1.482	  0.000
23	  2.760	 44.598	  1.005	  1.482	  0.000
24	  2.760	 46.353	  1.005	  1.482	  0.000
25	  2.760	 48.107	  1.005	  1.482	  0.000
26	  2.760	 49.861	  1.005	  1.482	  0.000
27	  2.760	 51.616	  1.005	  1.482	  0.000
28	  2.760	 53.370	  1.005	  1.482	  0.000
29	  2.760	 55.125	  1.005	  1.482	  0.000
30	  2.760	 56.879	  1.005	  1.482	  0.000
31	  2.760	 58.633	  1.005	  1.482	  0.000
32	  2.760	 60.388	  1.005	  1.482	  0.000
33	  2.760	 62.142	  1.005	  1.482	  0.000
34	  2.760	 63.896	  1.005	  1.482	  0.000
35	  2.760	 65.651	  1.005	  1.482	  0.000
36	  2.760	 67.405	  1.005	  1.482	  0.000
37	  2.760	 69.160	  1.005	  1.482	  0.000
38	  2.760	 70.914	  1.005	  1.482	  0.000
39	  2.760	 72.668	  1.005	  1.482	  0.000
40	  2.760	 74.423	  1.005	  1.482	  0.000
41	  2.760	 76.177	  1.005	  1.482	  0.000
42	  2.760	 77.932	  1.005	  1.482	  0.000
43	  2.760	 79.686	  1.005	  1.482	  0.000
44	  2.760	 81.440	  1.005	  1.482	  0.000
45	  2.760	 83.195	  1.005	  1.482	  0.000
46	  2.760	 84.949	  1.005	  1.482	  0.000
47	  2.760	 86.703	  1.005	  1.482	  0.000
48	  2.760	 88.458	  1.005	  1.482	  0.000
49	  2.760	 90.212	  1.005	  1.482	  0.000
50	  2.760	 91.967	  1.005	  1.482	  0.000
51	  2.760	 93.721	  1.005	  1.482	  0.000
52	  2.760	 95.475	  1.005	  1.482	  0.000
53	  2.760	 97.230	  1.005	  1.482	  0.000
54	  2.760	 98.984	  1.005	  1.482	  0.000
55	  2.760	100.739	  1.005	  1.482	  0.000
56	  2.760	102.493	  1.005	  1.482	  0.000
0	  2.880	  4.425	  1.005	  1.483	  0.000
1	  2.880	  6.180	  1.005	  1.483	  0.000
2	  2.880	  7.934	  1.005	  1.483	  0.000
3	  2.880	  9.688	  1.005	  1.483	  0.000
4	  2.880	 11.443	  1.005	  1.483	  0.000
5	  2.880	 13.197	  1.005	  1.483	  0.000
6	  2.880	 14.952	  1.005	  1.483	  0.000
7	  2.880	 16.706	  1.005	  1.483	  0.000
8	  2.880	 18.460	  1.005	  1.483	  0.000
9	  2.880	 20.215	  1.005	  1.483	  0.000
10	  2.880	 21.969	  1.005	  1.483	  0.000
11	  2.880	 23.724	  1.005	  1.483	  0.000
12	  2.880	 25.478	  1.005	  1.483	  0.000
13	  2.880	 27.232	  1.005	  1.483	  0.000
14	  2.880	 28.987	  1.005	  1.483	  0.000
15	  2.880	 30.741	  1.005	  1.483	  0.000
16	  2.880	 32.495	  1.005	  1.483	  0.000
17	  2.880	 34.250	  1.005	  1.483	  0.000
18	  2.880	 36.004	  1.005	  1.483	  0.000
19	  2.880	 37.759	  1.005	  1.483	  0.000
20	  2.880	 39.513	  1.005	  1.483	  0.000
21	  2.880	 41.267	  1.005	  1.483	  0.000
22	  2.880	 43.022	  1.005	  1.483	  0.000
23	  2.880	 44.776	  1.005	  1.483	  0.000
24	  2.880	 46.531	  1.005	  1.483	  0.000
25	  2.880	 48.285	  1.005	  1.483	  0.000
26	  2.880	 50.039	  1.005	  1.483	  0.000
27	  2.880	 51.794	  1.005	  1.483	  0.000
28	  2.880	 53.548	  1.005	  1.483	  0.000
29	  2.880	 55.302	  1.005	  1.483	  0.000
30	  2.880	 57.057	  1.005	  1.483	  0.000
31	  2.880	 58.811	  1.005	  1.483	  0.000
32	  2.880	 60.566	  1.005	  1.483	  0.000
33	  2.880	 62.320	  1.005	  1.483	  0.000
34	  2.880	 64.074	  1.005	  1.483	  0.000
35	  2.880	 65.829	  1.005	  1.483	  0.000
36	  2.880	 67.583	  1.005	  1.483	  0.000
37	  2.880	 69.338	  1.005	  1.483	  0.000
38	  2.880	 71.092	  1.005	  1.483	  0.000
39	  2.880	 72.846	  1.005	  1.483	  0.000
40	  2.880	 74.601	  1.005	  1.483	  0.000
41	  2.880	 76.355	  1.005	  1.483	  0.000
42	  2.880	 78.109	  1.005	  1.483	  0.000
43	  2.880	 79.864	  1.005	  1.483	  0.000
44	  2.880	 81.618	  1.005	  1.483	  0.000
45	  2.880	 83.373	  1.005	  1.483	  0.000
46	  2.880	 85.127	  1.005	  1.483	  0.000
47	  2.880	 86.881	  1.005	  1.483	  0.000
48	  2.880	 88.636	  1.005	  1.483	  0.000
49	  2.880	 90.390	  1.005	  1.483	  0.000
50	  2.880	 92.145	  1.005	  1.483	  0.000
51	  2.880	 93.899	  1.005	  1.483	  0.000
52	  2.880	 95.653	  1.005	  1.483	  0.000
53	  2.880	 97.408	  1.005	  1.483	  0.000
54	  2.880	 99.162	  1.005	  1.483	  0.000
55	  2.880	100.917	  1.005	  1.483	  0.000
56	  2.880	102.671	  1.005	  1.483	  0.000
0	  3.000	  4.603	  1.005	  1.484	  0.000
1	  3.000	  6.358	  1.005	  1.484	  0.000
2	  3.000	  8.112	  1.005	  1.484	  0.000
3	  3.000	  9.867	  1.005	  1.484	  0.000
4	  3.000	 11.621	  1.005	  1.484	  0.000
5	  3.000	 13.375	  1.005	  1.484	  0.000
6	  3.000	 15.130	  1.005	  1.484	  0.000
7	  3.000	 16.884	  1.005	  1.484	  0.000
8	  3.000	 18.638	  1.005	  1.484	  0.000
9	  3.000	 20.393	  1.005	  1.484	  0.000
10	  3.000	 22.147	  1.005	  1.484	  0.000
11	  3.000	 23.902	  1.005	  1.484	  0.000
12	  3.000	 25.656	  1.005	  1.484	  0.000
13	  3.000	 27.410	  1.005	  1.484	  0.000
14	  3.000	 29.165	  1.005	  1.484	  0.000
15	  3.000	 30.919	  1.005	  1.484	  0.000
16	  3.000	 32.674	  1.005	  1.484	  0.000
17	  3.000	 34.428	  1.005	  1.484	  0.000
18	  3.000	 36.182	  1.005	  1.484	  0.000
19	  3.000	 37.937	  1.005	  1.484	  0.000
20	  3.000	 39.691	  1.005	  1.484	  0.000
21	  3.000	 41.445	  1.005	  1.484	  0.000
22	  3.000	 43.200	  1.005	  1.484	  0.000
23	  3.000	 44.954	  1.005	  1.484	  0.000
24	  3.000	 46.709	  1.005	  1.484	  0.000
25	  3.000	 48.463	  1.005	  1.484	  0.000
26	  3.000	 50.217	  1.005	  1.484	  0.000
27	  3.000	 51.972	  1.005	  1.484	  0.000
28	  3.000	 53.726	  1.005	  1.484	  0.000
29	  3.000	 55.481	  1.005	  1.484	  0.000
30	  3.000	 57.235	  1.005	  1.484	  0.000
31	  3.000	 58.989	  1.005	  1.484	  0.000
32	  3.000	 60.744	  1.005	  1.484	  0.000
33	  3.000	 62.498	  1.005	  1.484	  0.000
34	  3.000	 64.252	  1.005	  1.484	  0.000
35	  3.000	 66.007	  1.005	  1.484	  0.000
36	  3.000	 67.761	  1.005	  1.484	  0.000
37	  3.000	 69.516	  1.005	  1.484	  0.000
38	  3.000	 71.270	  1.005	  1.484	  0.000
39	  3.000	 73.024	  1.005	  1.484	  0.000
40	  3.000	 74.779	  1.005	  1.484	  0.000
41	  3.000	 76.533	  1.005	  1.484	  0.000
42	  3.000	 78.288	  1.005	  1.484	  0.000
43	  3.000	 80.042	  1.005	  1.484	  0.000
44	  3.000	 81.796	  1.005	  1.484	  0.000
45	  3.000	 83.551	  1.005	  1.484	  0.000
46	  3.000	 85.305	  1.005	  1.484	  0.000
47	  3.000	 87.059	  1.005	  1.484	  0.000
48	  3.000	 88.814	  1.005	  1.484	  0.000
49	  3.000	 90.568	  1.005	  1.484	  0.000
50	  3.000	 92.323	  1.005	  1.484	  0.000
51	  3.000	 94.077	  1.005	  1.484	  0.000
52	  3.000	 95.831	  1.005	  1.484	  0.000
53	  3.000	 97.586	  1.005	  1.484	  0.000
54	  3.000	 99.340	  1.005	  1.484	  0.000
55	  3.000	101.095	  1.005	  1.484	  0.000
56	  3.000	102.849	  1.005	  1.484	  0.000
