# id	 time	 x	 y	 vx	 vy
0	  0.000	  0.633	  1.000	  0.010	  0.010
1	  0.000	  1.899	  1.000	  0.010	  0.010
2	  0.000	  3.165	  1.000	  0.010	  0.010
3	  0.000	  4.430	  1.000	  0.010	  0.010
4	  0.000	  5.696	  1.000	  0.010	  0.010
5	  0.000	  6.962	  1.000	  0.010	  0.010
6	  0.000	  8.228	  1.000	  0.010	  0.010
7	  0.000	  9.494	  1.000	  0.010	  0.010
8	  0.000	 10.759	  1.000	  0.010	  0.010
9	  0.000	 12.025	  1.000	  0.010	  0.010
10	  0.000	 13.291	  1.000	  0.010	  0.010
11	  0.000	 14.557	  1.000	  0.010	  0.010
12	  0.000	 15.823	  1.000	  0.010	  0.010
13	  0.000	 17.089	  1.000	  0.010	  0.010
14	  0.000	 18.354	  1.000	  0.010	  0.010
15	  0.000	 19.620	  1.000	  0.010	  0.010
16	  0.000	 20.886	  1.000	  0.010	  0.010
17	  0.000	 22.152	  1.000	  0.010	  0.010
18	  0.000	 23.418	  1.000	  0.010	  0.010
19	  0.000	 24.684	  1.000	  0.010	  0.010
20	  0.000	 25.949	  1.000	  0.010	  0.010
21	  0.000	 27.215	  1.000	  0.010	  0.010
22	  0.000	 28.481	  1.000	  0.010	  0.010
23	  0.000	 29.747	  1.000	  0.010	  0.010
24	  0.000	 31.013	  1.000	  0.010	  0.010
25	  0.000	 32.278	  1.000	  0.010	  0.010
26	  0.000	 33.544	  1.000	  0.010	  0.010
27	  0.000	 34.810	  1.000	  0.010	  0.010
28	  0.000	 36.076	  1.000	  0.010	  0.010
29	  0.000	 37.342	  1.000	  0.010	  0.010
30	  0.000	 38.608	  1.000	  0.010	  0.010
31	  0.000	 39.873	  1.000	  0.010	  0.010
32	  0.000	 41.139	  1.000	  0.010	  0.010
33	  0.000	 42.405	  1.000	  0.010	  0.010
34	  0.000	 43.671	  1.000	  0.010	  0.010
35	  0.000	 44.937	  1.000	  0.010	  0.010
36	  0.000	 46.203	  1.000	  0.010	  0.010
37	  0.000	 47.468	  1.000	  0.010	  0.010
38	  0.000	 48.734	  1.000	  0.010	  0.010
39	  0.000	 50.000	  1.000	  0.010	  0.010
40	  0.000	 51.266	  1.000	  0.010	  0.010
41	  0.000	 52.532	  1.000	  0.010	  0.010
42	  0.000	 53.797	  1.000	  0.010	  0.010
43	  0.000	 55.063	  1.000	  0.010	  0.010
44	  0.000	 56.329	  1.000	  0.010	  0.010
45	  0.000	 57.595	  1.000	  0.010	  0.010
46	  0.000	 58.861	  1.000	  0.010	  0.010
47	  0.000	 60.127	  1.000	  0.010	  0.010
48	  0.000	 61.392	  1.000	  0.010	  0.010
49	  0.000	 62.658	  1.000	  0.010	  0.010
50	  0.000	 63.924	  1.000	  0.010	  0.010
51	  0.000	 65.190	  1.000	  0.010	  0.010
52	  0.000	 66.456	  1.000	  0.010	  0.010
53	  0.000	 67.722	  1.000	  0.010	  0.010
54	  0.000	 68.987	  1.000	  0.010	  0.010
55	  0.000	 70.253	  1.000	  0.010	  0.010
56	  0.000	 71.519	  1.000	  0.010	  0.010
57	  0.000	 72.785	  1.000	  0.010	  0.010
58	  0.000	 74.051	  1.000	  0.010	  0.010
59	  0.000	 75.316	  1.000	  0.010	  0.010
60	  0.000	 76.582	  1.000	  0.010	  0.010
61	  0.000	 77.848	  1.000	  0.010	  0.010
62	  0.000	 79.114	  1.000	  0.010	  0.010
63	  0.000	 80.380	  1.000	  0.010	  0.010
64	  0.000	 81.646	  1.000	  0.010	  0.010
65	  0.000	 82.911	  1.000	  0.010	  0.010
66	  0.000	 84.177	  1.000	  0.010	  0.010
67	  0.000	 85.443	  1.000	  0.010	  0.010
68	  0.000	 86.709	  1.000	  0.010	  0.010
69	  0.000	 87.975	  1.000	  0.010	  0.010
70	  0.000	 89.241	  1.000	  0.010	  0.010
71	  0.000	 90.506	  1.000	  0.010	  0.010
72	  0.000	 91.772	  1.000	  0.010	  0.010
73	  0.000	 93.038	  1.000	  0.010	  0.010
74	  0.000	 94.304	  1.000	  0.010	  0.010
75	  0.000	 95.570	  1.000	  0.010	  0.010
76	  0.000	 96.835	  1.000	  0.010	  0.010
77	  0.000	 98.101	  1.000	  0.010	  0.010
78	  0.000	 99.367	  1.000	  0.010	  0.010
0	  0.120	  0.636	  1.001	 -0.075	  0.008
1	  0.120	  1.902	  1.001	 -0.075	  0.008
2	  0.120	  3.168	  1.001	 -0.075	  0.008
3	  0.120	  4.434	  1.001	 -0.075	  0.008
4	  0.120	  5.699	  1.001	 -0.075	  0.008
5	  0.120	  6.965	  1.001	 -0.075	  0.008
6	  0.120	  8.231	  1.001	 -0.075	  0.008
7	  0.120	  9.497	  1.001	 -0.075	  0.008
8	  0.120	 10.763	  1.001	 -0.075	  0.008
9	  0.120	 12.028	  1.001	 -0.075	  0.008
10	  0.120	 13.294	  1.001	 -0.075	  0.008
11	  0.120	 14.560	  1.001	 -0.075	  0.008
12	  0.120	 15.826	  1.001	 -0.075	  0.008
13	  0.120	 17.092	  1.001	 -0.075	  0.008
14	  0.120	 18.358	  1.001	 -0.075	  0.008
15	  0.120	 19.623	  1.001	 -0.075	  0.008
16	  0.120	 20.889	  1.001	 -0.075	  0.008
17	  0.120	 22.155	  1.001	 -0.075	  0.008
18	  0.120	 23.421	  1.001	 -0.075	  0.008
19	  0.120	 24.687	  1.001	 -0.075	  0.008
20	  0.120	 25.953	  1.001	 -0.075	  0.008
21	  0.120	 27.218	  1.001	 -0.075	  0.008
22	  0.120	 28.484	  1.001	 -0.075	  0.008
23	  0.120	 29.750	  1.001	 -0.075	  0.008
24	  0.120	 31.016	  1.001	 -0.075	  0.008
25	  0.120	 32.282	  1.001	 -0.075	  0.008
26	  0.120	 33.547	  1.001	 -0.075	  0.008
27	  0.120	 34.813	  1.001	 -0.075	  0.008
28	  0.120	 36.079	  1.001	 -0.075	  0.008
29	  0.120	 37.345	  1.001	 -0.075	  0.008
30	  0.120	 38.611	  1.001	 -0.075	  0.008
31	  0.120	 39.877	  1.001	 -0.075	  0.008
32	  0.120	 41.142	  1.001	 -0.075	  0.008
33	  0.120	 42.408	  1.001	 -0.075	  0.008
34	  0.120	 43.674	  1.001	 -0.075	  0.008
35	  0.120	 44.940	  1.001	 -0.075	  0.008
36	  0.120	 46.206	  1.001	 -0.075	  0.008
37	  0.120	 47.471	  1.001	 -0.075	  0.008
38	  0.120	 48.737	  1.001	 -0.075	  0.008
39	  0.120	 50.003	  1.001	 -0.075	  0.008
40	  0.120	 51.269	  1.001	 -0.075	  0.008
41	  0.120	 52.535	  1.001	 -0.075	  0.008
42	  0.120	 53.801	  1.001	 -0.075	  0.008
43	  0.120	 55.066	  1.001	 -0.075	  0.008
44	  0.120	 56.332	  1.001	 -0.075	  0.008
45	  0.120	 57.598	  1.001	 -0.075	  0.008
46	  0.120	 58.864	  1.001	 -0.075	  0.008
47	  0.120	 60.130	  1.001	 -0.075	  0.008
48	  0.120	 61.396	  1.001	 -0.075	  0.008
49	  0.120	 62.661	  1.001	 -0.075	  0.008
50	  0.120	 63.927	  1.001	 -0.075	  0.008
51	  0.120	 65.193	  1.001	 -0.075	  0.008
52	  0.120	 66.459	  1.001	 -0.075	  0.008
53	  0.120	 67.725	  1.001	 -0.075	  0.008
54	  0.120	 68.990	  1.001	 -0.075	  0.008
55	  0.120	 70.256	  1.001	 -0.075	  0.008
56	  0.120	 71.522	  1.001	 -0.075	  0.008
57	  0.120	 72.788	  1.001	 -0.075	  0.008
58	  0.120	 74.054	  1.001	 -0.075	  0.008
59	  0.120	 75.320	  1.001	 -0.075	  0.008
60	  0.120	 76.585	  1.001	 -0.075	  0.008
61	  0.120	 77.851	  1.001	 -0.075	  0.008
62	  0.120	 79.117	  1.001	 -0.075	  0.008
63	  0.120	 80.383	  1.001	 -0.075	  0.008
64	  0.120	 81.649	  1.001	 -0.075	  0.008
65	  0.120	 82.915	  1.001	 -0.075	  0.008
66	  0.120	 84.180	  1.001	 -0.075	  0.008
67	  0.120	 85.446	  1.001	 -0.075	  0.008
68	  0.120	 86.712	  1.001	 -0.075	  0.008
69	  0.120	 87.978	  1.001	 -0.075	  0.008
70	  0.120	 89.244	  1.001	 -0.075	  0.008
71	  0.120	 90.509	  1.001	 -0.075	  0.008
72	  0.120	 91.775	  1.001	 -0.075	  0.008
73	  0.120	 93.041	  1.001	 -0.075	  0.008
74	  0.120	 94.307	  1.001	 -0.075	  0.008
75	  0.120	 95.573	  1.001	 -0.075	  0.008
76	  0.120	 96.839	  1.001	 -0.075	  0.008
77	  0.120	 98.104	  1.001	 -0.075	  0.008
78	  0.120	 99.370	  1.001	 -0.075	  0.008
0	  0.240	  0.640	  1.002	  0.057	  0.006
1	  0.240	  1.906	  1.002	  0.057	  0.006
2	  0.240	  3.172	  1.002	  0.057	  0.006
3	  0.240	  4.437	  1.002	  0.057	  0.006
4	  0.240	  5.703	  1.002	  0.057	  0.006
5	  0.240	  6.969	  1.002	  0.057	  0.006
6	  0.240	  8.235	  1.002	  0.057	  0.006
7	  0.240	  9.501	  1.002	  0.057	  0.006
8	  0.240	 10.767	  1.002	  0.057	  0.006
9	  0.240	 12.032	  1.002	  0.057	  0.006
10	  0.240	 13.298	  1.002	  0.057	  0.006
11	  0.240	 14.564	  1.002	  0.057	  0.006
12	  0.240	 15.830	  1.002	  0.057	  0.006
13	  0.240	 17.096	  1.002	  0.057	  0.006
14	  0.240	 18.361	  1.002	  0.057	  0.006
15	  0.240	 19.627	  1.002	  0.057	  0.006
16	  0.240	 20.893	  1.002	  0.057	  0.006
17	  0.240	 22.159	  1.002	  0.057	  0.006
18	  0.240	 23.425	  1.002	  0.057	  0.006
19	  0.240	 24.691	  1.002	  0.057	  0.006
20	  0.240	 25.956	  1.002	  0.057	  0.006
21	  0.240	 27.222	  1.002	  0.057	  0.006
22	  0.240	 28.488	  1.002	  0.057	  0.006
23	  0.240	 29.754	  1.002	  0.057	  0.006
24	  0.240	 31.020	  1.002	  0.057	  0.006
25	  0.240	 32.286	  1.002	  0.057	  0.006
26	  0.240	 33.551	  1.002	  0.057	  0.006
27	  0.240	 34.817	  1.002	  0.057	  0.006
28	  0.240	 36.083	  1.002	  0.057	  0.006
29	  0.240	 37.349	  1.002	  0.057	  0.006
30	  0.240	 38.615	  1.002	  0.057	  0.006
31	  0.240	 39.880	  1.002	  0.057	  0.006
32	  0.240	 41.146	  1.002	  0.057	  0.006
33	  0.240	 42.412	  1.002	  0.057	  0.006
34	  0.240	 43.678	  1.002	  0.057	  0.006
35	  0.240	 44.944	  1.002	  0.057	  0.006
36	  0.240	 46.210	  1.002	  0.057	  0.006
37	  0.240	 47.475	  1.002	  0.057	  0.006
38	  0.240	 48.741	  1.002	  0.057	  0.006
39	  0.240	 50.007	  1.002	  0.057	  0.006
40	  0.240	 51.273	  1.002	  0.057	  0.006
41	  0.240	 52.539	  1.002	  0.057	  0.006
42	  0.240	 53.804	  1.002	  0.057	  0.006
43	  0.240	 55.070	  1.002	  0.057	  0.006
44	  0.240	 56.336	  1.002	  0.057	  0.006
45	  0.240	 57.602	  1.002	  0.057	  0.006
46	  0.240	 58.868	  1.002	  0.057	  0.006
47	  0.240	 60.134	  1.002	  0.057	  0.006
48	  0.240	 61.399	  1.002	  0.057	  0.006
49	  0.240	 62.665	  1.002	  0.057	  0.006
50	  0.240	 63.931	  1.002	  0.057	  0.006
51	  0.240	 65.197	  1.002	  0.057	  0.006
52	  0.240	 66.463	  1.002	  0.057	  0.006
53	  0.240	 67.729	  1.002	  0.057	  0.006
54	  0.240	 68.994	  1.002	  0.057	  0.006
55	  0.240	 70.260	  1.002	  0.057	  0.006
56	  0.240	 71.526	  1.002	  0.057	  0.006
57	  0.240	 72.792	  1.002	  0.057	  0.006
58	  0.240	 74.058	  1.002	  0.057	  0.006
59	  0.240	 75.323	  1.002	  0.057	  0.006
60	  0.240	 76.589	  1.002	  0.057	  0.006
61	  0.240	 77.855	  1.002	  0.057	  0.006
62	  0.240	 79.121	  1.002	  0.057	  0.006
63	  0.240	 80.387	  1.002	  0.057	  0.006
64	  0.240	 81.653	  1.002	  0.057	  0.006
65	  0.240	 82.918	  1.002	  0.057	  0.006
66	  0.240	 84.184	  1.002	  0.057	  0.006
67	  0.240	 85.450	  1.002	  0.057	  0.006
68	  0.240	 86.716	  1.002	  0.057	  0.006
69	  0.240	 87.982	  1.002	  0.057	  0.006
70	  0.240	 89.248	  1.002	  0.057	  0.006
71	  0.240	 90.513	  1.002	  0.057	  0.006
72	  0.240	 91.779	  1.002	  0.057	  0.006
73	  0.240	 93.045	  1.002	  0.057	  0.006
74	  0.240	 94.311	  1.002	  0.057	  0.006
75	  0.240	 95.577	  1.002	  0.057	  0.006
76	  0.240	 96.842	  1.002	  0.057	  0.006
77	  0.240	 98.108	  1.002	  0.057	  0.006
78	  0.240	 99.374	  1.002	  0.057	  0.006
0	  0.360	  0.644	  1.003	 -0.031	  0.005
1	  0.360	  1.910	  1.003	 -0.031	  0.005
2	  0.360	  3.176	  1.003	 -0.031	  0.005
3	  0.360	  4.442	  1.003	 -0.031	  0.005
4	  0.360	  5.708	  1.003	 -0.031	  0.005
5	  0.360	  6.973	  1.003	 -0.031	  0.005
6	  0.360	  8.239	  1.003	 -0.031	  0.005
7	  0.360	  9.505	  1.003	 -0.031	  0.005
8	  0.360	 10.771	  1.003	 -0.031	  0.005
9	  0.360	 12.037	  1.003	 -0.031	  0.005
10	  0.360	 13.302	  1.003	 -0.031	  0.005
11	  0.360	 14.568	  1.003	 -0.031	  0.005
12	  0.360	 15.834	  1.003	 -0.031	  0.005
13	  0.360	 17.100	  1.003	 -0.031	  0.005
14	  0.360	 18.366	  1.003	 -0.031	  0.005
15	  0.360	 19.632	  1.003	 -0.031	  0.005
16	  0.360	 20.897	  1.003	 -0.031	  0.005
17	  0.360	 22.163	  1.003	 -0.031	  0.005
18	  0.360	 23.429	  1.003	 -0.031	  0.005
19	  0.360	 24.695	  1.003	 -0.031	  0.005
20	  0.360	 25.961	  1.003	 -0.031	  0.005
21	  0.360	 27.226	  1.003	 -0.031	  0.005
22	  0.360	 28.492	  1.003	 -0.031	  0.005
23	  0.360	 29.758	  1.003	 -0.031	  0.005
24	  0.360	 31.024	  1.003	 -0.031	  0.005
25	  0.360	 32.290	  1.003	 -0.031	  0.005
26	  0.360	 33.556	  1.003	 -0.031	  0.005
27	  0.360	 34.821	  1.003	 -0.031	  0.005
28	  0.360	 36.087	  1.003	 -0.031	  0.005
29	  0.360	 37.353	  1.003	 -0.031	  0.005
30	  0.360	 38.619	  1.003	 -0.031	  0.005
31	  0.360	 39.885	  1.003	 -0.031	  0.005
32	  0.360	 41.151	  1.003	 -0.031	  0.005
33	  0.360	 42.416	  1.003	 -0.031	  0.005
34	  0.360	 43.682	  1.003	 -0.031	  0.005
35	  0.360	 44.948	  1.003	 -0.031	  0.005
36	  0.360	 46.214	  1.003	 -0.031	  0.005
37	  0.360	 47.480	  1.003	 -0.031	  0.005
38	  0.360	 48.745	  1.003	 -0.031	  0.005
39	  0.360	 50.011	  1.003	 -0.031	  0.005
40	  0.360	 51.277	  1.003	 -0.031	  0.005
41	  0.360	 52.543	  1.003	 -0.031	  0.005
42	  0.360	 53.809	  1.003	 -0.031	  0.005
43	  0.360	 55.075	  1.003	 -0.031	  0.005
44	  0.360	 56.340	  1.003	 -0.031	  0.005
45	  0.360	 57.606	  1.003	 -0.031	  0.005
46	  0.360	 58.872	  1.003	 -0.031	  0.005
47	  0.360	 60.138	  1.003	 -0.031	  0.005
48	  0.360	 61.404	  1.003	 -0.031	  0.005
49	  0.360	 62.670	  1.003	 -0.031	  0.005
50	  0.360	 63.935	  1.003	 -0.031	  0.005
51	  0.360	 65.201	  1.003	 -0.031	  0.005
52	  0.360	 66.467	  1.003	 -0.031	  0.005
53	  0.360	 67.733	  1.003	 -0.031	  0.005
54	  0.360	 68.999	  1.003	 -0.031	  0.005
55	  0.360	 70.264	  1.003	 -0.031	  0.005
56	  0.360	 71.530	  1.003	 -0.031	  0.005
57	  0.360	 72.796	  1.003	 -0.031	  0.005
58	  0.360	 74.062	  1.003	 -0.031	  0.005
59	  0.360	 75.328	  1.003	 -0.031	  0.005
60	  0.360	 76.594	  1.003	 -0.031	  0.005
61	  0.360	 77.859	  1.003	 -0.031	  0.005
62	  0.360	 79.125	  1.003	 -0.031	  0.005
63	  0.360	 80.391	  1.003	 -0.031	  0.005
64	  0.360	 81.657	  1.003	 -0.031	  0.005
65	  0.360	 82.923	  1.003	 -0.031	  0.005
66	  0.360	 84.189	  1.003	 -0.031	  0.005
67	  0.360	 85.454	  1.003	 -0.031	  0.005
68	  0.360	 86.720	  1.003	 -0.031	  0.005
69	  0.360	 87.986	  1.003	 -0.031	  0.005
70	  0.360	 89.252	  1.003	 -0.031	  0.005
71	  0.360	 90.518	  1.003	 -0.031	  0.005
72	  0.360	 91.783	  1.003	 -0.031	  0.005
73	  0.360	 93.049	  1.003	 -0.031	  0.005
74	  0.360	 94.315	  1.003	 -0.031	  0.005
75	  0.360	 95.581	  1.003	 -0.031	  0.005
76	  0.360	 96.847	  1.003	 -0.031	  0.005
77	  0.360	 98.113	  1.003	 -0.031	  0.005
78	  0.360	 99.378	  1.003	 -0.031	  0.005
0	  0.480	  0.647	  1.003	  0.104	  0.004
1	  0.480	  1.913	  1.003	  0.104	  0.004
2	  0.480	  3.179	  1.003	  0.104	  0.004
3	  0.480	  4.444	  1.003	  0.104	  0.004
4	  0.480	  5.710	  1.003	  0.104	  0.004
5	  0.480	  6.976	  1.003	  0.104	  0.004
6	  0.480	  8.242	  1.003	  0.104	  0.004
7	  0.480	  9.508	  1.003	  0.104	  0.004
8	  0.480	 10.773	  1.003	  0.104	  0.004
9	  0.480	 12.039	  1.003	  0.104	  0.004
10	  0.480	 13.305	  1.003	  0.104	  0.004
11	  0.480	 14.571	  1.003	  0.104	  0.004
12	  0.480	 15.837	  1.003	  0.104	  0.004
13	  0.480	 17.103	  1.003	  0.104	  0.004
14	  0.480	 18.368	  1.003	  0.104	  0.004
15	  0.480	 19.634	  1.003	  0.104	  0.004
16	  0.480	 20.900	  1.003	  0.104	  0.004
17	  0.480	 22.166	  1.003	  0.104	  0.004
18	  0.480	 23.432	  1.003	  0.104	  0.004
19	  0.480	 24.698	  1.003	  0.104	  0.004
20	  0.480	 25.963	  1.003	  0.104	  0.004
21	  0.480	 27.229	  1.003	  0.104	  0.004
22	  0.480	 28.495	  1.003	  0.104	  0.004
23	  0.480	 29.761	  1.003	  0.104	  0.004
24	  0.480	 31.027	  1.003	  0.104	  0.004
25	  0.480	 32.292	  1.003	  0.104	  0.004
26	  0.480	 33.558	  1.003	  0.104	  0.004
27	  0.480	 34.824	  1.003	  0.104	  0.004
28	  0.480	 36.090	  1.003	  0.104	  0.004
29	  0.480	 37.356	  1.003	  0.104	  0.004
30	  0.480	 38.622	  1.003	  0.104	  0.004
31	  0.480	 39.887	  1.003	  0.104	  0.004
32	  0.480	 41.153	  1.003	  0.104	  0.004
33	  0.480	 42.419	  1.003	  0.104	  0.004
34	  0.480	 43.685	  1.003	  0.104	  0.004
35	  0.480	 44.951	  1.003	  0.104	  0.004
36	  0.480	 46.216	  1.003	  0.104	  0.004
37	  0.480	 47.482	  1.003	  0.104	  0.004
38	  0.480	 48.748	  1.003	  0.104	  0.004
39	  0.480	 50.014	  1.003	  0.104	  0.004
40	  0.480	 51.280	  1.003	  0.104	  0.004
41	  0.480	 52.546	  1.003	  0.104	  0.004
42	  0.480	 53.811	  1.003	  0.104	  0.004
43	  0.480	 55.077	  1.003	  0.104	  0.004
44	  0.480	 56.343	  1.003	  0.104	  0.004
45	  0.480	 57.609	  1.003	  0.104	  0.004
46	  0.480	 58.875	  1.003	  0.104	  0.004
47	  0.480	 60.141	  1.003	  0.104	  0.004
48	  0.480	 61.406	  1.003	  0.104	  0.004
49	  0.480	 62.672	  1.003	  0.104	  0.004
50	  0.480	 63.938	  1.003	  0.104	  0.004
51	  0.480	 65.204	  1.003	  0.104	  0.004
52	  0.480	 66.470	  1.003	  0.104	  0.004
53	  0.480	 67.735	  1.003	  0.104	  0.004
54	  0.480	 69.001	  1.003	  0.104	  0.004
55	  0.480	 70.267	  1.003	  0.104	  0.004
56	  0.480	 71.533	  1.003	  0.104	  0.004
57	  0.480	 72.799	  1.003	  0.104	  0.004
58	  0.480	 74.065	  1.003	  0.104	  0.004
59	  0.480	 75.330	  1.003	  0.104	  0.004
60	  0.480	 76.596	  1.003	  0.104	  0.004
61	  0.480	 77.862	  1.003	  0.104	  0.004
62	  0.480	 79.128	  1.003	  0.104	  0.004
63	  0.480	 80.394	  1.003	  0.104	  0.004
64	  0.480	 81.660	  1.003	  0.104	  0.004
65	  0.480	 82.925	  1.003	  0.104	  0.004
66	  0.480	 84.191	  1.003	  0.104	  0.004
67	  0.480	 85.457	  1.003	  0.104	  0.004
68	  0.480	 86.723	  1.003	  0.104	  0.004
69	  0.480	 87.989	  1.003	  0.104	  0.004
70	  0.480	 89.254	  1.003	  0.104	  0.004
71	  0.480	 90.520	  1.003	  0.104	  0.004
72	  0.480	 91.786	  1.003	  0.104	  0.004
73	  0.480	 93.052	  1.003	  0.104	  0.004
74	  0.480	 94.318	  1.003	  0.104	  0.004
75	  0.480	 95.584	  1.003	  0.104	  0.004
76	  0.480	 96.849	  1.003	  0.104	  0.004
77	  0.480	 98.115	  1.003	  0.104	  0.004
78	  0.480	 99.381	  1.003	  0.104	  0.004
0	  0.600	  0.650	  1.004	  0.018	  0.003
1	  0.600	  1.916	  1.004	  0.018	  0.003
2	  0.600	  3.182	  1.004	  0.018	  0.003
3	  0.600	  4.448	  1.004	  0.018	  0.003
4	  0.600	  5.714	  1.004	  0.018	  0.003
5	  0.600	  6.979	  1.004	  0.018	  0.003
6	  0.600	  8.245	  1.004	  0.018	  0.003
7	  0.600	  9.511	  1.004	  0.018	  0.003
8	  0.600	 10.777	  1.004	  0.018	  0.003
9	  0.600	 12.043	  1.004	  0.018	  0.003
10	  0.600	 13.309	  1.004	  0.018	  0.003
11	  0.600	 14.574	  1.004	  0.018	  0.003
12	  0.600	 15.840	  1.004	  0.018	  0.003
13	  0.600	 17.106	  1.004	  0.018	  0.003
14	  0.600	 18.372	  1.004	  0.018	  0.003
15	  0.600	 19.638	  1.004	  0.018	  0.003
16	  0.600	 20.903	  1.004	  0.018	  0.003
17	  0.600	 22.169	  1.004	  0.018	  0.003
18	  0.600	 23.435	  1.004	  0.018	  0.003
19	  0.600	 24.701	  1.004	  0.018	  0.003
20	  0.600	 25.967	  1.004	  0.018	  0.003
21	  0.600	 27.233	  1.004	  0.018	  0.003
22	  0.600	 28.498	  1.004	  0.018	  0.003
23	  0.600	 29.764	  1.004	  0.018	  0.003
24	  0.600	 31.030	  1.004	  0.018	  0.003
25	  0.600	 32.296	  1.004	  0.018	  0.003
26	  0.600	 33.562	  1.004	  0.018	  0.003
27	  0.600	 34.828	  1.004	  0.018	  0.003
28	  0.600	 36.093	  1.004	  0.018	  0.003
29	  0.600	 37.359	  1.004	  0.018	  0.003
30	  0.600	 38.625	  1.004	  0.018	  0.003
31	  0.600	 39.891	  1.004	  0.018	  0.003
32	  0.600	 41.157	  1.004	  0.018	  0.003
33	  0.600	 42.422	  1.004	  0.018	  0.003
34	  0.600	 43.688	  1.004	  0.018	  0.003
35	  0.600	 44.954	  1.004	  0.018	  0.003
36	  0.600	 46.220	  1.004	  0.018	  0.003
37	  0.600	 47.486	  1.004	  0.018	  0.003
38	  0.600	 48.752	  1.004	  0.018	  0.003
39	  0.600	 50.017	  1.004	  0.018	  0.003
40	  0.600	 51.283	  1.004	  0.018	  0.003
41	  0.600	 52.549	  1.004	  0.018	  0.003
42	  0.600	 53.815	  1.004	  0.018	  0.003
43	  0.600	 55.081	  1.004	  0.018	  0.003
44	  0.600	 56.347	  1.004	  0.018	  0.003
45	  0.600	 57.612	  1.004	  0.018	  0.003
46	  0.600	 58.878	  1.004	  0.018	  0.003
47	  0.600	 60.144	  1.004	  0.018	  0.003
48	  0.600	 61.410	  1.004	  0.018	  0.003
49	  0.600	 62.676	  1.004	  0.018	  0.003
50	  0.600	 63.941	  1.004	  0.018	  0.003
51	  0.600	 65.207	  1.004	  0.018	  0.003
52	  0.600	 66.473	  1.004	  0.018	  0.003
53	  0.600	 67.739	  1.004	  0.018	  0.003
54	  0.600	 69.005	  1.004	  0.018	  0.003
55	  0.600	 70.271	  1.004	  0.018	  0.003
56	  0.600	 71.536	  1.004	  0.018	  0.003
57	  0.600	 72.802	  1.004	  0.018	  0.003
58	  0.600	 74.068	  1.004	  0.018	  0.003
59	  0.600	 75.334	  1.004	  0.018	  0.003
60	  0.600	 76.600	  1.004	  0.018	  0.003
61	  0.600	 77.866	  1.004	  0.018	  0.003
62	  0.600	 79.131	  1.004	  0.018	  0.003
63	  0.600	 80.397	  1.004	  0.018	  0.003
64	  0.600	 81.663	  1.004	  0.018	  0.003
65	  0.600	 82.929	  1.004	  0.018	  0.003
66	  0.600	 84.195	  1.004	  0.018	  0.003
67	  0.600	 85.460	  1.004	  0.018	  0.003
68	  0.600	 86.726	  1.004	  0.018	  0.003
69	  0.600	 87.992	  1.004	  0.018	  0.003
70	  0.600	 89.258	  1.004	  0.018	  0.003
71	  0.600	 90.524	  1.004	  0.018	  0.003
72	  0.600	 91.790	  1.004	  0.018	  0.003
73	  0.600	 93.055	  1.004	  0.018	  0.003
74	  0.600	 94.321	  1.004	  0.018	  0.003
75	  0.600	 95.587	  1.004	  0.018	  0.003
76	  0.600	 96.853	  1.004	  0.018	  0.003
77	  0.600	 98.119	  1.004	  0.018	  0.003
78	  0.600	 99.384	  1.004	  0.018	  0.003
0	  0.720	  0.654	  1.004	 -0.069	  0.002
1	  0.720	  1.920	  1.004	 -0.069	  0.002
2	  0.720	  3.186	  1.004	 -0.069	  0.002
3	  0.720	  4.452	  1.004	 -0.069	  0.002
4	  0.720	  5.718	  1.004	 -0.069	  0.002
5	  0.720	  6.983	  1.004	 -0.069	  0.002
6	  0.720	  8.249	  1.004	 -0.069	  0.002
7	  0.720	  9.515	  1.004	 -0.069	  0.002
8	  0.720	 10.781	  1.004	 -0.069	  0.002
9	  0.720	 12.047	  1.004	 -0.069	  0.002
10	  0.720	 13.313	  1.004	 -0.069	  0.002
11	  0.720	 14.578	  1.004	 -0.069	  0.002
12	  0.720	 15.844	  1.004	 -0.069	  0.002
13	  0.720	 17.110	  1.004	 -0.069	  0.002
14	  0.720	 18.376	  1.004	 -0.069	  0.002
15	  0.720	 19.642	  1.004	 -0.069	  0.002
16	  0.720	 20.908	  1.004	 -0.069	  0.002
17	  0.720	 22.173	  1.004	 -0.069	  0.002
18	  0.720	 23.439	  1.004	 -0.069	  0.002
19	  0.720	 24.705	  1.004	 -0.069	  0.002
20	  0.720	 25.971	  1.004	 -0.069	  0.002
21	  0.720	 27.237	  1.004	 -0.069	  0.002
22	  0.720	 28.502	  1.004	 -0.069	  0.002
23	  0.720	 29.768	  1.004	 -0.069	  0.002
24	  0.720	 31.034	  1.004	 -0.069	  0.002
25	  0.720	 32.300	  1.004	 -0.069	  0.002
26	  0.720	 33.566	  1.004	 -0.069	  0.002
27	  0.720	 34.832	  1.004	 -0.069	  0.002
28	  0.720	 36.097	  1.004	 -0.069	  0.002
29	  0.720	 37.363	  1.004	 -0.069	  0.002
30	  0.720	 38.629	  1.004	 -0.069	  0.002
31	  0.720	 39.895	  1.004	 -0.069	  0.002
32	  0.720	 41.161	  1.004	 -0.069	  0.002
33	  0.720	 42.427	  1.004	 -0.069	  0.002
34	  0.720	 43.692	  1.004	 -0.069	  0.002
35	  0.720	 44.958	  1.004	 -0.069	  0.002
36	  0.720	 46.224	  1.004	 -0.069	  0.002
37	  0.720	 47.490	  1.004	 -0.069	  0.002
38	  0.720	 48.756	  1.004	 -0.069	  0.002
39	  0.720	 50.021	  1.004	 -0.069	  0.002
40	  0.720	 51.287	  1.004	 -0.069	  0.002
41	  0.720	 52.553	  1.004	 -0.069	  0.002
42	  0.720	 53.819	  1.004	 -0.069	  0.002
43	  0.720	 55.085	  1.004	 -0.069	  0.002
44	  0.720	 56.351	  1.004	 -0.069	  0.002
45	  0.720	 57.616	  1.004	 -0.069	  0.002
46	  0.720	 58.882	  1.004	 -0.069	  0.002
47	  0.720	 60.148	  1.004	 -0.069	  0.002
48	  0.720	 61.414	  1.004	 -0.069	  0.002
49	  0.720	 62.680	  1.004	 -0.069	  0.002
50	  0.720	 63.945	  1.004	 -0.069	  0.002
51	  0.720	 65.211	  1.004	 -0.069	  0.002
52	  0.720	 66.477	  1.004	 -0.069	  0.002
53	  0.720	 67.743	  1.004	 -0.069	  0.002
54	  0.720	 69.009	  1.004	 -0.069	  0.002
55	  0.720	 70.275	  1.004	 -0.069	  0.002
56	  0.720	 71.540	  1.004	 -0.069	  0.002
57	  0.720	 72.806	  1.004	 -0.069	  0.002
58	  0.720	 74.072	  1.004	 -0.069	  0.002
59	  0.720	 75.338	  1.004	 -0.069	  0.002
60	  0.720	 76.604	  1.004	 -0.069	  0.002
61	  0.720	 77.870	  1.004	 -0.069	  0.002
62	  0.720	 79.135	  1.004	 -0.069	  0.002
63	  0.720	 80.401	  1.004	 -0.069	  0.002
64	  0.720	 81.667	  1.004	 -0.069	  0.002
65	  0.720	 82.933	  1.004	 -0.069	  0.002
66	  0.720	 84.199	  1.004	 -0.069	  0.002
67	  0.720	 85.464	  1.004	 -0.069	  0.002
68	  0.720	 86.730	  1.004	 -0.069	  0.002
69	  0.720	 87.996	  1.004	 -0.069	  0.002
70	  0.720	 89.262	  1.004	 -0.069	  0.002
71	  0.720	 90.528	  1.004	 -0.069	  0.002
72	  0.720	 91.794	  1.004	 -0.069	  0.002
73	  0.720	 93.059	  1.004	 -0.069	  0.002
74	  0.720	 94.325	  1.004	 -0.069	  0.002
75	  0.720	 95.591	  1.004	 -0.069	  0.002
76	  0.720	 96.857	  1.004	 -0.069	  0.002
77	  0.720	 98.123	  1.004	 -0.069	  0.002
78	  0.720	 99.389	  1.004	 -0.069	  0.002
0	  0.840	  0.657	  1.004	  0.067	  0.002
1	  0.840	  1.923	  1.004	  0.067	  0.002
2	  0.840	  3.188	  1.004	  0.067	  0.002
3	  0.840	  4.454	  1.004	  0.067	  0.002
4	  0.840	  5.720	  1.004	  0.067	  0.002
5	  0.840	  6.986	  1.004	  0.067	  0.002
6	  0.840	  8.252	  1.004	  0.067	  0.002
7	  0.840	  9.518	  1.004	  0.067	  0.002
8	  0.840	 10.783	  1.004	  0.067	  0.002
9	  0.840	 12.049	  1.004	  0.067	  0.002
10	  0.840	 13.315	  1.004	  0.067	  0.002
11	  0.840	 14.581	  1.004	  0.067	  0.002
12	  0.840	 15.847	  1.004	  0.067	  0.002
13	  0.840	 17.112	  1.004	  0.067	  0.002
14	  0.840	 18.378	  1.004	  0.067	  0.002
15	  0.840	 19.644	  1.004	  0.067	  0.002
16	  0.840	 20.910	  1.004	  0.067	  0.002
17	  0.840	 22.176	  1.004	  0.067	  0.002
18	  0.840	 23.442	  1.004	  0.067	  0.002
19	  0.840	 24.707	  1.004	  0.067	  0.002
20	  0.840	 25.973	  1.004	  0.067	  0.002
21	  0.840	 27.239	  1.004	  0.067	  0.002
22	  0.840	 28.505	  1.004	  0.067	  0.002
23	  0.840	 29.771	  1.004	  0.067	  0.002
24	  0.840	 31.036	  1.004	  0.067	  0.002
25	  0.840	 32.302	  1.004	  0.067	  0.002
26	  0.840	 33.568	  1.004	  0.067	  0.002
27	  0.840	 34.834	  1.004	  0.067	  0.002
28	  0.840	 36.100	  1.004	  0.067	  0.002
29	  0.840	 37.366	  1.004	  0.067	  0.002
30	  0.840	 38.631	  1.004	  0.067	  0.002
31	  0.840	 39.897	  1.004	  0.067	  0.002
32	  0.840	 41.163	  1.004	  0.067	  0.002
33	  0.840	 42.429	  1.004	  0.067	  0.002
34	  0.840	 43.695	  1.004	  0.067	  0.002
35	  0.840	 44.961	  1.004	  0.067	  0.002
36	  0.840	 46.226	  1.004	  0.067	  0.002
37	  0.840	 47.492	  1.004	  0.067	  0.002
38	  0.840	 48.758	  1.004	  0.067	  0.002
39	  0.840	 50.024	  1.004	  0.067	  0.002
40	  0.840	 51.290	  1.004	  0.067	  0.002
41	  0.840	 52.555	  1.004	  0.067	  0.002
42	  0.840	 53.821	  1.004	  0.067	  0.002
43	  0.840	 55.087	  1.004	  0.067	  0.002
44	  0.840	 56.353	  1.004	  0.067	  0.002
45	  0.840	 57.619	  1.004	  0.067	  0.002
46	  0.840	 58.885	  1.004	  0.067	  0.002
47	  0.840	 60.150	  1.004	  0.067	  0.002
48	  0.840	 61.416	  1.004	  0.067	  0.002
49	  0.840	 62.682	  1.004	  0.067	  0.002
50	  0.840	 63.948	  1.004	  0.067	  0.002
51	  0.840	 65.214	  1.004	  0.067	  0.002
52	  0.840	 66.480	  1.004	  0.067	  0.002
53	  0.840	 67.745	  1.004	  0.067	  0.002
54	  0.840	 69.011	  1.004	  0.067	  0.002
55	  0.840	 70.277	  1.004	  0.067	  0.002
56	  0.840	 71.543	  1.004	  0.067	  0.002
57	  0.840	 72.809	  1.004	  0.067	  0.002
58	  0.840	 74.074	  1.004	  0.067	  0.002
59	  0.840	 75.340	  1.004	  0.067	  0.002
60	  0.840	 76.606	  1.004	  0.067	  0.002
61	  0.840	 77.872	  1.004	  0.067	  0.002
62	  0.840	 79.138	  1.004	  0.067	  0.002
63	  0.840	 80.404	  1.004	  0.067	  0.002
64	  0.840	 81.669	  1.004	  0.067	  0.002
65	  0.840	 82.935	  1.004	  0.067	  0.002
66	  0.840	 84.201	  1.004	  0.067	  0.002
67	  0.840	 85.467	  1.004	  0.067	  0.002
68	  0.840	 86.733	  1.004	  0.067	  0.002
69	  0.840	 87.999	  1.004	  0.067	  0.002
70	  0.840	 89.264	  1.004	  0.067	  0.002
71	  0.840	 90.530	  1.004	  0.067	  0.002
72	  0.840	 91.796	  1.004	  0.067	  0.002
73	  0.840	 93.062	  1.004	  0.067	  0.002
74	  0.840	 94.328	  1.004	  0.067	  0.002
75	  0.840	 95.593	  1.004	  0.067	  0.002
76	  0.840	 96.859	  1.004	  0.067	  0.002
77	  0.840	 98.125	  1.004	  0.067	  0.002
78	  0.840	 99.391	  1.004	  0.067	  0.002
0	  0.960	  0.660	  1.004	 -0.019	  0.001
1	  0.960	  1.926	  1.004	 -0.019	  0.001
2	  0.960	  3.192	  1.004	 -0.019	  0.001
3	  0.960	  4.457	  1.004	 -0.019	  0.001
4	  0.960	  5.723	  1.004	 -0.019	  0.001
5	  0.960	  6.989	  1.004	 -0.019	  0.001
6	  0.960	  8.255	  1.004	 -0.019	  0.001
7	  0.960	  9.521	  1.004	 -0.019	  0.001
8	  0.960	 10.786	  1.004	 -0.019	  0.001
9	  0.960	 12.052	  1.004	 -0.019	  0.001
10	  0.960	 13.318	  1.004	 -0.018	  0.001
11	  0.960	 14.584	  1.004	 -0.019	  0.001
12	  0.960	 15.850	  1.004	 -0.018	  0.001
13	  0.960	 17.116	  1.004	 -0.019	  0.001
14	  0.960	 18.381	  1.004	 -0.019	  0.001
15	  0.960	 19.647	  1.004	 -0.018	  0.001
16	  0.960	 20.913	  1.004	 -0.019	  0.001
17	  0.960	 22.179	  1.004	 -0.019	  0.001
18	  0.960	 23.445	  1.004	 -0.019	  0.001
19	  0.960	 24.711	  1.004	 -0.019	  0.001
20	  0.960	 25.976	  1.004	 -0.019	  0.001
21	  0.960	 27.242	  1.004	 -0.019	  0.001
22	  0.960	 28.508	  1.004	 -0.019	  0.001
23	  0.960	 29.774	  1.004	 -0.019	  0.001
24	  0.960	 31.040	  1.004	 -0.019	  0.001
25	  0.960	 32.305	  1.004	 -0.019	  0.001
26	  0.960	 33.571	  1.004	 -0.019	  0.001
27	  0.960	 34.837	  1.004	 -0.019	  0.001
28	  0.960	 36.103	  1.004	 -0.019	  0.001
29	  0.960	 37.369	  1.004	 -0.019	  0.001
30	  0.960	 38.635	  1.004	 -0.019	  0.001
31	  0.960	 39.900	  1.004	 -0.018	  0.001
32	  0.960	 41.166	  1.004	 -0.019	  0.001
33	  0.960	 42.432	  1.004	 -0.018	  0.001
34	  0.960	 43.698	  1.004	 -0.019	  0.001
35	  0.960	 44.964	  1.004	 -0.019	  0.001
36	  0.960	 46.230	  1.004	 -0.019	  0.001
37	  0.960	 47.495	  1.004	 -0.019	  0.001
38	  0.960	 48.761	  1.004	 -0.019	  0.001
39	  0.960	 50.027	  1.004	 -0.019	  0.001
40	  0.960	 51.293	  1.004	 -0.019	  0.001
41	  0.960	 52.559	  1.004	 -0.019	  0.001
42	  0.960	 53.824	  1.004	 -0.019	  0.001
43	  0.960	 55.090	  1.004	 -0.019	  0.001
44	  0.960	 56.356	  1.004	 -0.019	  0.001
45	  0.960	 57.622	  1.004	 -0.019	  0.001
46	  0.960	 58.888	  1.004	 -0.019	  0.001
47	  0.960	 60.154	  1.004	 -0.019	  0.001
48	  0.960	 61.419	  1.004	 -0.019	  0.001
49	  0.960	 62.685	  1.004	 -0.019	  0.001
50	  0.960	 63.951	  1.004	 -0.019	  0.001
51	  0.960	 65.217	  1.004	 -0.019	  0.001
52	  0.960	 66.483	  1.004	 -0.018	  0.001
53	  0.960	 67.748	  1.004	 -0.019	  0.001
54	  0.960	 69.014	  1.004	 -0.018	  0.001
55	  0.960	 70.280	  1.004	 -0.019	  0.001
56	  0.960	 71.546	  1.004	 -0.019	  0.001
57	  0.960	 72.812	  1.004	 -0.019	  0.001
58	  0.960	 74.078	  1.004	 -0.019	  0.001
59	  0.960	 75.343	  1.004	 -0.019	  0.001
60	  0.960	 76.609	  1.004	 -0.019	  0.001
61	  0.960	 77.875	  1.004	 -0.019	  0.001
62	  0.960	 79.141	  1.004	 -0.019	  0.001
63	  0.960	 80.407	  1.004	 -0.019	  0.001
64	  0.960	 81.673	  1.004	 -0.019	  0.001
65	  0.960	 82.938	  1.004	 -0.019	  0.001
66	  0.960	 84.204	  1.004	 -0.019	  0.001
67	  0.960	 85.470	  1.004	 -0.019	  0.001
68	  0.960	 86.736	  1.004	 -0.019	  0.001
69	  0.960	 88.002	  1.004	 -0.019	  0.001
70	  0.960	 89.268	  1.004	 -0.019	  0.001
71	  0.960	 90.533	  1.004	 -0.019	  0.001
72	  0.960	 91.799	  1.004	 -0.019	  0.001
73	  0.960	 93.065	  1.004	 -0.018	  0.001
74	  0.960	 94.331	  1.004	 -0.019	  0.001
75	  0.960	 95.597	  1.004	 -0.018	  0.001
76	  0.960	 96.862	  1.004	 -0.019	  0.001
77	  0.960	 98.128	  1.004	 -0.019	  0.001
78	  0.960	 99.394	  1.004	 -0.019	  0.001
0	  1.080	  0.664	  1.004	  0.113	  0.001
1	  1.080	  1.930	  1.004	  0.114	  0.001
2	  1.080	  3.195	  1.004	  0.113	  0.001
3	  1.080	  4.461	  1.004	  0.114	  0.001
4	  1.080	  5.727	  1.004	  0.113	  0.001
5	  1.080	  6.993	  1.004	  0.114	  0.001
6	  1.080	  8.259	  1.004	  0.113	  0.001
7	  1.080	  9.525	  1.004	  0.114	  0.001
8	  1.080	 10.790	  1.004	  0.114	  0.001
9	  1.080	 12.056	  1.004	  0.112	  0.001
10	  1.080	 13.322	  1.004	  0.116	  0.001
11	  1.080	 14.588	  1.004	  0.111	  0.001
12	  1.080	 15.854	  1.004	  0.116	  0.001
13	  1.080	 17.120	  1.004	  0.113	  0.001
14	  1.080	 18.385	  1.004	  0.113	  0.001
15	  1.080	 19.651	  1.004	  0.116	  0.001
16	  1.080	 20.917	  1.004	  0.112	  0.001
17	  1.080	 22.183	  1.004	  0.115	  0.001
18	  1.080	 23.449	  1.004	  0.113	  0.001
19	  1.080	 24.714	  1.004	  0.113	  0.001
20	  1.080	 25.980	  1.004	  0.115	  0.001
21	  1.080	 27.246	  1.004	  0.113	  0.001
22	  1.080	 28.512	  1.004	  0.114	  0.001
23	  1.080	 29.778	  1.004	  0.113	  0.001
24	  1.080	 31.044	  1.004	  0.114	  0.001
25	  1.080	 32.309	  1.004	  0.113	  0.001
26	  1.080	 33.575	  1.004	  0.114	  0.001
27	  1.080	 34.841	  1.004	  0.113	  0.001
28	  1.080	 36.107	  1.004	  0.114	  0.001
29	  1.080	 37.373	  1.004	  0.114	  0.001
30	  1.080	 38.638	  1.004	  0.112	  0.001
31	  1.080	 39.905	  1.004	  0.116	  0.001
32	  1.080	 41.170	  1.004	  0.111	  0.001
33	  1.080	 42.436	  1.004	  0.116	  0.001
34	  1.080	 43.702	  1.004	  0.112	  0.001
35	  1.080	 44.968	  1.004	  0.114	  0.001
36	  1.080	 46.233	  1.004	  0.114	  0.001
37	  1.080	 47.499	  1.004	  0.113	  0.001
38	  1.080	 48.765	  1.004	  0.114	  0.001
39	  1.080	 50.031	  1.004	  0.114	  0.001
40	  1.080	 51.297	  1.004	  0.113	  0.001
41	  1.080	 52.563	  1.004	  0.114	  0.001
42	  1.080	 53.828	  1.004	  0.113	  0.001
43	  1.080	 55.094	  1.004	  0.114	  0.001
44	  1.080	 56.360	  1.004	  0.114	  0.001
45	  1.080	 57.626	  1.004	  0.114	  0.001
46	  1.080	 58.892	  1.004	  0.113	  0.001
47	  1.080	 60.158	  1.004	  0.115	  0.001
48	  1.080	 61.423	  1.004	  0.113	  0.001
49	  1.080	 62.689	  1.004	  0.114	  0.001
50	  1.080	 63.955	  1.004	  0.114	  0.001
51	  1.080	 65.221	  1.004	  0.112	  0.001
52	  1.080	 66.487	  1.004	  0.117	  0.001
53	  1.080	 67.752	  1.004	  0.110	  0.001
54	  1.080	 69.018	  1.004	  0.117	  0.001
55	  1.080	 70.284	  1.004	  0.112	  0.001
56	  1.080	 71.550	  1.004	  0.114	  0.001
57	  1.080	 72.816	  1.004	  0.114	  0.001
58	  1.080	 74.082	  1.004	  0.113	  0.001
59	  1.080	 75.347	  1.004	  0.114	  0.001
60	  1.080	 76.613	  1.004	  0.114	  0.001
61	  1.080	 77.879	  1.004	  0.113	  0.001
62	  1.080	 79.145	  1.004	  0.114	  0.001
63	  1.080	 80.411	  1.004	  0.113	  0.001
64	  1.080	 81.677	  1.004	  0.114	  0.001
65	  1.080	 82.942	  1.004	  0.114	  0.001
66	  1.080	 84.208	  1.004	  0.114	  0.001
67	  1.080	 85.474	  1.004	  0.113	  0.001
68	  1.080	 86.740	  1.004	  0.115	  0.001
69	  1.080	 88.006	  1.004	  0.113	  0.001
70	  1.080	 89.271	  1.004	  0.114	  0.001
71	  1.080	 90.537	  1.004	  0.114	  0.001
72	  1.080	 91.803	  1.004	  0.112	  0.001
73	  1.080	 93.069	  1.004	  0.117	  0.001
74	  1.080	 94.335	  1.004	  0.110	  0.001
75	  1.080	 95.601	  1.004	  0.117	  0.001
76	  1.080	 96.866	  1.004	  0.112	  0.001
77	  1.080	 98.132	  1.004	  0.114	  0.001
78	  1.080	 99.398	  1.004	  0.114	  0.001
0	  1.200	  0.668	  1.005	  0.023	  0.001
1	  1.200	  1.934	  1.005	  0.028	  0.001
2	  1.200	  3.200	  1.005	  0.024	  0.001
3	  1.200	  4.466	  1.005	  0.027	  0.001
4	  1.200	  5.731	  1.005	  0.024	  0.001
5	  1.200	  6.998	  1.005	  0.029	  0.001
6	  1.200	  8.263	  1.005	  0.022	  0.001
7	  1.200	  9.529	  1.005	  0.028	  0.001
8	  1.200	 10.795	  1.005	  0.028	  0.001
9	  1.200	 12.060	  1.005	  0.018	  0.001
10	  1.200	 13.327	  1.005	  0.039	  0.001
11	  1.200	 14.591	  1.005	  0.011	  0.001
12	  1.200	 15.859	  1.005	  0.037	  0.001
13	  1.200	 17.124	  1.005	  0.021	  0.001
14	  1.200	 18.389	  1.005	  0.022	  0.001
15	  1.200	 19.656	  1.005	  0.035	  0.001
16	  1.200	 20.921	  1.005	  0.014	  0.001
17	  1.200	 22.188	  1.005	  0.034	  0.001
18	  1.200	 23.453	  1.005	  0.023	  0.001
19	  1.200	 24.719	  1.005	  0.024	  0.001
20	  1.200	 25.985	  1.005	  0.031	  0.001
21	  1.200	 27.250	  1.005	  0.020	  0.001
22	  1.200	 28.517	  1.005	  0.030	  0.001
23	  1.200	 29.782	  1.005	  0.023	  0.001
24	  1.200	 31.048	  1.005	  0.027	  0.001
25	  1.200	 32.314	  1.005	  0.024	  0.001
26	  1.200	 33.580	  1.005	  0.029	  0.001
27	  1.200	 34.845	  1.005	  0.022	  0.001
28	  1.200	 36.111	  1.005	  0.028	  0.001
29	  1.200	 37.377	  1.005	  0.027	  0.001
30	  1.200	 38.642	  1.005	  0.018	  0.001
31	  1.200	 39.910	  1.005	  0.039	  0.001
32	  1.200	 41.174	  1.005	  0.010	  0.001
33	  1.200	 42.441	  1.005	  0.041	  0.001
34	  1.200	 43.706	  1.005	  0.015	  0.001
35	  1.200	 44.972	  1.005	  0.030	  0.001
36	  1.200	 46.238	  1.005	  0.026	  0.001
37	  1.200	 47.503	  1.005	  0.022	  0.001
38	  1.200	 48.770	  1.005	  0.029	  0.001
39	  1.200	 50.035	  1.005	  0.025	  0.001
40	  1.200	 51.301	  1.005	  0.024	  0.001
41	  1.200	 52.567	  1.005	  0.028	  0.001
42	  1.200	 53.833	  1.005	  0.023	  0.001
43	  1.200	 55.099	  1.005	  0.026	  0.001
44	  1.200	 56.365	  1.005	  0.026	  0.001
45	  1.200	 57.630	  1.005	  0.026	  0.001
46	  1.200	 58.896	  1.005	  0.023	  0.001
47	  1.200	 60.162	  1.005	  0.030	  0.001
48	  1.200	 61.427	  1.005	  0.021	  0.001
49	  1.200	 62.694	  1.005	  0.027	  0.001
50	  1.200	 63.960	  1.005	  0.029	  0.001
51	  1.200	 65.225	  1.005	  0.016	  0.001
52	  1.200	 66.492	  1.005	  0.041	  0.001
53	  1.200	 67.756	  1.005	  0.008	  0.001
54	  1.200	 69.024	  1.005	  0.042	  0.001
55	  1.200	 70.288	  1.005	  0.014	  0.001
56	  1.200	 71.555	  1.005	  0.031	  0.001
57	  1.200	 72.820	  1.005	  0.026	  0.001
58	  1.200	 74.086	  1.005	  0.023	  0.001
59	  1.200	 75.352	  1.005	  0.028	  0.001
60	  1.200	 76.618	  1.005	  0.026	  0.001
61	  1.200	 77.883	  1.005	  0.023	  0.001
62	  1.200	 79.150	  1.005	  0.029	  0.001
63	  1.200	 80.415	  1.005	  0.022	  0.001
64	  1.200	 81.681	  1.005	  0.027	  0.001
65	  1.200	 82.947	  1.005	  0.025	  0.001
66	  1.200	 84.213	  1.005	  0.026	  0.001
67	  1.200	 85.478	  1.005	  0.023	  0.001
68	  1.200	 86.745	  1.005	  0.030	  0.001
69	  1.200	 88.010	  1.005	  0.021	  0.001
70	  1.200	 89.276	  1.005	  0.027	  0.001
71	  1.200	 90.542	  1.005	  0.029	  0.001
72	  1.200	 91.807	  1.005	  0.016	  0.001
73	  1.200	 93.074	  1.005	  0.041	  0.001
74	  1.200	 94.338	  1.005	  0.008	  0.001
75	  1.200	 95.606	  1.005	  0.042	  0.001
76	  1.200	 96.870	  1.005	  0.014	  0.001
77	  1.200	 98.137	  1.005	  0.031	  0.001
78	  1.200	 99.402	  1.005	  0.025	  0.001
0	  1.320	  0.670	  1.005	 -0.069	  0.001
1	  1.320	  1.938	  1.005	 -0.045	  0.001
2	  1.320	  3.202	  1.005	 -0.070	  0.001
3	  1.320	  4.469	  1.005	 -0.053	  0.001
4	  1.320	  5.734	  1.005	 -0.068	  0.001
5	  1.320	  7.001	  1.005	 -0.051	  0.001
6	  1.320	  8.267	  1.005	 -0.061	  0.001
7	  1.320	  9.532	  1.005	 -0.063	  0.001
8	  1.320	 10.798	  1.005	 -0.056	  0.001
9	  1.320	 12.063	  1.005	 -0.078	  0.001
10	  1.320	 13.331	  1.005	 -0.022	  0.001
11	  1.320	 14.593	  1.005	  0.111	  0.001
12	  1.320	 15.862	  1.005	 -0.024	  0.001
13	  1.320	 17.128	  1.005	 -0.070	  0.001
14	  1.320	 18.394	  1.005	 -0.068	  0.001
15	  1.320	 19.659	  1.005	 -0.040	  0.001
16	  1.320	 20.923	  1.005	  0.131	  0.001
17	  1.320	 22.190	  1.005	 -0.040	  0.001
18	  1.320	 23.457	  1.005	 -0.056	  0.001
19	  1.320	 24.721	  1.005	 -0.080	  0.001
20	  1.320	 25.989	  1.005	 -0.040	  0.001
21	  1.320	 27.254	  1.005	 -0.074	  0.001
22	  1.320	 28.521	  1.005	 -0.048	  0.001
23	  1.320	 29.784	  1.005	 -0.077	  0.001
24	  1.320	 31.052	  1.005	 -0.048	  0.001
25	  1.320	 32.316	  1.005	 -0.071	  0.001
26	  1.320	 33.584	  1.005	 -0.048	  0.001
27	  1.320	 34.850	  1.005	 -0.063	  0.001
28	  1.320	 36.115	  1.005	 -0.061	  0.001
29	  1.320	 37.380	  1.005	 -0.058	  0.001
30	  1.320	 38.646	  1.005	 -0.076	  0.001
31	  1.320	 39.913	  1.005	 -0.021	  0.001
32	  1.320	 41.177	  1.005	  0.108	  0.001
33	  1.320	 42.444	  1.005	 -0.007	  0.001
34	  1.320	 43.708	  1.005	  0.124	  0.001
35	  1.320	 44.976	  1.005	 -0.043	  0.001
36	  1.320	 46.241	  1.005	 -0.067	  0.001
37	  1.320	 47.508	  1.005	 -0.058	  0.001
38	  1.320	 48.773	  1.005	 -0.058	  0.001
39	  1.320	 50.038	  1.005	 -0.066	  0.001
40	  1.320	 51.304	  1.005	 -0.065	  0.001
41	  1.320	 52.571	  1.005	 -0.046	  0.001
42	  1.320	 53.835	  1.005	 -0.072	  0.001
43	  1.320	 55.102	  1.005	 -0.053	  0.001
44	  1.320	 56.367	  1.005	 -0.060	  0.001
45	  1.320	 57.633	  1.005	 -0.057	  0.001
46	  1.320	 58.898	  1.005	 -0.071	  0.001
47	  1.320	 60.166	  1.005	 -0.044	  0.001
48	  1.320	 61.432	  1.005	 -0.066	  0.001
49	  1.320	 62.697	  1.005	 -0.065	  0.001
50	  1.320	 63.963	  1.005	 -0.048	  0.001
51	  1.320	 65.227	  1.005	  0.131	  0.001
52	  1.320	 66.494	  1.005	 -0.009	  0.001
53	  1.320	 67.758	  1.005	  0.098	  0.001
54	  1.320	 69.027	  1.005	  0.001	  0.001
55	  1.320	 70.290	  1.005	  0.119	  0.001
56	  1.320	 71.559	  1.005	 -0.039	  0.001
57	  1.320	 72.823	  1.005	 -0.065	  0.001
58	  1.320	 74.088	  1.005	 -0.071	  0.001
59	  1.320	 75.356	  1.005	 -0.047	  0.001
60	  1.320	 76.621	  1.005	 -0.062	  0.001
61	  1.320	 77.885	  1.005	 -0.071	  0.001
62	  1.320	 79.153	  1.005	 -0.046	  0.001
63	  1.320	 80.419	  1.005	 -0.061	  0.001
64	  1.320	 81.684	  1.005	 -0.065	  0.001
65	  1.320	 82.950	  1.005	 -0.062	  0.001
66	  1.320	 84.216	  1.005	 -0.056	  0.001
67	  1.320	 85.480	  1.005	 -0.071	  0.001
68	  1.320	 86.748	  1.005	 -0.044	  0.001
69	  1.320	 88.014	  1.005	 -0.065	  0.001
70	  1.320	 89.279	  1.005	 -0.065	  0.001
71	  1.320	 90.546	  1.005	 -0.048	  0.001
72	  1.320	 91.809	  1.005	  0.132	  0.001
73	  1.320	 93.077	  1.005	 -0.010	  0.001
74	  1.320	 94.341	  1.005	  0.099	  0.001
75	  1.320	 95.609	  1.005	 -0.000	  0.001
76	  1.320	 96.872	  1.005	  0.119	  0.001
77	  1.320	 98.141	  1.005	 -0.038	  0.001
78	  1.320	 99.405	  1.005	 -0.066	  0.001
0	  1.440	  0.674	  1.005	  0.044	  0.001
1	  1.440	  1.940	  1.005	  0.113	  0.001
2	  1.440	  3.206	  1.005	  0.045	  0.001
3	  1.440	  4.472	  1.005	  0.096	  0.001
4	  1.440	  5.738	  1.005	  0.048	  0.001
5	  1.440	  7.004	  1.005	  0.097	  0.001
6	  1.440	  8.269	  1.005	  0.073	  0.001
7	  1.440	  9.535	  1.005	  0.080	  0.001
8	  1.440	 10.800	  1.005	  0.078	  0.001
9	  1.440	 12.066	  1.005	  0.029	  0.001
10	  1.440	 13.336	  1.005	 -0.047	  0.001
11	  1.440	 14.598	  1.005	 -0.046	  0.001
12	  1.440	 15.866	  1.005	 -0.066	  0.001
13	  1.440	 17.132	  1.005	  0.051	  0.001
14	  1.440	 18.396	  1.005	  0.076	  0.001
15	  1.440	 19.661	  1.005	  0.093	  0.001
16	  1.440	 20.927	  1.005	  0.033	  0.001
17	  1.440	 22.194	  1.005	  0.091	  0.001
18	  1.440	 23.461	  1.005	  0.110	  0.001
19	  1.440	 24.724	  1.005	  0.008	  0.001
20	  1.440	 25.991	  1.005	  0.133	  0.001
21	  1.440	 27.257	  1.005	  0.043	  0.001
22	  1.440	 28.523	  1.005	  0.109	  0.001
23	  1.440	 29.788	  1.005	  0.028	  0.001
24	  1.440	 31.054	  1.005	  0.107	  0.001
25	  1.440	 32.319	  1.005	  0.038	  0.001
26	  1.440	 33.587	  1.005	  0.100	  0.001
27	  1.440	 34.853	  1.005	  0.084	  0.001
28	  1.440	 36.118	  1.005	  0.073	  0.001
29	  1.440	 37.382	  1.005	  0.069	  0.001
30	  1.440	 38.649	  1.005	  0.038	  0.001
31	  1.440	 39.917	  1.005	 -0.062	  0.001
32	  1.440	 41.181	  1.005	 -0.016	  0.001
33	  1.440	 42.448	  1.005	 -0.066	  0.001
34	  1.440	 43.712	  1.005	  0.008	  0.001
35	  1.440	 44.978	  1.005	  0.107	  0.001
36	  1.440	 46.245	  1.005	  0.052	  0.001
37	  1.440	 47.510	  1.005	  0.090	  0.001
38	  1.440	 48.775	  1.005	  0.075	  0.001
39	  1.440	 50.041	  1.005	  0.071	  0.001
40	  1.440	 51.306	  1.005	  0.061	  0.001
41	  1.440	 52.573	  1.005	  0.110	  0.001
42	  1.440	 53.838	  1.005	  0.037	  0.001
43	  1.440	 55.105	  1.005	  0.090	  0.001
44	  1.440	 56.371	  1.005	  0.086	  0.001
45	  1.440	 57.635	  1.005	  0.075	  0.001
46	  1.440	 58.902	  1.005	  0.044	  0.001
47	  1.440	 60.168	  1.005	  0.105	  0.001
48	  1.440	 61.435	  1.005	  0.083	  0.001
49	  1.440	 62.701	  1.005	  0.051	  0.001
50	  1.440	 63.967	  1.005	  0.102	  0.001
51	  1.440	 65.233	  1.005	  0.026	  0.001
52	  1.440	 66.499	  1.005	 -0.072	  0.001
53	  1.440	 67.761	  1.005	 -0.025	  0.001
54	  1.440	 69.030	  1.005	 -0.054	  0.001
55	  1.440	 70.293	  1.005	 -0.002	  0.001
56	  1.440	 71.560	  1.005	  0.127	  0.001
57	  1.440	 72.826	  1.005	  0.071	  0.001
58	  1.440	 74.091	  1.005	  0.039	  0.001
59	  1.440	 75.357	  1.005	  0.102	  0.001
60	  1.440	 76.624	  1.005	  0.087	  0.001
61	  1.440	 77.888	  1.005	  0.029	  0.001
62	  1.440	 79.157	  1.005	  0.114	  0.001
63	  1.440	 80.421	  1.005	  0.073	  0.001
64	  1.440	 81.687	  1.005	  0.069	  0.001
65	  1.440	 82.953	  1.005	  0.075	  0.001
66	  1.440	 84.218	  1.005	  0.081	  0.001
67	  1.440	 85.484	  1.005	  0.041	  0.001
68	  1.440	 86.751	  1.005	  0.105	  0.001
69	  1.440	 88.017	  1.005	  0.083	  0.001
70	  1.440	 89.283	  1.005	  0.050	  0.001
71	  1.440	 90.549	  1.005	  0.102	  0.001
72	  1.440	 91.815	  1.005	  0.028	  0.001
73	  1.440	 93.081	  1.005	 -0.075	  0.001
74	  1.440	 94.343	  1.005	 -0.033	  0.001
75	  1.440	 95.615	  1.005	 -0.031	  0.001
76	  1.440	 96.875	  1.005	 -0.020	  0.001
77	  1.440	 98.143	  1.005	  0.130	  0.001
78	  1.440	 99.407	  1.005	  0.065	  0.001
0	  1.560	  0.679	  1.005	 -0.044	  0.000
1	  1.560	  1.946	  1.005	  0.039	  0.000
2	  1.560	  3.210	  1.005	 -0.057	  0.000
3	  1.560	  4.477	  1.005	  0.021	  0.000
4	  1.560	  5.740	  1.005	 -0.057	  0.000
5	  1.560	  7.010	  1.005	  0.031	  0.000
6	  1.560	  8.274	  1.005	 -0.036	  0.000
7	  1.560	  9.541	  1.005	  0.013	  0.000
8	  1.560	 10.804	  1.005	 -0.014	  0.000
9	  1.560	 12.067	  1.005	  0.115	  0.000
10	  1.560	 13.338	  1.005	 -0.053	  0.000
11	  1.560	 14.599	  1.005	  0.017	  0.000
12	  1.560	 15.870	  1.005	  0.107	  0.000
13	  1.560	 17.136	  1.005	 -0.040	  0.000
14	  1.560	 18.401	  1.005	 -0.002	  0.000
15	  1.560	 19.664	  1.005	 -0.013	  0.000
16	  1.560	 20.930	  1.005	 -0.067	  0.000
17	  1.560	 22.198	  1.005	  0.013	  0.000
18	  1.560	 23.465	  1.005	  0.060	  0.000
19	  1.560	 24.726	  1.005	  0.082	  0.000
20	  1.560	 25.995	  1.005	  0.087	  0.000
21	  1.560	 27.261	  1.005	 -0.057	  0.000
22	  1.560	 28.527	  1.005	  0.028	  0.000
23	  1.560	 29.791	  1.005	 -0.070	  0.000
24	  1.560	 31.058	  1.005	  0.026	  0.000
25	  1.560	 32.322	  1.005	 -0.068	  0.000
26	  1.560	 33.591	  1.005	  0.034	  0.000
27	  1.560	 34.857	  1.005	  0.002	  0.000
28	  1.560	 36.122	  1.005	 -0.003	  0.000
29	  1.560	 37.386	  1.005	 -0.047	  0.000
30	  1.560	 38.653	  1.005	 -0.052	  0.000
31	  1.560	 39.920	  1.005	  0.109	  0.000
32	  1.560	 41.183	  1.005	  0.083	  0.000
33	  1.560	 42.453	  1.005	  0.113	  0.000
34	  1.560	 43.713	  1.005	  0.103	  0.000
35	  1.560	 44.983	  1.005	  0.032	  0.000
36	  1.560	 46.249	  1.005	 -0.029	  0.000
37	  1.560	 47.514	  1.005	  0.002	  0.000
38	  1.560	 48.778	  1.005	 -0.018	  0.000
39	  1.560	 50.044	  1.005	 -0.009	  0.000
40	  1.560	 51.309	  1.005	 -0.047	  0.000
41	  1.560	 52.577	  1.005	  0.048	  0.000
42	  1.560	 53.841	  1.005	 -0.075	  0.000
43	  1.560	 55.109	  1.005	  0.014	  0.000
44	  1.560	 56.375	  1.005	  0.013	  0.000
45	  1.560	 57.638	  1.005	 -0.025	  0.000
46	  1.560	 58.906	  1.005	 -0.046	  0.000
47	  1.560	 60.172	  1.005	  0.020	  0.000
48	  1.560	 61.438	  1.005	  0.004	  0.000
49	  1.560	 62.705	  1.005	 -0.034	  0.000
50	  1.560	 63.971	  1.005	  0.023	  0.000
51	  1.560	 65.235	  1.005	 -0.069	  0.000
52	  1.560	 66.502	  1.005	  0.090	  0.000
53	  1.560	 67.764	  1.005	  0.067	  0.000
54	  1.560	 69.032	  1.005	  0.108	  0.000
55	  1.560	 70.296	  1.005	  0.114	  0.000
56	  1.560	 71.563	  1.005	  0.068	  0.000
57	  1.560	 72.829	  1.005	 -0.015	  0.000
58	  1.560	 74.095	  1.005	 -0.061	  0.000
59	  1.560	 75.361	  1.005	  0.012	  0.000
60	  1.560	 76.629	  1.005	  0.025	  0.000
61	  1.560	 77.892	  1.005	  0.125	  0.000
62	  1.560	 79.161	  1.005	  0.083	  0.000
63	  1.560	 80.425	  1.005	 -0.044	  0.000
64	  1.560	 81.690	  1.005	 -0.021	  0.000
65	  1.560	 82.957	  1.005	 -0.003	  0.000
66	  1.560	 84.222	  1.005	 -0.005	  0.000
67	  1.560	 85.487	  1.005	 -0.066	  0.000
68	  1.560	 86.755	  1.005	  0.027	  0.000
69	  1.560	 88.021	  1.005	  0.004	  0.000
70	  1.560	 89.287	  1.005	 -0.036	  0.000
71	  1.560	 90.553	  1.005	  0.023	  0.000
72	  1.560	 91.818	  1.005	 -0.062	  0.000
73	  1.560	 93.083	  1.005	  0.086	  0.000
74	  1.560	 94.346	  1.005	  0.017	  0.000
75	  1.560	 95.621	  1.005	 -0.004	  0.000
76	  1.560	 96.879	  1.005	  0.024	  0.000
77	  1.560	 98.147	  1.005	  0.089	  0.000
78	  1.560	 99.411	  1.005	 -0.047	  0.000
0	  1.680	  0.682	  1.005	  0.103	  0.000
1	  1.680	  1.949	  1.005	 -0.036	  0.000
2	  1.680	  3.213	  1.005	  0.071	  0.000
3	  1.680	  4.480	  1.005	 -0.054	  0.000
4	  1.680	  5.744	  1.005	  0.039	  0.000
5	  1.680	  7.013	  1.005	 -0.016	  0.000
6	  1.680	  8.277	  1.005	  0.076	  0.000
7	  1.680	  9.546	  1.005	 -0.044	  0.000
8	  1.680	 10.809	  1.005	  0.117	  0.000
9	  1.680	 12.071	  1.005	 -0.025	  0.000
10	  1.680	 13.340	  1.005	 -0.064	  0.000
11	  1.680	 14.601	  1.005	  0.064	  0.000
12	  1.680	 15.873	  1.005	  0.094	  0.000
13	  1.680	 17.138	  1.005	  0.077	  0.000
14	  1.680	 18.406	  1.005	 -0.064	  0.000
15	  1.680	 19.667	  1.005	  0.091	  0.000
16	  1.680	 20.933	  1.005	  0.045	  0.000
17	  1.680	 22.202	  1.005	 -0.059	  0.000
18	  1.680	 23.470	  1.005	  0.022	  0.000
19	  1.680	 24.729	  1.005	 -0.087	  0.000
20	  1.680	 26.001	  1.005	  0.047	  0.000
21	  1.680	 27.262	  1.005	  0.060	  0.000
22	  1.680	 28.531	  1.005	 -0.042	  0.000
23	  1.680	 29.794	  1.005	  0.036	  0.000
24	  1.680	 31.061	  1.005	 -0.043	  0.000
25	  1.680	 32.325	  1.005	  0.034	  0.000
26	  1.680	 33.593	  1.005	 -0.010	  0.000
27	  1.680	 34.858	  1.005	  0.121	  0.000
28	  1.680	 36.127	  1.005	 -0.052	  0.000
29	  1.680	 37.389	  1.005	  0.041	  0.000
30	  1.680	 38.655	  1.005	  0.076	  0.000
31	  1.680	 39.923	  1.005	  0.073	  0.000
32	  1.680	 41.188	  1.005	 -0.054	  0.000
33	  1.680	 42.457	  1.005	  0.105	  0.000
34	  1.680	 43.716	  1.005	 -0.074	  0.000
35	  1.680	 44.986	  1.005	 -0.020	  0.000
36	  1.680	 46.252	  1.005	  0.123	  0.000
37	  1.680	 47.516	  1.005	  0.126	  0.000
38	  1.680	 48.782	  1.005	  0.109	  0.000
39	  1.680	 50.048	  1.005	 -0.077	  0.000
40	  1.680	 51.313	  1.005	  0.049	  0.000
41	  1.680	 52.580	  1.005	 -0.001	  0.000
42	  1.680	 53.844	  1.005	  0.015	  0.000
43	  1.680	 55.114	  1.005	 -0.045	  0.000
44	  1.680	 56.380	  1.005	 -0.054	  0.000
45	  1.680	 57.642	  1.005	  0.074	  0.000
46	  1.680	 58.910	  1.005	  0.097	  0.000
47	  1.680	 60.177	  1.005	 -0.062	  0.000
48	  1.680	 61.440	  1.005	  0.129	  0.000
49	  1.680	 62.708	  1.005	  0.113	  0.000
50	  1.680	 63.973	  1.005	 -0.061	  0.000
51	  1.680	 65.239	  1.005	  0.045	  0.000
52	  1.680	 66.507	  1.005	  0.043	  0.000
53	  1.680	 67.767	  1.005	 -0.075	  0.000
54	  1.680	 69.037	  1.005	  0.052	  0.000
55	  1.680	 70.299	  1.005	 -0.008	  0.000
56	  1.680	 71.568	  1.005	  0.010	  0.000
57	  1.680	 72.833	  1.005	  0.115	  0.000
58	  1.680	 74.098	  1.005	  0.076	  0.000
59	  1.680	 75.363	  1.005	  0.120	  0.000
60	  1.680	 76.633	  1.005	 -0.026	  0.000
61	  1.680	 77.895	  1.005	 -0.004	  0.000
62	  1.680	 79.165	  1.005	  0.034	  0.000
63	  1.680	 80.428	  1.005	  0.081	  0.000
64	  1.680	 81.693	  1.005	  0.086	  0.000
65	  1.680	 82.962	  1.005	 -0.062	  0.000
66	  1.680	 84.226	  1.005	  0.138	  0.000
67	  1.680	 85.491	  1.005	  0.036	  0.000
68	  1.680	 86.759	  1.005	 -0.042	  0.000
69	  1.680	 88.023	  1.005	  0.135	  0.000
70	  1.680	 89.289	  1.005	  0.106	  0.000
71	  1.680	 90.555	  1.005	 -0.065	  0.000
72	  1.680	 91.821	  1.005	  0.082	  0.000
73	  1.680	 93.088	  1.005	  0.022	  0.000
74	  1.680	 94.348	  1.005	  0.032	  0.000
75	  1.680	 95.627	  1.005	  0.082	  0.000
76	  1.680	 96.882	  1.005	  0.029	  0.000
77	  1.680	 98.153	  1.005	  0.052	  0.000
78	  1.680	 99.415	  1.005	  0.044	  0.000
0	  1.800	  0.687	  1.005	  0.039	  0.000
1	  1.800	  1.951	  1.005	  0.101	  0.000
2	  1.800	  3.216	  1.005	 -0.020	  0.000
3	  1.800	  4.483	  1.005	  0.092	  0.000
4	  1.800	  5.746	  1.005	  0.124	  0.000
5	  1.800	  7.018	  1.005	 -0.043	  0.000
6	  1.800	  8.281	  1.005	 -0.049	  0.000
7	  1.800	  9.547	  1.005	  0.132	  0.000
8	  1.800	 10.813	  1.005	  0.023	  0.000
9	  1.800	 12.075	  1.005	  0.044	  0.000
10	  1.800	 13.343	  1.005	  0.130	  0.000
11	  1.800	 14.603	  1.005	  0.110	  0.000
12	  1.800	 15.876	  1.005	  0.085	  0.000
13	  1.800	 17.142	  1.005	 -0.011	  0.000
14	  1.800	 18.409	  1.005	  0.102	  0.000
15	  1.800	 19.670	  1.005	 -0.048	  0.000
16	  1.800	 20.936	  1.005	 -0.052	  0.000
17	  1.800	 22.206	  1.005	  0.103	  0.000
18	  1.800	 23.471	  1.005	 -0.011	  0.000
19	  1.800	 24.731	  1.005	 -0.075	  0.000
20	  1.800	 26.008	  1.005	  0.074	  0.000
21	  1.800	 27.266	  1.005	  0.130	  0.000
22	  1.800	 28.532	  1.005	  0.132	  0.000
23	  1.800	 29.796	  1.005	  0.134	  0.000
24	  1.800	 31.064	  1.005	  0.123	  0.000
25	  1.800	 32.327	  1.005	  0.128	  0.000
26	  1.800	 33.597	  1.005	 -0.057	  0.000
27	  1.800	 34.863	  1.005	  0.014	  0.000
28	  1.800	 36.130	  1.005	  0.125	  0.000
29	  1.800	 37.391	  1.005	  0.130	  0.000
30	  1.800	 38.658	  1.005	 -0.017	  0.000
31	  1.800	 39.929	  1.005	  0.027	  0.000
32	  1.800	 41.191	  1.005	  0.028	  0.000
33	  1.800	 42.460	  1.005	  0.109	  0.000
34	  1.800	 43.719	  1.005	 -0.060	  0.000
35	  1.800	 44.990	  1.005	 -0.050	  0.000
36	  1.800	 46.257	  1.005	  0.060	  0.000
37	  1.800	 47.520	  1.005	  0.004	  0.000
38	  1.800	 48.787	  1.005	  0.029	  0.000
39	  1.800	 50.050	  1.005	  0.061	  0.000
40	  1.800	 51.317	  1.005	 -0.058	  0.000
41	  1.800	 52.585	  1.005	 -0.053	  0.000
42	  1.800	 53.848	  1.005	  0.101	  0.000
43	  1.800	 55.116	  1.005	  0.115	  0.000
44	  1.800	 56.383	  1.005	  0.110	  0.000
45	  1.800	 57.646	  1.005	 -0.056	  0.000
46	  1.800	 58.913	  1.005	  0.012	  0.000
47	  1.800	 60.181	  1.005	  0.099	  0.000
48	  1.800	 61.445	  1.005	  0.014	  0.000
49	  1.800	 62.713	  1.005	  0.040	  0.000
50	  1.800	 63.977	  1.005	  0.072	  0.000
51	  1.800	 65.243	  1.005	 -0.068	  0.000
52	  1.800	 66.512	  1.005	  0.032	  0.000
53	  1.800	 67.770	  1.005	 -0.060	  0.000
54	  1.800	 69.043	  1.005	  0.059	  0.000
55	  1.800	 70.300	  1.005	  0.052	  0.000
56	  1.800	 71.572	  1.005	 -0.043	  0.000
57	  1.800	 72.838	  1.005	  0.032	  0.000
58	  1.800	 74.102	  1.005	 -0.013	  0.000
59	  1.800	 75.366	  1.005	 -0.009	  0.000
60	  1.800	 76.638	  1.005	 -0.042	  0.000
61	  1.800	 77.898	  1.005	  0.071	  0.000
62	  1.800	 79.168	  1.005	 -0.004	  0.000
63	  1.800	 80.432	  1.005	 -0.008	  0.000
64	  1.800	 81.696	  1.005	 -0.046	  0.000
65	  1.800	 82.965	  1.005	  0.101	  0.000
66	  1.800	 84.230	  1.005	  0.076	  0.000
67	  1.800	 85.493	  1.005	  0.126	  0.000
68	  1.800	 86.761	  1.005	  0.117	  0.000
69	  1.800	 88.027	  1.005	  0.047	  0.000
70	  1.800	 89.293	  1.005	  0.017	  0.000
71	  1.800	 90.558	  1.005	  0.072	  0.000
72	  1.800	 91.825	  1.005	 -0.002	  0.000
73	  1.800	 93.093	  1.005	 -0.026	  0.000
74	  1.800	 94.351	  1.005	  0.016	  0.000
75	  1.800	 95.633	  1.005	 -0.002	  0.000
76	  1.800	 96.884	  1.005	 -0.020	  0.000
77	  1.800	 98.159	  1.005	  0.069	  0.000
78	  1.800	 99.416	  1.005	  0.109	  0.000
0	  1.920	  0.690	  1.005	  0.011	  0.000
1	  1.920	  1.956	  1.005	  0.009	  0.000
2	  1.920	  3.219	  1.005	  0.096	  0.000
3	  1.920	  4.488	  1.005	  0.028	  0.000
4	  1.920	  5.749	  1.005	 -0.016	  0.000
5	  1.920	  7.021	  1.005	 -0.057	  0.000
6	  1.920	  8.284	  1.005	  0.042	  0.000
7	  1.920	  9.552	  1.005	  0.087	  0.000
8	  1.920	 10.815	  1.005	 -0.073	  0.000
9	  1.920	 12.077	  1.005	  0.120	  0.000
10	  1.920	 13.348	  1.005	  0.122	  0.000
11	  1.920	 14.606	  1.005	 -0.087	  0.000
12	  1.920	 15.880	  1.005	  0.058	  0.000
13	  1.920	 17.146	  1.005	  0.135	  0.000
14	  1.920	 18.413	  1.005	  0.043	  0.000
15	  1.920	 19.673	  1.005	  0.037	  0.000
16	  1.920	 20.939	  1.005	  0.045	  0.000
17	  1.920	 22.208	  1.005	  0.076	  0.000
18	  1.920	 23.476	  1.005	 -0.059	  0.000
19	  1.920	 24.733	  1.005	  0.123	  0.000
20	  1.920	 26.012	  1.005	  0.145	  0.000
21	  1.920	 27.271	  1.005	 -0.047	  0.000
22	  1.920	 28.536	  1.005	  0.069	  0.000
23	  1.920	 29.801	  1.005	  0.007	  0.000
24	  1.920	 31.067	  1.005	  0.081	  0.000
25	  1.920	 32.331	  1.005	 -0.012	  0.000
26	  1.920	 33.601	  1.005	  0.110	  0.000
27	  1.920	 34.865	  1.005	  0.125	  0.000
28	  1.920	 36.134	  1.005	  0.101	  0.000
29	  1.920	 37.394	  1.005	 -0.020	  0.000
30	  1.920	 38.661	  1.005	  0.098	  0.000
31	  1.920	 39.930	  1.005	 -0.001	  0.000
32	  1.920	 41.194	  1.005	  0.114	  0.000
33	  1.920	 42.464	  1.005	  0.120	  0.000
34	  1.920	 43.720	  1.005	 -0.055	  0.000
35	  1.920	 44.993	  1.005	  0.117	  0.000
36	  1.920	 46.263	  1.005	  0.033	  0.000
37	  1.920	 47.521	  1.005	  0.070	  0.000
38	  1.920	 48.791	  1.005	 -0.027	  0.000
39	  1.920	 50.053	  1.005	 -0.056	  0.000
40	  1.920	 51.320	  1.005	  0.080	  0.000
41	  1.920	 52.587	  1.005	  0.109	  0.000
42	  1.920	 53.850	  1.005	 -0.026	  0.000
43	  1.920	 55.120	  1.005	  0.053	  0.000
44	  1.920	 56.387	  1.005	  0.052	  0.000
45	  1.920	 57.650	  1.005	  0.043	  0.000
46	  1.920	 58.915	  1.005	  0.136	  0.000
47	  1.920	 60.184	  1.005	  0.048	  0.000
48	  1.920	 61.447	  1.005	  0.114	  0.000
49	  1.920	 62.717	  1.005	 -0.016	  0.000
50	  1.920	 63.982	  1.005	 -0.025	  0.000
51	  1.920	 65.245	  1.005	  0.028	  0.000
52	  1.920	 66.516	  1.005	  0.043	  0.000
53	  1.920	 67.772	  1.005	 -0.080	  0.000
54	  1.920	 69.047	  1.005	  0.122	  0.000
55	  1.920	 70.304	  1.005	  0.061	  0.000
56	  1.920	 71.574	  1.005	  0.135	  0.000
57	  1.920	 72.843	  1.005	 -0.037	  0.000
58	  1.920	 74.104	  1.005	  0.120	  0.000
59	  1.920	 75.368	  1.005	  0.068	  0.000
60	  1.920	 76.641	  1.005	 -0.039	  0.000
61	  1.920	 77.901	  1.005	  0.121	  0.000
62	  1.920	 79.174	  1.005	 -0.036	  0.000
63	  1.920	 80.436	  1.005	  0.138	  0.000
64	  1.920	 81.698	  1.005	  0.028	  0.000
65	  1.920	 82.968	  1.005	  0.051	  0.000
66	  1.920	 84.235	  1.005	  0.020	  0.000
67	  1.920	 85.495	  1.005	 -0.026	  0.000
68	  1.920	 86.764	  1.005	  0.072	  0.000
69	  1.920	 88.031	  1.005	 -0.043	  0.000
70	  1.920	 89.296	  1.005	 -0.072	  0.000
71	  1.920	 90.562	  1.005	 -0.016	  0.000
72	  1.920	 91.828	  1.005	  0.123	  0.000
73	  1.920	 93.098	  1.005	 -0.039	  0.000
74	  1.920	 94.352	  1.005	 -0.061	  0.000
75	  1.920	 95.641	  1.005	 -0.018	  0.000
76	  1.920	 96.884	  1.005	  0.086	  0.000
77	  1.920	 98.163	  1.005	  0.151	  0.000
78	  1.920	 99.418	  1.005	  0.118	  0.000
0	  2.040	  0.694	  1.005	 -0.019	  0.000
1	  2.040	  1.959	  1.005	 -0.064	  0.000
2	  2.040	  3.223	  1.005	 -0.019	  0.000
3	  2.040	  4.491	  1.005	 -0.015	  0.000
4	  2.040	  5.752	  1.005	  0.053	  0.000
5	  2.040	  7.023	  1.005	  0.129	  0.000
6	  2.040	  8.287	  1.005	 -0.075	  0.000
7	  2.040	  9.557	  1.005	  0.035	  0.000
8	  2.040	 10.820	  1.005	  0.056	  0.000
9	  2.040	 12.082	  1.005	 -0.040	  0.000
10	  2.040	 13.355	  1.005	 -0.067	  0.000
11	  2.040	 14.606	  1.005	  0.086	  0.000
12	  2.040	 15.886	  1.005	  0.089	  0.000
13	  2.040	 17.150	  1.005	  0.033	  0.000
14	  2.040	 18.416	  1.005	  0.003	  0.000
15	  2.040	 19.676	  1.005	  0.117	  0.000
16	  2.040	 20.942	  1.005	 -0.069	  0.000
17	  2.040	 22.213	  1.005	  0.026	  0.000
18	  2.040	 23.479	  1.005	  0.142	  0.000
19	  2.040	 24.735	  1.005	  0.089	  0.000
20	  2.040	 26.017	  1.005	  0.037	  0.000
21	  2.040	 27.272	  1.005	 -0.003	  0.000
22	  2.040	 28.539	  1.005	  0.000	  0.000
23	  2.040	 29.802	  1.005	  0.111	  0.000
24	  2.040	 31.072	  1.005	  0.027	  0.000
25	  2.040	 32.332	  1.005	  0.063	  0.000
26	  2.040	 33.604	  1.005	  0.086	  0.000
27	  2.040	 34.869	  1.005	  0.009	  0.000
28	  2.040	 36.136	  1.005	  0.077	  0.000
29	  2.040	 37.399	  1.005	  0.047	  0.000
30	  2.040	 38.666	  1.005	  0.005	  0.000
31	  2.040	 39.937	  1.005	 -0.031	  0.000
32	  2.040	 41.197	  1.005	 -0.042	  0.000
33	  2.040	 42.472	  1.005	 -0.063	  0.000
34	  2.040	 43.721	  1.005	  0.109	  0.000
35	  2.040	 44.998	  1.005	  0.113	  0.000
36	  2.040	 46.266	  1.005	  0.020	  0.000
37	  2.040	 47.523	  1.005	  0.101	  0.000
38	  2.040	 48.796	  1.005	 -0.038	  0.000
39	  2.040	 50.057	  1.005	  0.030	  0.000
40	  2.040	 51.324	  1.005	  0.001	  0.000
41	  2.040	 52.590	  1.005	  0.044	  0.000
42	  2.040	 53.852	  1.005	  0.056	  0.000
43	  2.040	 55.124	  1.005	  0.010	  0.000
44	  2.040	 56.390	  1.005	 -0.007	  0.000
45	  2.040	 57.653	  1.005	 -0.079	  0.000
46	  2.040	 58.920	  1.005	  0.050	  0.000
47	  2.040	 60.186	  1.005	 -0.012	  0.000
48	  2.040	 61.451	  1.005	 -0.014	  0.000
49	  2.040	 62.722	  1.005	 -0.051	  0.000
50	  2.040	 63.985	  1.005	  0.110	  0.000
51	  2.040	 65.247	  1.005	  0.097	  0.000
52	  2.040	 66.521	  1.005	  0.098	  0.000
53	  2.040	 67.771	  1.005	  0.068	  0.000
54	  2.040	 69.054	  1.005	  0.009	  0.000
55	  2.040	 70.304	  1.005	  0.033	  0.000
56	  2.040	 71.580	  1.005	  0.116	  0.000
57	  2.040	 72.844	  1.005	  0.129	  0.000
58	  2.040	 74.108	  1.005	  0.004	  0.000
59	  2.040	 75.373	  1.005	 -0.074	  0.000
60	  2.040	 76.647	  1.005	 -0.018	  0.000
61	  2.040	 77.906	  1.005	 -0.063	  0.000
62	  2.040	 79.177	  1.005	 -0.044	  0.000
63	  2.040	 80.440	  1.005	  0.044	  0.000
64	  2.040	 81.702	  1.005	  0.090	  0.000
65	  2.040	 82.971	  1.005	  0.005	  0.000
66	  2.040	 84.238	  1.005	 -0.026	  0.000
67	  2.040	 85.499	  1.005	  0.024	  0.000
68	  2.040	 86.770	  1.005	  0.034	  0.000
69	  2.040	 88.034	  1.005	  0.082	  0.000
70	  2.040	 89.299	  1.005	  0.065	  0.000
71	  2.040	 90.566	  1.005	  0.112	  0.000
72	  2.040	 91.833	  1.005	  0.027	  0.000
73	  2.040	 93.103	  1.005	 -0.019	  0.000
74	  2.040	 94.355	  1.005	 -0.006	  0.000
75	  2.040	 95.651	  1.005	  0.063	  0.000
76	  2.040	 96.888	  1.005	  0.085	  0.000
77	  2.040	 98.170	  1.005	  0.066	  0.000
78	  2.040	 99.420	  1.005	  0.081	  0.000
0	  2.160	  0.700	  1.005	 -0.012	  0.000
1	  2.160	  1.963	  1.005	  0.081	  0.000
2	  2.160	  3.224	  1.005	  0.056	  0.000
3	  2.160	  4.498	  1.005	 -0.018	  0.000
4	  2.160	  5.754	  1.005	  0.066	  0.000
5	  2.160	  7.030	  1.005	  0.145	  0.000
6	  2.160	  8.290	  1.005	 -0.013	  0.000
7	  2.160	  9.560	  1.005	  0.010	  0.000
8	  2.160	 10.823	  1.005	 -0.036	  0.000
9	  2.160	 12.083	  1.005	 -0.002	  0.000
10	  2.160	 13.361	  1.005	  0.024	  0.000
11	  2.160	 14.607	  1.005	 -0.042	  0.000
12	  2.160	 15.890	  1.005	 -0.031	  0.000
13	  2.160	 17.152	  1.005	  0.132	  0.000
14	  2.160	 18.420	  1.005	 -0.047	  0.000
15	  2.160	 19.680	  1.005	 -0.025	  0.000
16	  2.160	 20.945	  1.005	  0.027	  0.000
17	  2.160	 22.215	  1.005	 -0.031	  0.000
18	  2.160	 23.487	  1.005	  0.163	  0.000
19	  2.160	 24.737	  1.005	 -0.015	  0.000
20	  2.160	 26.023	  1.005	 -0.028	  0.000
21	  2.160	 27.277	  1.005	  0.013	  0.000
22	  2.160	 28.542	  1.005	 -0.073	  0.000
23	  2.160	 29.806	  1.005	 -0.016	  0.000
24	  2.160	 31.074	  1.005	  0.001	  0.000
25	  2.160	 32.335	  1.005	  0.118	  0.000
26	  2.160	 33.608	  1.005	  0.055	  0.000
27	  2.160	 34.871	  1.005	  0.117	  0.000
28	  2.160	 36.143	  1.005	  0.046	  0.000
29	  2.160	 37.402	  1.005	  0.135	  0.000
30	  2.160	 38.666	  1.005	  0.097	  0.000
31	  2.160	 39.943	  1.005	 -0.009	  0.000
32	  2.160	 41.201	  1.005	 -0.028	  0.000
33	  2.160	 42.477	  1.005	  0.053	  0.000
34	  2.160	 43.721	  1.005	 -0.040	  0.000
35	  2.160	 45.003	  1.005	 -0.037	  0.000
36	  2.160	 46.269	  1.005	 -0.020	  0.000
37	  2.160	 47.526	  1.005	  0.109	  0.000
38	  2.160	 48.801	  1.005	 -0.024	  0.000
39	  2.160	 50.060	  1.005	  0.120	  0.000
40	  2.160	 51.325	  1.005	  0.126	  0.000
41	  2.160	 52.593	  1.005	 -0.007	  0.000
42	  2.160	 53.855	  1.005	  0.123	  0.000
43	  2.160	 55.127	  1.005	 -0.031	  0.000
44	  2.160	 56.395	  1.005	 -0.052	  0.000
45	  2.160	 57.656	  1.005	 -0.007	  0.000
46	  2.160	 58.923	  1.005	 -0.006	  0.000
47	  2.160	 60.189	  1.005	  0.135	  0.000
48	  2.160	 61.453	  1.005	  0.081	  0.000
49	  2.160	 62.723	  1.005	  0.132	  0.000
50	  2.160	 63.990	  1.005	  0.036	  0.000
51	  2.160	 65.249	  1.005	 -0.086	  0.000
52	  2.160	 66.527	  1.005	 -0.021	  0.000
53	  2.160	 67.772	  1.005	 -0.087	  0.000
54	  2.160	 69.060	  1.005	 -0.031	  0.000
55	  2.160	 70.306	  1.005	 -0.086	  0.000
56	  2.160	 71.585	  1.005	 -0.043	  0.000
57	  2.160	 72.848	  1.005	  0.036	  0.000
58	  2.160	 74.111	  1.005	  0.116	  0.000
59	  2.160	 75.374	  1.005	 -0.021	  0.000
60	  2.160	 76.652	  1.005	  0.051	  0.000
61	  2.160	 77.907	  1.005	 -0.053	  0.000
62	  2.160	 79.180	  1.005	 -0.050	  0.000
63	  2.160	 80.445	  1.005	 -0.042	  0.000
64	  2.160	 81.704	  1.005	 -0.078	  0.000
65	  2.160	 82.975	  1.005	 -0.042	  0.000
66	  2.160	 84.242	  1.005	 -0.062	  0.000
67	  2.160	 85.500	  1.005	  0.060	  0.000
68	  2.160	 86.773	  1.005	  0.018	  0.000
69	  2.160	 88.038	  1.005	 -0.009	  0.000
70	  2.160	 89.303	  1.005	 -0.047	  0.000
71	  2.160	 90.571	  1.005	  0.039	  0.000
72	  2.160	 91.835	  1.005	  0.127	  0.000
73	  2.160	 93.109	  1.005	  0.047	  0.000
74	  2.160	 94.355	  1.005	  0.004	  0.000
75	  2.160	 95.658	  1.005	 -0.012	  0.000
76	  2.160	 96.886	  1.005	 -0.006	  0.000
77	  2.160	 98.177	  1.005	  0.037	  0.000
78	  2.160	 99.423	  1.005	 -0.023	  0.000
0	  2.280	  0.705	  1.005	  0.049	  0.000
1	  2.280	  1.967	  1.005	 -0.012	  0.000
2	  2.280	  3.226	  1.005	  0.072	  0.000
3	  2.280	  4.503	  1.005	  0.056	  0.000
4	  2.280	  5.756	  1.005	  0.007	  0.000
5	  2.280	  7.036	  1.005	  0.005	  0.000
6	  2.280	  8.294	  1.005	  0.029	  0.000
7	  2.280	  9.563	  1.005	 -0.039	  0.000
8	  2.280	 10.827	  1.005	  0.127	  0.000
9	  2.280	 12.086	  1.005	 -0.004	  0.000
10	  2.280	 13.368	  1.005	 -0.040	  0.000
11	  2.280	 14.610	  1.005	 -0.037	  0.000
12	  2.280	 15.895	  1.005	  0.095	  0.000
13	  2.280	 17.156	  1.005	 -0.008	  0.000
14	  2.280	 18.422	  1.005	  0.136	  0.000
15	  2.280	 19.683	  1.005	  0.066	  0.000
16	  2.280	 20.948	  1.005	  0.121	  0.000
17	  2.280	 22.217	  1.005	  0.090	  0.000
18	  2.280	 23.494	  1.005	  0.027	  0.000
19	  2.280	 24.736	  1.005	  0.026	  0.000
20	  2.280	 26.028	  1.005	 -0.038	  0.000
21	  2.280	 27.279	  1.005	 -0.005	  0.000
22	  2.280	 28.545	  1.005	  0.080	  0.000
23	  2.280	 29.809	  1.005	  0.086	  0.000
24	  2.280	 31.078	  1.005	 -0.050	  0.000
25	  2.280	 32.340	  1.005	 -0.050	  0.000
26	  2.280	 33.615	  1.005	  0.057	  0.000
27	  2.280	 34.875	  1.005	 -0.036	  0.000
28	  2.280	 36.149	  1.005	  0.061	  0.000
29	  2.280	 37.405	  1.005	 -0.027	  0.000
30	  2.280	 38.669	  1.005	 -0.064	  0.000
31	  2.280	 39.948	  1.005	  0.073	  0.000
32	  2.280	 41.204	  1.005	 -0.070	  0.000
33	  2.280	 42.484	  1.005	  0.003	  0.000
34	  2.280	 43.724	  1.005	 -0.047	  0.000
35	  2.280	 45.009	  1.005	  0.045	  0.000
36	  2.280	 46.274	  1.005	 -0.047	  0.000
37	  2.280	 47.528	  1.005	  0.075	  0.000
38	  2.280	 48.807	  1.005	  0.032	  0.000
39	  2.280	 50.065	  1.005	 -0.048	  0.000
40	  2.280	 51.330	  1.005	  0.022	  0.000
41	  2.280	 52.598	  1.005	 -0.057	  0.000
42	  2.280	 53.857	  1.005	 -0.038	  0.000
43	  2.280	 55.130	  1.005	 -0.058	  0.000
44	  2.280	 56.398	  1.005	  0.125	  0.000
45	  2.280	 57.658	  1.005	  0.071	  0.000
46	  2.280	 58.927	  1.005	 -0.068	  0.000
47	  2.280	 60.193	  1.005	  0.072	  0.000
48	  2.280	 61.458	  1.005	 -0.054	  0.000
49	  2.280	 62.727	  1.005	  0.095	  0.000
50	  2.280	 63.992	  1.005	 -0.013	  0.000
51	  2.280	 65.250	  1.005	  0.100	  0.000
52	  2.280	 66.533	  1.005	 -0.050	  0.000
53	  2.280	 67.769	  1.005	  0.079	  0.000
54	  2.280	 69.067	  1.005	  0.046	  0.000
55	  2.280	 70.304	  1.005	 -0.082	  0.000
56	  2.280	 71.591	  1.005	  0.060	  0.000
57	  2.280	 72.851	  1.005	 -0.084	  0.000
58	  2.280	 74.115	  1.005	  0.017	  0.000
59	  2.280	 75.376	  1.005	 -0.005	  0.000
60	  2.280	 76.658	  1.005	 -0.046	  0.000
61	  2.280	 77.909	  1.005	  0.124	  0.000
62	  2.280	 79.183	  1.005	 -0.048	  0.000
63	  2.280	 80.447	  1.005	  0.148	  0.000
64	  2.280	 81.705	  1.005	 -0.072	  0.000
65	  2.280	 82.978	  1.005	 -0.054	  0.000
66	  2.280	 84.246	  1.005	  0.133	  0.000
67	  2.280	 85.503	  1.005	  0.072	  0.000
68	  2.280	 86.775	  1.005	  0.009	  0.000
69	  2.280	 88.041	  1.005	 -0.078	  0.000
70	  2.280	 89.306	  1.005	  0.046	  0.000
71	  2.280	 90.575	  1.005	 -0.015	  0.000
72	  2.280	 91.838	  1.005	 -0.012	  0.000
73	  2.280	 93.113	  1.005	  0.177	  0.000
74	  2.280	 94.355	  1.005	 -0.109	  0.000
75	  2.280	 95.671	  1.005	  0.042	  0.000
76	  2.280	 96.885	  1.005	 -0.036	  0.000
77	  2.280	 98.184	  1.005	  0.121	  0.000
78	  2.280	 99.422	  1.005	  0.028	  0.000
0	  2.400	  0.711	  1.005	 -0.003	  0.000
1	  2.400	  1.971	  1.005	  0.121	  0.000
2	  2.400	  3.229	  1.005	  0.059	  0.000
3	  2.400	  4.510	  1.005	 -0.042	  0.000
4	  2.400	  5.757	  1.005	  0.096	  0.000
5	  2.400	  7.041	  1.005	  0.128	  0.000
6	  2.400	  8.296	  1.005	  0.063	  0.000
7	  2.400	  9.564	  1.005	  0.129	  0.000
8	  2.400	 10.830	  1.005	  0.081	  0.000
9	  2.400	 12.089	  1.005	 -0.044	  0.000
10	  2.400	 13.373	  1.005	 -0.046	  0.000
11	  2.400	 14.611	  1.005	 -0.083	  0.000
12	  2.400	 15.902	  1.005	  0.042	  0.000
13	  2.400	 17.158	  1.005	  0.063	  0.000
14	  2.400	 18.426	  1.005	  0.095	  0.000
15	  2.400	 19.687	  1.005	 -0.084	  0.000
16	  2.400	 20.951	  1.005	  0.001	  0.000
17	  2.400	 22.220	  1.005	 -0.016	  0.000
18	  2.400	 23.501	  1.005	 -0.016	  0.000
19	  2.400	 24.735	  1.005	 -0.090	  0.000
20	  2.400	 26.034	  1.005	  0.032	  0.000
21	  2.400	 27.282	  1.005	 -0.050	  0.000
22	  2.400	 28.551	  1.005	  0.025	  0.000
23	  2.400	 29.812	  1.005	 -0.056	  0.000
24	  2.400	 31.081	  1.005	  0.132	  0.000
25	  2.400	 32.344	  1.005	 -0.004	  0.000
26	  2.400	 33.620	  1.005	  0.118	  0.000
27	  2.400	 34.876	  1.005	 -0.048	  0.000
28	  2.400	 36.154	  1.005	  0.148	  0.000
29	  2.400	 37.407	  1.005	 -0.002	  0.000
30	  2.400	 38.671	  1.005	 -0.030	  0.000
31	  2.400	 39.953	  1.005	 -0.015	  0.000
32	  2.400	 41.203	  1.005	  0.054	  0.000
33	  2.400	 42.492	  1.005	  0.015	  0.000
34	  2.400	 43.722	  1.005	 -0.131	  0.000
35	  2.400	 45.014	  1.005	 -0.024	  0.000
36	  2.400	 46.277	  1.005	 -0.075	  0.000
37	  2.400	 47.531	  1.005	 -0.008	  0.000
38	  2.400	 48.811	  1.005	  0.139	  0.000
39	  2.400	 50.066	  1.005	 -0.010	  0.000
40	  2.400	 51.334	  1.005	 -0.060	  0.000
41	  2.400	 52.600	  1.005	  0.127	  0.000
42	  2.400	 53.860	  1.005	 -0.007	  0.000
43	  2.400	 55.132	  1.005	  0.115	  0.000
44	  2.400	 56.403	  1.005	  0.115	  0.000
45	  2.400	 57.662	  1.005	  0.119	  0.000
46	  2.400	 58.931	  1.005	  0.098	  0.000
47	  2.400	 60.197	  1.005	 -0.003	  0.000
48	  2.400	 61.462	  1.005	  0.036	  0.000
49	  2.400	 62.730	  1.005	  0.047	  0.000
50	  2.400	 63.996	  1.005	 -0.054	  0.000
51	  2.400	 65.251	  1.005	  0.031	  0.000
52	  2.400	 66.540	  1.005	  0.004	  0.000
53	  2.400	 67.767	  1.005	 -0.119	  0.000
54	  2.400	 69.074	  1.005	  0.008	  0.000
55	  2.400	 70.301	  1.005	  0.019	  0.000
56	  2.400	 71.598	  1.005	  0.049	  0.000
57	  2.400	 72.853	  1.005	 -0.021	  0.000
58	  2.400	 74.120	  1.005	 -0.052	  0.000
59	  2.400	 75.378	  1.005	 -0.028	  0.000
60	  2.400	 76.664	  1.005	  0.139	  0.000
61	  2.400	 77.911	  1.005	  0.032	  0.000
62	  2.400	 79.186	  1.005	 -0.050	  0.000
63	  2.400	 80.454	  1.005	  0.130	  0.000
64	  2.400	 81.708	  1.005	 -0.093	  0.000
65	  2.400	 82.980	  1.005	  0.110	  0.000
66	  2.400	 84.254	  1.005	 -0.064	  0.000
67	  2.400	 85.505	  1.005	  0.047	  0.000
68	  2.400	 86.779	  1.005	 -0.015	  0.000
69	  2.400	 88.044	  1.005	  0.077	  0.000
70	  2.400	 89.309	  1.005	 -0.079	  0.000
71	  2.400	 90.580	  1.005	 -0.044	  0.000
72	  2.400	 91.842	  1.005	  0.020	  0.000
73	  2.400	 93.121	  1.005	  0.157	  0.000
74	  2.400	 94.352	  1.005	  0.050	  0.000
75	  2.400	 95.681	  1.005	 -0.003	  0.000
76	  2.400	 96.882	  1.005	 -0.040	  0.000
77	  2.400	 98.195	  1.005	  0.119	  0.000
78	  2.400	 99.420	  1.005	 -0.116	  0.000
0	  2.520	  0.717	  1.005	  0.016	  0.000
1	  2.520	  1.975	  1.005	  0.006	  0.000
2	  2.520	  3.233	  1.005	  0.012	  0.000
3	  2.520	  4.514	  1.005	  0.141	  0.000
4	  2.520	  5.759	  1.005	 -0.096	  0.000
5	  2.520	  7.048	  1.005	  0.085	  0.000
6	  2.520	  8.297	  1.005	  0.041	  0.000
7	  2.520	  9.568	  1.005	  0.084	  0.000
8	  2.520	 10.837	  1.005	  0.047	  0.000
9	  2.520	 12.090	  1.005	  0.080	  0.000
10	  2.520	 13.381	  1.005	  0.025	  0.000
11	  2.520	 14.607	  1.005	 -0.020	  0.000
12	  2.520	 15.910	  1.005	  0.092	  0.000
13	  2.520	 17.160	  1.005	  0.063	  0.000
14	  2.520	 18.429	  1.005	  0.063	  0.000
15	  2.520	 19.690	  1.005	  0.005	  0.000
16	  2.520	 20.953	  1.005	  0.092	  0.000
17	  2.520	 22.223	  1.005	  0.052	  0.000
18	  2.520	 23.511	  1.005	  0.058	  0.000
19	  2.520	 24.732	  1.005	 -0.145	  0.000
20	  2.520	 26.042	  1.005	 -0.015	  0.000
21	  2.520	 27.282	  1.005	  0.090	  0.000
22	  2.520	 28.552	  1.005	 -0.003	  0.000
23	  2.520	 29.816	  1.005	  0.005	  0.000
24	  2.520	 31.086	  1.005	  0.110	  0.000
25	  2.520	 32.349	  1.005	  0.027	  0.000
26	  2.520	 33.625	  1.005	 -0.018	  0.000
27	  2.520	 34.876	  1.005	  0.093	  0.000
28	  2.520	 36.161	  1.005	  0.068	  0.000
29	  2.520	 37.410	  1.005	 -0.001	  0.000
30	  2.520	 38.672	  1.005	 -0.035	  0.000
31	  2.520	 39.959	  1.005	 -0.037	  0.000
32	  2.520	 41.204	  1.005	  0.059	  0.000
33	  2.520	 42.499	  1.005	  0.199	  0.000
34	  2.520	 43.719	  1.005	 -0.159	  0.000
35	  2.520	 45.020	  1.005	 -0.005	  0.000
36	  2.520	 46.282	  1.005	  0.123	  0.000
37	  2.520	 47.533	  1.005	  0.101	  0.000
38	  2.520	 48.818	  1.005	  0.075	  0.000
39	  2.520	 50.068	  1.005	 -0.026	  0.000
40	  2.520	 51.336	  1.005	  0.085	  0.000
41	  2.520	 52.604	  1.005	  0.096	  0.000
42	  2.520	 53.864	  1.005	  0.013	  0.000
43	  2.520	 55.136	  1.005	  0.076	  0.000
44	  2.520	 56.408	  1.005	  0.124	  0.000
45	  2.520	 57.665	  1.005	 -0.078	  0.000
46	  2.520	 58.936	  1.005	  0.046	  0.000
47	  2.520	 60.202	  1.005	 -0.067	  0.000
48	  2.520	 61.463	  1.005	  0.120	  0.000
49	  2.520	 62.733	  1.005	  0.001	  0.000
50	  2.520	 63.998	  1.005	 -0.073	  0.000
51	  2.520	 65.254	  1.005	 -0.094	  0.000
52	  2.520	 66.546	  1.005	  0.198	  0.000
53	  2.520	 67.763	  1.005	 -0.009	  0.000
54	  2.520	 69.084	  1.005	  0.106	  0.000
55	  2.520	 70.296	  1.005	 -0.070	  0.000
56	  2.520	 71.603	  1.005	  0.146	  0.000
57	  2.520	 72.855	  1.005	 -0.012	  0.000
58	  2.520	 74.123	  1.005	  0.139	  0.000
59	  2.520	 75.380	  1.005	  0.102	  0.000
60	  2.520	 76.672	  1.005	  0.178	  0.000
61	  2.520	 77.912	  1.005	  0.103	  0.000
62	  2.520	 79.188	  1.005	 -0.056	  0.000
63	  2.520	 80.462	  1.005	 -0.054	  0.000
64	  2.520	 81.708	  1.005	  0.060	  0.000
65	  2.520	 82.983	  1.005	  0.075	  0.000
66	  2.520	 84.260	  1.005	  0.013	  0.000
67	  2.520	 85.507	  1.005	 -0.051	  0.000
68	  2.520	 86.787	  1.005	  0.009	  0.000
69	  2.520	 88.048	  1.005	 -0.018	  0.000
70	  2.520	 89.311	  1.005	 -0.008	  0.000
71	  2.520	 90.583	  1.005	 -0.048	  0.000
72	  2.520	 91.844	  1.005	  0.014	  0.000
73	  2.520	 93.130	  1.005	 -0.036	  0.000
74	  2.520	 94.350	  1.005	 -0.005	  0.000
75	  2.520	 95.809	  1.005	  6.041	  0.000
76	  2.520	 96.796	  1.005	 -5.307	  0.000
77	  2.520	 98.207	  1.005	  0.089	  0.000
78	  2.520	 99.417	  1.005	  0.069	  0.000
0	  2.640	  0.855	  1.005	 11.594	  0.000
1	  2.640	  1.575	  1.005	119403.502	  0.000
2	  2.640	  3.234	  1.005	  0.028	  0.000
3	  2.640	  4.521	  1.005	  0.171	  0.000
4	  2.640	  5.757	  1.005	2115.416	  0.000
5	  2.640	  7.056	  1.005	 -5.522	  0.000
6	  2.640	  8.298	  1.005	  2.710	  0.000
7	  2.640	  9.572	  1.005	-32473.779	  0.000
8	  2.640	 10.844	  1.005	  0.079	  0.000
9	  2.640	 12.093	  1.005	 -0.092	  0.000
10	  2.640	 13.391	  1.005	 -0.028	  0.000
11	  2.640	 14.605	  1.005	 -0.169	  0.000
12	  2.640	 15.917	  1.005	  0.044	  0.000
13	  2.640	 17.163	  1.005	 -0.013	  0.000
14	  2.640	 18.437	  1.005	  0.068	  0.000
15	  2.640	 19.691	  1.005	  0.070	  0.000
16	  2.640	 20.956	  1.005	 -0.027	  0.000
17	  2.640	 22.225	  1.005	  0.082	  0.000
18	  2.640	 23.519	  1.005	  1.473	  0.000
19	  2.640	 24.727	  1.005	-217200.568	  0.000
20	  2.640	 26.052	  1.005	  0.047	  0.000
21	  2.640	 39.125	  1.005	573.651	  0.000
22	  2.640	 28.411	  1.005	 -6.976	  0.000
23	  2.640	 29.817	  1.005	  0.053	  0.000
24	  2.640	 31.090	  1.005	  0.116	  0.000
25	  2.640	 32.350	  1.005	 13.095	  0.000
26	  2.640	 33.629	  1.005	-12.438	  0.000
27	  2.640	 34.877	  1.005	  9.590	  0.000
28	  2.640	 36.168	  1.005	-91.056	  0.000
29	  2.640	 37.413	  1.005	 -0.021	  0.000
30	  2.640	 38.675	  1.005	  0.891	  0.000
31	  2.640	 39.967	  1.005	-116477.609	  0.000
32	  2.640	 41.202	  1.005	 -0.079	  0.000
33	  2.640	 42.510	  1.005	 -0.021	  0.000
34	  2.640	 43.753	  1.005	  1.681	  0.000
35	  2.640	-1228.420	  1.005	-61786.096	  0.000
36	  2.640	 46.287	  1.005	  0.187	  0.000
37	  2.640	 47.533	  1.005	 -0.064	  0.000
38	  2.640	 48.823	  1.005	  0.079	  0.000
39	  2.640	 50.070	  1.005	229.050	  0.000
40	  2.640	 51.341	  1.005	-393.459	  0.000
41	  2.640	 52.607	  1.005	  0.066	  0.000
42	  2.640	 54.020	  1.005	  7.507	  0.000
43	  2.640	 46.405	  1.005	-38.209	  0.000
44	  2.640	 56.414	  1.005	  0.054	  0.000
45	  2.640	190.234	  1.005	6444.227	  0.000
46	  2.640	 58.603	  1.005	-16.229	  0.000
47	  2.640	 60.206	  1.005	  0.093	  0.000
48	  2.640	 61.468	  1.005	 -0.021	  0.000
49	  2.640	 62.737	  1.005	 -0.052	  0.000
50	  2.640	 64.077	  1.005	  7.158	  0.000
51	  2.640	 65.152	  1.005	 -9.540	  0.000
52	  2.640	 66.556	  1.005	  0.259	  0.000
53	  2.640	 67.759	  1.005	 -0.098	  0.000
54	  2.640	 69.098	  1.005	  0.350	  0.000
55	  2.640	 70.287	  1.005	 -0.106	  0.000
56	  2.640	 71.610	  1.005	  0.167	  0.000
57	  2.640	 72.857	  1.005	 -0.082	  0.000
58	  2.640	 74.130	  1.005	  0.160	  0.000
59	  2.640	 75.381	  1.005	 -0.051	  0.000
60	  2.640	 76.682	  1.005	  0.072	  0.000
61	  2.640	 77.918	  1.005	  0.128	  0.000
62	  2.640	 79.190	  1.005	  0.087	  0.000
63	  2.640	 80.467	  1.005	  0.079	  0.000
64	  2.640	 81.711	  1.005	 -0.087	  0.000
65	  2.640	 85.434	  1.005	239.704	  0.000
66	  2.640	-1683.994	  1.005	-173289.153	  0.000
67	  2.640	 85.511	  1.005	  0.007	  0.000
68	  2.640	 86.790	  1.005	  0.098	  0.000
69	  2.640	 88.051	  1.005	  0.089	  0.000
70	  2.640	 89.313	  1.005	 -0.032	  0.000
71	  2.640	-806.769	  1.005	-87950.388	  0.000
72	  2.640	 91.660	  1.005	-11.066	  0.000
73	  2.640	 93.315	  1.005	  4.243	  0.000
74	  2.640	-539.751	  1.005	-14283.234	  0.000
75	  2.640	616.514	  1.005	10514.594	  0.000
76	  2.640	292.615	  1.005	5189.027	  0.000
77	  2.640	279.598	  1.005	3547.092	  0.000
78	  2.640	 99.177	  1.005	 -5.553	  0.000
0	  2.760	-10601.799	  1.005	-75884.420	  0.000
1	  2.760	910.539	  1.005	-448444.270	  0.000
2	  2.760	-42988.399	  1.005	134083.607	  0.000
3	  2.760	29376.069	  1.005	359705.204	  0.000
4	  2.760	16013.679	  1.005	-104404.175	  0.000
5	  2.760	  0.460	  1.005	-145.698	  0.000
6	  2.760	-1579.248	  1.005	-17683.887	  0.000
7	  2.760	17888.333	  1.005	624338.471	  0.000
8	  2.760	4135.881	  1.005	67942.370	  0.000
9	  2.760	946.283	  1.005	29908.179	  0.000
10	  2.760	8260.465	  1.005	841030.031	  0.000
11	  2.760	-12535.580	  1.005	-117877.187	  0.000
12	  2.760	-9928.272	  1.005	-155115.960	  0.000
13	  2.760	1486.656	  1.005	-18321.838	  0.000
14	  2.760	 22.351	  1.005	 74.213	  0.000
15	  2.760	2936.094	  1.005	67032.714	  0.000
16	  2.760	45345.092	  1.005	-285409.388	  0.000
17	  2.760	22550.964	  1.005	295956.152	  0.000
18	  2.760	-30100.750	  1.005	-395599.754	  0.000
19	  2.760	-23087.798	  1.005	-166020.513	  0.000
20	  2.760	 25.826	  1.005	-15382.700	  0.000
21	  2.760	-10925.320	  1.005	61706.303	  0.000
22	  2.760	-2447.259	  1.005	-115239.342	  0.000
23	  2.760	-499.012	  1.005	-67035.468	  0.000
24	  2.760	-111.407	  1.005	-14461.876	  0.000
25	  2.760	-697.729	  1.005	-779.667	  0.000
26	  2.760	-7738.083	  1.005	-448344.935	  0.000
27	  2.760	-9355.913	  1.005	-455406.100	  0.000
28	  2.760	-13676.474	  1.005	-153723.262	  0.000
29	  2.760	-444.042	  1.005	8258.540	  0.000
30	  2.760	-1056.419	  1.005	-20127.715	  0.000
31	  2.760	3888.695	  1.005	-361174.319	  0.000
32	  2.760	-263.318	  1.005	-9827.020	  0.000
33	  2.760	5466.621	  1.005	387382.908	  0.000
34	  2.760	29818.964	  1.005	473962.159	  0.000
35	  2.760	45727.595	  1.005	375090.449	  0.000
36	  2.760	18748.643	  1.005	342103.112	  0.000
37	  2.760	-16307.948	  1.005	50064.606	  0.000
38	  2.760	 -9.536	  1.005	-6105.756	  0.000
39	  2.760	29971.787	  1.005	302469.539	  0.000
40	  2.760	15487.593	  1.005	132940.847	  0.000
41	  2.760	10901.769	  1.005	24366.064	  0.000
42	  2.760	-207.164	  1.005	-1012.484	  0.000
43	  2.760	-57930.743	  1.005	-1401213.984	  0.000
44	  2.760	-3640.949	  1.005	5647.090	  0.000
45	  2.760	-1884.073	  1.005	-33259.085	  0.000
46	  2.760	3625.626	  1.005	173119.684	  0.000
47	  2.760	13826.477	  1.005	304863.515	  0.000
48	  2.760	 63.349	  1.005	69411.168	  0.000
49	  2.760	1388.063	  1.005	94130.875	  0.000
50	  2.760	-2186.216	  1.005	-29667.244	  0.000
51	  2.760	2177.418	  1.005	26411.828	  0.000
52	  2.760	173.349	  1.005	3052.933	  0.000
53	  2.760	-89.964	  1.005	-2413.648	  0.000
54	  2.760	-2898.135	  1.005	-38997.622	  0.000
55	  2.760	-11859.206	  1.005	-96525.165	  0.000
56	  2.760	-9758.010	  1.005	11258.905	  0.000
57	  2.760	-2952.343	  1.005	-239861.786	  0.000
58	  2.760	3493.448	  1.005	54674.313	  0.000
59	  2.760	-4171.161	  1.005	-1584.548	  0.000
60	  2.760	125.803	  1.005	-150546.902	  0.000
61	  2.760	3110.892	  1.005	-205517.444	  0.000
62	  2.760	-992.006	  1.005	-52145.337	  0.000
63	  2.760	2873.032	  1.005	67495.675	  0.000
64	  2.760	10335.237	  1.005	-516209.751	  0.000
65	  2.760	140.422	  1.005	1954.902	  0.000
66	  2.760	2306.725	  1.005	-20819.551	  0.000
67	  2.760	-28380.986	  1.005	-29556.264	  0.000
68	  2.760	-23573.864	  1.005	-107091.478	  0.000
69	  2.760	6159.338	  1.005	28183.127	  0.000
70	  2.760	-505.578	  1.005	730372.719	  0.000
71	  2.760	7471.318	  1.005	135547.589	  0.000
72	  2.760	-13889.074	  1.005	-320113.256	  0.000
73	  2.760	-7833.584	  1.005	39688.387	  0.000
74	  2.760	-1698.846	  1.005	-5163.282	  0.000
75	  2.760	1184.533	  1.005	-22687.295	  0.000
76	  2.760	760.785	  1.005	2613.180	  0.000
77	  2.760	-5021.305	  1.005	-116177.277	  0.000
78	  2.760	-11230.214	  1.005	94598.199	  0.000
0	  2.880	-17888.133	  1.005	-442605.453	  0.000
1	  2.880	-14829.610	  1.005	412315.516	  0.000
2	  2.880	-51347.620	  1.005	-420371.401	  0.000
3	  2.880	66572.762	  1.005	246213.273	  0.000
4	  2.880	6974.213	  1.005	-471796.797	  0.000
5	  2.880	1225.457	  1.005	173130.617	  0.000
6	  2.880	16783.513	  1.005	213393.950	  0.000
7	  2.880	64818.593	  1.005	457223.694	  0.000
8	  2.880	-4227.394	  1.005	-303481.461	  0.000
9	  2.880	3480.187	  1.005	-20552.787	  0.000
10	  2.880	92121.974	  1.005	577836.053	  0.000
11	  2.880	-13428.376	  1.005	30020.036	  0.000
12	  2.880	-28618.822	  1.005	-119272.429	  0.000
13	  2.880	19905.573	  1.005	169332.845	  0.000
14	  2.880	-1161.398	  1.005	-13245.237	  0.000
15	  2.880	-17639.056	  1.005	-7465.129	  0.000
16	  2.880	28066.354	  1.005	-17176.360	  0.000
17	  2.880	44997.305	  1.005	108400.971	  0.000
18	  2.880	-35691.666	  1.005	259454.085	  0.000
19	  2.880	-33307.222	  1.005	-2027.446	  0.000
20	  2.880	32777.628	  1.005	-278779.218	  0.000
21	  2.880	-18129.276	  1.005	-22399.490	  0.000
22	  2.880	-3431.003	  1.005	155781.681	  0.000
23	  2.880	-1140.379	  1.005	128088.290	  0.000
24	  2.880	-13418.839	  1.005	-133633.529	  0.000
25	  2.880	263.993	  1.005	81745.468	  0.000
26	  2.880	-7851.892	  1.005	360477.265	  0.000
27	  2.880	-55185.209	  1.005	-54788.124	  0.000
28	  2.880	-20344.461	  1.005	-9065.431	  0.000
29	  2.880	-11602.158	  1.005	-68839.845	  0.000
30	  2.880	5038.890	  1.005	99861.136	  0.000
31	  2.880	-25120.664	  1.005	-179868.804	  0.000
32	  2.880	4922.984	  1.005	791027.786	  0.000
33	  2.880	24290.214	  1.005	-180772.590	  0.000
34	  2.880	80839.731	  1.005	372025.079	  0.000
35	  2.880	35974.890	  1.005	-135979.044	  0.000
36	  2.880	17153.239	  1.005	28108.617	  0.000
37	  2.880	-22153.095	  1.005	-169543.458	  0.000
38	  2.880	28540.043	  1.005	103297.902	  0.000
39	  2.880	25871.899	  1.005	-537220.006	  0.000
40	  2.880	4285.102	  1.005	-80124.340	  0.000
41	  2.880	-7878.121	  1.005	-96884.854	  0.000
42	  2.880	-151.689	  1.005	1953.014	  0.000
43	  2.880	-185065.053	  1.005	-721169.530	  0.000
44	  2.880	41744.819	  1.005	298387.275	  0.000
45	  2.880	-6961.122	  1.005	-130671.608	  0.000
46	  2.880	14701.488	  1.005	-39134.685	  0.000
47	  2.880	44927.791	  1.005	59893.944	  0.000
48	  2.880	-16887.078	  1.005	-392503.319	  0.000
49	  2.880	-27046.214	  1.005	-314254.439	  0.000
50	  2.880	-10010.583	  1.005	-646227.963	  0.000
51	  2.880	13668.755	  1.005	248248.138	  0.000
52	  2.880	8787.908	  1.005	-595.478	  0.000
53	  2.880	-1544.791	  1.005	5697.417	  0.000
54	  2.880	-5224.440	  1.005	-5381.606	  0.000
55	  2.880	2248.744	  1.005	145124.657	  0.000
56	  2.880	-11255.953	  1.005	-70962.019	  0.000
57	  2.880	-21829.635	  1.005	-108819.141	  0.000
58	  2.880	7972.292	  1.005	-148997.187	  0.000
59	  2.880	-3941.448	  1.005	4839.185	  0.000
60	  2.880	27228.061	  1.005	-229943.237	  0.000
61	  2.880	-8821.551	  1.005	-284843.200	  0.000
62	  2.880	20434.534	  1.005	1168152.921	  0.000
63	  2.880	739.764	  1.005	-35976.567	  0.000
64	  2.880	-44704.712	  1.005	-391711.106	  0.000
65	  2.880	-5232.366	  1.005	-536768.358	  0.000
66	  2.880	3962.742	  1.005	100747.631	  0.000
67	  2.880	-29941.858	  1.005	-22974.424	  0.000
68	  2.880	-28791.877	  1.005	58843.649	  0.000
69	  2.880	7988.238	  1.005	106218.644	  0.000
70	  2.880	52344.570	  1.005	242426.103	  0.000
71	  2.880	18821.686	  1.005	7002.599	  0.000
72	  2.880	-47991.035	  1.005	-230085.790	  0.000
73	  2.880	-8168.379	  1.005	417544.800	  0.000
74	  2.880	-1913.872	  1.005	954.890	  0.000
75	  2.880	4443.358	  1.005	527109.064	  0.000
76	  2.880	-1156.708	  1.005	-21649.582	  0.000
77	  2.880	-9410.458	  1.005	-306334.222	  0.000
78	  2.880	-1723.096	  1.005	288528.313	  0.000
0	  3.000	-31606.798	  1.005	199759.647	  0.000
1	  3.000	-17004.334	  1.005	738502.551	  0.000
2	  3.000	-96324.160	  1.005	-326282.472	  0.000
3	  3.000	74987.886	  1.005	-7710.549	  0.000
4	  3.000	-24059.505	  1.005	-12913.478	  0.000
5	  3.000	342.125	  1.005	-156310.434	  0.000
6	  3.000	32828.625	  1.005	41113.135	  0.000
7	  3.000	92748.449	  1.005	-240278.410	  0.000
8	  3.000	7734.206	  1.005	-27194.268	  0.000
9	  3.000	2201.328	  1.005	-95450.977	  0.000
10	  3.000	108812.433	  1.005	67178.988	  0.000
11	  3.000	-10948.188	  1.005	12232.185	  0.000
12	  3.000	-32441.560	  1.005	144795.501	  0.000
13	  3.000	31505.299	  1.005	-13165.110	  0.000
14	  3.000	-268.730	  1.005	-29139.507	  0.000
15	  3.000	-17430.412	  1.005	141545.768	  0.000
16	  3.000	27970.454	  1.005	-24583.088	  0.000
17	  3.000	50156.798	  1.005	16706.090	  0.000
18	  3.000	-57589.221	  1.005	-419830.451	  0.000
19	  3.000	-28581.830	  1.005	237046.280	  0.000
20	  3.000	18031.381	  1.005	-666429.542	  0.000
21	  3.000	-17237.676	  1.005	-80700.852	  0.000
22	  3.000	-66469.735	  1.005	-289496.781	  0.000
23	  3.000	-13204.793	  1.005	-504755.408	  0.000
24	  3.000	37338.212	  1.005	300592.446	  0.000
25	  3.000	20132.236	  1.005	96681.489	  0.000
26	  3.000	-29170.669	  1.005	-399688.455	  0.000
27	  3.000	-9410.203	  1.005	758647.598	  0.000
28	  3.000	8715.917	  1.005	-361618.085	  0.000
29	  3.000	-31875.693	  1.005	-222838.871	  0.000
30	  3.000	-42639.277	  1.005	-315288.529	  0.000
31	  3.000	-33818.692	  1.005	-577.298	  0.000
32	  3.000	89535.539	  1.005	560553.018	  0.000
33	  3.000	20018.025	  1.005	-62979.962	  0.000
34	  3.000	116338.830	  1.005	783908.521	  0.000
35	  3.000	18499.269	  1.005	139810.776	  0.000
36	  3.000	29259.300	  1.005	401091.052	  0.000
37	  3.000	-12720.528	  1.005	264623.103	  0.000
38	  3.000	10043.613	  1.005	-446136.682	  0.000
39	  3.000	-26155.308	  1.005	-370044.213	  0.000
40	  3.000	652.770	  1.005	-5261.549	  0.000
41	  3.000	-5098.613	  1.005	-341980.283	  0.000
42	  3.000	2556.816	  1.005	473644.832	  0.000
43	  3.000	-240063.525	  1.005	-223294.592	  0.000
44	  3.000	34368.166	  1.005	-112202.618	  0.000
45	  3.000	25937.438	  1.005	84718.703	  0.000
46	  3.000	29099.773	  1.005	393555.474	  0.000
47	  3.000	8968.568	  1.005	-435093.276	  0.000
48	  3.000	-51874.797	  1.005	112884.287	  0.000
49	  3.000	-29686.001	  1.005	-524.760	  0.000
50	  3.000	-61285.181	  1.005	-290294.884	  0.000
51	  3.000	21319.246	  1.005	-234645.355	  0.000
52	  3.000	9114.818	  1.005	13493.640	  0.000
53	  3.000	-12307.202	  1.005	-532009.465	  0.000
54	  3.000	-6678.717	  1.005	-4645.204	  0.000
55	  3.000	10618.030	  1.005	11423.440	  0.000
56	  3.000	-9784.487	  1.005	747759.799	  0.000
57	  3.000	7580.868	  1.005	-232161.410	  0.000
58	  3.000	56926.344	  1.005	591332.165	  0.000
59	  3.000	-50096.376	  1.005	-737962.107	  0.000
60	  3.000	28962.344	  1.005	33906.227	  0.000
61	  3.000	-25186.744	  1.005	56591.504	  0.000
62	  3.000	122553.617	  1.005	306574.339	  0.000
63	  3.000	-11072.866	  1.005	-281088.355	  0.000
64	  3.000	-51078.344	  1.005	736152.525	  0.000
65	  3.000	-16758.884	  1.005	-46257.203	  0.000
66	  3.000	-21735.600	  1.005	-608113.713	  0.000
67	  3.000	-50373.415	  1.005	-156032.897	  0.000
68	  3.000	-42574.569	  1.005	122557.473	  0.000
69	  3.000	37578.536	  1.005	-193125.282	  0.000
70	  3.000	78316.865	  1.005	189017.401	  0.000
71	  3.000	19559.871	  1.005	4476.277	  0.000
72	  3.000	-67713.354	  1.005	-100894.662	  0.000
73	  3.000	19856.402	  1.005	175171.216	  0.000
74	  3.000	-3297.070	  1.005	-13570.652	  0.000
75	  3.000	24861.028	  1.005	118461.166	  0.000
76	  3.000	-26754.053	  1.005	-690417.212	  0.000
77	  3.000	-19577.149	  1.005	-302470.366	  0.000
78	  3.000	23009.540	  1.005	142454.392	  0.000
