# id	 time	 x	 y	 vx	 vy
0	  0.000	  6.250	  1.000	  0.010	  0.010
1	  0.000	 18.750	  1.000	  0.010	  0.010
2	  0.000	 31.250	  1.000	  0.010	  0.010
3	  0.000	 43.750	  1.000	  0.010	  0.010
4	  0.000	 56.250	  1.000	  0.010	  0.010
5	  0.000	 68.750	  1.000	  0.010	  0.010
6	  0.000	 81.250	  1.000	  0.010	  0.010
7	  0.000	 93.750	  1.000	  0.010	  0.010
0	  0.120	  6.270	  1.001	  0.331	  0.008
1	  0.120	 18.770	  1.001	  0.331	  0.008
2	  0.120	 31.270	  1.001	  0.331	  0.008
3	  0.120	 43.770	  1.001	  0.331	  0.008
4	  0.120	 56.270	  1.001	  0.331	  0.008
5	  0.120	 68.770	  1.001	  0.331	  0.008
6	  0.120	 81.270	  1.001	  0.331	  0.008
7	  0.120	 93.770	  1.001	  0.331	  0.008
0	  0.240	  6.324	  1.002	  0.582	  0.006
1	  0.240	 18.824	  1.002	  0.582	  0.006
2	  0.240	 31.324	  1.002	  0.582	  0.006
3	  0.240	 43.824	  1.002	  0.582	  0.006
4	  0.240	 56.324	  1.002	  0.582	  0.006
5	  0.240	 68.824	  1.002	  0.582	  0.006
6	  0.240	 81.324	  1.002	  0.582	  0.006
7	  0.240	 93.824	  1.002	  0.582	  0.006
0	  0.360	  6.405	  1.003	  0.780	  0.005
1	  0.360	 18.905	  1.003	  0.780	  0.005
2	  0.360	 31.405	  1.003	  0.780	  0.005
3	  0.360	 43.905	  1.003	  0.780	  0.005
4	  0.360	 56.405	  1.003	  0.780	  0.005
5	  0.360	 68.905	  1.003	  0.780	  0.005
6	  0.360	 81.405	  1.003	  0.780	  0.005
7	  0.360	 93.905	  1.003	  0.780	  0.005
0	  0.480	  6.507	  1.003	  0.935	  0.004
1	  0.480	 19.007	  1.003	  0.935	  0.004
2	  0.480	 31.507	  1.003	  0.935	  0.004
3	  0.480	 44.007	  1.003	  0.935	  0.004
4	  0.480	 56.507	  1.003	  0.935	  0.004
5	  0.480	 69.007	  1.003	  0.935	  0.004
6	  0.480	 81.507	  1.003	  0.935	  0.004
7	  0.480	 94.007	  1.003	  0.935	  0.004
0	  0.600	  6.627	  1.004	  1.057	  0.003
1	  0.600	 19.127	  1.004	  1.057	  0.003
2	  0.600	 31.627	  1.004	  1.057	  0.003
3	  0.600	 44.127	  1.004	  1.057	  0.003
4	  0.600	 56.627	  1.004	  1.057	  0.003
5	  0.600	 69.127	  1.004	  1.057	  0.003
6	  0.600	 81.627	  1.004	  1.057	  0.003
7	  0.600	 94.127	  1.004	  1.057	  0.003
0	  0.720	  6.759	  1.004	  1.152	  0.002
1	  0.720	 19.259	  1.004	  1.152	  0.002
2	  0.720	 31.759	  1.004	  1.152	  0.002
3	  0.720	 44.259	  1.004	  1.152	  0.002
4	  0.720	 56.759	  1.004	  1.152	  0.002
5	  0.720	 69.259	  1.004	  1.152	  0.002
6	  0.720	 81.759	  1.004	  1.152	  0.002
7	  0.720	 94.259	  1.004	  1.152	  0.002
0	  0.840	  6.902	  1.004	  1.227	  0.002
1	  0.840	 19.402	  1.004	  1.227	  0.002
2	  0.840	 31.902	  1.004	  1.227	  0.002
3	  0.840	 44.402	  1.004	  1.227	  0.002
4	  0.840	 56.902	  1.004	  1.227	  0.002
5	  0.840	 69.402	  1.004	  1.227	  0.002
6	  0.840	 81.902	  1.004	  1.227	  0.002
7	  0.840	 94.402	  1.004	  1.227	  0.002
0	  0.960	  7.052	  1.004	  1.286	  0.001
1	  0.960	 19.552	  1.004	  1.286	  0.001
2	  0.960	 32.052	  1.004	  1.286	  0.001
3	  0.960	 44.552	  1.004	  1.286	  0.001
4	  0.960	 57.052	  1.004	  1.286	  0.001
5	  0.960	 69.552	  1.004	  1.286	  0.001
6	  0.960	 82.052	  1.004	  1.286	  0.001
7	  0.960	 94.552	  1.004	  1.286	  0.001
0	  1.080	  7.209	  1.004	  1.332	  0.001
1	  1.080	 19.709	  1.004	  1.332	  0.001
2	  1.080	 32.209	  1.004	  1.332	  0.001
3	  1.080	 44.709	  1.004	  1.332	  0.001
4	  1.080	 57.209	  1.004	  1.332	  0.001
5	  1.080	 69.709	  1.004	  1.332	  0.001
6	  1.080	 82.209	  1.004	  1.332	  0.001
7	  1.080	 94.709	  1.004	  1.332	  0.001
0	  1.200	  7.371	  1.005	  1.368	  0.001
1	  1.200	 19.871	  1.005	  1.368	  0.001
2	  1.200	 32.371	  1.005	  1.368	  0.001
3	  1.200	 44.871	  1.005	  1.368	  0.001
4	  1.200	 57.371	  1.005	  1.368	  0.001
5	  1.200	 69.871	  1.005	  1.368	  0.001
6	  1.200	 82.371	  1.005	  1.368	  0.001
7	  1.200	 94.871	  1.005	  1.368	  0.001
0	  1.320	  7.537	  1.005	  1.396	  0.001
1	  1.320	 20.037	  1.005	  1.396	  0.001
2	  1.320	 32.537	  1.005	  1.396	  0.001
3	  1.320	 45.037	  1.005	  1.396	  0.001
4	  1.320	 57.537	  1.005	  1.396	  0.001
5	  1.320	 70.037	  1.005	  1.396	  0.001
6	  1.320	 82.537	  1.005	  1.396	  0.001
7	  1.320	 95.037	  1.005	  1.396	  0.001
0	  1.440	  7.706	  1.005	  1.419	  0.001
1	  1.440	 20.206	  1.005	  1.419	  0.001
2	  1.440	 32.706	  1.005	  1.419	  0.001
3	  1.440	 45.206	  1.005	  1.419	  0.001
4	  1.440	 57.706	  1.005	  1.419	  0.001
5	  1.440	 70.206	  1.005	  1.419	  0.001
6	  1.440	 82.706	  1.005	  1.419	  0.001
7	  1.440	 95.206	  1.005	  1.419	  0.001
0	  1.560	  7.877	  1.005	  1.436	  0.000
1	  1.560	 20.377	  1.005	  1.436	  0.000
2	  1.560	 32.877	  1.005	  1.436	  0.000
3	  1.560	 45.377	  1.005	  1.436	  0.000
4	  1.560	 57.877	  1.005	  1.436	  0.000
5	  1.560	 70.377	  1.005	  1.436	  0.000
6	  1.560	 82.877	  1.005	  1.436	  0.000
7	  1.560	 95.377	  1.005	  1.436	  0.000
0	  1.680	  8.050	  1.005	  1.450	  0.000
1	  1.680	 20.550	  1.005	  1.450	  0.000
2	  1.680	 33.050	  1.005	  1.450	  0.000
3	  1.680	 45.550	  1.005	  1.450	  0.000
4	  1.680	 58.050	  1.005	  1.450	  0.000
5	  1.680	 70.550	  1.005	  1.450	  0.000
6	  1.680	 83.050	  1.005	  1.450	  0.000
7	  1.680	 95.550	  1.005	  1.450	  0.000
0	  1.800	  8.225	  1.005	  1.461	  0.000
1	  1.800	 20.725	  1.005	  1.461	  0.000
2	  1.800	 33.225	  1.005	  1.461	  0.000
3	  1.800	 45.725	  1.005	  1.461	  0.000
4	  1.800	 58.225	  1.005	  1.461	  0.000
5	  1.800	 70.725	  1.005	  1.461	  0.000
6	  1.800	 83.225	  1.005	  1.461	  0.000
7	  1.800	 95.725	  1.005	  1.461	  0.000
0	  1.920	  8.400	  1.005	  1.469	  0.000
1	  1.920	 20.900	  1.005	  1.469	  0.000
2	  1.920	 33.400	  1.005	  1.469	  0.000
3	  1.920	 45.900	  1.005	  1.469	  0.000
4	  1.920	 58.400	  1.005	  1.469	  0.000
5	  1.920	 70.900	  1.005	  1.469	  0.000
6	  1.920	 83.400	  1.005	  1.469	  0.000
7	  1.920	 95.900	  1.005	  1.469	  0.000
0	  2.040	  8.577	  1.005	  1.476	  0.000
1	  2.040	 21.077	  1.005	  1.476	  0.000
2	  2.040	 33.577	  1.005	  1.476	  0.000
3	  2.040	 46.077	  1.005	  1.476	  0.000
4	  2.040	 58.577	  1.005	  1.476	  0.000
5	  2.040	 71.077	  1.005	  1.476	  0.000
6	  2.040	 83.577	  1.005	  1.476	  0.000
7	  2.040	 96.077	  1.005	  1.476	  0.000
0	  2.160	  8.754	  1.005	  1.481	  0.000
1	  2.160	 21.254	  1.005	  1.481	  0.000
2	  2.160	 33.754	  1.005	  1.481	  0.000
3	  2.160	 46.254	  1.005	  1.481	  0.000
4	  2.160	 58.754	  1.005	  1.481	  0.000
5	  2.160	 71.254	  1.005	  1.481	  0.000
6	  2.160	 83.754	  1.005	  1.481	  0.000
7	  2.160	 96.254	  1.005	  1.481	  0.000
0	  2.280	  8.932	  1.005	  1.485	  0.000
1	  2.280	 21.432	  1.005	  1.485	  0.000
2	  2.280	 33.932	  1.005	  1.485	  0.000
3	  2.280	 46.432	  1.005	  1.485	  0.000
4	  2.280	 58.932	  1.005	  1.485	  0.000
5	  2.280	 71.432	  1.005	  1.485	  0.000
6	  2.280	 83.932	  1.005	  1.485	  0.000
7	  2.280	 96.432	  1.005	  1.485	  0.000
0	  2.400	  9.111	  1.005	  1.488	  0.000
1	  2.400	 21.611	  1.005	  1.488	  0.000
2	  2.400	 34.111	  1.005	  1.488	  0.000
3	  2.400	 46.611	  1.005	  1.488	  0.000
4	  2.400	 59.111	  1.005	  1.488	  0.000
5	  2.400	 71.611	  1.005	  1.488	  0.000
6	  2.400	 84.111	  1.005	  1.488	  0.000
7	  2.400	 96.611	  1.005	  1.488	  0.000
0	  2.520	  9.290	  1.005	  1.491	  0.000
1	  2.520	 21.790	  1.005	  1.491	  0.000
2	  2.520	 34.290	  1.005	  1.491	  0.000
3	  2.520	 46.790	  1.005	  1.491	  0.000
4	  2.520	 59.290	  1.005	  1.491	  0.000
5	  2.520	 71.790	  1.005	  1.491	  0.000
6	  2.520	 84.290	  1.005	  1.491	  0.000
7	  2.520	 96.790	  1.005	  1.491	  0.000
0	  2.640	  9.469	  1.005	  1.493	  0.000
1	  2.640	 21.969	  1.005	  1.493	  0.000
2	  2.640	 34.469	  1.005	  1.493	  0.000
3	  2.640	 46.969	  1.005	  1.493	  0.000
4	  2.640	 59.469	  1.005	  1.493	  0.000
5	  2.640	 71.969	  1.005	  1.493	  0.000
6	  2.640	 84.469	  1.005	  1.493	  0.000
7	  2.640	 96.969	  1.005	  1.493	  0.000
0	  2.760	  9.648	  1.005	  1.494	  0.000
1	  2.760	 22.148	  1.005	  1.494	  0.000
2	  2.760	 34.648	  1.005	  1.494	  0.000
3	  2.760	 47.148	  1.005	  1.494	  0.000
4	  2.760	 59.648	  1.005	  1.494	  0.000
5	  2.760	 72.148	  1.005	  1.494	  0.000
6	  2.760	 84.648	  1.005	  1.494	  0.000
7	  2.760	 97.148	  1.005	  1.494	  0.000
0	  2.880	  9.827	  1.005	  1.496	  0.000
1	  2.880	 22.327	  1.005	  1.496	  0.000
2	  2.880	 34.827	  1.005	  1.496	  0.000
3	  2.880	 47.327	  1.005	  1.496	  0.000
4	  2.880	 59.827	  1.005	  1.496	  0.000
5	  2.880	 72.327	  1.005	  1.496	  0.000
6	  2.880	 84.827	  1.005	  1.496	  0.000
7	  2.880	 97.327	  1.005	  1.496	  0.000
0	  3.000	 10.007	  1.005	  1.497	  0.000
1	  3.000	 22.507	  1.005	  1.497	  0.000
2	  3.000	 35.007	  1.005	  1.497	  0.000
3	  3.000	 47.507	  1.005	  1.497	  0.000
4	  3.000	 60.007	  1.005	  1.497	  0.000
5	  3.000	 72.507	  1.005	  1.497	  0.000
6	  3.000	 85.007	  1.005	  1.497	  0.000
7	  3.000	 97.507	  1.005	  1.497	  0.000
