# id	 time	 x	 y	 vx	 vy
0	  0.000	  0.602	  1.000	  0.010	  0.010
1	  0.000	  1.807	  1.000	  0.010	  0.010
2	  0.000	  3.012	  1.000	  0.010	  0.010
3	  0.000	  4.217	  1.000	  0.010	  0.010
4	  0.000	  5.422	  1.000	  0.010	  0.010
5	  0.000	  6.627	  1.000	  0.010	  0.010
6	  0.000	  7.831	  1.000	  0.010	  0.010
7	  0.000	  9.036	  1.000	  0.010	  0.010
8	  0.000	 10.241	  1.000	  0.010	  0.010
9	  0.000	 11.446	  1.000	  0.010	  0.010
10	  0.000	 12.651	  1.000	  0.010	  0.010
11	  0.000	 13.855	  1.000	  0.010	  0.010
12	  0.000	 15.060	  1.000	  0.010	  0.010
13	  0.000	 16.265	  1.000	  0.010	  0.010
14	  0.000	 17.470	  1.000	  0.010	  0.010
15	  0.000	 18.675	  1.000	  0.010	  0.010
16	  0.000	 19.880	  1.000	  0.010	  0.010
17	  0.000	 21.084	  1.000	  0.010	  0.010
18	  0.000	 22.289	  1.000	  0.010	  0.010
19	  0.000	 23.494	  1.000	  0.010	  0.010
20	  0.000	 24.699	  1.000	  0.010	  0.010
21	  0.000	 25.904	  1.000	  0.010	  0.010
22	  0.000	 27.108	  1.000	  0.010	  0.010
23	  0.000	 28.313	  1.000	  0.010	  0.010
24	  0.000	 29.518	  1.000	  0.010	  0.010
25	  0.000	 30.723	  1.000	  0.010	  0.010
26	  0.000	 31.928	  1.000	  0.010	  0.010
27	  0.000	 33.133	  1.000	  0.010	  0.010
28	  0.000	 34.337	  1.000	  0.010	  0.010
29	  0.000	 35.542	  1.000	  0.010	  0.010
30	  0.000	 36.747	  1.000	  0.010	  0.010
31	  0.000	 37.952	  1.000	  0.010	  0.010
32	  0.000	 39.157	  1.000	  0.010	  0.010
33	  0.000	 40.361	  1.000	  0.010	  0.010
34	  0.000	 41.566	  1.000	  0.010	  0.010
35	  0.000	 42.771	  1.000	  0.010	  0.010
36	  0.000	 43.976	  1.000	  0.010	  0.010
37	  0.000	 45.181	  1.000	  0.010	  0.010
38	  0.000	 46.386	  1.000	  0.010	  0.010
39	  0.000	 47.590	  1.000	  0.010	  0.010
40	  0.000	 48.795	  1.000	  0.010	  0.010
41	  0.000	 50.000	  1.000	  0.010	  0.010
42	  0.000	 51.205	  1.000	  0.010	  0.010
43	  0.000	 52.410	  1.000	  0.010	  0.010
44	  0.000	 53.614	  1.000	  0.010	  0.010
45	  0.000	 54.819	  1.000	  0.010	  0.010
46	  0.000	 56.024	  1.000	  0.010	  0.010
47	  0.000	 57.229	  1.000	  0.010	  0.010
48	  0.000	 58.434	  1.000	  0.010	  0.010
49	  0.000	 59.639	  1.000	  0.010	  0.010
50	  0.000	 60.843	  1.000	  0.010	  0.010
51	  0.000	 62.048	  1.000	  0.010	  0.010
52	  0.000	 63.253	  1.000	  0.010	  0.010
53	  0.000	 64.458	  1.000	  0.010	  0.010
54	  0.000	 65.663	  1.000	  0.010	  0.010
55	  0.000	 66.867	  1.000	  0.010	  0.010
56	  0.000	 68.072	  1.000	  0.010	  0.010
57	  0.000	 69.277	  1.000	  0.010	  0.010
58	  0.000	 70.482	  1.000	  0.010	  0.010
59	  0.000	 71.687	  1.000	  0.010	  0.010
60	  0.000	 72.892	  1.000	  0.010	  0.010
61	  0.000	 74.096	  1.000	  0.010	  0.010
62	  0.000	 75.301	  1.000	  0.010	  0.010
63	  0.000	 76.506	  1.000	  0.010	  0.010
64	  0.000	 77.711	  1.000	  0.010	  0.010
65	  0.000	 78.916	  1.000	  0.010	  0.010
66	  0.000	 80.120	  1.000	  0.010	  0.010
67	  0.000	 81.325	  1.000	  0.010	  0.010
68	  0.000	 82.530	  1.000	  0.010	  0.010
69	  0.000	 83.735	  1.000	  0.010	  0.010
70	  0.000	 84.940	  1.000	  0.010	  0.010
71	  0.000	 86.145	  1.000	  0.010	  0.010
72	  0.000	 87.349	  1.000	  0.010	  0.010
73	  0.000	 88.554	  1.000	  0.010	  0.010
74	  0.000	 89.759	  1.000	  0.010	  0.010
75	  0.000	 90.964	  1.000	  0.010	  0.010
76	  0.000	 92.169	  1.000	  0.010	  0.010
77	  0.000	 93.373	  1.000	  0.010	  0.010
78	  0.000	 94.578	  1.000	  0.010	  0.010
79	  0.000	 95.783	  1.000	  0.010	  0.010
80	  0.000	 96.988	  1.000	  0.010	  0.010
81	  0.000	 98.193	  1.000	  0.010	  0.010
82	  0.000	 99.398	  1.000	  0.010	  0.010
0	  0.120	  0.605	  1.001	 -0.105	  0.008
1	  0.120	  1.809	  1.001	 -0.105	  0.008
2	  0.120	  3.014	  1.001	 -0.105	  0.008
3	  0.120	  4.219	  1.001	 -0.105	  0.008
4	  0.120	  5.424	  1.001	 -0.105	  0.008
5	  0.120	  6.629	  1.001	 -0.105	  0.008
6	  0.120	  7.834	  1.001	 -0.105	  0.008
7	  0.120	  9.038	  1.001	 -0.105	  0.008
8	  0.120	 10.243	  1.001	 -0.105	  0.008
9	  0.120	 11.448	  1.001	 -0.105	  0.008
10	  0.120	 12.653	  1.001	 -0.105	  0.008
11	  0.120	 13.858	  1.001	 -0.105	  0.008
12	  0.120	 15.062	  1.001	 -0.105	  0.008
13	  0.120	 16.267	  1.001	 -0.105	  0.008
14	  0.120	 17.472	  1.001	 -0.105	  0.008
15	  0.120	 18.677	  1.001	 -0.105	  0.008
16	  0.120	 19.882	  1.001	 -0.105	  0.008
17	  0.120	 21.087	  1.001	 -0.105	  0.008
18	  0.120	 22.291	  1.001	 -0.105	  0.008
19	  0.120	 23.496	  1.001	 -0.105	  0.008
20	  0.120	 24.701	  1.001	 -0.105	  0.008
21	  0.120	 25.906	  1.001	 -0.105	  0.008
22	  0.120	 27.111	  1.001	 -0.105	  0.008
23	  0.120	 28.315	  1.001	 -0.105	  0.008
24	  0.120	 29.520	  1.001	 -0.105	  0.008
25	  0.120	 30.725	  1.001	 -0.105	  0.008
26	  0.120	 31.930	  1.001	 -0.105	  0.008
27	  0.120	 33.135	  1.001	 -0.105	  0.008
28	  0.120	 34.340	  1.001	 -0.105	  0.008
29	  0.120	 35.544	  1.001	 -0.105	  0.008
30	  0.120	 36.749	  1.001	 -0.105	  0.008
31	  0.120	 37.954	  1.001	 -0.105	  0.008
32	  0.120	 39.159	  1.001	 -0.105	  0.008
33	  0.120	 40.364	  1.001	 -0.105	  0.008
34	  0.120	 41.568	  1.001	 -0.105	  0.008
35	  0.120	 42.773	  1.001	 -0.105	  0.008
36	  0.120	 43.978	  1.001	 -0.105	  0.008
37	  0.120	 45.183	  1.001	 -0.105	  0.008
38	  0.120	 46.388	  1.001	 -0.105	  0.008
39	  0.120	 47.593	  1.001	 -0.105	  0.008
40	  0.120	 48.797	  1.001	 -0.105	  0.008
41	  0.120	 50.002	  1.001	 -0.105	  0.008
42	  0.120	 51.207	  1.001	 -0.105	  0.008
43	  0.120	 52.412	  1.001	 -0.105	  0.008
44	  0.120	 53.617	  1.001	 -0.105	  0.008
45	  0.120	 54.821	  1.001	 -0.105	  0.008
46	  0.120	 56.026	  1.001	 -0.105	  0.008
47	  0.120	 57.231	  1.001	 -0.105	  0.008
48	  0.120	 58.436	  1.001	 -0.105	  0.008
49	  0.120	 59.641	  1.001	 -0.105	  0.008
50	  0.120	 60.846	  1.001	 -0.105	  0.008
51	  0.120	 62.050	  1.001	 -0.105	  0.008
52	  0.120	 63.255	  1.001	 -0.105	  0.008
53	  0.120	 64.460	  1.001	 -0.105	  0.008
54	  0.120	 65.665	  1.001	 -0.105	  0.008
55	  0.120	 66.870	  1.001	 -0.105	  0.008
56	  0.120	 68.074	  1.001	 -0.105	  0.008
57	  0.120	 69.279	  1.001	 -0.105	  0.008
58	  0.120	 70.484	  1.001	 -0.105	  0.008
59	  0.120	 71.689	  1.001	 -0.105	  0.008
60	  0.120	 72.894	  1.001	 -0.105	  0.008
61	  0.120	 74.099	  1.001	 -0.105	  0.008
62	  0.120	 75.303	  1.001	 -0.105	  0.008
63	  0.120	 76.508	  1.001	 -0.105	  0.008
64	  0.120	 77.713	  1.001	 -0.105	  0.008
65	  0.120	 78.918	  1.001	 -0.105	  0.008
66	  0.120	 80.123	  1.001	 -0.105	  0.008
67	  0.120	 81.328	  1.001	 -0.105	  0.008
68	  0.120	 82.532	  1.001	 -0.105	  0.008
69	  0.120	 83.737	  1.001	 -0.105	  0.008
70	  0.120	 84.942	  1.001	 -0.105	  0.008
71	  0.120	 86.147	  1.001	 -0.105	  0.008
72	  0.120	 87.352	  1.001	 -0.105	  0.008
73	  0.120	 88.556	  1.001	 -0.105	  0.008
74	  0.120	 89.761	  1.001	 -0.105	  0.008
75	  0.120	 90.966	  1.001	 -0.105	  0.008
76	  0.120	 92.171	  1.001	 -0.105	  0.008
77	  0.120	 93.376	  1.001	 -0.105	  0.008
78	  0.120	 94.581	  1.001	 -0.105	  0.008
79	  0.120	 95.785	  1.001	 -0.105	  0.008
80	  0.120	 96.990	  1.001	 -0.105	  0.008
81	  0.120	 98.195	  1.001	 -0.105	  0.008
82	  0.120	 99.400	  1.001	 -0.105	  0.008
0	  0.240	  0.607	  1.002	  0.250	  0.006
1	  0.240	  1.812	  1.002	  0.250	  0.006
2	  0.240	  3.017	  1.002	  0.250	  0.006
3	  0.240	  4.221	  1.002	  0.250	  0.006
4	  0.240	  5.426	  1.002	  0.250	  0.006
5	  0.240	  6.631	  1.002	  0.250	  0.006
6	  0.240	  7.836	  1.002	  0.250	  0.006
7	  0.240	  9.041	  1.002	  0.250	  0.006
8	  0.240	 10.245	  1.002	  0.250	  0.006
9	  0.240	 11.450	  1.002	  0.250	  0.006
10	  0.240	 12.655	  1.002	  0.250	  0.006
11	  0.240	 13.860	  1.002	  0.250	  0.006
12	  0.240	 15.065	  1.002	  0.250	  0.006
13	  0.240	 16.270	  1.002	  0.250	  0.006
14	  0.240	 17.474	  1.002	  0.250	  0.006
15	  0.240	 18.679	  1.002	  0.250	  0.006
16	  0.240	 19.884	  1.002	  0.250	  0.006
17	  0.240	 21.089	  1.002	  0.250	  0.006
18	  0.240	 22.294	  1.002	  0.250	  0.006
19	  0.240	 23.498	  1.002	  0.250	  0.006
20	  0.240	 24.703	  1.002	  0.250	  0.006
21	  0.240	 25.908	  1.002	  0.250	  0.006
22	  0.240	 27.113	  1.002	  0.250	  0.006
23	  0.240	 28.318	  1.002	  0.250	  0.006
24	  0.240	 29.523	  1.002	  0.250	  0.006
25	  0.240	 30.727	  1.002	  0.250	  0.006
26	  0.240	 31.932	  1.002	  0.250	  0.006
27	  0.240	 33.137	  1.002	  0.250	  0.006
28	  0.240	 34.342	  1.002	  0.250	  0.006
29	  0.240	 35.547	  1.002	  0.250	  0.006
30	  0.240	 36.751	  1.002	  0.250	  0.006
31	  0.240	 37.956	  1.002	  0.250	  0.006
32	  0.240	 39.161	  1.002	  0.250	  0.006
33	  0.240	 40.366	  1.002	  0.250	  0.006
34	  0.240	 41.571	  1.002	  0.250	  0.006
35	  0.240	 42.776	  1.002	  0.250	  0.006
36	  0.240	 43.980	  1.002	  0.250	  0.006
37	  0.240	 45.185	  1.002	  0.250	  0.006
38	  0.240	 46.390	  1.002	  0.250	  0.006
39	  0.240	 47.595	  1.002	  0.250	  0.006
40	  0.240	 48.800	  1.002	  0.250	  0.006
41	  0.240	 50.004	  1.002	  0.250	  0.006
42	  0.240	 51.209	  1.002	  0.250	  0.006
43	  0.240	 52.414	  1.002	  0.250	  0.006
44	  0.240	 53.619	  1.002	  0.250	  0.006
45	  0.240	 54.824	  1.002	  0.250	  0.006
46	  0.240	 56.029	  1.002	  0.250	  0.006
47	  0.240	 57.233	  1.002	  0.250	  0.006
48	  0.240	 58.438	  1.002	  0.250	  0.006
49	  0.240	 59.643	  1.002	  0.250	  0.006
50	  0.240	 60.848	  1.002	  0.250	  0.006
51	  0.240	 62.053	  1.002	  0.250	  0.006
52	  0.240	 63.257	  1.002	  0.250	  0.006
53	  0.240	 64.462	  1.002	  0.250	  0.006
54	  0.240	 65.667	  1.002	  0.250	  0.006
55	  0.240	 66.872	  1.002	  0.250	  0.006
56	  0.240	 68.077	  1.002	  0.250	  0.006
57	  0.240	 69.282	  1.002	  0.250	  0.006
58	  0.240	 70.486	  1.002	  0.250	  0.006
59	  0.240	 71.691	  1.002	  0.250	  0.006
60	  0.240	 72.896	  1.002	  0.250	  0.006
61	  0.240	 74.101	  1.002	  0.250	  0.006
62	  0.240	 75.306	  1.002	  0.250	  0.006
63	  0.240	 76.510	  1.002	  0.250	  0.006
64	  0.240	 77.715	  1.002	  0.250	  0.006
65	  0.240	 78.920	  1.002	  0.250	  0.006
66	  0.240	 80.125	  1.002	  0.250	  0.006
67	  0.240	 81.330	  1.002	  0.250	  0.006
68	  0.240	 82.535	  1.002	  0.250	  0.006
69	  0.240	 83.739	  1.002	  0.250	  0.006
70	  0.240	 84.944	  1.002	  0.250	  0.006
71	  0.240	 86.149	  1.002	  0.250	  0.006
72	  0.240	 87.354	  1.002	  0.250	  0.006
73	  0.240	 88.559	  1.002	  0.250	  0.006
74	  0.240	 89.764	  1.002	  0.250	  0.006
75	  0.240	 90.968	  1.002	  0.250	  0.006
76	  0.240	 92.173	  1.002	  0.250	  0.006
77	  0.240	 93.378	  1.002	  0.250	  0.006
78	  0.240	 94.583	  1.002	  0.250	  0.006
79	  0.240	 95.788	  1.002	  0.250	  0.006
80	  0.240	 96.992	  1.002	  0.250	  0.006
81	  0.240	 98.197	  1.002	  0.250	  0.006
82	  0.240	 99.402	  1.002	  0.250	  0.006
0	  0.360	  0.609	  1.003	  0.135	  0.005
1	  0.360	  1.814	  1.003	  0.135	  0.005
2	  0.360	  3.019	  1.003	  0.135	  0.005
3	  0.360	  4.223	  1.003	  0.135	  0.005
4	  0.360	  5.428	  1.003	  0.135	  0.005
5	  0.360	  6.633	  1.003	  0.135	  0.005
6	  0.360	  7.838	  1.003	  0.135	  0.005
7	  0.360	  9.043	  1.003	  0.135	  0.005
8	  0.360	 10.248	  1.003	  0.135	  0.005
9	  0.360	 11.452	  1.003	  0.135	  0.005
10	  0.360	 12.657	  1.003	  0.135	  0.005
11	  0.360	 13.862	  1.003	  0.135	  0.005
12	  0.360	 15.067	  1.003	  0.135	  0.005
13	  0.360	 16.272	  1.003	  0.135	  0.005
14	  0.360	 17.476	  1.003	  0.135	  0.005
15	  0.360	 18.681	  1.003	  0.135	  0.005
16	  0.360	 19.886	  1.003	  0.135	  0.005
17	  0.360	 21.091	  1.003	  0.135	  0.005
18	  0.360	 22.296	  1.003	  0.135	  0.005
19	  0.360	 23.501	  1.003	  0.135	  0.005
20	  0.360	 24.705	  1.003	  0.135	  0.005
21	  0.360	 25.910	  1.003	  0.135	  0.005
22	  0.360	 27.115	  1.003	  0.135	  0.005
23	  0.360	 28.320	  1.003	  0.135	  0.005
24	  0.360	 29.525	  1.003	  0.135	  0.005
25	  0.360	 30.730	  1.003	  0.135	  0.005
26	  0.360	 31.934	  1.003	  0.135	  0.005
27	  0.360	 33.139	  1.003	  0.135	  0.005
28	  0.360	 34.344	  1.003	  0.135	  0.005
29	  0.360	 35.549	  1.003	  0.135	  0.005
30	  0.360	 36.754	  1.003	  0.135	  0.005
31	  0.360	 37.958	  1.003	  0.135	  0.005
32	  0.360	 39.163	  1.003	  0.135	  0.005
33	  0.360	 40.368	  1.003	  0.135	  0.005
34	  0.360	 41.573	  1.003	  0.135	  0.005
35	  0.360	 42.778	  1.003	  0.135	  0.005
36	  0.360	 43.983	  1.003	  0.135	  0.005
37	  0.360	 45.187	  1.003	  0.135	  0.005
38	  0.360	 46.392	  1.003	  0.135	  0.005
39	  0.360	 47.597	  1.003	  0.135	  0.005
40	  0.360	 48.802	  1.003	  0.135	  0.005
41	  0.360	 50.007	  1.003	  0.135	  0.005
42	  0.360	 51.211	  1.003	  0.135	  0.005
43	  0.360	 52.416	  1.003	  0.135	  0.005
44	  0.360	 53.621	  1.003	  0.135	  0.005
45	  0.360	 54.826	  1.003	  0.135	  0.005
46	  0.360	 56.031	  1.003	  0.135	  0.005
47	  0.360	 57.236	  1.003	  0.135	  0.005
48	  0.360	 58.440	  1.003	  0.135	  0.005
49	  0.360	 59.645	  1.003	  0.135	  0.005
50	  0.360	 60.850	  1.003	  0.135	  0.005
51	  0.360	 62.055	  1.003	  0.135	  0.005
52	  0.360	 63.260	  1.003	  0.135	  0.005
53	  0.360	 64.464	  1.003	  0.135	  0.005
54	  0.360	 65.669	  1.003	  0.135	  0.005
55	  0.360	 66.874	  1.003	  0.135	  0.005
56	  0.360	 68.079	  1.003	  0.135	  0.005
57	  0.360	 69.284	  1.003	  0.135	  0.005
58	  0.360	 70.489	  1.003	  0.135	  0.005
59	  0.360	 71.693	  1.003	  0.135	  0.005
60	  0.360	 72.898	  1.003	  0.135	  0.005
61	  0.360	 74.103	  1.003	  0.135	  0.005
62	  0.360	 75.308	  1.003	  0.135	  0.005
63	  0.360	 76.513	  1.003	  0.135	  0.005
64	  0.360	 77.717	  1.003	  0.135	  0.005
65	  0.360	 78.922	  1.003	  0.135	  0.005
66	  0.360	 80.127	  1.003	  0.135	  0.005
67	  0.360	 81.332	  1.003	  0.135	  0.005
68	  0.360	 82.537	  1.003	  0.135	  0.005
69	  0.360	 83.742	  1.003	  0.135	  0.005
70	  0.360	 84.946	  1.003	  0.135	  0.005
71	  0.360	 86.151	  1.003	  0.135	  0.005
72	  0.360	 87.356	  1.003	  0.135	  0.005
73	  0.360	 88.561	  1.003	  0.135	  0.005
74	  0.360	 89.766	  1.003	  0.135	  0.005
75	  0.360	 90.970	  1.003	  0.135	  0.005
76	  0.360	 92.175	  1.003	  0.135	  0.005
77	  0.360	 93.380	  1.003	  0.135	  0.005
78	  0.360	 94.585	  1.003	  0.135	  0.005
79	  0.360	 95.790	  1.003	  0.135	  0.005
80	  0.360	 96.995	  1.003	  0.135	  0.005
81	  0.360	 98.199	  1.003	  0.135	  0.005
82	  0.360	 99.404	  1.003	  0.135	  0.005
0	  0.480	  0.616	  1.003	  0.010	  0.004
1	  0.480	  1.821	  1.003	  0.010	  0.004
2	  0.480	  3.026	  1.003	  0.010	  0.004
3	  0.480	  4.230	  1.003	  0.010	  0.004
4	  0.480	  5.435	  1.003	  0.010	  0.004
5	  0.480	  6.640	  1.003	  0.010	  0.004
6	  0.480	  7.845	  1.003	  0.010	  0.004
7	  0.480	  9.050	  1.003	  0.010	  0.004
8	  0.480	 10.255	  1.003	  0.010	  0.004
9	  0.480	 11.459	  1.003	  0.010	  0.004
10	  0.480	 12.664	  1.003	  0.010	  0.004
11	  0.480	 13.869	  1.003	  0.010	  0.004
12	  0.480	 15.074	  1.003	  0.010	  0.004
13	  0.480	 16.279	  1.003	  0.010	  0.004
14	  0.480	 17.483	  1.003	  0.010	  0.004
15	  0.480	 18.688	  1.003	  0.010	  0.004
16	  0.480	 19.893	  1.003	  0.010	  0.004
17	  0.480	 21.098	  1.003	  0.010	  0.004
18	  0.480	 22.303	  1.003	  0.010	  0.004
19	  0.480	 23.508	  1.003	  0.010	  0.004
20	  0.480	 24.712	  1.003	  0.010	  0.004
21	  0.480	 25.917	  1.003	  0.010	  0.004
22	  0.480	 27.122	  1.003	  0.010	  0.004
23	  0.480	 28.327	  1.003	  0.010	  0.004
24	  0.480	 29.532	  1.003	  0.010	  0.004
25	  0.480	 30.737	  1.003	  0.010	  0.004
26	  0.480	 31.941	  1.003	  0.010	  0.004
27	  0.480	 33.146	  1.003	  0.010	  0.004
28	  0.480	 34.351	  1.003	  0.010	  0.004
29	  0.480	 35.556	  1.003	  0.010	  0.004
30	  0.480	 36.761	  1.003	  0.010	  0.004
31	  0.480	 37.965	  1.003	  0.010	  0.004
32	  0.480	 39.170	  1.003	  0.010	  0.004
33	  0.480	 40.375	  1.003	  0.010	  0.004
34	  0.480	 41.580	  1.003	  0.010	  0.004
35	  0.480	 42.785	  1.003	  0.010	  0.004
36	  0.480	 43.990	  1.003	  0.010	  0.004
37	  0.480	 45.194	  1.003	  0.010	  0.004
38	  0.480	 46.399	  1.003	  0.010	  0.004
39	  0.480	 47.604	  1.003	  0.010	  0.004
40	  0.480	 48.809	  1.003	  0.010	  0.004
41	  0.480	 50.014	  1.003	  0.010	  0.004
42	  0.480	 51.218	  1.003	  0.010	  0.004
43	  0.480	 52.423	  1.003	  0.010	  0.004
44	  0.480	 53.628	  1.003	  0.010	  0.004
45	  0.480	 54.833	  1.003	  0.010	  0.004
46	  0.480	 56.038	  1.003	  0.010	  0.004
47	  0.480	 57.243	  1.003	  0.010	  0.004
48	  0.480	 58.447	  1.003	  0.010	  0.004
49	  0.480	 59.652	  1.003	  0.010	  0.004
50	  0.480	 60.857	  1.003	  0.010	  0.004
51	  0.480	 62.062	  1.003	  0.010	  0.004
52	  0.480	 63.267	  1.003	  0.010	  0.004
53	  0.480	 64.471	  1.003	  0.010	  0.004
54	  0.480	 65.676	  1.003	  0.010	  0.004
55	  0.480	 66.881	  1.003	  0.010	  0.004
56	  0.480	 68.086	  1.003	  0.010	  0.004
57	  0.480	 69.291	  1.003	  0.010	  0.004
58	  0.480	 70.496	  1.003	  0.010	  0.004
59	  0.480	 71.700	  1.003	  0.010	  0.004
60	  0.480	 72.905	  1.003	  0.010	  0.004
61	  0.480	 74.110	  1.003	  0.010	  0.004
62	  0.480	 75.315	  1.003	  0.010	  0.004
63	  0.480	 76.520	  1.003	  0.010	  0.004
64	  0.480	 77.724	  1.003	  0.010	  0.004
65	  0.480	 78.929	  1.003	  0.010	  0.004
66	  0.480	 80.134	  1.003	  0.010	  0.004
67	  0.480	 81.339	  1.003	  0.010	  0.004
68	  0.480	 82.544	  1.003	  0.010	  0.004
69	  0.480	 83.749	  1.003	  0.010	  0.004
70	  0.480	 84.953	  1.003	  0.010	  0.004
71	  0.480	 86.158	  1.003	  0.010	  0.004
72	  0.480	 87.363	  1.003	  0.010	  0.004
73	  0.480	 88.568	  1.003	  0.010	  0.004
74	  0.480	 89.773	  1.003	  0.010	  0.004
75	  0.480	 90.977	  1.003	  0.010	  0.004
76	  0.480	 92.182	  1.003	  0.010	  0.004
77	  0.480	 93.387	  1.003	  0.010	  0.004
78	  0.480	 94.592	  1.003	  0.010	  0.004
79	  0.480	 95.797	  1.003	  0.010	  0.004
80	  0.480	 97.002	  1.003	  0.010	  0.004
81	  0.480	 98.206	  1.003	  0.010	  0.004
82	  0.480	 99.411	  1.003	  0.010	  0.004
0	  0.600	  0.618	  1.004	 -0.105	  0.003
1	  0.600	  1.823	  1.004	 -0.105	  0.003
2	  0.600	  3.028	  1.004	 -0.105	  0.003
3	  0.600	  4.233	  1.004	 -0.105	  0.003
4	  0.600	  5.438	  1.004	 -0.105	  0.003
5	  0.600	  6.642	  1.004	 -0.105	  0.003
6	  0.600	  7.847	  1.004	 -0.105	  0.003
7	  0.600	  9.052	  1.004	 -0.105	  0.003
8	  0.600	 10.257	  1.004	 -0.105	  0.003
9	  0.600	 11.462	  1.004	 -0.105	  0.003
10	  0.600	 12.666	  1.004	 -0.105	  0.003
11	  0.600	 13.871	  1.004	 -0.105	  0.003
12	  0.600	 15.076	  1.004	 -0.105	  0.003
13	  0.600	 16.281	  1.004	 -0.105	  0.003
14	  0.600	 17.486	  1.004	 -0.105	  0.003
15	  0.600	 18.691	  1.004	 -0.105	  0.003
16	  0.600	 19.895	  1.004	 -0.105	  0.003
17	  0.600	 21.100	  1.004	 -0.105	  0.003
18	  0.600	 22.305	  1.004	 -0.105	  0.003
19	  0.600	 23.510	  1.004	 -0.105	  0.003
20	  0.600	 24.715	  1.004	 -0.105	  0.003
21	  0.600	 25.919	  1.004	 -0.105	  0.003
22	  0.600	 27.124	  1.004	 -0.105	  0.003
23	  0.600	 28.329	  1.004	 -0.105	  0.003
24	  0.600	 29.534	  1.004	 -0.105	  0.003
25	  0.600	 30.739	  1.004	 -0.105	  0.003
26	  0.600	 31.944	  1.004	 -0.105	  0.003
27	  0.600	 33.148	  1.004	 -0.105	  0.003
28	  0.600	 34.353	  1.004	 -0.105	  0.003
29	  0.600	 35.558	  1.004	 -0.105	  0.003
30	  0.600	 36.763	  1.004	 -0.105	  0.003
31	  0.600	 37.968	  1.004	 -0.105	  0.003
32	  0.600	 39.172	  1.004	 -0.105	  0.003
33	  0.600	 40.377	  1.004	 -0.105	  0.003
34	  0.600	 41.582	  1.004	 -0.105	  0.003
35	  0.600	 42.787	  1.004	 -0.105	  0.003
36	  0.600	 43.992	  1.004	 -0.105	  0.003
37	  0.600	 45.197	  1.004	 -0.105	  0.003
38	  0.600	 46.401	  1.004	 -0.105	  0.003
39	  0.600	 47.606	  1.004	 -0.105	  0.003
40	  0.600	 48.811	  1.004	 -0.105	  0.003
41	  0.600	 50.016	  1.004	 -0.105	  0.003
42	  0.600	 51.221	  1.004	 -0.105	  0.003
43	  0.600	 52.426	  1.004	 -0.105	  0.003
44	  0.600	 53.630	  1.004	 -0.105	  0.003
45	  0.600	 54.835	  1.004	 -0.105	  0.003
46	  0.600	 56.040	  1.004	 -0.105	  0.003
47	  0.600	 57.245	  1.004	 -0.105	  0.003
48	  0.600	 58.450	  1.004	 -0.105	  0.003
49	  0.600	 59.654	  1.004	 -0.105	  0.003
50	  0.600	 60.859	  1.004	 -0.105	  0.003
51	  0.600	 62.064	  1.004	 -0.105	  0.003
52	  0.600	 63.269	  1.004	 -0.105	  0.003
53	  0.600	 64.474	  1.004	 -0.105	  0.003
54	  0.600	 65.679	  1.004	 -0.105	  0.003
55	  0.600	 66.883	  1.004	 -0.105	  0.003
56	  0.600	 68.088	  1.004	 -0.105	  0.003
57	  0.600	 69.293	  1.004	 -0.105	  0.003
58	  0.600	 70.498	  1.004	 -0.105	  0.003
59	  0.600	 71.703	  1.004	 -0.105	  0.003
60	  0.600	 72.907	  1.004	 -0.105	  0.003
61	  0.600	 74.112	  1.004	 -0.105	  0.003
62	  0.600	 75.317	  1.004	 -0.105	  0.003
63	  0.600	 76.522	  1.004	 -0.105	  0.003
64	  0.600	 77.727	  1.004	 -0.105	  0.003
65	  0.600	 78.932	  1.004	 -0.105	  0.003
66	  0.600	 80.136	  1.004	 -0.105	  0.003
67	  0.600	 81.341	  1.004	 -0.105	  0.003
68	  0.600	 82.546	  1.004	 -0.105	  0.003
69	  0.600	 83.751	  1.004	 -0.105	  0.003
70	  0.600	 84.956	  1.004	 -0.105	  0.003
71	  0.600	 86.160	  1.004	 -0.105	  0.003
72	  0.600	 87.365	  1.004	 -0.105	  0.003
73	  0.600	 88.570	  1.004	 -0.105	  0.003
74	  0.600	 89.775	  1.004	 -0.105	  0.003
75	  0.600	 90.980	  1.004	 -0.105	  0.003
76	  0.600	 92.185	  1.004	 -0.105	  0.003
77	  0.600	 93.389	  1.004	 -0.105	  0.003
78	  0.600	 94.594	  1.004	 -0.105	  0.003
79	  0.600	 95.799	  1.004	 -0.105	  0.003
80	  0.600	 97.004	  1.004	 -0.105	  0.003
81	  0.600	 98.209	  1.004	 -0.105	  0.003
82	  0.600	 99.413	  1.004	 -0.105	  0.003
0	  0.720	  0.621	  1.004	  0.252	  0.002
1	  0.720	  1.825	  1.004	  0.249	  0.002
2	  0.720	  3.030	  1.004	  0.252	  0.002
3	  0.720	  4.235	  1.004	  0.250	  0.002
4	  0.720	  5.440	  1.004	  0.251	  0.002
5	  0.720	  6.645	  1.004	  0.251	  0.002
6	  0.720	  7.849	  1.004	  0.250	  0.002
7	  0.720	  9.054	  1.004	  0.251	  0.002
8	  0.720	 10.259	  1.004	  0.249	  0.002
9	  0.720	 11.464	  1.004	  0.252	  0.002
10	  0.720	 12.669	  1.004	  0.249	  0.002
11	  0.720	 13.874	  1.004	  0.251	  0.002
12	  0.720	 15.078	  1.004	  0.250	  0.002
13	  0.720	 16.283	  1.004	  0.251	  0.002
14	  0.720	 17.488	  1.004	  0.251	  0.002
15	  0.720	 18.693	  1.004	  0.250	  0.002
16	  0.720	 19.898	  1.004	  0.251	  0.002
17	  0.720	 21.102	  1.004	  0.249	  0.002
18	  0.720	 22.307	  1.004	  0.252	  0.002
19	  0.720	 23.512	  1.004	  0.249	  0.002
20	  0.720	 24.717	  1.004	  0.251	  0.002
21	  0.720	 25.922	  1.004	  0.250	  0.002
22	  0.720	 27.127	  1.004	  0.250	  0.002
23	  0.720	 28.331	  1.004	  0.251	  0.002
24	  0.720	 29.536	  1.004	  0.251	  0.002
25	  0.720	 30.741	  1.004	  0.250	  0.002
26	  0.720	 31.946	  1.004	  0.251	  0.002
27	  0.720	 33.151	  1.004	  0.249	  0.002
28	  0.720	 34.356	  1.004	  0.252	  0.002
29	  0.720	 35.560	  1.004	  0.249	  0.002
30	  0.720	 36.765	  1.004	  0.252	  0.002
31	  0.720	 37.970	  1.004	  0.250	  0.002
32	  0.720	 39.175	  1.004	  0.251	  0.002
33	  0.720	 40.380	  1.004	  0.251	  0.002
34	  0.720	 41.584	  1.004	  0.250	  0.002
35	  0.720	 42.789	  1.004	  0.251	  0.002
36	  0.720	 43.994	  1.004	  0.249	  0.002
37	  0.720	 45.199	  1.004	  0.252	  0.002
38	  0.720	 46.404	  1.004	  0.249	  0.002
39	  0.720	 47.609	  1.004	  0.252	  0.002
40	  0.720	 48.813	  1.004	  0.250	  0.002
41	  0.720	 50.018	  1.004	  0.251	  0.002
42	  0.720	 51.223	  1.004	  0.251	  0.002
43	  0.720	 52.428	  1.004	  0.250	  0.002
44	  0.720	 53.633	  1.004	  0.251	  0.002
45	  0.720	 54.837	  1.004	  0.249	  0.002
46	  0.720	 56.042	  1.004	  0.252	  0.002
47	  0.720	 57.247	  1.004	  0.249	  0.002
48	  0.720	 58.452	  1.004	  0.252	  0.002
49	  0.720	 59.657	  1.004	  0.250	  0.002
50	  0.720	 60.862	  1.004	  0.251	  0.002
51	  0.720	 62.066	  1.004	  0.251	  0.002
52	  0.720	 63.271	  1.004	  0.250	  0.002
53	  0.720	 64.476	  1.004	  0.251	  0.002
54	  0.720	 65.681	  1.004	  0.249	  0.002
55	  0.720	 66.886	  1.004	  0.252	  0.002
56	  0.720	 68.090	  1.004	  0.249	  0.002
57	  0.720	 69.295	  1.004	  0.251	  0.002
58	  0.720	 70.500	  1.004	  0.250	  0.002
59	  0.720	 71.705	  1.004	  0.250	  0.002
60	  0.720	 72.910	  1.004	  0.251	  0.002
61	  0.720	 74.115	  1.004	  0.251	  0.002
62	  0.720	 75.319	  1.004	  0.250	  0.002
63	  0.720	 76.524	  1.004	  0.252	  0.002
64	  0.720	 77.729	  1.004	  0.249	  0.002
65	  0.720	 78.934	  1.004	  0.253	  0.002
66	  0.720	 80.139	  1.004	  0.249	  0.002
67	  0.720	 81.344	  1.004	  0.252	  0.002
68	  0.720	 82.548	  1.004	  0.250	  0.002
69	  0.720	 83.753	  1.004	  0.250	  0.002
70	  0.720	 84.958	  1.004	  0.251	  0.002
71	  0.720	 86.163	  1.004	  0.249	  0.002
72	  0.720	 87.368	  1.004	  0.253	  0.002
73	  0.720	 88.572	  1.004	  0.248	  0.002
74	  0.720	 89.777	  1.004	  0.253	  0.002
75	  0.720	 90.982	  1.004	  0.249	  0.002
76	  0.720	 92.187	  1.004	  0.252	  0.002
77	  0.720	 93.392	  1.004	  0.250	  0.002
78	  0.720	 94.596	  1.004	  0.251	  0.002
79	  0.720	 95.801	  1.004	  0.251	  0.002
80	  0.720	 97.006	  1.004	  0.250	  0.002
81	  0.720	 98.211	  1.004	  0.251	  0.002
82	  0.720	 99.416	  1.004	  0.249	  0.002
0	  0.840	  0.624	  1.004	  0.156	  0.002
1	  0.840	  1.827	  1.004	  0.117	  0.002
2	  0.840	  3.033	  1.004	  0.149	  0.002
3	  0.840	  4.237	  1.004	  0.128	  0.002
4	  0.840	  5.442	  1.004	  0.138	  0.002
5	  0.840	  6.647	  1.004	  0.136	  0.002
6	  0.840	  7.852	  1.004	  0.132	  0.002
7	  0.840	  9.057	  1.004	  0.145	  0.002
8	  0.840	 10.261	  1.004	  0.120	  0.002
9	  0.840	 11.467	  1.004	  0.155	  0.002
10	  0.840	 12.670	  1.004	  0.118	  0.002
11	  0.840	 13.876	  1.004	  0.147	  0.002
12	  0.840	 15.080	  1.004	  0.130	  0.002
13	  0.840	 16.285	  1.004	  0.137	  0.002
14	  0.840	 17.490	  1.004	  0.136	  0.002
15	  0.840	 18.695	  1.004	  0.132	  0.002
16	  0.840	 19.900	  1.004	  0.144	  0.002
17	  0.840	 21.104	  1.004	  0.122	  0.002
18	  0.840	 22.310	  1.004	  0.151	  0.002
19	  0.840	 23.514	  1.004	  0.122	  0.002
20	  0.840	 24.719	  1.004	  0.143	  0.002
21	  0.840	 25.924	  1.004	  0.133	  0.002
22	  0.840	 27.129	  1.004	  0.135	  0.002
23	  0.840	 28.334	  1.004	  0.137	  0.002
24	  0.840	 29.538	  1.004	  0.135	  0.002
25	  0.840	 30.743	  1.004	  0.132	  0.002
26	  0.840	 31.948	  1.004	  0.145	  0.002
27	  0.840	 33.152	  1.004	  0.119	  0.002
28	  0.840	 34.359	  1.004	  0.156	  0.002
29	  0.840	 35.562	  1.004	  0.117	  0.002
30	  0.840	 36.768	  1.004	  0.149	  0.002
31	  0.840	 37.972	  1.004	  0.129	  0.002
32	  0.840	 39.177	  1.004	  0.138	  0.002
33	  0.840	 40.382	  1.004	  0.136	  0.002
34	  0.840	 41.586	  1.004	  0.132	  0.002
35	  0.840	 42.792	  1.004	  0.145	  0.002
36	  0.840	 43.996	  1.004	  0.119	  0.002
37	  0.840	 45.202	  1.004	  0.156	  0.002
38	  0.840	 46.405	  1.004	  0.116	  0.002
39	  0.840	 47.611	  1.004	  0.149	  0.002
40	  0.840	 48.815	  1.004	  0.128	  0.002
41	  0.840	 50.020	  1.004	  0.138	  0.002
42	  0.840	 51.225	  1.004	  0.136	  0.002
43	  0.840	 52.430	  1.004	  0.132	  0.002
44	  0.840	 53.635	  1.004	  0.145	  0.002
45	  0.840	 54.839	  1.004	  0.119	  0.002
46	  0.840	 56.045	  1.004	  0.156	  0.002
47	  0.840	 57.248	  1.004	  0.117	  0.002
48	  0.840	 58.455	  1.004	  0.148	  0.002
49	  0.840	 59.659	  1.004	  0.129	  0.002
50	  0.840	 60.864	  1.004	  0.137	  0.002
51	  0.840	 62.069	  1.004	  0.136	  0.002
52	  0.840	 63.273	  1.004	  0.132	  0.002
53	  0.840	 64.479	  1.004	  0.144	  0.002
54	  0.840	 65.682	  1.004	  0.122	  0.002
55	  0.840	 66.889	  1.004	  0.151	  0.002
56	  0.840	 68.092	  1.004	  0.122	  0.002
57	  0.840	 69.298	  1.004	  0.143	  0.002
58	  0.840	 70.502	  1.004	  0.133	  0.002
59	  0.840	 71.707	  1.004	  0.135	  0.002
60	  0.840	 72.912	  1.004	  0.136	  0.002
61	  0.840	 74.117	  1.004	  0.136	  0.002
62	  0.840	 75.321	  1.004	  0.130	  0.002
63	  0.840	 76.527	  1.004	  0.148	  0.002
64	  0.840	 77.730	  1.004	  0.115	  0.002
65	  0.840	 78.937	  1.004	  0.160	  0.002
66	  0.840	 80.140	  1.004	  0.113	  0.002
67	  0.840	 81.346	  1.004	  0.151	  0.002
68	  0.840	 82.550	  1.004	  0.128	  0.002
69	  0.840	 83.755	  1.004	  0.135	  0.002
70	  0.840	 84.960	  1.004	  0.143	  0.002
71	  0.840	 86.164	  1.004	  0.120	  0.002
72	  0.840	 87.371	  1.004	  0.145	  0.002
73	  0.840	 88.578	  1.004	  0.125	  0.002
74	  0.840	 89.781	  1.004	  0.138	  0.002
75	  0.840	 90.988	  1.004	  0.129	  0.002
76	  0.840	 92.190	  1.004	  0.138	  0.002
77	  0.840	 93.393	  1.004	  0.127	  0.002
78	  0.840	 94.599	  1.004	  0.139	  0.002
79	  0.840	 95.803	  1.004	  0.136	  0.002
80	  0.840	 97.008	  1.004	  0.132	  0.002
81	  0.840	 98.214	  1.004	  0.145	  0.002
82	  0.840	 99.417	  1.004	  0.119	  0.002
0	  0.960	  0.627	  1.004	  0.073	  0.001
1	  0.960	  1.833	  1.004	 -0.038	  0.001
2	  0.960	  3.039	  1.004	  0.034	  0.001
3	  0.960	  4.242	  1.004	 -0.024	  0.001
4	  0.960	  5.451	  1.004	  0.051	  0.001
5	  0.960	  6.654	  1.004	  0.006	  0.001
6	  0.960	  7.858	  1.004	  0.014	  0.001
7	  0.960	  9.061	  1.004	 -0.009	  0.001
8	  0.960	 10.269	  1.004	  0.010	  0.001
9	  0.960	 11.474	  1.004	  0.050	  0.001
10	  0.960	 12.678	  1.004	 -0.019	  0.001
11	  0.960	 13.881	  1.004	  0.012	  0.001
12	  0.960	 15.086	  1.004	 -0.004	  0.001
13	  0.960	 16.293	  1.004	  0.036	  0.001
14	  0.960	 17.498	  1.004	  0.015	  0.001
15	  0.960	 18.700	  1.004	 -0.030	  0.001
16	  0.960	 19.907	  1.004	  0.196	  0.001
17	  0.960	 21.106	  1.004	 -0.174	  0.001
18	  0.960	 22.313	  1.004	  0.095	  0.001
19	  0.960	 23.517	  1.004	 -0.037	  0.001
20	  0.960	 24.724	  1.004	  0.015	  0.001
21	  0.960	 25.931	  1.004	  0.029	  0.001
22	  0.960	 27.136	  1.004	  0.010	  0.001
23	  0.960	 28.341	  1.004	  0.021	  0.001
24	  0.960	 29.545	  1.004	  0.010	  0.001
25	  0.960	 30.750	  1.004	  0.017	  0.001
26	  0.960	 31.952	  1.004	 -0.009	  0.001
27	  0.960	 33.160	  1.004	  0.005	  0.001
28	  0.960	 34.362	  1.004	  0.071	  0.001
29	  0.960	 35.568	  1.004	 -0.035	  0.001
30	  0.960	 36.774	  1.004	  0.032	  0.001
31	  0.960	 37.977	  1.004	 -0.022	  0.001
32	  0.960	 39.186	  1.004	  0.049	  0.001
33	  0.960	 40.389	  1.004	  0.007	  0.001
34	  0.960	 41.593	  1.004	  0.013	  0.001
35	  0.960	 42.796	  1.004	 -0.006	  0.001
36	  0.960	 44.004	  1.004	  0.003	  0.001
37	  0.960	 45.205	  1.004	  0.073	  0.001
38	  0.960	 46.412	  1.004	 -0.039	  0.001
39	  0.960	 47.617	  1.004	  0.036	  0.001
40	  0.960	 48.820	  1.004	 -0.025	  0.001
41	  0.960	 50.029	  1.004	  0.051	  0.001
42	  0.960	 51.232	  1.004	  0.006	  0.001
43	  0.960	 52.436	  1.004	  0.013	  0.001
44	  0.960	 53.639	  1.004	 -0.005	  0.001
45	  0.960	 54.847	  1.004	  0.002	  0.001
46	  0.960	 56.049	  1.004	  0.074	  0.001
47	  0.960	 57.255	  1.004	 -0.036	  0.001
48	  0.960	 58.460	  1.004	  0.029	  0.001
49	  0.960	 59.664	  1.004	 -0.016	  0.001
50	  0.960	 60.872	  1.004	  0.042	  0.001
51	  0.960	 62.076	  1.004	  0.013	  0.001
52	  0.960	 63.279	  1.004	 -0.031	  0.001
53	  0.960	 64.485	  1.004	  0.205	  0.001
54	  0.960	 65.684	  1.004	 -0.183	  0.001
55	  0.960	 66.891	  1.004	  0.098	  0.001
56	  0.960	 68.096	  1.004	 -0.038	  0.001
57	  0.960	 69.302	  1.004	  0.016	  0.001
58	  0.960	 70.509	  1.004	  0.029	  0.001
59	  0.960	 71.714	  1.004	  0.012	  0.001
60	  0.960	 72.919	  1.004	  0.016	  0.001
61	  0.960	 74.124	  1.004	  0.023	  0.001
62	  0.960	 75.327	  1.004	 -0.007	  0.001
63	  0.960	 76.532	  1.004	  0.028	  0.001
64	  0.960	 77.737	  1.004	 -0.042	  0.001
65	  0.960	 78.942	  1.004	  0.134	  0.001
66	  0.960	 80.145	  1.004	 -0.094	  0.001
67	  0.960	 81.353	  1.004	  0.064	  0.001
68	  0.960	 82.555	  1.004	 -0.028	  0.001
69	  0.960	 83.762	  1.004	  0.016	  0.001
70	  0.960	 84.967	  1.004	  0.214	  0.001
71	  0.960	 86.165	  1.004	 -0.239	  0.001
72	  0.960	 87.380	  1.004	  0.067	  0.001
73	  0.960	 88.584	  1.004	  0.208	  0.001
74	  0.960	 89.783	  1.004	 -0.183	  0.001
75	  0.960	 90.993	  1.004	  0.067	  0.001
76	  0.960	 92.195	  1.004	 -0.001	  0.001
77	  0.960	 93.398	  1.004	 -0.047	  0.001
78	  0.960	 94.608	  1.004	  0.057	  0.001
79	  0.960	 95.810	  1.004	  0.004	  0.001
80	  0.960	 97.015	  1.004	  0.014	  0.001
81	  0.960	 98.217	  1.004	 -0.006	  0.001
82	  0.960	 99.425	  1.004	  0.003	  0.001
0	  1.080	  0.627	  1.004	 -0.187	  0.001
1	  1.080	  1.837	  1.004	 -0.088	  0.001
2	  1.080	  3.039	  1.004	 -0.082	  0.001
3	  1.080	  4.245	  1.004	  0.246	  0.001
4	  1.080	  5.451	  1.004	  0.093	  0.001
5	  1.080	  6.655	  1.004	  0.257	  0.001
6	  1.080	  7.861	  1.004	 -0.087	  0.001
7	  1.080	  9.063	  1.004	 -0.155	  0.001
8	  1.080	 10.271	  1.004	 -0.103	  0.001
9	  1.080	 11.479	  1.004	 -0.018	  0.001
10	  1.080	 12.684	  1.004	  0.138	  0.001
11	  1.080	 13.876	  1.004	 -0.022	  0.001
12	  1.080	 15.093	  1.004	 -0.026	  0.001
13	  1.080	 16.296	  1.004	 -0.063	  0.001
14	  1.080	 17.499	  1.004	 -0.111	  0.001
15	  1.080	 18.704	  1.004	  0.190	  0.001
16	  1.080	 19.933	  1.004	  0.950	  0.001
17	  1.080	 21.089	  1.004	 -0.769	  0.001
18	  1.080	 22.317	  1.004	  0.157	  0.001
19	  1.080	 23.522	  1.004	 -0.200	  0.001
20	  1.080	 24.728	  1.004	 -0.156	  0.001
21	  1.080	 25.935	  1.004	 -0.004	  0.001
22	  1.080	 27.136	  1.004	 -0.146	  0.001
23	  1.080	 28.342	  1.004	 -0.060	  0.001
24	  1.080	 29.547	  1.004	 -0.120	  0.001
25	  1.080	 30.753	  1.004	 -0.085	  0.001
26	  1.080	 31.960	  1.004	 -0.143	  0.001
27	  1.080	 33.160	  1.004	 -0.094	  0.001
28	  1.080	 34.367	  1.004	 -0.098	  0.001
29	  1.080	 35.573	  1.004	 -0.103	  0.001
30	  1.080	 36.778	  1.004	 -0.080	  0.001
31	  1.080	 37.981	  1.004	  0.260	  0.001
32	  1.080	 39.190	  1.004	  0.050	  0.001
33	  1.080	 40.392	  1.004	 -0.189	  0.001
34	  1.080	 41.595	  1.004	 -0.112	  0.001
35	  1.080	 42.800	  1.004	 -0.127	  0.001
36	  1.080	 44.008	  1.004	 -0.026	  0.001
37	  1.080	 45.206	  1.004	 -0.163	  0.001
38	  1.080	 46.415	  1.004	 -0.099	  0.001
39	  1.080	 47.618	  1.004	 -0.070	  0.001
40	  1.080	 48.823	  1.004	  0.235	  0.001
41	  1.080	 50.030	  1.004	  0.109	  0.001
42	  1.080	 51.234	  1.004	  0.251	  0.001
43	  1.080	 52.439	  1.004	 -0.102	  0.001
44	  1.080	 53.643	  1.004	 -0.125	  0.001
45	  1.080	 54.851	  1.004	 -0.042	  0.001
46	  1.080	 56.049	  1.004	 -0.154	  0.001
47	  1.080	 57.259	  1.004	 -0.082	  0.001
48	  1.080	 58.463	  1.004	 -0.112	  0.001
49	  1.080	 59.670	  1.004	 -0.168	  0.001
50	  1.080	 60.878	  1.004	  0.022	  0.001
51	  1.080	 62.081	  1.004	 -0.158	  0.001
52	  1.080	 63.282	  1.004	  0.228	  0.001
53	  1.080	 64.498	  1.004	  0.456	  0.001
54	  1.080	 65.669	  1.004	 -0.373	  0.001
55	  1.080	 66.898	  1.004	  0.225	  0.001
56	  1.080	 68.099	  1.004	  0.254	  0.001
57	  1.080	 69.302	  1.004	 -0.153	  0.001
58	  1.080	 70.513	  1.004	 -0.002	  0.001
59	  1.080	 71.715	  1.004	 -0.132	  0.001
60	  1.080	 72.922	  1.004	 -0.078	  0.001
61	  1.080	 74.124	  1.004	 -0.112	  0.001
62	  1.080	 75.333	  1.004	 -0.072	  0.001
63	  1.080	 76.534	  1.004	 -0.129	  0.001
64	  1.080	 77.740	  1.004	  0.240	  0.001
65	  1.080	 78.948	  1.004	  0.184	  0.001
66	  1.080	 80.148	  1.004	  0.114	  0.001
67	  1.080	 81.357	  1.004	  0.225	  0.001
68	  1.080	 82.553	  1.004	  0.056	  0.001
69	  1.080	 83.763	  1.004	 -0.174	  0.001
70	  1.080	 85.017	  1.004	  2.146	  0.001
71	  1.080	 86.134	  1.004	 -1.748	  0.001
72	  1.080	 87.387	  1.004	 -0.093	  0.001
73	  1.080	 88.598	  1.004	  0.695	  0.001
74	  1.080	 89.756	  1.004	 -0.874	  0.001
75	  1.080	 91.001	  1.004	  0.263	  0.001
76	  1.080	 92.202	  1.004	 -0.029	  0.001
77	  1.080	 93.398	  1.004	  0.071	  0.001
78	  1.080	 94.614	  1.004	 -0.083	  0.001
79	  1.080	 95.806	  1.004	 -0.035	  0.001
80	  1.080	 97.018	  1.004	 -0.079	  0.001
81	  1.080	 98.221	  1.004	 -0.134	  0.001
82	  1.080	 99.430	  1.004	 -0.005	  0.001
0	  1.200	  0.592	  1.005	 -1.918	  0.001
1	  1.200	  1.846	  1.005	  0.041	  0.001
2	  1.200	  3.035	  1.005	 -0.151	  0.001
3	  1.200	  4.249	  1.005	  0.195	  0.001
4	  1.200	  5.455	  1.005	 -0.028	  0.001
5	  1.200	  6.657	  1.005	  0.110	  0.001
6	  1.200	  7.869	  1.005	  0.333	  0.001
7	  1.200	  9.061	  1.005	  0.081	  0.001
8	  1.200	 10.274	  1.005	  0.238	  0.001
9	  1.200	 11.485	  1.005	  0.068	  0.001
10	  1.200	 12.840	  1.005	  7.959	  0.001
11	  1.200	 13.748	  1.005	 -7.442	  0.001
12	  1.200	 15.224	  1.005	 14.806	  0.001
13	  1.200	 15.982	  1.005	-46.379	  0.001
14	  1.200	 17.504	  1.005	  0.265	  0.001
15	  1.200	 18.708	  1.005	  0.265	  0.001
16	  1.200	-59.253	  1.005	-3890.341	  0.001
17	  1.200	100.397	  1.005	3899.000	  0.001
18	  1.200	 10.044	  1.005	89429.243	  0.001
19	  1.200	 23.518	  1.005	  0.227	  0.001
20	  1.200	 24.727	  1.005	  0.118	  0.001
21	  1.200	 25.957	  1.005	  0.687	  0.001
22	  1.200	 27.123	  1.005	 -0.535	  0.001
23	  1.200	 28.344	  1.005	 -0.081	  0.001
24	  1.200	 29.550	  1.005	  0.205	  0.001
25	  1.200	 30.759	  1.005	 -0.163	  0.001
26	  1.200	 31.960	  1.005	  0.237	  0.001
27	  1.200	 33.165	  1.005	  0.227	  0.001
28	  1.200	 34.369	  1.005	  0.242	  0.001
29	  1.200	 35.575	  1.005	  0.224	  0.001
30	  1.200	 36.786	  1.005	 -0.120	  0.001
31	  1.200	 37.986	  1.005	  0.076	  0.001
32	  1.200	 39.196	  1.005	  0.002	  0.001
33	  1.200	 40.387	  1.005	  0.114	  0.001
34	  1.200	 41.597	  1.005	  0.239	  0.001
35	  1.200	 42.803	  1.005	  4.598	  0.001
36	  1.200	 44.071	  1.005	-55383.667	  0.001
37	  1.200	 45.161	  1.005	 -2.444	  0.001
38	  1.200	 46.423	  1.005	  0.106	  0.001
39	  1.200	 47.624	  1.005	  0.110	  0.001
40	  1.200	 48.994	  1.005	  7.928	  0.001
41	  1.200	 37.763	  1.005	54788.938	  0.001
42	  1.200	 51.239	  1.005	  0.141	  0.001
43	  1.200	 52.440	  1.005	  0.201	  0.001
44	  1.200	 53.642	  1.005	  0.033	  0.001
45	  1.200	 54.946	  1.005	  6.747	  0.001
46	  1.200	 55.889	  1.005	-14.704	  0.001
47	  1.200	 57.267	  1.005	  0.099	  0.001
48	  1.200	 58.466	  1.005	  0.172	  0.001
49	  1.200	 59.673	  1.005	 19.245	  0.001
50	  1.200	 60.882	  1.005	-13233.121	  0.001
51	  1.200	 62.086	  1.005	  0.241	  0.001
52	  1.200	 63.270	  1.005	 -0.408	  0.001
53	  1.200	-4979.585	  1.005	-494420.747	  0.001
54	  1.200	5109.785	  1.005	494421.321	  0.001
55	  1.200	 66.920	  1.005	  0.824	  0.001
56	  1.200	 68.096	  1.005	 -0.111	  0.001
57	  1.200	 69.299	  1.005	 -0.158	  0.001
58	  1.200	 70.524	  1.005	  0.166	  0.001
59	  1.200	 71.713	  1.005	  0.035	  0.001
60	  1.200	 72.934	  1.005	  0.021	  0.001
61	  1.200	 74.124	  1.005	  0.064	  0.001
62	  1.200	 75.338	  1.005	 -0.032	  0.001
63	  1.200	 76.537	  1.005	  0.137	  0.001
64	  1.200	 77.743	  1.005	  0.029	  0.001
65	  1.200	 78.973	  1.005	  0.870	  0.001
66	  1.200	 80.135	  1.005	4782.878	  0.001
67	  1.200	 81.437	  1.005	-18.556	  0.001
68	  1.200	 82.504	  1.005	 -2.944	  0.001
69	  1.200	 83.756	  1.005	 -0.057	  0.001
70	  1.200	-432.211	  1.005	-11904.252	  0.001
71	  1.200	615.749	  1.005	12638.332	  0.001
72	  1.200	 87.393	  1.005	-77901.147	  0.001
73	  1.200	-303.438	  1.005	-19088.761	  0.001
74	  1.200	481.780	  1.005	-271922.247	  0.001
75	  1.200	 91.027	  1.005	-65.657	  0.001
76	  1.200	 92.269	  1.005	  0.501	  0.001
77	  1.200	 93.333	  1.005	 -3.545	  0.001
78	  1.200	 94.756	  1.005	  7.026	  0.001
79	  1.200	 95.706	  1.005	 -6.124	  0.001
80	  1.200	 97.025	  1.005	  0.265	  0.001
81	  1.200	 98.226	  1.005	 -0.087	  0.001
82	  1.200	 99.481	  1.005	  2.331	  0.001
0	  1.320	  9.803	  1.005	210.086	  0.001
1	  1.320	-42525.936	  1.005	-69288.113	  0.001
2	  1.320	53131.867	  1.005	317665.051	  0.001
3	  1.320	839.821	  1.005	29441.309	  0.001
4	  1.320	-23273.436	  1.005	-427215.540	  0.001
5	  1.320	-3156.137	  1.005	314822.213	  0.001
6	  1.320	-8267.085	  1.005	134491.224	  0.001
7	  1.320	-15392.448	  1.005	-412144.837	  0.001
8	  1.320	2795.332	  1.005	174525.511	  0.001
9	  1.320	-2397.252	  1.005	-17295.524	  0.001
10	  1.320	12930.120	  1.005	-332484.303	  0.001
11	  1.320	469.452	  1.005	63279.484	  0.001
12	  1.320	3892.420	  1.005	-40432.391	  0.001
13	  1.320	 66.591	  1.005	-15971.785	  0.001
14	  1.320	 43.627	  1.005	-452.162	  0.001
15	  1.320	-904.594	  1.005	289534.302	  0.001
16	  1.320	64526.392	  1.005	399278.575	  0.001
17	  1.320	-9600.291	  1.005	290960.813	  0.001
18	  1.320	-18384.591	  1.005	-158860.614	  0.001
19	  1.320	318.570	  1.005	-29981.428	  0.001
20	  1.320	-7374.904	  1.005	-236469.691	  0.001
21	  1.320	-214.031	  1.005	-3228.601	  0.001
22	  1.320	-13731.730	  1.005	-499380.357	  0.001
23	  1.320	-3558.398	  1.005	-387296.971	  0.001
24	  1.320	-4144.838	  1.005	-75604.689	  0.001
25	  1.320	-12468.789	  1.005	-14843.682	  0.001
26	  1.320	-4319.966	  1.005	-188242.898	  0.001
27	  1.320	 58.780	  1.005	 91.837	  0.001
28	  1.320	-6379.179	  1.005	-94650.664	  0.001
29	  1.320	-4782.628	  1.005	-48793.438	  0.001
30	  1.320	-5130.622	  1.005	-27674.953	  0.001
31	  1.320	12056.530	  1.005	96402.865	  0.001
32	  1.320	6325.732	  1.005	47935.977	  0.001
33	  1.320	-17589.689	  1.005	-199881.661	  0.001
34	  1.320	-7110.110	  1.005	-709183.951	  0.001
35	  1.320	-137.246	  1.005	-4462.040	  0.001
36	  1.320	1583.080	  1.005	-212995.769	  0.001
37	  1.320	1835.256	  1.005	-12509.771	  0.001
38	  1.320	 25.143	  1.005	393898.793	  0.001
39	  1.320	-14180.247	  1.005	-103914.500	  0.001
40	  1.320	-1091.335	  1.005	31331.141	  0.001
41	  1.320	3451.944	  1.005	13314.500	  0.001
42	  1.320	-6185.110	  1.005	-156706.802	  0.001
43	  1.320	-3229.600	  1.005	-58519.424	  0.001
44	  1.320	4462.557	  1.005	511263.545	  0.001
45	  1.320	11310.804	  1.005	-47208.675	  0.001
46	  1.320	-10446.953	  1.005	-291063.699	  0.001
47	  1.320	-635.891	  1.005	-104759.568	  0.001
48	  1.320	-64.134	  1.005	-1345.824	  0.001
49	  1.320	 63.197	  1.005	-66350.857	  0.001
50	  1.320	12178.811	  1.005	21256.756	  0.001
51	  1.320	3593.212	  1.005	-316625.982	  0.001
52	  1.320	-2729.273	  1.005	201101.366	  0.001
53	  1.320	-54890.468	  1.005	-347296.070	  0.001
54	  1.320	55475.098	  1.005	311170.816	  0.001
55	  1.320	-311.658	  1.005	352203.096	  0.001
56	  1.320	9039.992	  1.005	-372276.780	  0.001
57	  1.320	-683.190	  1.005	-28234.790	  0.001
58	  1.320	3276.385	  1.005	60957.616	  0.001
59	  1.320	52215.429	  1.005	655204.948	  0.001
60	  1.320	4704.820	  1.005	591805.422	  0.001
61	  1.320	-6674.987	  1.005	-342706.707	  0.001
62	  1.320	-1049.956	  1.005	-18475.790	  0.001
63	  1.320	5313.143	  1.005	-32384.282	  0.001
64	  1.320	-4814.522	  1.005	-2090.240	  0.001
65	  1.320	-429.771	  1.005	-6652.964	  0.001
66	  1.320	-2228.382	  1.005	-245719.058	  0.001
67	  1.320	-46274.461	  1.005	-401001.605	  0.001
68	  1.320	38241.165	  1.005	455469.246	  0.001
69	  1.320	6115.932	  1.005	695931.615	  0.001
70	  1.320	-605.709	  1.005	14290.270	  0.001
71	  1.320	-6785.337	  1.005	222814.565	  0.001
72	  1.320	-3365.890	  1.005	-19311.919	  0.001
73	  1.320	-555.304	  1.005	10478.389	  0.001
74	  1.320	-4036.098	  1.005	362088.033	  0.001
75	  1.320	9066.580	  1.005	83947.979	  0.001
76	  1.320	105.125	  1.005	861.919	  0.001
77	  1.320	19350.509	  1.005	-49198.784	  0.001
78	  1.320	-53498.045	  1.005	-705653.127	  0.001
79	  1.320	52364.688	  1.005	687332.078	  0.001
80	  1.320	1311.132	  1.005	3614.402	  0.001
81	  1.320	-2480.689	  1.005	-107919.408	  0.001
82	  1.320	-14.227	  1.005	217466.223	  0.001
0	  1.440	4805.765	  1.005	39832.685	  0.001
1	  1.440	-49817.080	  1.005	-51011.063	  0.001
2	  1.440	62273.643	  1.005	-51871.978	  0.001
3	  1.440	10968.631	  1.005	334155.036	  0.001
4	  1.440	-23980.651	  1.005	432307.044	  0.001
5	  1.440	-510.582	  1.005	330294.313	  0.001
6	  1.440	-4782.683	  1.005	-157302.829	  0.001
7	  1.440	-44019.424	  1.005	-420648.293	  0.001
8	  1.440	11395.021	  1.005	-47273.216	  0.001
9	  1.440	-3069.812	  1.005	8120.068	  0.001
10	  1.440	39155.721	  1.005	27312.283	  0.001
11	  1.440	10555.489	  1.005	198558.755	  0.001
12	  1.440	-183.361	  1.005	-272734.102	  0.001
13	  1.440	-88.891	  1.005	547257.059	  0.001
14	  1.440	2545.367	  1.005	-221753.565	  0.001
15	  1.440	5417.586	  1.005	81286.875	  0.001
16	  1.440	80272.172	  1.005	-217892.581	  0.001
17	  1.440	-22358.341	  1.005	-630815.919	  0.001
18	  1.440	19682.497	  1.005	240214.886	  0.001
19	  1.440	5308.300	  1.005	159218.372	  0.001
20	  1.440	-34550.013	  1.005	-117182.684	  0.001
21	  1.440	1738.251	  1.005	27491.593	  0.001
22	  1.440	-32357.268	  1.005	434224.164	  0.001
23	  1.440	-42268.044	  1.005	-87955.865	  0.001
24	  1.440	-10652.253	  1.005	-3048.706	  0.001
25	  1.440	-27506.184	  1.005	-460914.196	  0.001
26	  1.440	8509.781	  1.005	618791.726	  0.001
27	  1.440	 77.403	  1.005	-1454.103	  0.001
28	  1.440	-5789.616	  1.005	13917.186	  0.001
29	  1.440	4069.607	  1.005	179615.050	  0.001
30	  1.440	20341.219	  1.005	672137.221	  0.001
31	  1.440	11405.487	  1.005	44053.828	  0.001
32	  1.440	-11738.017	  1.005	-59932.488	  0.001
33	  1.440	-2300.220	  1.005	255443.983	  0.001
34	  1.440	-68413.073	  1.005	-358267.640	  0.001
35	  1.440	2760.738	  1.005	163745.446	  0.001
36	  1.440	11017.921	  1.005	-80490.562	  0.001
37	  1.440	4355.815	  1.005	1914.815	  0.001
38	  1.440	5361.780	  1.005	-9572.422	  0.001
39	  1.440	-23728.376	  1.005	-21040.502	  0.001
40	  1.440	-9704.782	  1.005	45625.537	  0.001
41	  1.440	-15412.910	  1.005	-583247.505	  0.001
42	  1.440	-22586.066	  1.005	-115022.769	  0.001
43	  1.440	5901.717	  1.005	130290.069	  0.001
44	  1.440	31486.458	  1.005	125354.540	  0.001
45	  1.440	8592.288	  1.005	-4185.354	  0.001
46	  1.440	-29285.716	  1.005	-34977.137	  0.001
47	  1.440	-1383.752	  1.005	109290.460	  0.001
48	  1.440	194.289	  1.005	115432.302	  0.001
49	  1.440	-6385.640	  1.005	371708.445	  0.001
50	  1.440	-23000.309	  1.005	-294090.749	  0.001
51	  1.440	-21017.046	  1.005	-89491.439	  0.001
52	  1.440	19714.118	  1.005	265154.037	  0.001
53	  1.440	-72353.106	  1.005	-40863.138	  0.001
54	  1.440	71477.111	  1.005	-213208.414	  0.001
55	  1.440	-19873.210	  1.005	334664.972	  0.001
56	  1.440	-16879.757	  1.005	41003.919	  0.001
57	  1.440	-9016.464	  1.005	-129818.289	  0.001
58	  1.440	8732.842	  1.005	47276.566	  0.001
59	  1.440	34328.665	  1.005	-494493.195	  0.001
60	  1.440	16597.488	  1.005	-575089.161	  0.001
61	  1.440	-60.503	  1.005	76347.971	  0.001
62	  1.440	-22087.102	  1.005	150621.069	  0.001
63	  1.440	1844.864	  1.005	-24745.120	  0.001
64	  1.440	-54330.009	  1.005	-134570.346	  0.001
65	  1.440	-2583.079	  1.005	99910.469	  0.001
66	  1.440	-16616.194	  1.005	157781.168	  0.001
67	  1.440	-49451.892	  1.005	58796.782	  0.001
68	  1.440	58931.829	  1.005	256906.654	  0.001
69	  1.440	42536.979	  1.005	179365.720	  0.001
70	  1.440	-24879.820	  1.005	151360.881	  0.001
71	  1.440	-1714.348	  1.005	-78880.334	  0.001
72	  1.440	10656.623	  1.005	9652.941	  0.001
73	  1.440	-22111.751	  1.005	46305.974	  0.001
74	  1.440	14733.741	  1.005	-195212.423	  0.001
75	  1.440	16030.708	  1.005	13339.711	  0.001
76	  1.440	6367.546	  1.005	169444.320	  0.001
77	  1.440	25041.341	  1.005	799160.274	  0.001
78	  1.440	-84634.440	  1.005	268830.544	  0.001
79	  1.440	125364.514	  1.005	514695.404	  0.001
80	  1.440	32998.705	  1.005	325274.499	  0.001
81	  1.440	15645.839	  1.005	250408.903	  0.001
82	  1.440	-21071.015	  1.005	-139149.987	  0.001
0	  1.560	6275.521	  1.005	198.635	  0.000
1	  1.560	-69002.294	  1.005	-369762.347	  0.000
2	  1.560	57873.839	  1.005	63757.493	  0.000
3	  1.560	20140.683	  1.005	-229490.041	  0.000
4	  1.560	22405.012	  1.005	223822.802	  0.000
5	  1.560	29027.963	  1.005	149664.040	  0.000
6	  1.560	-17964.440	  1.005	-435445.045	  0.000
7	  1.560	-50048.651	  1.005	66940.735	  0.000
8	  1.560	9014.102	  1.005	-35492.965	  0.000
9	  1.560	-8231.896	  1.005	14026.558	  0.000
10	  1.560	50948.358	  1.005	205658.970	  0.000
11	  1.560	27072.756	  1.005	-37248.081	  0.000
12	  1.560	-27521.095	  1.005	-863269.554	  0.000
13	  1.560	58814.395	  1.005	429437.455	  0.000
14	  1.560	-12207.343	  1.005	-1117.995	  0.000
15	  1.560	27110.477	  1.005	-453632.685	  0.000
16	  1.560	58947.609	  1.005	-210096.287	  0.000
17	  1.560	-87848.412	  1.005	-471015.134	  0.000
18	  1.560	37856.697	  1.005	-82192.349	  0.000
19	  1.560	12498.941	  1.005	-54197.155	  0.000
20	  1.560	-42265.710	  1.005	22045.648	  0.000
21	  1.560	-16.568	  1.005	65261.488	  0.000
22	  1.560	4295.313	  1.005	186503.455	  0.000
23	  1.560	-33333.623	  1.005	100523.968	  0.000
24	  1.560	-10179.883	  1.005	3840.819	  0.000
25	  1.560	-54429.314	  1.005	185975.970	  0.000
26	  1.560	48170.663	  1.005	-7855.236	  0.000
27	  1.560	476.775	  1.005	62089.303	  0.000
28	  1.560	-23784.521	  1.005	-83078.698	  0.000
29	  1.560	10535.673	  1.005	549861.628	  0.000
30	  1.560	83654.796	  1.005	424103.826	  0.000
31	  1.560	1753.060	  1.005	-88142.630	  0.000
32	  1.560	-32175.726	  1.005	-571809.647	  0.000
33	  1.560	17777.440	  1.005	177235.161	  0.000
34	  1.560	-90163.273	  1.005	-82747.001	  0.000
35	  1.560	8282.664	  1.005	561234.093	  0.000
36	  1.560	26527.727	  1.005	560334.237	  0.000
37	  1.560	1527.868	  1.005	581795.841	  0.000
38	  1.560	7356.867	  1.005	-158899.898	  0.000
39	  1.560	-14933.968	  1.005	99019.872	  0.000
40	  1.560	-11523.028	  1.005	-17091.595	  0.000
41	  1.560	-60384.683	  1.005	332571.176	  0.000
42	  1.560	-49787.739	  1.005	-258049.604	  0.000
43	  1.560	17721.062	  1.005	-376898.825	  0.000
44	  1.560	31130.592	  1.005	-90541.804	  0.000
45	  1.560	11222.564	  1.005	-62439.707	  0.000
46	  1.560	-19885.115	  1.005	-84973.411	  0.000
47	  1.560	-7679.548	  1.005	-138603.233	  0.000
48	  1.560	486.622	  1.005	196555.158	  0.000
49	  1.560	-3188.011	  1.005	-594692.641	  0.000
50	  1.560	-27775.678	  1.005	131712.053	  0.000
51	  1.560	-40831.776	  1.005	-771029.239	  0.000
52	  1.560	37389.348	  1.005	89943.600	  0.000
53	  1.560	-76100.758	  1.005	1030007.260	  0.000
54	  1.560	46886.035	  1.005	-684531.029	  0.000
55	  1.560	-2843.411	  1.005	3372.534	  0.000
56	  1.560	-17651.923	  1.005	199010.834	  0.000
57	  1.560	-19959.314	  1.005	-112471.472	  0.000
58	  1.560	9896.246	  1.005	-10043.011	  0.000
59	  1.560	10088.858	  1.005	578007.219	  0.000
60	  1.560	-45307.963	  1.005	-451308.796	  0.000
61	  1.560	7031.702	  1.005	-42552.792	  0.000
62	  1.560	-12123.756	  1.005	-83297.737	  0.000
63	  1.560	19368.749	  1.005	-71836.679	  0.000
64	  1.560	-67948.834	  1.005	-56816.482	  0.000
65	  1.560	-12784.451	  1.005	-159575.038	  0.000
66	  1.560	17657.496	  1.005	352546.599	  0.000
67	  1.560	-47487.505	  1.005	-67480.793	  0.000
68	  1.560	71512.700	  1.005	321150.266	  0.000
69	  1.560	44967.234	  1.005	328441.615	  0.000
70	  1.560	-15458.633	  1.005	51276.580	  0.000
71	  1.560	-4835.076	  1.005	3237.523	  0.000
72	  1.560	-3352.425	  1.005	-114809.423	  0.000
73	  1.560	-28049.339	  1.005	-65545.542	  0.000
74	  1.560	159.469	  1.005	22537.301	  0.000
75	  1.560	20106.797	  1.005	-28417.657	  0.000
76	  1.560	23821.596	  1.005	125861.066	  0.000
77	  1.560	47905.712	  1.005	107511.837	  0.000
78	  1.560	-66858.347	  1.005	113027.038	  0.000
79	  1.560	152725.504	  1.005	150480.395	  0.000
80	  1.560	5392.985	  1.005	-577222.524	  0.000
81	  1.560	34459.083	  1.005	80459.774	  0.000
82	  1.560	-20914.250	  1.005	150769.313	  0.000
0	  1.680	11676.147	  1.005	152065.206	  0.000
1	  1.680	-48726.352	  1.005	260668.952	  0.000
2	  1.680	76037.843	  1.005	353220.014	  0.000
3	  1.680	72787.261	  1.005	416715.531	  0.000
4	  1.680	33288.366	  1.005	43985.248	  0.000
5	  1.680	37883.542	  1.005	532570.708	  0.000
6	  1.680	-29186.208	  1.005	151830.720	  0.000
7	  1.680	18787.038	  1.005	597071.922	  0.000
8	  1.680	12878.994	  1.005	-116223.174	  0.000
9	  1.680	-3835.638	  1.005	495277.313	  0.000
10	  1.680	68181.398	  1.005	39736.175	  0.000
11	  1.680	61096.421	  1.005	323184.958	  0.000
12	  1.680	-56910.956	  1.005	-49749.804	  0.000
13	  1.680	82488.021	  1.005	934.173	  0.000
14	  1.680	-14333.010	  1.005	69357.684	  0.000
15	  1.680	-6313.038	  1.005	-23100.061	  0.000
16	  1.680	36568.556	  1.005	-163021.752	  0.000
17	  1.680	-73770.237	  1.005	170494.381	  0.000
18	  1.680	18402.451	  1.005	-39450.976	  0.000
19	  1.680	8948.827	  1.005	-21935.072	  0.000
20	  1.680	-74278.319	  1.005	-434981.143	  0.000
21	  1.680	5553.640	  1.005	31992.693	  0.000
22	  1.680	22395.628	  1.005	97669.240	  0.000
23	  1.680	-43372.757	  1.005	13636.053	  0.000
24	  1.680	862.624	  1.005	301151.343	  0.000
25	  1.680	-61321.003	  1.005	265265.812	  0.000
26	  1.680	96644.041	  1.005	122068.072	  0.000
27	  1.680	-27289.286	  1.005	-334230.369	  0.000
28	  1.680	-18811.871	  1.005	-139546.929	  0.000
29	  1.680	33064.134	  1.005	6887.840	  0.000
30	  1.680	75679.275	  1.005	-103121.443	  0.000
31	  1.680	-3925.235	  1.005	119291.707	  0.000
32	  1.680	-34316.087	  1.005	1032651.134	  0.000
33	  1.680	27872.391	  1.005	-835.246	  0.000
34	  1.680	-99075.172	  1.005	-65001.009	  0.000
35	  1.680	45346.387	  1.005	-590.574	  0.000
36	  1.680	82026.380	  1.005	132476.298	  0.000
37	  1.680	10059.434	  1.005	2237.723	  0.000
38	  1.680	-7502.299	  1.005	-300397.076	  0.000
39	  1.680	-4439.398	  1.005	167197.714	  0.000
40	  1.680	-22926.195	  1.005	-10985.276	  0.000
41	  1.680	-36636.997	  1.005	-376354.576	  0.000
42	  1.680	-56296.025	  1.005	135704.033	  0.000
43	  1.680	7266.737	  1.005	-220080.899	  0.000
44	  1.680	33788.347	  1.005	301534.688	  0.000
45	  1.680	8068.819	  1.005	-58004.586	  0.000
46	  1.680	-27021.442	  1.005	-419830.089	  0.000
47	  1.680	-20925.676	  1.005	-77912.551	  0.000
48	  1.680	17322.270	  1.005	399386.108	  0.000
49	  1.680	-32471.804	  1.005	-125785.275	  0.000
50	  1.680	-45108.171	  1.005	-33656.923	  0.000
51	  1.680	-112399.618	  1.005	-418594.970	  0.000
52	  1.680	33531.449	  1.005	-427109.844	  0.000
53	  1.680	27060.541	  1.005	604469.013	  0.000
54	  1.680	-13943.050	  1.005	-350006.219	  0.000
55	  1.680	11556.660	  1.005	-358514.276	  0.000
56	  1.680	-20734.888	  1.005	-273183.094	  0.000
57	  1.680	-30168.773	  1.005	56019.020	  0.000
58	  1.680	60362.582	  1.005	376357.473	  0.000
59	  1.680	50539.632	  1.005	151361.883	  0.000
60	  1.680	-67713.285	  1.005	114796.632	  0.000
61	  1.680	58022.883	  1.005	152049.870	  0.000
62	  1.680	-19427.036	  1.005	32544.535	  0.000
63	  1.680	13856.424	  1.005	106814.389	  0.000
64	  1.680	-111239.107	  1.005	-377989.061	  0.000
65	  1.680	-25737.271	  1.005	-60688.161	  0.000
66	  1.680	48794.144	  1.005	-368484.827	  0.000
67	  1.680	-16294.329	  1.005	145870.178	  0.000
68	  1.680	83880.358	  1.005	-40460.980	  0.000
69	  1.680	78403.859	  1.005	235727.971	  0.000
70	  1.680	-16804.562	  1.005	-65097.098	  0.000
71	  1.680	-7774.472	  1.005	1057.846	  0.000
72	  1.680	27871.626	  1.005	243228.195	  0.000
73	  1.680	-24139.266	  1.005	276562.983	  0.000
74	  1.680	-1276.129	  1.005	-107912.844	  0.000
75	  1.680	34022.719	  1.005	239920.865	  0.000
76	  1.680	22088.623	  1.005	590811.060	  0.000
77	  1.680	26848.604	  1.005	-264039.053	  0.000
78	  1.680	-62466.094	  1.005	-9422.221	  0.000
79	  1.680	126013.278	  1.005	-133910.783	  0.000
80	  1.680	-38508.502	  1.005	-226922.184	  0.000
81	  1.680	39690.417	  1.005	25406.143	  0.000
82	  1.680	-9475.664	  1.005	53427.317	  0.000
0	  1.800	25364.181	  1.005	-64817.281	  0.000
1	  1.800	-33581.300	  1.005	422715.608	  0.000
2	  1.800	80311.623	  1.005	-415334.207	  0.000
3	  1.800	90345.541	  1.005	19272.374	  0.000
4	  1.800	30252.157	  1.005	332991.852	  0.000
5	  1.800	83572.074	  1.005	5414.931	  0.000
6	  1.800	-403.712	  1.005	-46694.189	  0.000
7	  1.800	38482.671	  1.005	21111.906	  0.000
8	  1.800	80755.221	  1.005	544519.869	  0.000
9	  1.800	-1821.223	  1.005	95646.332	  0.000
10	  1.800	44476.354	  1.005	-633338.762	  0.000
11	  1.800	57263.399	  1.005	-85798.603	  0.000
12	  1.800	-43365.516	  1.005	147074.250	  0.000
13	  1.800	84562.555	  1.005	20426.750	  0.000
14	  1.800	-14817.849	  1.005	-4603.573	  0.000
15	  1.800	6335.200	  1.005	85477.173	  0.000
16	  1.800	35637.335	  1.005	-48384.553	  0.000
17	  1.800	-97756.683	  1.005	-203757.652	  0.000
18	  1.800	6853.462	  1.005	180690.746	  0.000
19	  1.800	8334.807	  1.005	478537.311	  0.000
20	  1.800	-58791.451	  1.005	215466.812	  0.000
21	  1.800	-23048.468	  1.005	-104222.933	  0.000
22	  1.800	24427.197	  1.005	692727.150	  0.000
23	  1.800	-42073.241	  1.005	-184642.339	  0.000
24	  1.800	21849.715	  1.005	73416.963	  0.000
25	  1.800	-98254.971	  1.005	-71698.618	  0.000
26	  1.800	106091.513	  1.005	33231.701	  0.000
27	  1.800	-31380.599	  1.005	-48864.184	  0.000
28	  1.800	-27801.888	  1.005	-92605.499	  0.000
29	  1.800	22562.754	  1.005	45643.634	  0.000
30	  1.800	93192.269	  1.005	534520.225	  0.000
31	  1.800	-23016.765	  1.005	-397045.517	  0.000
32	  1.800	73084.685	  1.005	223890.229	  0.000
33	  1.800	22532.583	  1.005	-105756.441	  0.000
34	  1.800	-104150.683	  1.005	-252704.144	  0.000
35	  1.800	61043.566	  1.005	146880.607	  0.000
36	  1.800	78314.946	  1.005	260725.805	  0.000
37	  1.800	-24784.610	  1.005	-340252.703	  0.000
38	  1.800	-35624.400	  1.005	-184046.292	  0.000
39	  1.800	10949.835	  1.005	445939.066	  0.000
40	  1.800	525.515	  1.005	-803321.139	  0.000
41	  1.800	-67769.679	  1.005	-109402.688	  0.000
42	  1.800	-50985.894	  1.005	-216048.362	  0.000
43	  1.800	-10844.635	  1.005	-82100.162	  0.000
44	  1.800	55789.405	  1.005	-37748.688	  0.000
45	  1.800	5749.292	  1.005	32659.679	  0.000
46	  1.800	-6985.233	  1.005	283333.861	  0.000
47	  1.800	-27048.066	  1.005	-10924.625	  0.000
48	  1.800	60050.637	  1.005	310852.596	  0.000
49	  1.800	-44646.730	  1.005	-77828.697	  0.000
50	  1.800	-23143.849	  1.005	402102.562	  0.000
51	  1.800	-145028.877	  1.005	-71902.791	  0.000
52	  1.800	-3244.883	  1.005	-219901.544	  0.000
53	  1.800	90666.495	  1.005	422887.530	  0.000
54	  1.800	-50199.894	  1.005	-217587.716	  0.000
55	  1.800	-23690.960	  1.005	-249611.386	  0.000
56	  1.800	-50146.922	  1.005	-214454.345	  0.000
57	  1.800	-24369.895	  1.005	83850.392	  0.000
58	  1.800	87293.771	  1.005	300215.882	  0.000
59	  1.800	30876.533	  1.005	-229016.702	  0.000
60	  1.800	-96808.825	  1.005	-230234.194	  0.000
61	  1.800	53334.003	  1.005	-590242.626	  0.000
62	  1.800	-16710.672	  1.005	60777.787	  0.000
63	  1.800	17076.278	  1.005	15475.701	  0.000
64	  1.800	-117400.196	  1.005	-34853.312	  0.000
65	  1.800	-23473.745	  1.005	-97127.510	  0.000
66	  1.800	9159.121	  1.005	-288561.035	  0.000
67	  1.800	-8162.035	  1.005	155608.094	  0.000
68	  1.800	82065.160	  1.005	-6098.409	  0.000
69	  1.800	78046.609	  1.005	-124630.217	  0.000
70	  1.800	-22084.557	  1.005	-263967.820	  0.000
71	  1.800	-74473.324	  1.005	-666094.817	  0.000
72	  1.800	36467.921	  1.005	-154986.420	  0.000
73	  1.800	-20263.369	  1.005	18212.443	  0.000
74	  1.800	3577.415	  1.005	336280.042	  0.000
75	  1.800	58900.482	  1.005	135929.574	  0.000
76	  1.800	32318.338	  1.005	-151011.696	  0.000
77	  1.800	13700.785	  1.005	-633456.795	  0.000
78	  1.800	-62731.033	  1.005	61720.877	  0.000
79	  1.800	132707.134	  1.005	134678.320	  0.000
80	  1.800	-41083.291	  1.005	124647.383	  0.000
81	  1.800	-4704.603	  1.005	265795.446	  0.000
82	  1.800	-6379.929	  1.005	10891.413	  0.000
0	  1.920	25218.430	  1.005	156521.349	  0.000
1	  1.920	929.157	  1.005	-456777.945	  0.000
2	  1.920	44343.163	  1.005	-156503.177	  0.000
3	  1.920	131745.141	  1.005	652982.086	  0.000
4	  1.920	16125.007	  1.005	-156984.669	  0.000
5	  1.920	85495.289	  1.005	74251.426	  0.000
6	  1.920	-5347.331	  1.005	-52180.320	  0.000
7	  1.920	38421.273	  1.005	35567.320	  0.000
8	  1.920	97843.029	  1.005	235167.835	  0.000
9	  1.920	-7839.112	  1.005	-41918.020	  0.000
10	  1.920	-13863.378	  1.005	-390378.482	  0.000
11	  1.920	52872.966	  1.005	163342.071	  0.000
12	  1.920	-58866.210	  1.005	-422228.443	  0.000
13	  1.920	65265.702	  1.005	-339546.633	  0.000
14	  1.920	-12592.943	  1.005	-359014.350	  0.000
15	  1.920	14846.089	  1.005	59259.394	  0.000
16	  1.920	19235.188	  1.005	-175492.255	  0.000
17	  1.920	-115381.822	  1.005	-99796.364	  0.000
18	  1.920	-29717.401	  1.005	-539456.365	  0.000
19	  1.920	42805.439	  1.005	727.330	  0.000
20	  1.920	-70919.313	  1.005	-400139.974	  0.000
21	  1.920	-32061.729	  1.005	-44881.163	  0.000
22	  1.920	57839.227	  1.005	-208746.773	  0.000
23	  1.920	7107.997	  1.005	880922.366	  0.000
24	  1.920	26013.971	  1.005	3378.884	  0.000
25	  1.920	-94879.403	  1.005	-56248.731	  0.000
26	  1.920	112043.699	  1.005	282307.253	  0.000
27	  1.920	-21640.391	  1.005	163923.849	  0.000
28	  1.920	-32917.633	  1.005	-686554.041	  0.000
29	  1.920	45956.952	  1.005	157089.332	  0.000
30	  1.920	119689.732	  1.005	139643.622	  0.000
31	  1.920	-45854.275	  1.005	-61758.123	  0.000
32	  1.920	95668.232	  1.005	95741.002	  0.000
33	  1.920	31504.857	  1.005	-79810.985	  0.000
34	  1.920	-115986.838	  1.005	162000.684	  0.000
35	  1.920	68071.353	  1.005	34505.813	  0.000
36	  1.920	61140.659	  1.005	-253736.349	  0.000
37	  1.920	-21570.767	  1.005	110338.651	  0.000
38	  1.920	-13297.829	  1.005	301132.937	  0.000
39	  1.920	35455.622	  1.005	-270070.089	  0.000
40	  1.920	-81765.406	  1.005	-437507.863	  0.000
41	  1.920	-79192.760	  1.005	-80920.242	  0.000
42	  1.920	-22439.953	  1.005	402691.522	  0.000
43	  1.920	-14948.683	  1.005	-551360.924	  0.000
44	  1.920	31076.754	  1.005	-416996.995	  0.000
45	  1.920	12352.760	  1.005	219855.374	  0.000
46	  1.920	-7101.530	  1.005	-157952.075	  0.000
47	  1.920	-14154.281	  1.005	522189.252	  0.000
48	  1.920	69329.983	  1.005	-427046.085	  0.000
49	  1.920	-19695.593	  1.005	-270687.538	  0.000
50	  1.920	19925.833	  1.005	310226.555	  0.000
51	  1.920	-165668.207	  1.005	-325167.709	  0.000
52	  1.920	-8737.315	  1.005	-92324.229	  0.000
53	  1.920	117417.736	  1.005	18163.782	  0.000
54	  1.920	-64981.868	  1.005	-54116.679	  0.000
55	  1.920	-38848.299	  1.005	-33165.661	  0.000
56	  1.920	-24079.109	  1.005	233071.131	  0.000
57	  1.920	-16036.906	  1.005	-142378.626	  0.000
58	  1.920	118505.479	  1.005	62703.034	  0.000
59	  1.920	30474.659	  1.005	-20224.785	  0.000
60	  1.920	-85062.875	  1.005	400962.616	  0.000
61	  1.920	4105.930	  1.005	-176173.035	  0.000
62	  1.920	-13942.124	  1.005	43332.234	  0.000
63	  1.920	19493.681	  1.005	70420.191	  0.000
64	  1.920	-108643.697	  1.005	84850.939	  0.000
65	  1.920	-31146.827	  1.005	556819.804	  0.000
66	  1.920	-21170.973	  1.005	-203065.343	  0.000
67	  1.920	11207.193	  1.005	476848.832	  0.000
68	  1.920	72148.462	  1.005	-563902.742	  0.000
69	  1.920	80613.698	  1.005	13862.783	  0.000
70	  1.920	-31672.310	  1.005	139925.593	  0.000
71	  1.920	-78325.602	  1.005	201876.196	  0.000
72	  1.920	73295.062	  1.005	562056.431	  0.000
73	  1.920	20431.493	  1.005	343682.752	  0.000
74	  1.920	38873.371	  1.005	243027.947	  0.000
75	  1.920	58828.535	  1.005	-2013.823	  0.000
76	  1.920	20474.368	  1.005	-33891.643	  0.000
77	  1.920	-15529.600	  1.005	-152642.807	  0.000
78	  1.920	-57653.826	  1.005	-23195.637	  0.000
79	  1.920	147797.018	  1.005	197921.283	  0.000
80	  1.920	-59954.533	  1.005	-317380.949	  0.000
81	  1.920	3768.189	  1.005	-13599.620	  0.000
82	  1.920	14690.280	  1.005	728572.111	  0.000
0	  2.040	5676.477	  1.005	-222686.670	  0.000
1	  2.040	-13267.412	  1.005	-41410.183	  0.000
2	  2.040	66906.628	  1.005	217893.241	  0.000
3	  2.040	191823.595	  1.005	139955.448	  0.000
4	  2.040	28009.456	  1.005	254813.058	  0.000
5	  2.040	85601.578	  1.005	-221100.984	  0.000
6	  2.040	-30956.409	  1.005	-529481.885	  0.000
7	  2.040	38100.781	  1.005	-377453.602	  0.000
8	  2.040	122194.678	  1.005	99847.500	  0.000
9	  2.040	-29020.644	  1.005	-496711.827	  0.000
10	  2.040	-45450.371	  1.005	-103560.162	  0.000
11	  2.040	20382.891	  1.005	-138257.266	  0.000
12	  2.040	-100490.493	  1.005	-108808.020	  0.000
13	  2.040	34311.056	  1.005	270695.508	  0.000
14	  2.040	-22762.979	  1.005	15662.868	  0.000
15	  2.040	-5423.439	  1.005	-567846.290	  0.000
16	  2.040	11432.066	  1.005	394706.259	  0.000
17	  2.040	-102542.687	  1.005	52615.009	  0.000
18	  2.040	-86465.039	  1.005	-391185.586	  0.000
19	  2.040	42635.885	  1.005	-6049.830	  0.000
20	  2.040	-105264.204	  1.005	-212030.283	  0.000
21	  2.040	4116.190	  1.005	555842.905	  0.000
22	  2.040	9939.540	  1.005	-654985.278	  0.000
23	  2.040	27452.901	  1.005	-191668.312	  0.000
24	  2.040	79692.237	  1.005	607972.833	  0.000
25	  2.040	-79080.981	  1.005	154175.212	  0.000
26	  2.040	131534.011	  1.005	51947.097	  0.000
27	  2.040	-34241.899	  1.005	-21111.090	  0.000
28	  2.040	-73650.395	  1.005	-199360.997	  0.000
29	  2.040	58926.191	  1.005	-36597.839	  0.000
30	  2.040	126002.211	  1.005	222767.924	  0.000
31	  2.040	-46425.224	  1.005	35986.553	  0.000
32	  2.040	70973.374	  1.005	-89925.545	  0.000
33	  2.040	53015.546	  1.005	-7041.736	  0.000
34	  2.040	-100748.378	  1.005	93595.097	  0.000
35	  2.040	46010.104	  1.005	-183892.310	  0.000
36	  2.040	36862.001	  1.005	-142748.948	  0.000
37	  2.040	-41513.381	  1.005	-152690.140	  0.000
38	  2.040	-2954.791	  1.005	135470.070	  0.000
39	  2.040	22223.574	  1.005	7222.500	  0.000
40	  2.040	-71666.382	  1.005	64018.524	  0.000
41	  2.040	-54099.153	  1.005	199432.329	  0.000
42	  2.040	-2253.792	  1.005	-99977.509	  0.000
43	  2.040	-28655.062	  1.005	8647.507	  0.000
44	  2.040	12311.935	  1.005	340388.829	  0.000
45	  2.040	13401.225	  1.005	13363.857	  0.000
46	  2.040	-20014.202	  1.005	-172979.029	  0.000
47	  2.040	37943.816	  1.005	-406841.579	  0.000
48	  2.040	31283.656	  1.005	-220881.887	  0.000
49	  2.040	-40788.839	  1.005	-78127.903	  0.000
50	  2.040	30800.033	  1.005	85795.567	  0.000
51	  2.040	-182176.784	  1.005	372022.706	  0.000
52	  2.040	34257.719	  1.005	374819.043	  0.000
53	  2.040	118958.774	  1.005	81598.384	  0.000
54	  2.040	-54213.257	  1.005	477555.450	  0.000
55	  2.040	-26861.949	  1.005	10657.387	  0.000
56	  2.040	-14007.963	  1.005	-381991.012	  0.000
57	  2.040	-24039.461	  1.005	112111.126	  0.000
58	  2.040	96285.794	  1.005	-154846.343	  0.000
59	  2.040	28887.110	  1.005	-192590.492	  0.000
60	  2.040	-57561.645	  1.005	-262646.805	  0.000
61	  2.040	22787.562	  1.005	560275.536	  0.000
62	  2.040	-11099.833	  1.005	-7253.724	  0.000
63	  2.040	5371.249	  1.005	-184981.556	  0.000
64	  2.040	-112052.019	  1.005	299740.174	  0.000
65	  2.040	-10572.679	  1.005	20510.965	  0.000
66	  2.040	-26487.854	  1.005	-12872.212	  0.000
67	  2.040	47551.591	  1.005	245432.404	  0.000
68	  2.040	75521.177	  1.005	-223949.658	  0.000
69	  2.040	81725.289	  1.005	54498.988	  0.000
70	  2.040	-283.124	  1.005	346064.089	  0.000
71	  2.040	-100088.817	  1.005	-127282.686	  0.000
72	  2.040	94339.498	  1.005	-133360.664	  0.000
73	  2.040	52267.289	  1.005	206536.761	  0.000
74	  2.040	37108.255	  1.005	-144069.493	  0.000
75	  2.040	58510.770	  1.005	337748.785	  0.000
76	  2.040	55968.920	  1.005	29009.061	  0.000
77	  2.040	-49.048	  1.005	279160.785	  0.000
78	  2.040	-29071.702	  1.005	310449.656	  0.000
79	  2.040	151338.060	  1.005	-9588.235	  0.000
80	  2.040	-80171.262	  1.005	-9735.380	  0.000
81	  2.040	21238.852	  1.005	-10464.691	  0.000
82	  2.040	97494.062	  1.005	848383.905	  0.000
0	  2.160	13267.661	  1.005	266667.854	  0.000
1	  2.160	2073.397	  1.005	417372.984	  0.000
2	  2.160	85851.334	  1.005	99148.575	  0.000
3	  2.160	146890.749	  1.005	-299812.556	  0.000
4	  2.160	54126.627	  1.005	-269929.150	  0.000
5	  2.160	61872.024	  1.005	-172554.059	  0.000
6	  2.160	-82821.871	  1.005	-368735.450	  0.000
7	  2.160	34407.665	  1.005	-95662.226	  0.000
8	  2.160	117828.748	  1.005	-254483.133	  0.000
9	  2.160	-80173.716	  1.005	-281187.209	  0.000
10	  2.160	-59046.079	  1.005	-134133.490	  0.000
11	  2.160	36675.490	  1.005	45052.354	  0.000
12	  2.160	-55703.487	  1.005	-48509.258	  0.000
13	  2.160	45433.705	  1.005	13844.078	  0.000
14	  2.160	-12178.785	  1.005	174088.983	  0.000
15	  2.160	-65580.505	  1.005	178304.709	  0.000
16	  2.160	42456.104	  1.005	133726.756	  0.000
17	  2.160	-136921.235	  1.005	-218402.148	  0.000
18	  2.160	-87416.102	  1.005	-630194.335	  0.000
19	  2.160	99399.526	  1.005	478917.240	  0.000
20	  2.160	-166102.853	  1.005	-147616.743	  0.000
21	  2.160	61054.498	  1.005	224537.961	  0.000
22	  2.160	-57568.699	  1.005	-296746.786	  0.000
23	  2.160	23573.413	  1.005	23497.564	  0.000
24	  2.160	117075.432	  1.005	139737.628	  0.000
25	  2.160	-64519.571	  1.005	697857.293	  0.000
26	  2.160	134039.060	  1.005	-58566.361	  0.000
27	  2.160	-44692.489	  1.005	-213334.582	  0.000
28	  2.160	-65379.085	  1.005	13122.680	  0.000
29	  2.160	63992.892	  1.005	-71767.839	  0.000
30	  2.160	93178.905	  1.005	-278631.976	  0.000
31	  2.160	-58604.202	  1.005	-343044.423	  0.000
32	  2.160	73826.717	  1.005	157811.144	  0.000
33	  2.160	39334.903	  1.005	-71185.810	  0.000
34	  2.160	-107235.470	  1.005	141679.718	  0.000
35	  2.160	58676.486	  1.005	622934.031	  0.000
36	  2.160	36248.226	  1.005	8228.646	  0.000
37	  2.160	-47250.060	  1.005	-132690.625	  0.000
38	  2.160	8397.203	  1.005	77244.392	  0.000
39	  2.160	-14927.360	  1.005	107426.420	  0.000
40	  2.160	-102172.997	  1.005	-641077.285	  0.000
41	  2.160	-55923.595	  1.005	2266.570	  0.000
42	  2.160	-7459.627	  1.005	-101940.819	  0.000
43	  2.160	-71649.621	  1.005	-186641.152	  0.000
44	  2.160	41696.058	  1.005	178509.768	  0.000
45	  2.160	12998.520	  1.005	-98071.335	  0.000
46	  2.160	-28916.151	  1.005	72057.463	  0.000
47	  2.160	39023.291	  1.005	200222.114	  0.000
48	  2.160	26686.446	  1.005	41503.832	  0.000
49	  2.160	2035.188	  1.005	305148.517	  0.000
50	  2.160	39622.552	  1.005	199440.583	  0.000
51	  2.160	-149593.496	  1.005	-70651.518	  0.000
52	  2.160	30995.417	  1.005	387869.627	  0.000
53	  2.160	153900.393	  1.005	-253803.479	  0.000
54	  2.160	-51483.014	  1.005	90320.513	  0.000
55	  2.160	-69919.886	  1.005	-573326.649	  0.000
56	  2.160	-39018.053	  1.005	343327.450	  0.000
57	  2.160	-46430.653	  1.005	-365614.516	  0.000
58	  2.160	142374.061	  1.005	348628.481	  0.000
59	  2.160	22800.452	  1.005	128777.519	  0.000
60	  2.160	-70602.317	  1.005	1150.185	  0.000
61	  2.160	78740.762	  1.005	385798.298	  0.000
62	  2.160	-26763.542	  1.005	-289273.632	  0.000
63	  2.160	-13172.984	  1.005	-60260.870	  0.000
64	  2.160	-83180.635	  1.005	42705.320	  0.000
65	  2.160	-24238.112	  1.005	-355458.462	  0.000
66	  2.160	15191.384	  1.005	322813.662	  0.000
67	  2.160	-35946.460	  1.005	-762955.635	  0.000
68	  2.160	52450.485	  1.005	-165082.840	  0.000
69	  2.160	74522.355	  1.005	-187561.928	  0.000
70	  2.160	26376.270	  1.005	642913.206	  0.000
71	  2.160	-89405.592	  1.005	-112548.338	  0.000
72	  2.160	116041.354	  1.005	-11356.752	  0.000
73	  2.160	69432.620	  1.005	81660.012	  0.000
74	  2.160	24910.325	  1.005	-115222.350	  0.000
75	  2.160	93030.920	  1.005	218083.352	  0.000
76	  2.160	35269.957	  1.005	-286248.855	  0.000
77	  2.160	-8344.987	  1.005	-205744.022	  0.000
78	  2.160	-11057.727	  1.005	86638.672	  0.000
79	  2.160	148141.894	  1.005	-30207.446	  0.000
80	  2.160	-37112.420	  1.005	307270.656	  0.000
81	  2.160	-8851.581	  1.005	-300171.921	  0.000
82	  2.160	176993.995	  1.005	271487.021	  0.000
0	  2.280	-13514.793	  1.005	-347308.151	  0.000
1	  2.280	36155.252	  1.005	-510516.141	  0.000
2	  2.280	88670.525	  1.005	-131710.999	  0.000
3	  2.280	122464.490	  1.005	-124796.337	  0.000
4	  2.280	7840.422	  1.005	-501223.451	  0.000
5	  2.280	104275.856	  1.005	612365.855	  0.000
6	  2.280	-97867.473	  1.005	319017.502	  0.000
7	  2.280	25948.015	  1.005	669107.550	  0.000
8	  2.280	119486.496	  1.005	307363.648	  0.000
9	  2.280	-88634.615	  1.005	120727.758	  0.000
10	  2.280	-70800.257	  1.005	-11117.690	  0.000
11	  2.280	61867.672	  1.005	361786.413	  0.000
12	  2.280	-47475.157	  1.005	-233104.943	  0.000
13	  2.280	54198.868	  1.005	387735.526	  0.000
14	  2.280	469.256	  1.005	-155300.212	  0.000
15	  2.280	-57068.030	  1.005	92530.574	  0.000
16	  2.280	33283.117	  1.005	-307430.047	  0.000
17	  2.280	-130202.937	  1.005	259242.213	  0.000
18	  2.280	-155003.190	  1.005	-470344.516	  0.000
19	  2.280	145319.730	  1.005	272234.998	  0.000
20	  2.280	-138991.741	  1.005	293870.580	  0.000
21	  2.280	77476.120	  1.005	198836.157	  0.000
22	  2.280	-77909.095	  1.005	-42485.765	  0.000
23	  2.280	-36986.079	  1.005	-479947.100	  0.000
24	  2.280	145055.189	  1.005	-150754.618	  0.000
25	  2.280	8962.206	  1.005	534052.904	  0.000
26	  2.280	135856.990	  1.005	70744.652	  0.000
27	  2.280	-33399.494	  1.005	73748.196	  0.000
28	  2.280	-66849.626	  1.005	-50773.170	  0.000
29	  2.280	94827.054	  1.005	378554.967	  0.000
30	  2.280	98130.753	  1.005	43517.226	  0.000
31	  2.280	-59851.180	  1.005	-320695.612	  0.000
32	  2.280	71225.418	  1.005	225076.907	  0.000
33	  2.280	56068.987	  1.005	-84647.851	  0.000
34	  2.280	-92690.748	  1.005	207912.582	  0.000
35	  2.280	79906.169	  1.005	82007.250	  0.000
36	  2.280	39090.677	  1.005	71993.311	  0.000
37	  2.280	-15771.389	  1.005	-33572.445	  0.000
38	  2.280	-11708.333	  1.005	7784.776	  0.000
39	  2.280	-54933.834	  1.005	-89264.119	  0.000
40	  2.280	-108561.684	  1.005	-30354.907	  0.000
41	  2.280	-70252.364	  1.005	411724.754	  0.000
42	  2.280	33811.859	  1.005	280034.906	  0.000
43	  2.280	-109834.868	  1.005	-326820.709	  0.000
44	  2.280	51015.697	  1.005	-210130.234	  0.000
45	  2.280	12895.322	  1.005	237325.327	  0.000
46	  2.280	-21235.094	  1.005	55140.009	  0.000
47	  2.280	56462.940	  1.005	254318.204	  0.000
48	  2.280	19342.206	  1.005	530885.861	  0.000
49	  2.280	11154.679	  1.005	38342.600	  0.000
50	  2.280	38750.067	  1.005	-67459.353	  0.000
51	  2.280	-157561.953	  1.005	-403775.209	  0.000
52	  2.280	67532.838	  1.005	122083.511	  0.000
53	  2.280	158592.945	  1.005	6727.727	  0.000
54	  2.280	-45854.630	  1.005	-156499.657	  0.000
55	  2.280	-82730.214	  1.005	81615.995	  0.000
56	  2.280	-2817.215	  1.005	57565.589	  0.000
57	  2.280	-85749.780	  1.005	-286667.433	  0.000
58	  2.280	148002.342	  1.005	-266555.503	  0.000
59	  2.280	35401.894	  1.005	630070.483	  0.000
60	  2.280	-98858.892	  1.005	-414457.466	  0.000
61	  2.280	113006.208	  1.005	202920.547	  0.000
62	  2.280	-45738.502	  1.005	-1809.014	  0.000
63	  2.280	6887.528	  1.005	436287.138	  0.000
64	  2.280	-90191.938	  1.005	-669801.994	  0.000
65	  2.280	-46490.948	  1.005	-7637.773	  0.000
66	  2.280	13809.212	  1.005	180736.070	  0.000
67	  2.280	-109301.544	  1.005	-285676.802	  0.000
68	  2.280	67679.387	  1.005	-81966.804	  0.000
69	  2.280	81798.701	  1.005	-167602.585	  0.000
70	  2.280	57445.222	  1.005	-77495.138	  0.000
71	  2.280	-99403.814	  1.005	-49489.207	  0.000
72	  2.280	121670.195	  1.005	309212.475	  0.000
73	  2.280	72766.126	  1.005	145086.159	  0.000
74	  2.280	23588.443	  1.005	270985.146	  0.000
75	  2.280	62065.058	  1.005	132976.296	  0.000
76	  2.280	30252.506	  1.005	438921.113	  0.000
77	  2.280	-25483.918	  1.005	-45766.580	  0.000
78	  2.280	-47738.918	  1.005	-523334.496	  0.000
79	  2.280	127613.293	  1.005	-104980.452	  0.000
80	  2.280	-7979.740	  1.005	191872.699	  0.000
81	  2.280	19286.310	  1.005	245462.846	  0.000
82	  2.280	199466.099	  1.005	141819.787	  0.000
0	  2.400	-33019.822	  1.005	-251933.990	  0.000
1	  2.400	6721.658	  1.005	360043.753	  0.000
2	  2.400	77869.726	  1.005	-65228.727	  0.000
3	  2.400	144963.359	  1.005	278043.123	  0.000
4	  2.400	-6059.881	  1.005	167070.900	  0.000
5	  2.400	107931.651	  1.005	257802.459	  0.000
6	  2.400	-123448.144	  1.005	-284928.002	  0.000
7	  2.400	70756.563	  1.005	256806.862	  0.000
8	  2.400	144192.895	  1.005	170802.066	  0.000
9	  2.400	-137066.084	  1.005	472199.641	  0.000
10	  2.400	-15639.395	  1.005	185578.198	  0.000
11	  2.400	64161.166	  1.005	-22496.363	  0.000
12	  2.400	-62048.073	  1.005	-729226.347	  0.000
13	  2.400	54707.324	  1.005	-31851.257	  0.000
14	  2.400	12380.181	  1.005	79885.134	  0.000
15	  2.400	-50585.481	  1.005	-17861.905	  0.000
16	  2.400	18952.120	  1.005	387796.178	  0.000
17	  2.400	-106219.442	  1.005	162869.097	  0.000
18	  2.400	-153286.380	  1.005	148707.598	  0.000
19	  2.400	145846.031	  1.005	-678100.808	  0.000
20	  2.400	-125939.204	  1.005	-507267.933	  0.000
21	  2.400	55014.274	  1.005	-170597.107	  0.000
22	  2.400	-80729.223	  1.005	-16151.606	  0.000
23	  2.400	-64399.254	  1.005	-21208.826	  0.000
24	  2.400	147005.693	  1.005	-248032.544	  0.000
25	  2.400	48900.998	  1.005	-505727.132	  0.000
26	  2.400	138568.274	  1.005	-237239.674	  0.000
27	  2.400	-48029.415	  1.005	-237328.033	  0.000
28	  2.400	-69876.632	  1.005	4257.851	  0.000
29	  2.400	126279.062	  1.005	659677.577	  0.000
30	  2.400	102122.648	  1.005	27150.880	  0.000
31	  2.400	-72363.367	  1.005	59119.763	  0.000
32	  2.400	64243.248	  1.005	360093.243	  0.000
33	  2.400	54492.538	  1.005	-47781.808	  0.000
34	  2.400	-114306.174	  1.005	-129002.026	  0.000
35	  2.400	84443.811	  1.005	-293267.279	  0.000
36	  2.400	44361.213	  1.005	-15988.509	  0.000
37	  2.400	-30415.098	  1.005	-681633.823	  0.000
38	  2.400	12317.716	  1.005	374634.514	  0.000
39	  2.400	-64095.100	  1.005	-59511.094	  0.000
40	  2.400	-101496.885	  1.005	473738.312	  0.000
41	  2.400	-27212.517	  1.005	297770.002	  0.000
42	  2.400	68951.759	  1.005	358148.699	  0.000
43	  2.400	-130681.364	  1.005	296796.248	  0.000
44	  2.400	64582.758	  1.005	73243.954	  0.000
45	  2.400	36874.719	  1.005	137027.165	  0.000
46	  2.400	-14995.912	  1.005	-475495.520	  0.000
47	  2.400	70022.439	  1.005	-466745.675	  0.000
48	  2.400	75409.819	  1.005	391466.393	  0.000
49	  2.400	-1528.224	  1.005	-103873.374	  0.000
50	  2.400	31834.659	  1.005	72802.104	  0.000
51	  2.400	-150687.643	  1.005	533532.979	  0.000
52	  2.400	81019.734	  1.005	-321548.856	  0.000
53	  2.400	135193.160	  1.005	-208291.274	  0.000
54	  2.400	-46843.535	  1.005	-22927.509	  0.000
55	  2.400	-74525.784	  1.005	-192120.377	  0.000
56	  2.400	-42893.555	  1.005	-286374.308	  0.000
57	  2.400	-33831.181	  1.005	554592.706	  0.000
58	  2.400	144871.820	  1.005	-344407.560	  0.000
59	  2.400	101975.753	  1.005	454536.576	  0.000
60	  2.400	-105693.050	  1.005	90731.128	  0.000
61	  2.400	77116.324	  1.005	-694732.135	  0.000
62	  2.400	-26594.843	  1.005	139747.936	  0.000
63	  2.400	281.498	  1.005	-525573.507	  0.000
64	  2.400	-146628.931	  1.005	-356973.308	  0.000
65	  2.400	-31662.026	  1.005	390242.966	  0.000
66	  2.400	17669.846	  1.005	-26553.751	  0.000
67	  2.400	-75752.196	  1.005	340616.206	  0.000
68	  2.400	76080.195	  1.005	99799.158	  0.000
69	  2.400	97102.879	  1.005	-411453.795	  0.000
70	  2.400	31243.226	  1.005	-351224.388	  0.000
71	  2.400	-88556.290	  1.005	-101527.018	  0.000
72	  2.400	131715.812	  1.005	3438.311	  0.000
73	  2.400	42020.781	  1.005	-212647.747	  0.000
74	  2.400	33153.324	  1.005	28100.238	  0.000
75	  2.400	93031.130	  1.005	114935.853	  0.000
76	  2.400	-12041.605	  1.005	-573306.576	  0.000
77	  2.400	-8453.506	  1.005	410.119	  0.000
78	  2.400	-86520.210	  1.005	297806.117	  0.000
79	  2.400	119699.872	  1.005	445908.599	  0.000
80	  2.400	9574.551	  1.005	80657.531	  0.000
81	  2.400	22841.797	  1.005	166385.147	  0.000
82	  2.400	206677.903	  1.005	-817.031	  0.000
0	  2.520	73019.692	  1.005	-253231.576	  0.000
1	  2.520	8025.986	  1.005	-200358.540	  0.000
2	  2.520	86592.799	  1.005	57764.711	  0.000
3	  2.520	141271.094	  1.005	77188.751	  0.000
4	  2.520	8079.843	  1.005	41464.663	  0.000
5	  2.520	123445.851	  1.005	17068.877	  0.000
6	  2.520	-128779.069	  1.005	25432.783	  0.000
7	  2.520	68899.218	  1.005	-11485.840	  0.000
8	  2.520	144217.599	  1.005	-64325.892	  0.000
9	  2.520	-92531.313	  1.005	287014.399	  0.000
10	  2.520	-16321.045	  1.005	-429448.055	  0.000
11	  2.520	101046.281	  1.005	-20308.081	  0.000
12	  2.520	-127630.931	  1.005	-421327.771	  0.000
13	  2.520	34674.914	  1.005	-496492.874	  0.000
14	  2.520	-53111.294	  1.005	-474382.406	  0.000
15	  2.520	-54424.300	  1.005	190434.064	  0.000
16	  2.520	43870.137	  1.005	145562.628	  0.000
17	  2.520	-98207.161	  1.005	-113024.482	  0.000
18	  2.520	-191022.541	  1.005	-242082.906	  0.000
19	  2.520	117609.418	  1.005	-444788.618	  0.000
20	  2.520	-134901.054	  1.005	71674.298	  0.000
21	  2.520	52198.936	  1.005	74014.761	  0.000
22	  2.520	-94483.301	  1.005	-64687.881	  0.000
23	  2.520	-76391.403	  1.005	-229677.770	  0.000
24	  2.520	123846.507	  1.005	31219.374	  0.000
25	  2.520	38720.307	  1.005	97966.522	  0.000
26	  2.520	141708.076	  1.005	488327.300	  0.000
27	  2.520	-62148.452	  1.005	22547.163	  0.000
28	  2.520	-111118.684	  1.005	-468970.356	  0.000
29	  2.520	169642.223	  1.005	535367.870	  0.000
30	  2.520	107769.983	  1.005	-714547.743	  0.000
31	  2.520	-79838.507	  1.005	262314.539	  0.000
32	  2.520	66335.095	  1.005	-628164.628	  0.000
33	  2.520	74090.033	  1.005	201777.717	  0.000
34	  2.520	-126163.774	  1.005	-58949.543	  0.000
35	  2.520	53517.419	  1.005	-207347.775	  0.000
36	  2.520	95972.984	  1.005	236475.040	  0.000
37	  2.520	-42986.653	  1.005	33750.069	  0.000
38	  2.520	33213.709	  1.005	106229.943	  0.000
39	  2.520	-56411.406	  1.005	133735.869	  0.000
40	  2.520	-86942.565	  1.005	-73248.230	  0.000
41	  2.520	-6401.295	  1.005	87865.220	  0.000
42	  2.520	70103.217	  1.005	-87378.486	  0.000
43	  2.520	-98731.747	  1.005	191435.753	  0.000
44	  2.520	38298.667	  1.005	-305782.362	  0.000
45	  2.520	51324.301	  1.005	262145.840	  0.000
46	  2.520	-62118.908	  1.005	351117.314	  0.000
47	  2.520	50777.388	  1.005	-114934.468	  0.000
48	  2.520	103513.180	  1.005	22740.706	  0.000
49	  2.520	12549.456	  1.005	-376063.812	  0.000
50	  2.520	34026.497	  1.005	-555.755	  0.000
51	  2.520	-111499.988	  1.005	30428.288	  0.000
52	  2.520	73618.505	  1.005	-54642.132	  0.000
53	  2.520	129521.552	  1.005	49336.444	  0.000
54	  2.520	-36135.696	  1.005	-275055.809	  0.000
55	  2.520	-92001.156	  1.005	-2212.023	  0.000
56	  2.520	-67783.235	  1.005	-3592.427	  0.000
57	  2.520	-39274.026	  1.005	-321527.244	  0.000
58	  2.520	124029.854	  1.005	-287326.344	  0.000
59	  2.520	142390.353	  1.005	251436.096	  0.000
60	  2.520	-132155.175	  1.005	293448.457	  0.000
61	  2.520	46344.862	  1.005	65441.680	  0.000
62	  2.520	-25241.709	  1.005	154354.575	  0.000
63	  2.520	-43813.045	  1.005	-124646.514	  0.000
64	  2.520	-169339.922	  1.005	-78145.285	  0.000
65	  2.520	9843.079	  1.005	297371.834	  0.000
66	  2.520	15045.269	  1.005	166002.880	  0.000
67	  2.520	-39174.878	  1.005	266270.707	  0.000
68	  2.520	-45696.273	  1.005	-947479.828	  0.000
69	  2.520	71883.482	  1.005	320015.157	  0.000
70	  2.520	13304.320	  1.005	-140168.413	  0.000
71	  2.520	-101157.627	  1.005	-669924.534	  0.000
72	  2.520	98700.806	  1.005	-332020.835	  0.000
73	  2.520	69384.446	  1.005	548281.105	  0.000
74	  2.520	26059.421	  1.005	-109321.690	  0.000
75	  2.520	83484.067	  1.005	-506895.296	  0.000
76	  2.520	-4931.649	  1.005	119514.426	  0.000
77	  2.520	-12909.449	  1.005	-227206.193	  0.000
78	  2.520	-57256.690	  1.005	193959.452	  0.000
79	  2.520	147842.204	  1.005	-100607.297	  0.000
80	  2.520	15290.857	  1.005	17144.361	  0.000
81	  2.520	8271.073	  1.005	-114134.588	  0.000
82	  2.520	206211.929	  1.005	-8397.411	  0.000
0	  2.640	73063.858	  1.005	310738.370	  0.000
1	  2.640	-4718.745	  1.005	-22553.945	  0.000
2	  2.640	88394.686	  1.005	27234.292	  0.000
3	  2.640	118323.679	  1.005	37681.445	  0.000
4	  2.640	4861.261	  1.005	-32573.607	  0.000
5	  2.640	116765.518	  1.005	-188006.175	  0.000
6	  2.640	-128570.407	  1.005	427457.077	  0.000
7	  2.640	65592.005	  1.005	-312964.823	  0.000
8	  2.640	132557.157	  1.005	-176820.486	  0.000
9	  2.640	-96916.713	  1.005	-577720.601	  0.000
10	  2.640	-30809.603	  1.005	66045.130	  0.000
11	  2.640	78186.245	  1.005	105749.260	  0.000
12	  2.640	-135112.879	  1.005	13535.056	  0.000
13	  2.640	15239.263	  1.005	80447.768	  0.000
14	  2.640	-67350.516	  1.005	844300.007	  0.000
15	  2.640	-48837.822	  1.005	-123745.037	  0.000
16	  2.640	21141.524	  1.005	-605432.480	  0.000
17	  2.640	-88483.722	  1.005	-207106.572	  0.000
18	  2.640	-211791.821	  1.005	5943.072	  0.000
19	  2.640	70609.344	  1.005	-306595.915	  0.000
20	  2.640	-228465.366	  1.005	-757638.857	  0.000
21	  2.640	28380.351	  1.005	-181249.772	  0.000
22	  2.640	-76427.995	  1.005	-283081.145	  0.000
23	  2.640	-91442.246	  1.005	364436.199	  0.000
24	  2.640	123312.408	  1.005	-61384.412	  0.000
25	  2.640	17458.776	  1.005	-432221.185	  0.000
26	  2.640	190112.258	  1.005	103762.367	  0.000
27	  2.640	-66543.989	  1.005	-489519.954	  0.000
28	  2.640	-150882.163	  1.005	-239006.536	  0.000
29	  2.640	174018.024	  1.005	-22687.211	  0.000
30	  2.640	51164.730	  1.005	-72680.658	  0.000
31	  2.640	-85158.114	  1.005	-566802.043	  0.000
32	  2.640	3192.245	  1.005	-393414.224	  0.000
33	  2.640	90962.044	  1.005	66079.904	  0.000
34	  2.640	-114177.574	  1.005	-383476.203	  0.000
35	  2.640	55589.074	  1.005	345885.540	  0.000
36	  2.640	111776.434	  1.005	444251.817	  0.000
37	  2.640	-44580.782	  1.005	-107858.439	  0.000
38	  2.640	37007.256	  1.005	-173211.576	  0.000
39	  2.640	-100486.329	  1.005	-403667.889	  0.000
40	  2.640	-94256.986	  1.005	-20392.583	  0.000
41	  2.640	-20994.906	  1.005	154609.324	  0.000
42	  2.640	67918.094	  1.005	23596.408	  0.000
43	  2.640	-84214.540	  1.005	60121.776	  0.000
44	  2.640	62412.787	  1.005	-572308.556	  0.000
45	  2.640	79264.279	  1.005	192839.216	  0.000
46	  2.640	-32974.055	  1.005	58625.429	  0.000
47	  2.640	48307.010	  1.005	-1439.353	  0.000
48	  2.640	112094.984	  1.005	329261.095	  0.000
49	  2.640	-13858.068	  1.005	183859.430	  0.000
50	  2.640	-1246.900	  1.005	-574705.856	  0.000
51	  2.640	-111792.756	  1.005	-44633.104	  0.000
52	  2.640	77701.551	  1.005	11116.806	  0.000
53	  2.640	124577.083	  1.005	-83353.023	  0.000
54	  2.640	-65359.939	  1.005	-210891.343	  0.000
55	  2.640	-79154.614	  1.005	-133973.694	  0.000
56	  2.640	-71380.552	  1.005	-110232.203	  0.000
57	  2.640	-34404.839	  1.005	-72642.852	  0.000
58	  2.640	111914.136	  1.005	-26279.547	  0.000
59	  2.640	166740.469	  1.005	171380.411	  0.000
60	  2.640	-120695.177	  1.005	-43862.332	  0.000
61	  2.640	15810.181	  1.005	-70148.205	  0.000
62	  2.640	-23918.373	  1.005	-348751.253	  0.000
63	  2.640	-39502.515	  1.005	-38541.496	  0.000
64	  2.640	-174668.243	  1.005	32196.766	  0.000
65	  2.640	33388.959	  1.005	117049.982	  0.000
66	  2.640	32046.669	  1.005	123096.208	  0.000
67	  2.640	-30419.860	  1.005	-8064.200	  0.000
68	  2.640	-136971.571	  1.005	-365574.161	  0.000
69	  2.640	101422.321	  1.005	158599.864	  0.000
70	  2.640	1737.618	  1.005	7844.321	  0.000
71	  2.640	-143110.661	  1.005	-256337.165	  0.000
72	  2.640	80763.412	  1.005	126236.867	  0.000
73	  2.640	90543.145	  1.005	479616.383	  0.000
74	  2.640	27248.565	  1.005	728625.496	  0.000
75	  2.640	46083.484	  1.005	270008.025	  0.000
76	  2.640	-7093.155	  1.005	-39103.328	  0.000
77	  2.640	-32088.239	  1.005	1117.670	  0.000
78	  2.640	-52840.222	  1.005	-220737.285	  0.000
79	  2.640	200741.394	  1.005	116851.737	  0.000
80	  2.640	12527.232	  1.005	-17264.845	  0.000
81	  2.640	28457.332	  1.005	25771.696	  0.000
82	  2.640	203520.956	  1.005	-118617.193	  0.000
0	  2.760	101003.253	  1.005	27419.138	  0.000
1	  2.760	-7303.749	  1.005	-120120.942	  0.000
2	  2.760	108290.113	  1.005	-338286.600	  0.000
3	  2.760	118169.024	  1.005	443372.486	  0.000
4	  2.760	1393.499	  1.005	-25073.287	  0.000
5	  2.760	129413.598	  1.005	395384.486	  0.000
6	  2.760	-101338.606	  1.005	114373.966	  0.000
7	  2.760	56711.270	  1.005	154317.484	  0.000
8	  2.760	132366.902	  1.005	387465.317	  0.000
9	  2.760	-139676.328	  1.005	-233233.496	  0.000
10	  2.760	-26005.314	  1.005	123491.096	  0.000
11	  2.760	56478.964	  1.005	16189.033	  0.000
12	  2.760	-150804.417	  1.005	-256594.832	  0.000
13	  2.760	-55752.793	  1.005	-643476.023	  0.000
14	  2.760	23383.580	  1.005	657794.907	  0.000
15	  2.760	-45218.715	  1.005	92793.321	  0.000
16	  2.760	-38165.579	  1.005	-368699.081	  0.000
17	  2.760	-97871.909	  1.005	-47917.336	  0.000
18	  2.760	-213781.413	  1.005	-57098.779	  0.000
19	  2.760	81841.539	  1.005	425553.615	  0.000
20	  2.760	-296935.103	  1.005	-212162.999	  0.000
21	  2.760	22665.387	  1.005	-12439.997	  0.000
22	  2.760	-96226.208	  1.005	28367.687	  0.000
23	  2.760	-58917.786	  1.005	-192157.868	  0.000
24	  2.760	123910.984	  1.005	7907.434	  0.000
25	  2.760	-13942.282	  1.005	123290.754	  0.000
26	  2.760	204754.987	  1.005	170933.478	  0.000
27	  2.760	-72670.285	  1.005	39314.969	  0.000
28	  2.760	-105292.503	  1.005	582402.573	  0.000
29	  2.760	187852.076	  1.005	-86620.151	  0.000
30	  2.760	43898.180	  1.005	-44564.210	  0.000
31	  2.760	-86064.255	  1.005	367980.028	  0.000
32	  2.760	-25932.519	  1.005	-151055.268	  0.000
33	  2.760	57659.510	  1.005	-486040.866	  0.000
34	  2.760	-140773.164	  1.005	6238.500	  0.000
35	  2.760	65925.984	  1.005	-140065.893	  0.000
36	  2.760	155699.057	  1.005	105169.129	  0.000
37	  2.760	-48229.161	  1.005	233858.495	  0.000
38	  2.760	25931.796	  1.005	93580.850	  0.000
39	  2.760	-142231.995	  1.005	-262969.906	  0.000
40	  2.760	-133486.540	  1.005	-572699.252	  0.000
41	  2.760	-25612.379	  1.005	-130190.493	  0.000
42	  2.760	46926.919	  1.005	179863.406	  0.000
43	  2.760	-77833.299	  1.005	44242.985	  0.000
44	  2.760	42292.429	  1.005	55086.512	  0.000
45	  2.760	81447.054	  1.005	60200.849	  0.000
46	  2.760	-27944.755	  1.005	104056.426	  0.000
47	  2.760	36654.644	  1.005	445892.955	  0.000
48	  2.760	139733.970	  1.005	-72382.737	  0.000
49	  2.760	-20432.310	  1.005	185577.030	  0.000
50	  2.760	-18800.462	  1.005	-291387.500	  0.000
51	  2.760	-70823.333	  1.005	280900.313	  0.000
52	  2.760	64990.278	  1.005	64125.708	  0.000
53	  2.760	127191.020	  1.005	37372.588	  0.000
54	  2.760	-82188.741	  1.005	357590.652	  0.000
55	  2.760	-74103.550	  1.005	-287818.698	  0.000
56	  2.760	-83113.243	  1.005	-84311.544	  0.000
57	  2.760	-39860.235	  1.005	52351.623	  0.000
58	  2.760	108084.623	  1.005	-72498.575	  0.000
59	  2.760	179530.941	  1.005	82887.194	  0.000
60	  2.760	-123922.367	  1.005	458999.211	  0.000
61	  2.760	31899.746	  1.005	87482.131	  0.000
62	  2.760	-57044.509	  1.005	-6911.826	  0.000
63	  2.760	-80194.564	  1.005	-525551.674	  0.000
64	  2.760	-172314.747	  1.005	1640.858	  0.000
65	  2.760	424.167	  1.005	-359594.784	  0.000
66	  2.760	-1156.964	  1.005	-366933.948	  0.000
67	  2.760	-37691.775	  1.005	133587.718	  0.000
68	  2.760	-165391.843	  1.005	-87665.205	  0.000
69	  2.760	100805.936	  1.005	-224667.202	  0.000
70	  2.760	2461.916	  1.005	-16476.468	  0.000
71	  2.760	-167990.758	  1.005	-151194.469	  0.000
72	  2.760	75670.508	  1.005	-380641.277	  0.000
73	  2.760	110017.016	  1.005	3933.415	  0.000
74	  2.760	961.784	  1.005	-237149.873	  0.000
75	  2.760	64512.087	  1.005	-20858.459	  0.000
76	  2.760	-35849.496	  1.005	-55306.376	  0.000
77	  2.760	-24309.690	  1.005	-699721.109	  0.000
78	  2.760	-24665.268	  1.005	416698.179	  0.000
79	  2.760	212737.730	  1.005	85568.304	  0.000
80	  2.760	37314.376	  1.005	399498.010	  0.000
81	  2.760	52182.306	  1.005	134422.415	  0.000
82	  2.760	236943.621	  1.005	286491.973	  0.000
0	  2.880	103506.130	  1.005	-729160.007	  0.000
1	  2.880	-24516.011	  1.005	-348320.463	  0.000
2	  2.880	102829.132	  1.005	63571.078	  0.000
3	  2.880	155595.586	  1.005	-119536.899	  0.000
4	  2.880	-21028.075	  1.005	-430887.336	  0.000
5	  2.880	143350.625	  1.005	8419.066	  0.000
6	  2.880	-89137.205	  1.005	79592.504	  0.000
7	  2.880	18457.916	  1.005	-182111.360	  0.000
8	  2.880	150369.008	  1.005	57036.086	  0.000
9	  2.880	-162838.699	  1.005	-160385.540	  0.000
10	  2.880	-29703.876	  1.005	87107.422	  0.000
11	  2.880	55993.461	  1.005	85232.054	  0.000
12	  2.880	-157273.790	  1.005	33403.547	  0.000
13	  2.880	-84905.290	  1.005	7876.245	  0.000
14	  2.880	82417.829	  1.005	-32230.300	  0.000
15	  2.880	-34504.529	  1.005	336580.747	  0.000
16	  2.880	-58319.793	  1.005	224116.537	  0.000
17	  2.880	-98521.631	  1.005	2593.776	  0.000
18	  2.880	-209836.283	  1.005	-104117.641	  0.000
19	  2.880	77186.643	  1.005	-105354.343	  0.000
20	  2.880	-279405.562	  1.005	62398.867	  0.000
21	  2.880	11590.535	  1.005	-195948.150	  0.000
22	  2.880	-82460.285	  1.005	31377.916	  0.000
23	  2.880	-57763.926	  1.005	32204.233	  0.000
24	  2.880	124343.627	  1.005	-37617.363	  0.000
25	  2.880	-25020.555	  1.005	12863.101	  0.000
26	  2.880	232494.438	  1.005	299862.723	  0.000
27	  2.880	-70553.568	  1.005	25699.422	  0.000
28	  2.880	-91106.841	  1.005	-68740.350	  0.000
29	  2.880	182626.424	  1.005	-249389.596	  0.000
30	  2.880	45169.975	  1.005	6239.719	  0.000
31	  2.880	-60597.230	  1.005	-28694.959	  0.000
32	  2.880	-28983.019	  1.005	-267561.867	  0.000
33	  2.880	8225.620	  1.005	-301579.160	  0.000
34	  2.880	-141046.372	  1.005	-23896.770	  0.000
35	  2.880	56094.854	  1.005	-135917.404	  0.000
36	  2.880	124880.402	  1.005	-253549.222	  0.000
37	  2.880	-60634.998	  1.005	117941.007	  0.000
38	  2.880	24506.856	  1.005	-122784.387	  0.000
39	  2.880	-170540.295	  1.005	-175614.299	  0.000
40	  2.880	-171182.265	  1.005	-344906.386	  0.000
41	  2.880	-13343.510	  1.005	426781.385	  0.000
42	  2.880	40997.128	  1.005	50338.368	  0.000
43	  2.880	-76195.245	  1.005	-36760.804	  0.000
44	  2.880	11589.254	  1.005	-110897.594	  0.000
45	  2.880	104284.527	  1.005	-126328.058	  0.000
46	  2.880	-20255.522	  1.005	52281.795	  0.000
47	  2.880	75603.803	  1.005	-87818.143	  0.000
48	  2.880	133942.973	  1.005	-9484.219	  0.000
49	  2.880	-11144.208	  1.005	8092.238	  0.000
50	  2.880	64518.809	  1.005	732982.327	  0.000
51	  2.880	-102384.334	  1.005	-69850.209	  0.000
52	  2.880	63827.397	  1.005	703383.038	  0.000
53	  2.880	118022.389	  1.005	6716.150	  0.000
54	  2.880	-77861.447	  1.005	-404551.097	  0.000
55	  2.880	-66312.699	  1.005	494402.452	  0.000
56	  2.880	-59895.685	  1.005	431960.923	  0.000
57	  2.880	-35671.129	  1.005	-97492.058	  0.000
58	  2.880	92888.941	  1.005	745291.516	  0.000
59	  2.880	180740.776	  1.005	22413.429	  0.000
60	  2.880	-128594.779	  1.005	68728.779	  0.000
61	  2.880	23084.025	  1.005	-238046.704	  0.000
62	  2.880	-36509.867	  1.005	176201.747	  0.000
63	  2.880	-96019.147	  1.005	24299.738	  0.000
64	  2.880	-195582.170	  1.005	-215027.545	  0.000
65	  2.880	-27942.992	  1.005	-158689.910	  0.000
66	  2.880	-28588.223	  1.005	108587.684	  0.000
67	  2.880	-56353.281	  1.005	-118639.373	  0.000
68	  2.880	-155608.187	  1.005	-197715.489	  0.000
69	  2.880	77914.351	  1.005	-208592.271	  0.000
70	  2.880	13963.615	  1.005	88708.882	  0.000
71	  2.880	-171472.491	  1.005	-3934.232	  0.000
72	  2.880	41228.372	  1.005	-235960.246	  0.000
73	  2.880	137002.148	  1.005	349867.477	  0.000
74	  2.880	-34711.055	  1.005	-143347.528	  0.000
75	  2.880	67511.340	  1.005	479864.583	  0.000
76	  2.880	-47613.814	  1.005	-182646.088	  0.000
77	  2.880	-82914.455	  1.005	-309427.880	  0.000
78	  2.880	-20216.511	  1.005	-24179.530	  0.000
79	  2.880	202772.829	  1.005	13205.989	  0.000
80	  2.880	60666.781	  1.005	-23064.600	  0.000
81	  2.880	49839.017	  1.005	1748.799	  0.000
82	  2.880	265345.221	  1.005	107325.760	  0.000
0	  3.000	60224.059	  1.005	233011.012	  0.000
1	  3.000	-14243.547	  1.005	413795.309	  0.000
2	  3.000	99029.748	  1.005	-8801.845	  0.000
3	  3.000	157188.915	  1.005	489373.775	  0.000
4	  3.000	-61625.812	  1.005	-243726.921	  0.000
5	  3.000	123688.175	  1.005	-11523.150	  0.000
6	  3.000	-102690.315	  1.005	-224424.627	  0.000
7	  3.000	14838.761	  1.005	-220863.118	  0.000
8	  3.000	169723.084	  1.005	190897.478	  0.000
9	  3.000	-120776.851	  1.005	630287.416	  0.000
10	  3.000	-15373.510	  1.005	270995.376	  0.000
11	  3.000	52940.173	  1.005	-196434.364	  0.000
12	  3.000	-207954.201	  1.005	-330856.004	  0.000
13	  3.000	-88739.268	  1.005	-4190.899	  0.000
14	  3.000	146451.807	  1.005	246435.090	  0.000
15	  3.000	-33658.069	  1.005	-10747.858	  0.000
16	  3.000	-45587.188	  1.005	107816.356	  0.000
17	  3.000	-107518.727	  1.005	-66850.862	  0.000
18	  3.000	-215600.694	  1.005	154347.893	  0.000
19	  3.000	65917.903	  1.005	-80768.976	  0.000
20	  3.000	-311032.877	  1.005	-200360.722	  0.000
21	  3.000	8945.239	  1.005	-267247.152	  0.000
22	  3.000	-88279.713	  1.005	35511.197	  0.000
23	  3.000	-44313.476	  1.005	383333.159	  0.000
24	  3.000	128100.400	  1.005	5245.653	  0.000
25	  3.000	-51330.315	  1.005	-240803.866	  0.000
26	  3.000	216622.108	  1.005	358171.850	  0.000
27	  3.000	-97378.163	  1.005	-204484.425	  0.000
28	  3.000	-93170.471	  1.005	-9736.738	  0.000
29	  3.000	187647.687	  1.005	353999.755	  0.000
30	  3.000	6551.916	  1.005	-338607.013	  0.000
31	  3.000	-65922.895	  1.005	-254460.777	  0.000
32	  3.000	-52426.960	  1.005	-125887.816	  0.000
33	  3.000	27819.036	  1.005	265618.466	  0.000
34	  3.000	-143465.112	  1.005	-14863.582	  0.000
35	  3.000	47122.635	  1.005	129978.553	  0.000
36	  3.000	99497.286	  1.005	-55015.730	  0.000
37	  3.000	-90592.635	  1.005	-492980.053	  0.000
38	  3.000	48240.165	  1.005	559485.971	  0.000
39	  3.000	-165243.139	  1.005	152647.323	  0.000
40	  3.000	-158719.742	  1.005	-172615.179	  0.000
41	  3.000	22961.163	  1.005	135000.743	  0.000
42	  3.000	42776.273	  1.005	-54449.371	  0.000
43	  3.000	-18899.166	  1.005	327901.562	  0.000
44	  3.000	18434.133	  1.005	-79491.384	  0.000
45	  3.000	106653.813	  1.005	241046.202	  0.000
46	  3.000	-34851.723	  1.005	-123617.599	  0.000
47	  3.000	72339.085	  1.005	87995.323	  0.000
48	  3.000	133085.783	  1.005	24107.818	  0.000
49	  3.000	-13738.777	  1.005	-43972.870	  0.000
50	  3.000	142963.379	  1.005	544041.364	  0.000
51	  3.000	-100498.429	  1.005	-284460.734	  0.000
52	  3.000	135057.702	  1.005	341233.884	  0.000
53	  3.000	118482.335	  1.005	-90249.251	  0.000
54	  3.000	-71573.258	  1.005	188043.448	  0.000
55	  3.000	-31453.499	  1.005	159696.690	  0.000
56	  3.000	-46892.441	  1.005	18253.974	  0.000
57	  3.000	-33287.561	  1.005	-36472.405	  0.000
58	  3.000	160546.921	  1.005	389310.583	  0.000
59	  3.000	173883.547	  1.005	48883.632	  0.000
60	  3.000	-123220.493	  1.005	1710.959	  0.000
61	  3.000	28235.726	  1.005	-249575.676	  0.000
62	  3.000	-136796.975	  1.005	-1199245.463	  0.000
63	  3.000	-96893.064	  1.005	114411.367	  0.000
64	  3.000	-186324.157	  1.005	-166113.626	  0.000
65	  3.000	-40639.333	  1.005	-140876.283	  0.000
66	  3.000	-54266.007	  1.005	-393857.678	  0.000
67	  3.000	-61606.989	  1.005	48392.977	  0.000
68	  3.000	-137691.784	  1.005	335584.747	  0.000
69	  3.000	60060.142	  1.005	-94580.331	  0.000
70	  3.000	16893.511	  1.005	237441.765	  0.000
71	  3.000	-172015.948	  1.005	-83473.658	  0.000
72	  3.000	28773.785	  1.005	-17670.104	  0.000
73	  3.000	138299.871	  1.005	166841.317	  0.000
74	  3.000	-44972.954	  1.005	-65217.537	  0.000
75	  3.000	104512.116	  1.005	150317.060	  0.000
76	  3.000	-57709.122	  1.005	-8798.221	  0.000
77	  3.000	-91181.424	  1.005	102316.328	  0.000
78	  3.000	-32318.126	  1.005	-82101.349	  0.000
79	  3.000	203756.874	  1.005	1217.895	  0.000
80	  3.000	82298.118	  1.005	305390.520	  0.000
81	  3.000	47094.399	  1.005	-102278.182	  0.000
82	  3.000	256183.079	  1.005	485559.840	  0.000
