# id	 time	 x	 y	 vx	 vy
0	  0.000	  0.806	  1.000	  0.010	  0.010
1	  0.000	  2.419	  1.000	  0.010	  0.010
2	  0.000	  4.032	  1.000	  0.010	  0.010
3	  0.000	  5.645	  1.000	  0.010	  0.010
4	  0.000	  7.258	  1.000	  0.010	  0.010
5	  0.000	  8.871	  1.000	  0.010	  0.010
6	  0.000	 10.484	  1.000	  0.010	  0.010
7	  0.000	 12.097	  1.000	  0.010	  0.010
8	  0.000	 13.710	  1.000	  0.010	  0.010
9	  0.000	 15.323	  1.000	  0.010	  0.010
10	  0.000	 16.935	  1.000	  0.010	  0.010
11	  0.000	 18.548	  1.000	  0.010	  0.010
12	  0.000	 20.161	  1.000	  0.010	  0.010
13	  0.000	 21.774	  1.000	  0.010	  0.010
14	  0.000	 23.387	  1.000	  0.010	  0.010
15	  0.000	 25.000	  1.000	  0.010	  0.010
16	  0.000	 26.613	  1.000	  0.010	  0.010
17	  0.000	 28.226	  1.000	  0.010	  0.010
18	  0.000	 29.839	  1.000	  0.010	  0.010
19	  0.000	 31.452	  1.000	  0.010	  0.010
20	  0.000	 33.065	  1.000	  0.010	  0.010
21	  0.000	 34.677	  1.000	  0.010	  0.010
22	  0.000	 36.290	  1.000	  0.010	  0.010
23	  0.000	 37.903	  1.000	  0.010	  0.010
24	  0.000	 39.516	  1.000	  0.010	  0.010
25	  0.000	 41.129	  1.000	  0.010	  0.010
26	  0.000	 42.742	  1.000	  0.010	  0.010
27	  0.000	 44.355	  1.000	  0.010	  0.010
28	  0.000	 45.968	  1.000	  0.010	  0.010
29	  0.000	 47.581	  1.000	  0.010	  0.010
30	  0.000	 49.194	  1.000	  0.010	  0.010
31	  0.000	 50.806	  1.000	  0.010	  0.010
32	  0.000	 52.419	  1.000	  0.010	  0.010
33	  0.000	 54.032	  1.000	  0.010	  0.010
34	  0.000	 55.645	  1.000	  0.010	  0.010
35	  0.000	 57.258	  1.000	  0.010	  0.010
36	  0.000	 58.871	  1.000	  0.010	  0.010
37	  0.000	 60.484	  1.000	  0.010	  0.010
38	  0.000	 62.097	  1.000	  0.010	  0.010
39	  0.000	 63.710	  1.000	  0.010	  0.010
40	  0.000	 65.323	  1.000	  0.010	  0.010
41	  0.000	 66.935	  1.000	  0.010	  0.010
42	  0.000	 68.548	  1.000	  0.010	  0.010
43	  0.000	 70.161	  1.000	  0.010	  0.010
44	  0.000	 71.774	  1.000	  0.010	  0.010
45	  0.000	 73.387	  1.000	  0.010	  0.010
46	  0.000	 75.000	  1.000	  0.010	  0.010
47	  0.000	 76.613	  1.000	  0.010	  0.010
48	  0.000	 78.226	  1.000	  0.010	  0.010
49	  0.000	 79.839	  1.000	  0.010	  0.010
50	  0.000	 81.452	  1.000	  0.010	  0.010
51	  0.000	 83.065	  1.000	  0.010	  0.010
52	  0.000	 84.677	  1.000	  0.010	  0.010
53	  0.000	 86.290	  1.000	  0.010	  0.010
54	  0.000	 87.903	  1.000	  0.010	  0.010
55	  0.000	 89.516	  1.000	  0.010	  0.010
56	  0.000	 91.129	  1.000	  0.010	  0.010
57	  0.000	 92.742	  1.000	  0.010	  0.010
58	  0.000	 94.355	  1.000	  0.010	  0.010
59	  0.000	 95.968	  1.000	  0.010	  0.010
60	  0.000	 97.581	  1.000	  0.010	  0.010
61	  0.000	 99.194	  1.000	  0.010	  0.010
0	  0.120	  0.825	  1.001	  0.315	  0.008
1	  0.120	  2.438	  1.001	  0.315	  0.008
2	  0.120	  4.051	  1.001	  0.315	  0.008
3	  0.120	  5.664	  1.001	  0.315	  0.008
4	  0.120	  7.277	  1.001	  0.315	  0.008
5	  0.120	  8.890	  1.001	  0.315	  0.008
6	  0.120	 10.503	  1.001	  0.315	  0.008
7	  0.120	 12.116	  1.001	  0.315	  0.008
8	  0.120	 13.728	  1.001	  0.315	  0.008
9	  0.120	 15.341	  1.001	  0.315	  0.008
10	  0.120	 16.954	  1.001	  0.315	  0.008
11	  0.120	 18.567	  1.001	  0.315	  0.008
12	  0.120	 20.180	  1.001	  0.315	  0.008
13	  0.120	 21.793	  1.001	  0.315	  0.008
14	  0.120	 23.406	  1.001	  0.315	  0.008
15	  0.120	 25.019	  1.001	  0.315	  0.008
16	  0.120	 26.632	  1.001	  0.315	  0.008
17	  0.120	 28.245	  1.001	  0.315	  0.008
18	  0.120	 29.857	  1.001	  0.315	  0.008
19	  0.120	 31.470	  1.001	  0.315	  0.008
20	  0.120	 33.083	  1.001	  0.315	  0.008
21	  0.120	 34.696	  1.001	  0.315	  0.008
22	  0.120	 36.309	  1.001	  0.315	  0.008
23	  0.120	 37.922	  1.001	  0.315	  0.008
24	  0.120	 39.535	  1.001	  0.315	  0.008
25	  0.120	 41.148	  1.001	  0.315	  0.008
26	  0.120	 42.761	  1.001	  0.315	  0.008
27	  0.120	 44.374	  1.001	  0.315	  0.008
28	  0.120	 45.986	  1.001	  0.315	  0.008
29	  0.120	 47.599	  1.001	  0.315	  0.008
30	  0.120	 49.212	  1.001	  0.315	  0.008
31	  0.120	 50.825	  1.001	  0.315	  0.008
32	  0.120	 52.438	  1.001	  0.315	  0.008
33	  0.120	 54.051	  1.001	  0.315	  0.008
34	  0.120	 55.664	  1.001	  0.315	  0.008
35	  0.120	 57.277	  1.001	  0.315	  0.008
36	  0.120	 58.890	  1.001	  0.315	  0.008
37	  0.120	 60.503	  1.001	  0.315	  0.008
38	  0.120	 62.116	  1.001	  0.315	  0.008
39	  0.120	 63.728	  1.001	  0.315	  0.008
40	  0.120	 65.341	  1.001	  0.315	  0.008
41	  0.120	 66.954	  1.001	  0.315	  0.008
42	  0.120	 68.567	  1.001	  0.315	  0.008
43	  0.120	 70.180	  1.001	  0.315	  0.008
44	  0.120	 71.793	  1.001	  0.315	  0.008
45	  0.120	 73.406	  1.001	  0.315	  0.008
46	  0.120	 75.019	  1.001	  0.315	  0.008
47	  0.120	 76.632	  1.001	  0.315	  0.008
48	  0.120	 78.245	  1.001	  0.315	  0.008
49	  0.120	 79.857	  1.001	  0.315	  0.008
50	  0.120	 81.470	  1.001	  0.315	  0.008
51	  0.120	 83.083	  1.001	  0.315	  0.008
52	  0.120	 84.696	  1.001	  0.315	  0.008
53	  0.120	 86.309	  1.001	  0.315	  0.008
54	  0.120	 87.922	  1.001	  0.315	  0.008
55	  0.120	 89.535	  1.001	  0.315	  0.008
56	  0.120	 91.148	  1.001	  0.315	  0.008
57	  0.120	 92.761	  1.001	  0.315	  0.008
58	  0.120	 94.374	  1.001	  0.315	  0.008
59	  0.120	 95.986	  1.001	  0.315	  0.008
60	  0.120	 97.599	  1.001	  0.315	  0.008
61	  0.120	 99.212	  1.001	  0.315	  0.008
0	  0.240	  0.877	  1.002	  0.555	  0.006
1	  0.240	  2.490	  1.002	  0.555	  0.006
2	  0.240	  4.103	  1.002	  0.555	  0.006
3	  0.240	  5.715	  1.002	  0.555	  0.006
4	  0.240	  7.328	  1.002	  0.555	  0.006
5	  0.240	  8.941	  1.002	  0.555	  0.006
6	  0.240	 10.554	  1.002	  0.555	  0.006
7	  0.240	 12.167	  1.002	  0.555	  0.006
8	  0.240	 13.780	  1.002	  0.555	  0.006
9	  0.240	 15.393	  1.002	  0.555	  0.006
10	  0.240	 17.006	  1.002	  0.555	  0.006
11	  0.240	 18.619	  1.002	  0.555	  0.006
12	  0.240	 20.232	  1.002	  0.555	  0.006
13	  0.240	 21.845	  1.002	  0.555	  0.006
14	  0.240	 23.457	  1.002	  0.555	  0.006
15	  0.240	 25.070	  1.002	  0.555	  0.006
16	  0.240	 26.683	  1.002	  0.555	  0.006
17	  0.240	 28.296	  1.002	  0.555	  0.006
18	  0.240	 29.909	  1.002	  0.555	  0.006
19	  0.240	 31.522	  1.002	  0.555	  0.006
20	  0.240	 33.135	  1.002	  0.555	  0.006
21	  0.240	 34.748	  1.002	  0.555	  0.006
22	  0.240	 36.361	  1.002	  0.555	  0.006
23	  0.240	 37.974	  1.002	  0.555	  0.006
24	  0.240	 39.586	  1.002	  0.555	  0.006
25	  0.240	 41.199	  1.002	  0.555	  0.006
26	  0.240	 42.812	  1.002	  0.555	  0.006
27	  0.240	 44.425	  1.002	  0.555	  0.006
28	  0.240	 46.038	  1.002	  0.555	  0.006
29	  0.240	 47.651	  1.002	  0.555	  0.006
30	  0.240	 49.264	  1.002	  0.555	  0.006
31	  0.240	 50.877	  1.002	  0.555	  0.006
32	  0.240	 52.490	  1.002	  0.555	  0.006
33	  0.240	 54.103	  1.002	  0.555	  0.006
34	  0.240	 55.715	  1.002	  0.555	  0.006
35	  0.240	 57.328	  1.002	  0.555	  0.006
36	  0.240	 58.941	  1.002	  0.555	  0.006
37	  0.240	 60.554	  1.002	  0.555	  0.006
38	  0.240	 62.167	  1.002	  0.555	  0.006
39	  0.240	 63.780	  1.002	  0.555	  0.006
40	  0.240	 65.393	  1.002	  0.555	  0.006
41	  0.240	 67.006	  1.002	  0.555	  0.006
42	  0.240	 68.619	  1.002	  0.555	  0.006
43	  0.240	 70.232	  1.002	  0.555	  0.006
44	  0.240	 71.845	  1.002	  0.555	  0.006
45	  0.240	 73.457	  1.002	  0.555	  0.006
46	  0.240	 75.070	  1.002	  0.555	  0.006
47	  0.240	 76.683	  1.002	  0.555	  0.006
48	  0.240	 78.296	  1.002	  0.555	  0.006
49	  0.240	 79.909	  1.002	  0.555	  0.006
50	  0.240	 81.522	  1.002	  0.555	  0.006
51	  0.240	 83.135	  1.002	  0.555	  0.006
52	  0.240	 84.748	  1.002	  0.555	  0.006
53	  0.240	 86.361	  1.002	  0.555	  0.006
54	  0.240	 87.974	  1.002	  0.555	  0.006
55	  0.240	 89.586	  1.002	  0.555	  0.006
56	  0.240	 91.199	  1.002	  0.555	  0.006
57	  0.240	 92.812	  1.002	  0.555	  0.006
58	  0.240	 94.425	  1.002	  0.555	  0.006
59	  0.240	 96.038	  1.002	  0.555	  0.006
60	  0.240	 97.651	  1.002	  0.555	  0.006
61	  0.240	 99.264	  1.002	  0.555	  0.006
0	  0.360	  0.954	  1.003	  0.743	  0.005
1	  0.360	  2.567	  1.003	  0.743	  0.005
2	  0.360	  4.180	  1.003	  0.743	  0.005
3	  0.360	  5.793	  1.003	  0.743	  0.005
4	  0.360	  7.406	  1.003	  0.743	  0.005
5	  0.360	  9.019	  1.003	  0.743	  0.005
6	  0.360	 10.632	  1.003	  0.743	  0.005
7	  0.360	 12.244	  1.003	  0.743	  0.005
8	  0.360	 13.857	  1.003	  0.743	  0.005
9	  0.360	 15.470	  1.003	  0.743	  0.005
10	  0.360	 17.083	  1.003	  0.743	  0.005
11	  0.360	 18.696	  1.003	  0.743	  0.005
12	  0.360	 20.309	  1.003	  0.743	  0.005
13	  0.360	 21.922	  1.003	  0.743	  0.005
14	  0.360	 23.535	  1.003	  0.743	  0.005
15	  0.360	 25.148	  1.003	  0.743	  0.005
16	  0.360	 26.761	  1.003	  0.743	  0.005
17	  0.360	 28.374	  1.003	  0.743	  0.005
18	  0.360	 29.986	  1.003	  0.743	  0.005
19	  0.360	 31.599	  1.003	  0.743	  0.005
20	  0.360	 33.212	  1.003	  0.743	  0.005
21	  0.360	 34.825	  1.003	  0.743	  0.005
22	  0.360	 36.438	  1.003	  0.743	  0.005
23	  0.360	 38.051	  1.003	  0.743	  0.005
24	  0.360	 39.664	  1.003	  0.743	  0.005
25	  0.360	 41.277	  1.003	  0.743	  0.005
26	  0.360	 42.890	  1.003	  0.743	  0.005
27	  0.360	 44.503	  1.003	  0.743	  0.005
28	  0.360	 46.115	  1.003	  0.743	  0.005
29	  0.360	 47.728	  1.003	  0.743	  0.005
30	  0.360	 49.341	  1.003	  0.743	  0.005
31	  0.360	 50.954	  1.003	  0.743	  0.005
32	  0.360	 52.567	  1.003	  0.743	  0.005
33	  0.360	 54.180	  1.003	  0.743	  0.005
34	  0.360	 55.793	  1.003	  0.743	  0.005
35	  0.360	 57.406	  1.003	  0.743	  0.005
36	  0.360	 59.019	  1.003	  0.743	  0.005
37	  0.360	 60.632	  1.003	  0.743	  0.005
38	  0.360	 62.244	  1.003	  0.743	  0.005
39	  0.360	 63.857	  1.003	  0.743	  0.005
40	  0.360	 65.470	  1.003	  0.743	  0.005
41	  0.360	 67.083	  1.003	  0.743	  0.005
42	  0.360	 68.696	  1.003	  0.743	  0.005
43	  0.360	 70.309	  1.003	  0.743	  0.005
44	  0.360	 71.922	  1.003	  0.743	  0.005
45	  0.360	 73.535	  1.003	  0.743	  0.005
46	  0.360	 75.148	  1.003	  0.743	  0.005
47	  0.360	 76.761	  1.003	  0.743	  0.005
48	  0.360	 78.374	  1.003	  0.743	  0.005
49	  0.360	 79.986	  1.003	  0.743	  0.005
50	  0.360	 81.599	  1.003	  0.743	  0.005
51	  0.360	 83.212	  1.003	  0.743	  0.005
52	  0.360	 84.825	  1.003	  0.743	  0.005
53	  0.360	 86.438	  1.003	  0.743	  0.005
54	  0.360	 88.051	  1.003	  0.743	  0.005
55	  0.360	 89.664	  1.003	  0.743	  0.005
56	  0.360	 91.277	  1.003	  0.743	  0.005
57	  0.360	 92.890	  1.003	  0.743	  0.005
58	  0.360	 94.503	  1.003	  0.743	  0.005
59	  0.360	 96.115	  1.003	  0.743	  0.005
60	  0.360	 97.728	  1.003	  0.743	  0.005
61	  0.360	 99.341	  1.003	  0.743	  0.005
0	  0.480	  1.052	  1.003	  0.891	  0.004
1	  0.480	  2.665	  1.003	  0.891	  0.004
2	  0.480	  4.278	  1.003	  0.891	  0.004
3	  0.480	  5.890	  1.003	  0.891	  0.004
4	  0.480	  7.503	  1.003	  0.891	  0.004
5	  0.480	  9.116	  1.003	  0.891	  0.004
6	  0.480	 10.729	  1.003	  0.891	  0.004
7	  0.480	 12.342	  1.003	  0.891	  0.004
8	  0.480	 13.955	  1.003	  0.891	  0.004
9	  0.480	 15.568	  1.003	  0.891	  0.004
10	  0.480	 17.181	  1.003	  0.891	  0.004
11	  0.480	 18.794	  1.003	  0.891	  0.004
12	  0.480	 20.407	  1.003	  0.891	  0.004
13	  0.480	 22.020	  1.003	  0.891	  0.004
14	  0.480	 23.632	  1.003	  0.891	  0.004
15	  0.480	 25.245	  1.003	  0.891	  0.004
16	  0.480	 26.858	  1.003	  0.891	  0.004
17	  0.480	 28.471	  1.003	  0.891	  0.004
18	  0.480	 30.084	  1.003	  0.891	  0.004
19	  0.480	 31.697	  1.003	  0.891	  0.004
20	  0.480	 33.310	  1.003	  0.891	  0.004
21	  0.480	 34.923	  1.003	  0.891	  0.004
22	  0.480	 36.536	  1.003	  0.891	  0.004
23	  0.480	 38.149	  1.003	  0.891	  0.004
24	  0.480	 39.761	  1.003	  0.891	  0.004
25	  0.480	 41.374	  1.003	  0.891	  0.004
26	  0.480	 42.987	  1.003	  0.891	  0.004
27	  0.480	 44.600	  1.003	  0.891	  0.004
28	  0.480	 46.213	  1.003	  0.891	  0.004
29	  0.480	 47.826	  1.003	  0.891	  0.004
30	  0.480	 49.439	  1.003	  0.891	  0.004
31	  0.480	 51.052	  1.003	  0.891	  0.004
32	  0.480	 52.665	  1.003	  0.891	  0.004
33	  0.480	 54.278	  1.003	  0.891	  0.004
34	  0.480	 55.890	  1.003	  0.891	  0.004
35	  0.480	 57.503	  1.003	  0.891	  0.004
36	  0.480	 59.116	  1.003	  0.891	  0.004
37	  0.480	 60.729	  1.003	  0.891	  0.004
38	  0.480	 62.342	  1.003	  0.891	  0.004
39	  0.480	 63.955	  1.003	  0.891	  0.004
40	  0.480	 65.568	  1.003	  0.891	  0.004
41	  0.480	 67.181	  1.003	  0.891	  0.004
42	  0.480	 68.794	  1.003	  0.891	  0.004
43	  0.480	 70.407	  1.003	  0.891	  0.004
44	  0.480	 72.020	  1.003	  0.891	  0.004
45	  0.480	 73.632	  1.003	  0.891	  0.004
46	  0.480	 75.245	  1.003	  0.891	  0.004
47	  0.480	 76.858	  1.003	  0.891	  0.004
48	  0.480	 78.471	  1.003	  0.891	  0.004
49	  0.480	 80.084	  1.003	  0.891	  0.004
50	  0.480	 81.697	  1.003	  0.891	  0.004
51	  0.480	 83.310	  1.003	  0.891	  0.004
52	  0.480	 84.923	  1.003	  0.891	  0.004
53	  0.480	 86.536	  1.003	  0.891	  0.004
54	  0.480	 88.149	  1.003	  0.891	  0.004
55	  0.480	 89.761	  1.003	  0.891	  0.004
56	  0.480	 91.374	  1.003	  0.891	  0.004
57	  0.480	 92.987	  1.003	  0.891	  0.004
58	  0.480	 94.600	  1.003	  0.891	  0.004
59	  0.480	 96.213	  1.003	  0.891	  0.004
60	  0.480	 97.826	  1.003	  0.891	  0.004
61	  0.480	 99.439	  1.003	  0.891	  0.004
0	  0.600	  1.165	  1.004	  1.006	  0.003
1	  0.600	  2.778	  1.004	  1.006	  0.003
2	  0.600	  4.391	  1.004	  1.006	  0.003
3	  0.600	  6.004	  1.004	  1.006	  0.003
4	  0.600	  7.617	  1.004	  1.006	  0.003
5	  0.600	  9.230	  1.004	  1.006	  0.003
6	  0.600	 10.843	  1.004	  1.006	  0.003
7	  0.600	 12.456	  1.004	  1.006	  0.003
8	  0.600	 14.069	  1.004	  1.006	  0.003
9	  0.600	 15.681	  1.004	  1.006	  0.003
10	  0.600	 17.294	  1.004	  1.006	  0.003
11	  0.600	 18.907	  1.004	  1.006	  0.003
12	  0.600	 20.520	  1.004	  1.006	  0.003
13	  0.600	 22.133	  1.004	  1.006	  0.003
14	  0.600	 23.746	  1.004	  1.006	  0.003
15	  0.600	 25.359	  1.004	  1.006	  0.003
16	  0.600	 26.972	  1.004	  1.006	  0.003
17	  0.600	 28.585	  1.004	  1.006	  0.003
18	  0.600	 30.198	  1.004	  1.006	  0.003
19	  0.600	 31.810	  1.004	  1.006	  0.003
20	  0.600	 33.423	  1.004	  1.006	  0.003
21	  0.600	 35.036	  1.004	  1.006	  0.003
22	  0.600	 36.649	  1.004	  1.006	  0.003
23	  0.600	 38.262	  1.004	  1.006	  0.003
24	  0.600	 39.875	  1.004	  1.006	  0.003
25	  0.600	 41.488	  1.004	  1.006	  0.003
26	  0.600	 43.101	  1.004	  1.006	  0.003
27	  0.600	 44.714	  1.004	  1.006	  0.003
28	  0.600	 46.327	  1.004	  1.006	  0.003
29	  0.600	 47.939	  1.004	  1.006	  0.003
30	  0.600	 49.552	  1.004	  1.006	  0.003
31	  0.600	 51.165	  1.004	  1.006	  0.003
32	  0.600	 52.778	  1.004	  1.006	  0.003
33	  0.600	 54.391	  1.004	  1.006	  0.003
34	  0.600	 56.004	  1.004	  1.006	  0.003
35	  0.600	 57.617	  1.004	  1.006	  0.003
36	  0.600	 59.230	  1.004	  1.006	  0.003
37	  0.600	 60.843	  1.004	  1.006	  0.003
38	  0.600	 62.456	  1.004	  1.006	  0.003
39	  0.600	 64.069	  1.004	  1.006	  0.003
40	  0.600	 65.681	  1.004	  1.006	  0.003
41	  0.600	 67.294	  1.004	  1.006	  0.003
42	  0.600	 68.907	  1.004	  1.006	  0.003
43	  0.600	 70.520	  1.004	  1.006	  0.003
44	  0.600	 72.133	  1.004	  1.006	  0.003
45	  0.600	 73.746	  1.004	  1.006	  0.003
46	  0.600	 75.359	  1.004	  1.006	  0.003
47	  0.600	 76.972	  1.004	  1.006	  0.003
48	  0.600	 78.585	  1.004	  1.006	  0.003
49	  0.600	 80.198	  1.004	  1.006	  0.003
50	  0.600	 81.810	  1.004	  1.006	  0.003
51	  0.600	 83.423	  1.004	  1.006	  0.003
52	  0.600	 85.036	  1.004	  1.006	  0.003
53	  0.600	 86.649	  1.004	  1.006	  0.003
54	  0.600	 88.262	  1.004	  1.006	  0.003
55	  0.600	 89.875	  1.004	  1.006	  0.003
56	  0.600	 91.488	  1.004	  1.006	  0.003
57	  0.600	 93.101	  1.004	  1.006	  0.003
58	  0.600	 94.714	  1.004	  1.006	  0.003
59	  0.600	 96.327	  1.004	  1.006	  0.003
60	  0.600	 97.939	  1.004	  1.006	  0.003
61	  0.600	 99.552	  1.004	  1.006	  0.003
0	  0.720	  1.291	  1.004	  1.097	  0.002
1	  0.720	  2.904	  1.004	  1.097	  0.002
2	  0.720	  4.517	  1.004	  1.097	  0.002
3	  0.720	  6.130	  1.004	  1.097	  0.002
4	  0.720	  7.743	  1.004	  1.097	  0.002
5	  0.720	  9.356	  1.004	  1.097	  0.002
6	  0.720	 10.969	  1.004	  1.097	  0.002
7	  0.720	 12.582	  1.004	  1.097	  0.002
8	  0.720	 14.194	  1.004	  1.097	  0.002
9	  0.720	 15.807	  1.004	  1.097	  0.002
10	  0.720	 17.420	  1.004	  1.097	  0.002
11	  0.720	 19.033	  1.004	  1.097	  0.002
12	  0.720	 20.646	  1.004	  1.097	  0.002
13	  0.720	 22.259	  1.004	  1.097	  0.002
14	  0.720	 23.872	  1.004	  1.097	  0.002
15	  0.720	 25.485	  1.004	  1.097	  0.002
16	  0.720	 27.098	  1.004	  1.097	  0.002
17	  0.720	 28.711	  1.004	  1.097	  0.002
18	  0.720	 30.324	  1.004	  1.097	  0.002
19	  0.720	 31.936	  1.004	  1.097	  0.002
20	  0.720	 33.549	  1.004	  1.097	  0.002
21	  0.720	 35.162	  1.004	  1.097	  0.002
22	  0.720	 36.775	  1.004	  1.097	  0.002
23	  0.720	 38.388	  1.004	  1.097	  0.002
24	  0.720	 40.001	  1.004	  1.097	  0.002
25	  0.720	 41.614	  1.004	  1.097	  0.002
26	  0.720	 43.227	  1.004	  1.097	  0.002
27	  0.720	 44.840	  1.004	  1.097	  0.002
28	  0.720	 46.453	  1.004	  1.097	  0.002
29	  0.720	 48.065	  1.004	  1.097	  0.002
30	  0.720	 49.678	  1.004	  1.097	  0.002
31	  0.720	 51.291	  1.004	  1.097	  0.002
32	  0.720	 52.904	  1.004	  1.097	  0.002
33	  0.720	 54.517	  1.004	  1.097	  0.002
34	  0.720	 56.130	  1.004	  1.097	  0.002
35	  0.720	 57.743	  1.004	  1.097	  0.002
36	  0.720	 59.356	  1.004	  1.097	  0.002
37	  0.720	 60.969	  1.004	  1.097	  0.002
38	  0.720	 62.582	  1.004	  1.097	  0.002
39	  0.720	 64.194	  1.004	  1.097	  0.002
40	  0.720	 65.807	  1.004	  1.097	  0.002
41	  0.720	 67.420	  1.004	  1.097	  0.002
42	  0.720	 69.033	  1.004	  1.097	  0.002
43	  0.720	 70.646	  1.004	  1.097	  0.002
44	  0.720	 72.259	  1.004	  1.097	  0.002
45	  0.720	 73.872	  1.004	  1.097	  0.002
46	  0.720	 75.485	  1.004	  1.097	  0.002
47	  0.720	 77.098	  1.004	  1.097	  0.002
48	  0.720	 78.711	  1.004	  1.097	  0.002
49	  0.720	 80.324	  1.004	  1.097	  0.002
50	  0.720	 81.936	  1.004	  1.097	  0.002
51	  0.720	 83.549	  1.004	  1.097	  0.002
52	  0.720	 85.162	  1.004	  1.097	  0.002
53	  0.720	 86.775	  1.004	  1.097	  0.002
54	  0.720	 88.388	  1.004	  1.097	  0.002
55	  0.720	 90.001	  1.004	  1.097	  0.002
56	  0.720	 91.614	  1.004	  1.097	  0.002
57	  0.720	 93.227	  1.004	  1.097	  0.002
58	  0.720	 94.840	  1.004	  1.097	  0.002
59	  0.720	 96.453	  1.004	  1.097	  0.002
60	  0.720	 98.065	  1.004	  1.097	  0.002
61	  0.720	 99.678	  1.004	  1.097	  0.002
0	  0.840	  1.427	  1.004	  1.168	  0.002
1	  0.840	  3.040	  1.004	  1.168	  0.002
2	  0.840	  4.653	  1.004	  1.168	  0.002
3	  0.840	  6.266	  1.004	  1.168	  0.002
4	  0.840	  7.879	  1.004	  1.168	  0.002
5	  0.840	  9.492	  1.004	  1.168	  0.002
6	  0.840	 11.104	  1.004	  1.168	  0.002
7	  0.840	 12.717	  1.004	  1.168	  0.002
8	  0.840	 14.330	  1.004	  1.168	  0.002
9	  0.840	 15.943	  1.004	  1.168	  0.002
10	  0.840	 17.556	  1.004	  1.168	  0.002
11	  0.840	 19.169	  1.004	  1.168	  0.002
12	  0.840	 20.782	  1.004	  1.168	  0.002
13	  0.840	 22.395	  1.004	  1.168	  0.002
14	  0.840	 24.008	  1.004	  1.168	  0.002
15	  0.840	 25.621	  1.004	  1.168	  0.002
16	  0.840	 27.233	  1.004	  1.168	  0.002
17	  0.840	 28.846	  1.004	  1.168	  0.002
18	  0.840	 30.459	  1.004	  1.168	  0.002
19	  0.840	 32.072	  1.004	  1.168	  0.002
20	  0.840	 33.685	  1.004	  1.168	  0.002
21	  0.840	 35.298	  1.004	  1.168	  0.002
22	  0.840	 36.911	  1.004	  1.168	  0.002
23	  0.840	 38.524	  1.004	  1.168	  0.002
24	  0.840	 40.137	  1.004	  1.168	  0.002
25	  0.840	 41.750	  1.004	  1.168	  0.002
26	  0.840	 43.363	  1.004	  1.168	  0.002
27	  0.840	 44.975	  1.004	  1.168	  0.002
28	  0.840	 46.588	  1.004	  1.168	  0.002
29	  0.840	 48.201	  1.004	  1.168	  0.002
30	  0.840	 49.814	  1.004	  1.168	  0.002
31	  0.840	 51.427	  1.004	  1.168	  0.002
32	  0.840	 53.040	  1.004	  1.168	  0.002
33	  0.840	 54.653	  1.004	  1.168	  0.002
34	  0.840	 56.266	  1.004	  1.168	  0.002
35	  0.840	 57.879	  1.004	  1.168	  0.002
36	  0.840	 59.492	  1.004	  1.168	  0.002
37	  0.840	 61.104	  1.004	  1.168	  0.002
38	  0.840	 62.717	  1.004	  1.168	  0.002
39	  0.840	 64.330	  1.004	  1.168	  0.002
40	  0.840	 65.943	  1.004	  1.168	  0.002
41	  0.840	 67.556	  1.004	  1.168	  0.002
42	  0.840	 69.169	  1.004	  1.168	  0.002
43	  0.840	 70.782	  1.004	  1.168	  0.002
44	  0.840	 72.395	  1.004	  1.168	  0.002
45	  0.840	 74.008	  1.004	  1.168	  0.002
46	  0.840	 75.621	  1.004	  1.168	  0.002
47	  0.840	 77.233	  1.004	  1.168	  0.002
48	  0.840	 78.846	  1.004	  1.168	  0.002
49	  0.840	 80.459	  1.004	  1.168	  0.002
50	  0.840	 82.072	  1.004	  1.168	  0.002
51	  0.840	 83.685	  1.004	  1.168	  0.002
52	  0.840	 85.298	  1.004	  1.168	  0.002
53	  0.840	 86.911	  1.004	  1.168	  0.002
54	  0.840	 88.524	  1.004	  1.168	  0.002
55	  0.840	 90.137	  1.004	  1.168	  0.002
56	  0.840	 91.750	  1.004	  1.168	  0.002
57	  0.840	 93.363	  1.004	  1.168	  0.002
58	  0.840	 94.975	  1.004	  1.168	  0.002
59	  0.840	 96.588	  1.004	  1.168	  0.002
60	  0.840	 98.201	  1.004	  1.168	  0.002
61	  0.840	 99.814	  1.004	  1.168	  0.002
0	  0.960	  1.570	  1.004	  1.224	  0.001
1	  0.960	  3.183	  1.004	  1.224	  0.001
2	  0.960	  4.796	  1.004	  1.224	  0.001
3	  0.960	  6.409	  1.004	  1.224	  0.001
4	  0.960	  8.022	  1.004	  1.224	  0.001
5	  0.960	  9.635	  1.004	  1.224	  0.001
6	  0.960	 11.248	  1.004	  1.224	  0.001
7	  0.960	 12.861	  1.004	  1.224	  0.001
8	  0.960	 14.474	  1.004	  1.224	  0.001
9	  0.960	 16.087	  1.004	  1.224	  0.001
10	  0.960	 17.699	  1.004	  1.224	  0.001
11	  0.960	 19.312	  1.004	  1.224	  0.001
12	  0.960	 20.925	  1.004	  1.224	  0.001
13	  0.960	 22.538	  1.004	  1.224	  0.001
14	  0.960	 24.151	  1.004	  1.224	  0.001
15	  0.960	 25.764	  1.004	  1.224	  0.001
16	  0.960	 27.377	  1.004	  1.224	  0.001
17	  0.960	 28.990	  1.004	  1.224	  0.001
18	  0.960	 30.603	  1.004	  1.224	  0.001
19	  0.960	 32.216	  1.004	  1.224	  0.001
20	  0.960	 33.829	  1.004	  1.224	  0.001
21	  0.960	 35.441	  1.004	  1.224	  0.001
22	  0.960	 37.054	  1.004	  1.224	  0.001
23	  0.960	 38.667	  1.004	  1.224	  0.001
24	  0.960	 40.280	  1.004	  1.224	  0.001
25	  0.960	 41.893	  1.004	  1.224	  0.001
26	  0.960	 43.506	  1.004	  1.224	  0.001
27	  0.960	 45.119	  1.004	  1.224	  0.001
28	  0.960	 46.732	  1.004	  1.224	  0.001
29	  0.960	 48.345	  1.004	  1.224	  0.001
30	  0.960	 49.958	  1.004	  1.224	  0.001
31	  0.960	 51.570	  1.004	  1.224	  0.001
32	  0.960	 53.183	  1.004	  1.224	  0.001
33	  0.960	 54.796	  1.004	  1.224	  0.001
34	  0.960	 56.409	  1.004	  1.224	  0.001
35	  0.960	 58.022	  1.004	  1.224	  0.001
36	  0.960	 59.635	  1.004	  1.224	  0.001
37	  0.960	 61.248	  1.004	  1.224	  0.001
38	  0.960	 62.861	  1.004	  1.224	  0.001
39	  0.960	 64.474	  1.004	  1.224	  0.001
40	  0.960	 66.087	  1.004	  1.224	  0.001
41	  0.960	 67.699	  1.004	  1.224	  0.001
42	  0.960	 69.312	  1.004	  1.224	  0.001
43	  0.960	 70.925	  1.004	  1.224	  0.001
44	  0.960	 72.538	  1.004	  1.224	  0.001
45	  0.960	 74.151	  1.004	  1.224	  0.001
46	  0.960	 75.764	  1.004	  1.224	  0.001
47	  0.960	 77.377	  1.004	  1.224	  0.001
48	  0.960	 78.990	  1.004	  1.224	  0.001
49	  0.960	 80.603	  1.004	  1.224	  0.001
50	  0.960	 82.216	  1.004	  1.224	  0.001
51	  0.960	 83.829	  1.004	  1.224	  0.001
52	  0.960	 85.441	  1.004	  1.224	  0.001
53	  0.960	 87.054	  1.004	  1.224	  0.001
54	  0.960	 88.667	  1.004	  1.224	  0.001
55	  0.960	 90.280	  1.004	  1.224	  0.001
56	  0.960	 91.893	  1.004	  1.224	  0.001
57	  0.960	 93.506	  1.004	  1.224	  0.001
58	  0.960	 95.119	  1.004	  1.224	  0.001
59	  0.960	 96.732	  1.004	  1.224	  0.001
60	  0.960	 98.345	  1.004	  1.224	  0.001
61	  0.960	 99.958	  1.004	  1.224	  0.001
0	  1.080	  1.720	  1.004	  1.268	  0.001
1	  1.080	  3.333	  1.004	  1.268	  0.001
2	  1.080	  4.946	  1.004	  1.268	  0.001
3	  1.080	  6.559	  1.004	  1.268	  0.001
4	  1.080	  8.172	  1.004	  1.268	  0.001
5	  1.080	  9.784	  1.004	  1.268	  0.001
6	  1.080	 11.397	  1.004	  1.268	  0.001
7	  1.080	 13.010	  1.004	  1.268	  0.001
8	  1.080	 14.623	  1.004	  1.268	  0.001
9	  1.080	 16.236	  1.004	  1.268	  0.001
10	  1.080	 17.849	  1.004	  1.268	  0.001
11	  1.080	 19.462	  1.004	  1.268	  0.001
12	  1.080	 21.075	  1.004	  1.268	  0.001
13	  1.080	 22.688	  1.004	  1.268	  0.001
14	  1.080	 24.301	  1.004	  1.268	  0.001
15	  1.080	 25.913	  1.004	  1.268	  0.001
16	  1.080	 27.526	  1.004	  1.268	  0.001
17	  1.080	 29.139	  1.004	  1.268	  0.001
18	  1.080	 30.752	  1.004	  1.268	  0.001
19	  1.080	 32.365	  1.004	  1.268	  0.001
20	  1.080	 33.978	  1.004	  1.268	  0.001
21	  1.080	 35.591	  1.004	  1.268	  0.001
22	  1.080	 37.204	  1.004	  1.268	  0.001
23	  1.080	 38.817	  1.004	  1.268	  0.001
24	  1.080	 40.430	  1.004	  1.268	  0.001
25	  1.080	 42.042	  1.004	  1.268	  0.001
26	  1.080	 43.655	  1.004	  1.268	  0.001
27	  1.080	 45.268	  1.004	  1.268	  0.001
28	  1.080	 46.881	  1.004	  1.268	  0.001
29	  1.080	 48.494	  1.004	  1.268	  0.001
30	  1.080	 50.107	  1.004	  1.268	  0.001
31	  1.080	 51.720	  1.004	  1.268	  0.001
32	  1.080	 53.333	  1.004	  1.268	  0.001
33	  1.080	 54.946	  1.004	  1.268	  0.001
34	  1.080	 56.559	  1.004	  1.268	  0.001
35	  1.080	 58.172	  1.004	  1.268	  0.001
36	  1.080	 59.784	  1.004	  1.268	  0.001
37	  1.080	 61.397	  1.004	  1.268	  0.001
38	  1.080	 63.010	  1.004	  1.268	  0.001
39	  1.080	 64.623	  1.004	  1.268	  0.001
40	  1.080	 66.236	  1.004	  1.268	  0.001
41	  1.080	 67.849	  1.004	  1.268	  0.001
42	  1.080	 69.462	  1.004	  1.268	  0.001
43	  1.080	 71.075	  1.004	  1.268	  0.001
44	  1.080	 72.688	  1.004	  1.268	  0.001
45	  1.080	 74.301	  1.004	  1.268	  0.001
46	  1.080	 75.913	  1.004	  1.268	  0.001
47	  1.080	 77.526	  1.004	  1.268	  0.001
48	  1.080	 79.139	  1.004	  1.268	  0.001
49	  1.080	 80.752	  1.004	  1.268	  0.001
50	  1.080	 82.365	  1.004	  1.268	  0.001
51	  1.080	 83.978	  1.004	  1.268	  0.001
52	  1.080	 85.591	  1.004	  1.268	  0.001
53	  1.080	 87.204	  1.004	  1.268	  0.001
54	  1.080	 88.817	  1.004	  1.268	  0.001
55	  1.080	 90.430	  1.004	  1.268	  0.001
56	  1.080	 92.042	  1.004	  1.268	  0.001
57	  1.080	 93.655	  1.004	  1.268	  0.001
58	  1.080	 95.268	  1.004	  1.268	  0.001
59	  1.080	 96.881	  1.004	  1.268	  0.001
60	  1.080	 98.494	  1.004	  1.268	  0.001
61	  1.080	100.107	  1.004	  1.268	  0.001
0	  1.200	  1.874	  1.005	  1.303	  0.001
1	  1.200	  3.487	  1.005	  1.303	  0.001
2	  1.200	  5.100	  1.005	  1.303	  0.001
3	  1.200	  6.713	  1.005	  1.303	  0.001
4	  1.200	  8.326	  1.005	  1.303	  0.001
5	  1.200	  9.939	  1.005	  1.303	  0.001
6	  1.200	 11.551	  1.005	  1.303	  0.001
7	  1.200	 13.164	  1.005	  1.303	  0.001
8	  1.200	 14.777	  1.005	  1.303	  0.001
9	  1.200	 16.390	  1.005	  1.303	  0.001
10	  1.200	 18.003	  1.005	  1.303	  0.001
11	  1.200	 19.616	  1.005	  1.303	  0.001
12	  1.200	 21.229	  1.005	  1.303	  0.001
13	  1.200	 22.842	  1.005	  1.303	  0.001
14	  1.200	 24.455	  1.005	  1.303	  0.001
15	  1.200	 26.068	  1.005	  1.303	  0.001
16	  1.200	 27.681	  1.005	  1.303	  0.001
17	  1.200	 29.293	  1.005	  1.303	  0.001
18	  1.200	 30.906	  1.005	  1.303	  0.001
19	  1.200	 32.519	  1.005	  1.303	  0.001
20	  1.200	 34.132	  1.005	  1.303	  0.001
21	  1.200	 35.745	  1.005	  1.303	  0.001
22	  1.200	 37.358	  1.005	  1.303	  0.001
23	  1.200	 38.971	  1.005	  1.303	  0.001
24	  1.200	 40.584	  1.005	  1.303	  0.001
25	  1.200	 42.197	  1.005	  1.303	  0.001
26	  1.200	 43.810	  1.005	  1.303	  0.001
27	  1.200	 45.422	  1.005	  1.303	  0.001
28	  1.200	 47.035	  1.005	  1.303	  0.001
29	  1.200	 48.648	  1.005	  1.303	  0.001
30	  1.200	 50.261	  1.005	  1.303	  0.001
31	  1.200	 51.874	  1.005	  1.303	  0.001
32	  1.200	 53.487	  1.005	  1.303	  0.001
33	  1.200	 55.100	  1.005	  1.303	  0.001
34	  1.200	 56.713	  1.005	  1.303	  0.001
35	  1.200	 58.326	  1.005	  1.303	  0.001
36	  1.200	 59.939	  1.005	  1.303	  0.001
37	  1.200	 61.551	  1.005	  1.303	  0.001
38	  1.200	 63.164	  1.005	  1.303	  0.001
39	  1.200	 64.777	  1.005	  1.303	  0.001
40	  1.200	 66.390	  1.005	  1.303	  0.001
41	  1.200	 68.003	  1.005	  1.303	  0.001
42	  1.200	 69.616	  1.005	  1.303	  0.001
43	  1.200	 71.229	  1.005	  1.303	  0.001
44	  1.200	 72.842	  1.005	  1.303	  0.001
45	  1.200	 74.455	  1.005	  1.303	  0.001
46	  1.200	 76.068	  1.005	  1.303	  0.001
47	  1.200	 77.681	  1.005	  1.303	  0.001
48	  1.200	 79.293	  1.005	  1.303	  0.001
49	  1.200	 80.906	  1.005	  1.303	  0.001
50	  1.200	 82.519	  1.005	  1.303	  0.001
51	  1.200	 84.132	  1.005	  1.303	  0.001
52	  1.200	 85.745	  1.005	  1.303	  0.001
53	  1.200	 87.358	  1.005	  1.303	  0.001
54	  1.200	 88.971	  1.005	  1.303	  0.001
55	  1.200	 90.584	  1.005	  1.303	  0.001
56	  1.200	 92.197	  1.005	  1.303	  0.001
57	  1.200	 93.810	  1.005	  1.303	  0.001
58	  1.200	 95.422	  1.005	  1.303	  0.001
59	  1.200	 97.035	  1.005	  1.303	  0.001
60	  1.200	 98.648	  1.005	  1.303	  0.001
61	  1.200	100.261	  1.005	  1.303	  0.001
0	  1.320	  2.032	  1.005	  1.330	  0.001
1	  1.320	  3.645	  1.005	  1.330	  0.001
2	  1.320	  5.258	  1.005	  1.330	  0.001
3	  1.320	  6.871	  1.005	  1.330	  0.001
4	  1.320	  8.484	  1.005	  1.330	  0.001
5	  1.320	 10.096	  1.005	  1.330	  0.001
6	  1.320	 11.709	  1.005	  1.330	  0.001
7	  1.320	 13.322	  1.005	  1.330	  0.001
8	  1.320	 14.935	  1.005	  1.330	  0.001
9	  1.320	 16.548	  1.005	  1.330	  0.001
10	  1.320	 18.161	  1.005	  1.330	  0.001
11	  1.320	 19.774	  1.005	  1.330	  0.001
12	  1.320	 21.387	  1.005	  1.330	  0.001
13	  1.320	 23.000	  1.005	  1.330	  0.001
14	  1.320	 24.613	  1.005	  1.330	  0.001
15	  1.320	 26.225	  1.005	  1.330	  0.001
16	  1.320	 27.838	  1.005	  1.330	  0.001
17	  1.320	 29.451	  1.005	  1.330	  0.001
18	  1.320	 31.064	  1.005	  1.330	  0.001
19	  1.320	 32.677	  1.005	  1.330	  0.001
20	  1.320	 34.290	  1.005	  1.330	  0.001
21	  1.320	 35.903	  1.005	  1.330	  0.001
22	  1.320	 37.516	  1.005	  1.330	  0.001
23	  1.320	 39.129	  1.005	  1.330	  0.001
24	  1.320	 40.742	  1.005	  1.330	  0.001
25	  1.320	 42.355	  1.005	  1.330	  0.001
26	  1.320	 43.967	  1.005	  1.330	  0.001
27	  1.320	 45.580	  1.005	  1.330	  0.001
28	  1.320	 47.193	  1.005	  1.330	  0.001
29	  1.320	 48.806	  1.005	  1.330	  0.001
30	  1.320	 50.419	  1.005	  1.330	  0.001
31	  1.320	 52.032	  1.005	  1.330	  0.001
32	  1.320	 53.645	  1.005	  1.330	  0.001
33	  1.320	 55.258	  1.005	  1.330	  0.001
34	  1.320	 56.871	  1.005	  1.330	  0.001
35	  1.320	 58.484	  1.005	  1.330	  0.001
36	  1.320	 60.096	  1.005	  1.330	  0.001
37	  1.320	 61.709	  1.005	  1.330	  0.001
38	  1.320	 63.322	  1.005	  1.330	  0.001
39	  1.320	 64.935	  1.005	  1.330	  0.001
40	  1.320	 66.548	  1.005	  1.330	  0.001
41	  1.320	 68.161	  1.005	  1.330	  0.001
42	  1.320	 69.774	  1.005	  1.330	  0.001
43	  1.320	 71.387	  1.005	  1.330	  0.001
44	  1.320	 73.000	  1.005	  1.330	  0.001
45	  1.320	 74.613	  1.005	  1.330	  0.001
46	  1.320	 76.225	  1.005	  1.330	  0.001
47	  1.320	 77.838	  1.005	  1.330	  0.001
48	  1.320	 79.451	  1.005	  1.330	  0.001
49	  1.320	 81.064	  1.005	  1.330	  0.001
50	  1.320	 82.677	  1.005	  1.330	  0.001
51	  1.320	 84.290	  1.005	  1.330	  0.001
52	  1.320	 85.903	  1.005	  1.330	  0.001
53	  1.320	 87.516	  1.005	  1.330	  0.001
54	  1.320	 89.129	  1.005	  1.330	  0.001
55	  1.320	 90.742	  1.005	  1.330	  0.001
56	  1.320	 92.355	  1.005	  1.330	  0.001
57	  1.320	 93.967	  1.005	  1.330	  0.001
58	  1.320	 95.580	  1.005	  1.330	  0.001
59	  1.320	 97.193	  1.005	  1.330	  0.001
60	  1.320	 98.806	  1.005	  1.330	  0.001
61	  1.320	100.419	  1.005	  1.330	  0.001
0	  1.440	  2.193	  1.005	  1.351	  0.001
1	  1.440	  3.806	  1.005	  1.351	  0.001
2	  1.440	  5.419	  1.005	  1.351	  0.001
3	  1.440	  7.031	  1.005	  1.351	  0.001
4	  1.440	  8.644	  1.005	  1.351	  0.001
5	  1.440	 10.257	  1.005	  1.351	  0.001
6	  1.440	 11.870	  1.005	  1.351	  0.001
7	  1.440	 13.483	  1.005	  1.351	  0.001
8	  1.440	 15.096	  1.005	  1.351	  0.001
9	  1.440	 16.709	  1.005	  1.351	  0.001
10	  1.440	 18.322	  1.005	  1.351	  0.001
11	  1.440	 19.935	  1.005	  1.351	  0.001
12	  1.440	 21.548	  1.005	  1.351	  0.001
13	  1.440	 23.160	  1.005	  1.351	  0.001
14	  1.440	 24.773	  1.005	  1.351	  0.001
15	  1.440	 26.386	  1.005	  1.351	  0.001
16	  1.440	 27.999	  1.005	  1.351	  0.001
17	  1.440	 29.612	  1.005	  1.351	  0.001
18	  1.440	 31.225	  1.005	  1.351	  0.001
19	  1.440	 32.838	  1.005	  1.351	  0.001
20	  1.440	 34.451	  1.005	  1.351	  0.001
21	  1.440	 36.064	  1.005	  1.351	  0.001
22	  1.440	 37.677	  1.005	  1.351	  0.001
23	  1.440	 39.290	  1.005	  1.351	  0.001
24	  1.440	 40.902	  1.005	  1.351	  0.001
25	  1.440	 42.515	  1.005	  1.351	  0.001
26	  1.440	 44.128	  1.005	  1.351	  0.001
27	  1.440	 45.741	  1.005	  1.351	  0.001
28	  1.440	 47.354	  1.005	  1.351	  0.001
29	  1.440	 48.967	  1.005	  1.351	  0.001
30	  1.440	 50.580	  1.005	  1.351	  0.001
31	  1.440	 52.193	  1.005	  1.351	  0.001
32	  1.440	 53.806	  1.005	  1.351	  0.001
33	  1.440	 55.419	  1.005	  1.351	  0.001
34	  1.440	 57.031	  1.005	  1.351	  0.001
35	  1.440	 58.644	  1.005	  1.351	  0.001
36	  1.440	 60.257	  1.005	  1.351	  0.001
37	  1.440	 61.870	  1.005	  1.351	  0.001
38	  1.440	 63.483	  1.005	  1.351	  0.001
39	  1.440	 65.096	  1.005	  1.351	  0.001
40	  1.440	 66.709	  1.005	  1.351	  0.001
41	  1.440	 68.322	  1.005	  1.351	  0.001
42	  1.440	 69.935	  1.005	  1.351	  0.001
43	  1.440	 71.548	  1.005	  1.351	  0.001
44	  1.440	 73.160	  1.005	  1.351	  0.001
45	  1.440	 74.773	  1.005	  1.351	  0.001
46	  1.440	 76.386	  1.005	  1.351	  0.001
47	  1.440	 77.999	  1.005	  1.351	  0.001
48	  1.440	 79.612	  1.005	  1.351	  0.001
49	  1.440	 81.225	  1.005	  1.351	  0.001
50	  1.440	 82.838	  1.005	  1.351	  0.001
51	  1.440	 84.451	  1.005	  1.351	  0.001
52	  1.440	 86.064	  1.005	  1.351	  0.001
53	  1.440	 87.677	  1.005	  1.351	  0.001
54	  1.440	 89.290	  1.005	  1.351	  0.001
55	  1.440	 90.902	  1.005	  1.351	  0.001
56	  1.440	 92.515	  1.005	  1.351	  0.001
57	  1.440	 94.128	  1.005	  1.351	  0.001
58	  1.440	 95.741	  1.005	  1.351	  0.001
59	  1.440	 97.354	  1.005	  1.351	  0.001
60	  1.440	 98.967	  1.005	  1.351	  0.001
61	  1.440	100.580	  1.005	  1.351	  0.001
0	  1.560	  2.356	  1.005	  1.368	  0.000
1	  1.560	  3.969	  1.005	  1.368	  0.000
2	  1.560	  5.582	  1.005	  1.368	  0.000
3	  1.560	  7.195	  1.005	  1.368	  0.000
4	  1.560	  8.807	  1.005	  1.368	  0.000
5	  1.560	 10.420	  1.005	  1.368	  0.000
6	  1.560	 12.033	  1.005	  1.368	  0.000
7	  1.560	 13.646	  1.005	  1.368	  0.000
8	  1.560	 15.259	  1.005	  1.368	  0.000
9	  1.560	 16.872	  1.005	  1.368	  0.000
10	  1.560	 18.485	  1.005	  1.368	  0.000
11	  1.560	 20.098	  1.005	  1.368	  0.000
12	  1.560	 21.711	  1.005	  1.368	  0.000
13	  1.560	 23.324	  1.005	  1.368	  0.000
14	  1.560	 24.936	  1.005	  1.368	  0.000
15	  1.560	 26.549	  1.005	  1.368	  0.000
16	  1.560	 28.162	  1.005	  1.368	  0.000
17	  1.560	 29.775	  1.005	  1.368	  0.000
18	  1.560	 31.388	  1.005	  1.368	  0.000
19	  1.560	 33.001	  1.005	  1.368	  0.000
20	  1.560	 34.614	  1.005	  1.368	  0.000
21	  1.560	 36.227	  1.005	  1.368	  0.000
22	  1.560	 37.840	  1.005	  1.368	  0.000
23	  1.560	 39.453	  1.005	  1.368	  0.000
24	  1.560	 41.065	  1.005	  1.368	  0.000
25	  1.560	 42.678	  1.005	  1.368	  0.000
26	  1.560	 44.291	  1.005	  1.368	  0.000
27	  1.560	 45.904	  1.005	  1.368	  0.000
28	  1.560	 47.517	  1.005	  1.368	  0.000
29	  1.560	 49.130	  1.005	  1.368	  0.000
30	  1.560	 50.743	  1.005	  1.368	  0.000
31	  1.560	 52.356	  1.005	  1.368	  0.000
32	  1.560	 53.969	  1.005	  1.368	  0.000
33	  1.560	 55.582	  1.005	  1.368	  0.000
34	  1.560	 57.195	  1.005	  1.368	  0.000
35	  1.560	 58.807	  1.005	  1.368	  0.000
36	  1.560	 60.420	  1.005	  1.368	  0.000
37	  1.560	 62.033	  1.005	  1.368	  0.000
38	  1.560	 63.646	  1.005	  1.368	  0.000
39	  1.560	 65.259	  1.005	  1.368	  0.000
40	  1.560	 66.872	  1.005	  1.368	  0.000
41	  1.560	 68.485	  1.005	  1.368	  0.000
42	  1.560	 70.098	  1.005	  1.368	  0.000
43	  1.560	 71.711	  1.005	  1.368	  0.000
44	  1.560	 73.324	  1.005	  1.368	  0.000
45	  1.560	 74.936	  1.005	  1.368	  0.000
46	  1.560	 76.549	  1.005	  1.368	  0.000
47	  1.560	 78.162	  1.005	  1.368	  0.000
48	  1.560	 79.775	  1.005	  1.368	  0.000
49	  1.560	 81.388	  1.005	  1.368	  0.000
50	  1.560	 83.001	  1.005	  1.368	  0.000
51	  1.560	 84.614	  1.005	  1.368	  0.000
52	  1.560	 86.227	  1.005	  1.368	  0.000
53	  1.560	 87.840	  1.005	  1.368	  0.000
54	  1.560	 89.453	  1.005	  1.368	  0.000
55	  1.560	 91.065	  1.005	  1.368	  0.000
56	  1.560	 92.678	  1.005	  1.368	  0.000
57	  1.560	 94.291	  1.005	  1.368	  0.000
58	  1.560	 95.904	  1.005	  1.368	  0.000
59	  1.560	 97.517	  1.005	  1.368	  0.000
60	  1.560	 99.130	  1.005	  1.368	  0.000
61	  1.560	100.743	  1.005	  1.368	  0.000
0	  1.680	  2.521	  1.005	  1.381	  0.000
1	  1.680	  4.134	  1.005	  1.381	  0.000
2	  1.680	  5.746	  1.005	  1.381	  0.000
3	  1.680	  7.359	  1.005	  1.381	  0.000
4	  1.680	  8.972	  1.005	  1.381	  0.000
5	  1.680	 10.585	  1.005	  1.381	  0.000
6	  1.680	 12.198	  1.005	  1.381	  0.000
7	  1.680	 13.811	  1.005	  1.381	  0.000
8	  1.680	 15.424	  1.005	  1.381	  0.000
9	  1.680	 17.037	  1.005	  1.381	  0.000
10	  1.680	 18.650	  1.005	  1.381	  0.000
11	  1.680	 20.263	  1.005	  1.381	  0.000
12	  1.680	 21.876	  1.005	  1.381	  0.000
13	  1.680	 23.488	  1.005	  1.381	  0.000
14	  1.680	 25.101	  1.005	  1.381	  0.000
15	  1.680	 26.714	  1.005	  1.381	  0.000
16	  1.680	 28.327	  1.005	  1.381	  0.000
17	  1.680	 29.940	  1.005	  1.381	  0.000
18	  1.680	 31.553	  1.005	  1.381	  0.000
19	  1.680	 33.166	  1.005	  1.381	  0.000
20	  1.680	 34.779	  1.005	  1.381	  0.000
21	  1.680	 36.392	  1.005	  1.381	  0.000
22	  1.680	 38.005	  1.005	  1.381	  0.000
23	  1.680	 39.617	  1.005	  1.381	  0.000
24	  1.680	 41.230	  1.005	  1.381	  0.000
25	  1.680	 42.843	  1.005	  1.381	  0.000
26	  1.680	 44.456	  1.005	  1.381	  0.000
27	  1.680	 46.069	  1.005	  1.381	  0.000
28	  1.680	 47.682	  1.005	  1.381	  0.000
29	  1.680	 49.295	  1.005	  1.381	  0.000
30	  1.680	 50.908	  1.005	  1.381	  0.000
31	  1.680	 52.521	  1.005	  1.381	  0.000
32	  1.680	 54.134	  1.005	  1.381	  0.000
33	  1.680	 55.746	  1.005	  1.381	  0.000
34	  1.680	 57.359	  1.005	  1.381	  0.000
35	  1.680	 58.972	  1.005	  1.381	  0.000
36	  1.680	 60.585	  1.005	  1.381	  0.000
37	  1.680	 62.198	  1.005	  1.381	  0.000
38	  1.680	 63.811	  1.005	  1.381	  0.000
39	  1.680	 65.424	  1.005	  1.381	  0.000
40	  1.680	 67.037	  1.005	  1.381	  0.000
41	  1.680	 68.650	  1.005	  1.381	  0.000
42	  1.680	 70.263	  1.005	  1.381	  0.000
43	  1.680	 71.876	  1.005	  1.381	  0.000
44	  1.680	 73.488	  1.005	  1.381	  0.000
45	  1.680	 75.101	  1.005	  1.381	  0.000
46	  1.680	 76.714	  1.005	  1.381	  0.000
47	  1.680	 78.327	  1.005	  1.381	  0.000
48	  1.680	 79.940	  1.005	  1.381	  0.000
49	  1.680	 81.553	  1.005	  1.381	  0.000
50	  1.680	 83.166	  1.005	  1.381	  0.000
51	  1.680	 84.779	  1.005	  1.381	  0.000
52	  1.680	 86.392	  1.005	  1.381	  0.000
53	  1.680	 88.005	  1.005	  1.381	  0.000
54	  1.680	 89.617	  1.005	  1.381	  0.000
55	  1.680	 91.230	  1.005	  1.381	  0.000
56	  1.680	 92.843	  1.005	  1.381	  0.000
57	  1.680	 94.456	  1.005	  1.381	  0.000
58	  1.680	 96.069	  1.005	  1.381	  0.000
59	  1.680	 97.682	  1.005	  1.381	  0.000
60	  1.680	 99.295	  1.005	  1.381	  0.000
61	  1.680	100.908	  1.005	  1.381	  0.000
0	  1.800	  2.687	  1.005	  1.391	  0.000
1	  1.800	  4.300	  1.005	  1.391	  0.000
2	  1.800	  5.913	  1.005	  1.391	  0.000
3	  1.800	  7.526	  1.005	  1.391	  0.000
4	  1.800	  9.139	  1.005	  1.391	  0.000
5	  1.800	 10.751	  1.005	  1.391	  0.000
6	  1.800	 12.364	  1.005	  1.391	  0.000
7	  1.800	 13.977	  1.005	  1.391	  0.000
8	  1.800	 15.590	  1.005	  1.391	  0.000
9	  1.800	 17.203	  1.005	  1.391	  0.000
10	  1.800	 18.816	  1.005	  1.391	  0.000
11	  1.800	 20.429	  1.005	  1.391	  0.000
12	  1.800	 22.042	  1.005	  1.391	  0.000
13	  1.800	 23.655	  1.005	  1.391	  0.000
14	  1.800	 25.268	  1.005	  1.391	  0.000
15	  1.800	 26.881	  1.005	  1.391	  0.000
16	  1.800	 28.493	  1.005	  1.391	  0.000
17	  1.800	 30.106	  1.005	  1.391	  0.000
18	  1.800	 31.719	  1.005	  1.391	  0.000
19	  1.800	 33.332	  1.005	  1.391	  0.000
20	  1.800	 34.945	  1.005	  1.391	  0.000
21	  1.800	 36.558	  1.005	  1.391	  0.000
22	  1.800	 38.171	  1.005	  1.391	  0.000
23	  1.800	 39.784	  1.005	  1.391	  0.000
24	  1.800	 41.397	  1.005	  1.391	  0.000
25	  1.800	 43.010	  1.005	  1.391	  0.000
26	  1.800	 44.622	  1.005	  1.391	  0.000
27	  1.800	 46.235	  1.005	  1.391	  0.000
28	  1.800	 47.848	  1.005	  1.391	  0.000
29	  1.800	 49.461	  1.005	  1.391	  0.000
30	  1.800	 51.074	  1.005	  1.391	  0.000
31	  1.800	 52.687	  1.005	  1.391	  0.000
32	  1.800	 54.300	  1.005	  1.391	  0.000
33	  1.800	 55.913	  1.005	  1.391	  0.000
34	  1.800	 57.526	  1.005	  1.391	  0.000
35	  1.800	 59.139	  1.005	  1.391	  0.000
36	  1.800	 60.751	  1.005	  1.391	  0.000
37	  1.800	 62.364	  1.005	  1.391	  0.000
38	  1.800	 63.977	  1.005	  1.391	  0.000
39	  1.800	 65.590	  1.005	  1.391	  0.000
40	  1.800	 67.203	  1.005	  1.391	  0.000
41	  1.800	 68.816	  1.005	  1.391	  0.000
42	  1.800	 70.429	  1.005	  1.391	  0.000
43	  1.800	 72.042	  1.005	  1.391	  0.000
44	  1.800	 73.655	  1.005	  1.391	  0.000
45	  1.800	 75.268	  1.005	  1.391	  0.000
46	  1.800	 76.881	  1.005	  1.391	  0.000
47	  1.800	 78.493	  1.005	  1.391	  0.000
48	  1.800	 80.106	  1.005	  1.391	  0.000
49	  1.800	 81.719	  1.005	  1.391	  0.000
50	  1.800	 83.332	  1.005	  1.391	  0.000
51	  1.800	 84.945	  1.005	  1.391	  0.000
52	  1.800	 86.558	  1.005	  1.391	  0.000
53	  1.800	 88.171	  1.005	  1.391	  0.000
54	  1.800	 89.784	  1.005	  1.391	  0.000
55	  1.800	 91.397	  1.005	  1.391	  0.000
56	  1.800	 93.010	  1.005	  1.391	  0.000
57	  1.800	 94.622	  1.005	  1.391	  0.000
58	  1.800	 96.235	  1.005	  1.391	  0.000
59	  1.800	 97.848	  1.005	  1.391	  0.000
60	  1.800	 99.461	  1.005	  1.391	  0.000
61	  1.800	101.074	  1.005	  1.391	  0.000
0	  1.920	  2.854	  1.005	  1.399	  0.000
1	  1.920	  4.467	  1.005	  1.399	  0.000
2	  1.920	  6.080	  1.005	  1.399	  0.000
3	  1.920	  7.693	  1.005	  1.399	  0.000
4	  1.920	  9.306	  1.005	  1.399	  0.000
5	  1.920	 10.919	  1.005	  1.399	  0.000
6	  1.920	 12.532	  1.005	  1.399	  0.000
7	  1.920	 14.145	  1.005	  1.399	  0.000
8	  1.920	 15.758	  1.005	  1.399	  0.000
9	  1.920	 17.370	  1.005	  1.399	  0.000
10	  1.920	 18.983	  1.005	  1.399	  0.000
11	  1.920	 20.596	  1.005	  1.399	  0.000
12	  1.920	 22.209	  1.005	  1.399	  0.000
13	  1.920	 23.822	  1.005	  1.399	  0.000
14	  1.920	 25.435	  1.005	  1.399	  0.000
15	  1.920	 27.048	  1.005	  1.399	  0.000
16	  1.920	 28.661	  1.005	  1.399	  0.000
17	  1.920	 30.274	  1.005	  1.399	  0.000
18	  1.920	 31.887	  1.005	  1.399	  0.000
19	  1.920	 33.499	  1.005	  1.399	  0.000
20	  1.920	 35.112	  1.005	  1.399	  0.000
21	  1.920	 36.725	  1.005	  1.399	  0.000
22	  1.920	 38.338	  1.005	  1.399	  0.000
23	  1.920	 39.951	  1.005	  1.399	  0.000
24	  1.920	 41.564	  1.005	  1.399	  0.000
25	  1.920	 43.177	  1.005	  1.399	  0.000
26	  1.920	 44.790	  1.005	  1.399	  0.000
27	  1.920	 46.403	  1.005	  1.399	  0.000
28	  1.920	 48.016	  1.005	  1.399	  0.000
29	  1.920	 49.629	  1.005	  1.399	  0.000
30	  1.920	 51.241	  1.005	  1.399	  0.000
31	  1.920	 52.854	  1.005	  1.399	  0.000
32	  1.920	 54.467	  1.005	  1.399	  0.000
33	  1.920	 56.080	  1.005	  1.399	  0.000
34	  1.920	 57.693	  1.005	  1.399	  0.000
35	  1.920	 59.306	  1.005	  1.399	  0.000
36	  1.920	 60.919	  1.005	  1.399	  0.000
37	  1.920	 62.532	  1.005	  1.399	  0.000
38	  1.920	 64.145	  1.005	  1.399	  0.000
39	  1.920	 65.758	  1.005	  1.399	  0.000
40	  1.920	 67.370	  1.005	  1.399	  0.000
41	  1.920	 68.983	  1.005	  1.399	  0.000
42	  1.920	 70.596	  1.005	  1.399	  0.000
43	  1.920	 72.209	  1.005	  1.399	  0.000
44	  1.920	 73.822	  1.005	  1.399	  0.000
45	  1.920	 75.435	  1.005	  1.399	  0.000
46	  1.920	 77.048	  1.005	  1.399	  0.000
47	  1.920	 78.661	  1.005	  1.399	  0.000
48	  1.920	 80.274	  1.005	  1.399	  0.000
49	  1.920	 81.887	  1.005	  1.399	  0.000
50	  1.920	 83.499	  1.005	  1.399	  0.000
51	  1.920	 85.112	  1.005	  1.399	  0.000
52	  1.920	 86.725	  1.005	  1.399	  0.000
53	  1.920	 88.338	  1.005	  1.399	  0.000
54	  1.920	 89.951	  1.005	  1.399	  0.000
55	  1.920	 91.564	  1.005	  1.399	  0.000
56	  1.920	 93.177	  1.005	  1.399	  0.000
57	  1.920	 94.790	  1.005	  1.399	  0.000
58	  1.920	 96.403	  1.005	  1.399	  0.000
59	  1.920	 98.016	  1.005	  1.399	  0.000
60	  1.920	 99.629	  1.005	  1.399	  0.000
61	  1.920	101.241	  1.005	  1.399	  0.000
0	  2.040	  3.023	  1.005	  1.405	  0.000
1	  2.040	  4.635	  1.005	  1.405	  0.000
2	  2.040	  6.248	  1.005	  1.405	  0.000
3	  2.040	  7.861	  1.005	  1.405	  0.000
4	  2.040	  9.474	  1.005	  1.405	  0.000
5	  2.040	 11.087	  1.005	  1.405	  0.000
6	  2.040	 12.700	  1.005	  1.405	  0.000
7	  2.040	 14.313	  1.005	  1.405	  0.000
8	  2.040	 15.926	  1.005	  1.405	  0.000
9	  2.040	 17.539	  1.005	  1.405	  0.000
10	  2.040	 19.152	  1.005	  1.405	  0.000
11	  2.040	 20.765	  1.005	  1.405	  0.000
12	  2.040	 22.377	  1.005	  1.405	  0.000
13	  2.040	 23.990	  1.005	  1.405	  0.000
14	  2.040	 25.603	  1.005	  1.405	  0.000
15	  2.040	 27.216	  1.005	  1.405	  0.000
16	  2.040	 28.829	  1.005	  1.405	  0.000
17	  2.040	 30.442	  1.005	  1.405	  0.000
18	  2.040	 32.055	  1.005	  1.405	  0.000
19	  2.040	 33.668	  1.005	  1.405	  0.000
20	  2.040	 35.281	  1.005	  1.405	  0.000
21	  2.040	 36.894	  1.005	  1.405	  0.000
22	  2.040	 38.506	  1.005	  1.405	  0.000
23	  2.040	 40.119	  1.005	  1.405	  0.000
24	  2.040	 41.732	  1.005	  1.405	  0.000
25	  2.040	 43.345	  1.005	  1.405	  0.000
26	  2.040	 44.958	  1.005	  1.405	  0.000
27	  2.040	 46.571	  1.005	  1.405	  0.000
28	  2.040	 48.184	  1.005	  1.405	  0.000
29	  2.040	 49.797	  1.005	  1.405	  0.000
30	  2.040	 51.410	  1.005	  1.405	  0.000
31	  2.040	 53.023	  1.005	  1.405	  0.000
32	  2.040	 54.635	  1.005	  1.405	  0.000
33	  2.040	 56.248	  1.005	  1.405	  0.000
34	  2.040	 57.861	  1.005	  1.405	  0.000
35	  2.040	 59.474	  1.005	  1.405	  0.000
36	  2.040	 61.087	  1.005	  1.405	  0.000
37	  2.040	 62.700	  1.005	  1.405	  0.000
38	  2.040	 64.313	  1.005	  1.405	  0.000
39	  2.040	 65.926	  1.005	  1.405	  0.000
40	  2.040	 67.539	  1.005	  1.405	  0.000
41	  2.040	 69.152	  1.005	  1.405	  0.000
42	  2.040	 70.765	  1.005	  1.405	  0.000
43	  2.040	 72.377	  1.005	  1.405	  0.000
44	  2.040	 73.990	  1.005	  1.405	  0.000
45	  2.040	 75.603	  1.005	  1.405	  0.000
46	  2.040	 77.216	  1.005	  1.405	  0.000
47	  2.040	 78.829	  1.005	  1.405	  0.000
48	  2.040	 80.442	  1.005	  1.405	  0.000
49	  2.040	 82.055	  1.005	  1.405	  0.000
50	  2.040	 83.668	  1.005	  1.405	  0.000
51	  2.040	 85.281	  1.005	  1.405	  0.000
52	  2.040	 86.894	  1.005	  1.405	  0.000
53	  2.040	 88.506	  1.005	  1.405	  0.000
54	  2.040	 90.119	  1.005	  1.405	  0.000
55	  2.040	 91.732	  1.005	  1.405	  0.000
56	  2.040	 93.345	  1.005	  1.405	  0.000
57	  2.040	 94.958	  1.005	  1.405	  0.000
58	  2.040	 96.571	  1.005	  1.405	  0.000
59	  2.040	 98.184	  1.005	  1.405	  0.000
60	  2.040	 99.797	  1.005	  1.405	  0.000
61	  2.040	101.410	  1.005	  1.405	  0.000
0	  2.160	  3.191	  1.005	  1.410	  0.000
1	  2.160	  4.804	  1.005	  1.410	  0.000
2	  2.160	  6.417	  1.005	  1.410	  0.000
3	  2.160	  8.030	  1.005	  1.410	  0.000
4	  2.160	  9.643	  1.005	  1.410	  0.000
5	  2.160	 11.256	  1.005	  1.410	  0.000
6	  2.160	 12.869	  1.005	  1.410	  0.000
7	  2.160	 14.482	  1.005	  1.410	  0.000
8	  2.160	 16.095	  1.005	  1.410	  0.000
9	  2.160	 17.708	  1.005	  1.410	  0.000
10	  2.160	 19.321	  1.005	  1.410	  0.000
11	  2.160	 20.933	  1.005	  1.410	  0.000
12	  2.160	 22.546	  1.005	  1.410	  0.000
13	  2.160	 24.159	  1.005	  1.410	  0.000
14	  2.160	 25.772	  1.005	  1.410	  0.000
15	  2.160	 27.385	  1.005	  1.410	  0.000
16	  2.160	 28.998	  1.005	  1.410	  0.000
17	  2.160	 30.611	  1.005	  1.410	  0.000
18	  2.160	 32.224	  1.005	  1.410	  0.000
19	  2.160	 33.837	  1.005	  1.410	  0.000
20	  2.160	 35.450	  1.005	  1.410	  0.000
21	  2.160	 37.062	  1.005	  1.410	  0.000
22	  2.160	 38.675	  1.005	  1.410	  0.000
23	  2.160	 40.288	  1.005	  1.410	  0.000
24	  2.160	 41.901	  1.005	  1.410	  0.000
25	  2.160	 43.514	  1.005	  1.410	  0.000
26	  2.160	 45.127	  1.005	  1.410	  0.000
27	  2.160	 46.740	  1.005	  1.410	  0.000
28	  2.160	 48.353	  1.005	  1.410	  0.000
29	  2.160	 49.966	  1.005	  1.410	  0.000
30	  2.160	 51.579	  1.005	  1.410	  0.000
31	  2.160	 53.191	  1.005	  1.410	  0.000
32	  2.160	 54.804	  1.005	  1.410	  0.000
33	  2.160	 56.417	  1.005	  1.410	  0.000
34	  2.160	 58.030	  1.005	  1.410	  0.000
35	  2.160	 59.643	  1.005	  1.410	  0.000
36	  2.160	 61.256	  1.005	  1.410	  0.000
37	  2.160	 62.869	  1.005	  1.410	  0.000
38	  2.160	 64.482	  1.005	  1.410	  0.000
39	  2.160	 66.095	  1.005	  1.410	  0.000
40	  2.160	 67.708	  1.005	  1.410	  0.000
41	  2.160	 69.321	  1.005	  1.410	  0.000
42	  2.160	 70.933	  1.005	  1.410	  0.000
43	  2.160	 72.546	  1.005	  1.410	  0.000
44	  2.160	 74.159	  1.005	  1.410	  0.000
45	  2.160	 75.772	  1.005	  1.410	  0.000
46	  2.160	 77.385	  1.005	  1.410	  0.000
47	  2.160	 78.998	  1.005	  1.410	  0.000
48	  2.160	 80.611	  1.005	  1.410	  0.000
49	  2.160	 82.224	  1.005	  1.410	  0.000
50	  2.160	 83.837	  1.005	  1.410	  0.000
51	  2.160	 85.450	  1.005	  1.410	  0.000
52	  2.160	 87.062	  1.005	  1.410	  0.000
53	  2.160	 88.675	  1.005	  1.410	  0.000
54	  2.160	 90.288	  1.005	  1.410	  0.000
55	  2.160	 91.901	  1.005	  1.410	  0.000
56	  2.160	 93.514	  1.005	  1.410	  0.000
57	  2.160	 95.127	  1.005	  1.410	  0.000
58	  2.160	 96.740	  1.005	  1.410	  0.000
59	  2.160	 98.353	  1.005	  1.410	  0.000
60	  2.160	 99.966	  1.005	  1.410	  0.000
61	  2.160	101.579	  1.005	  1.410	  0.000
0	  2.280	  3.361	  1.005	  1.414	  0.000
1	  2.280	  4.974	  1.005	  1.414	  0.000
2	  2.280	  6.587	  1.005	  1.414	  0.000
3	  2.280	  8.200	  1.005	  1.414	  0.000
4	  2.280	  9.813	  1.005	  1.414	  0.000
5	  2.280	 11.425	  1.005	  1.414	  0.000
6	  2.280	 13.038	  1.005	  1.414	  0.000
7	  2.280	 14.651	  1.005	  1.414	  0.000
8	  2.280	 16.264	  1.005	  1.414	  0.000
9	  2.280	 17.877	  1.005	  1.414	  0.000
10	  2.280	 19.490	  1.005	  1.414	  0.000
11	  2.280	 21.103	  1.005	  1.414	  0.000
12	  2.280	 22.716	  1.005	  1.414	  0.000
13	  2.280	 24.329	  1.005	  1.414	  0.000
14	  2.280	 25.942	  1.005	  1.414	  0.000
15	  2.280	 27.554	  1.005	  1.414	  0.000
16	  2.280	 29.167	  1.005	  1.414	  0.000
17	  2.280	 30.780	  1.005	  1.414	  0.000
18	  2.280	 32.393	  1.005	  1.414	  0.000
19	  2.280	 34.006	  1.005	  1.414	  0.000
20	  2.280	 35.619	  1.005	  1.414	  0.000
21	  2.280	 37.232	  1.005	  1.414	  0.000
22	  2.280	 38.845	  1.005	  1.414	  0.000
23	  2.280	 40.458	  1.005	  1.414	  0.000
24	  2.280	 42.071	  1.005	  1.414	  0.000
25	  2.280	 43.684	  1.005	  1.414	  0.000
26	  2.280	 45.296	  1.005	  1.414	  0.000
27	  2.280	 46.909	  1.005	  1.414	  0.000
28	  2.280	 48.522	  1.005	  1.414	  0.000
29	  2.280	 50.135	  1.005	  1.414	  0.000
30	  2.280	 51.748	  1.005	  1.414	  0.000
31	  2.280	 53.361	  1.005	  1.414	  0.000
32	  2.280	 54.974	  1.005	  1.414	  0.000
33	  2.280	 56.587	  1.005	  1.414	  0.000
34	  2.280	 58.200	  1.005	  1.414	  0.000
35	  2.280	 59.813	  1.005	  1.414	  0.000
36	  2.280	 61.425	  1.005	  1.414	  0.000
37	  2.280	 63.038	  1.005	  1.414	  0.000
38	  2.280	 64.651	  1.005	  1.414	  0.000
39	  2.280	 66.264	  1.005	  1.414	  0.000
40	  2.280	 67.877	  1.005	  1.414	  0.000
41	  2.280	 69.490	  1.005	  1.414	  0.000
42	  2.280	 71.103	  1.005	  1.414	  0.000
43	  2.280	 72.716	  1.005	  1.414	  0.000
44	  2.280	 74.329	  1.005	  1.414	  0.000
45	  2.280	 75.942	  1.005	  1.414	  0.000
46	  2.280	 77.554	  1.005	  1.414	  0.000
47	  2.280	 79.167	  1.005	  1.414	  0.000
48	  2.280	 80.780	  1.005	  1.414	  0.000
49	  2.280	 82.393	  1.005	  1.414	  0.000
50	  2.280	 84.006	  1.005	  1.414	  0.000
51	  2.280	 85.619	  1.005	  1.414	  0.000
52	  2.280	 87.232	  1.005	  1.414	  0.000
53	  2.280	 88.845	  1.005	  1.414	  0.000
54	  2.280	 90.458	  1.005	  1.414	  0.000
55	  2.280	 92.071	  1.005	  1.414	  0.000
56	  2.280	 93.684	  1.005	  1.414	  0.000
57	  2.280	 95.296	  1.005	  1.414	  0.000
58	  2.280	 96.909	  1.005	  1.414	  0.000
59	  2.280	 98.522	  1.005	  1.414	  0.000
60	  2.280	100.135	  1.005	  1.414	  0.000
61	  2.280	101.748	  1.005	  1.414	  0.000
0	  2.400	  3.531	  1.005	  1.417	  0.000
1	  2.400	  5.144	  1.005	  1.417	  0.000
2	  2.400	  6.757	  1.005	  1.417	  0.000
3	  2.400	  8.370	  1.005	  1.417	  0.000
4	  2.400	  9.982	  1.005	  1.417	  0.000
5	  2.400	 11.595	  1.005	  1.417	  0.000
6	  2.400	 13.208	  1.005	  1.417	  0.000
7	  2.400	 14.821	  1.005	  1.417	  0.000
8	  2.400	 16.434	  1.005	  1.417	  0.000
9	  2.400	 18.047	  1.005	  1.417	  0.000
10	  2.400	 19.660	  1.005	  1.417	  0.000
11	  2.400	 21.273	  1.005	  1.417	  0.000
12	  2.400	 22.886	  1.005	  1.417	  0.000
13	  2.400	 24.499	  1.005	  1.417	  0.000
14	  2.400	 26.111	  1.005	  1.417	  0.000
15	  2.400	 27.724	  1.005	  1.417	  0.000
16	  2.400	 29.337	  1.005	  1.417	  0.000
17	  2.400	 30.950	  1.005	  1.417	  0.000
18	  2.400	 32.563	  1.005	  1.417	  0.000
19	  2.400	 34.176	  1.005	  1.417	  0.000
20	  2.400	 35.789	  1.005	  1.417	  0.000
21	  2.400	 37.402	  1.005	  1.417	  0.000
22	  2.400	 39.015	  1.005	  1.417	  0.000
23	  2.400	 40.628	  1.005	  1.417	  0.000
24	  2.400	 42.240	  1.005	  1.417	  0.000
25	  2.400	 43.853	  1.005	  1.417	  0.000
26	  2.400	 45.466	  1.005	  1.417	  0.000
27	  2.400	 47.079	  1.005	  1.417	  0.000
28	  2.400	 48.692	  1.005	  1.417	  0.000
29	  2.400	 50.305	  1.005	  1.417	  0.000
30	  2.400	 51.918	  1.005	  1.417	  0.000
31	  2.400	 53.531	  1.005	  1.417	  0.000
32	  2.400	 55.144	  1.005	  1.417	  0.000
33	  2.400	 56.757	  1.005	  1.417	  0.000
34	  2.400	 58.370	  1.005	  1.417	  0.000
35	  2.400	 59.982	  1.005	  1.417	  0.000
36	  2.400	 61.595	  1.005	  1.417	  0.000
37	  2.400	 63.208	  1.005	  1.417	  0.000
38	  2.400	 64.821	  1.005	  1.417	  0.000
39	  2.400	 66.434	  1.005	  1.417	  0.000
40	  2.400	 68.047	  1.005	  1.417	  0.000
41	  2.400	 69.660	  1.005	  1.417	  0.000
42	  2.400	 71.273	  1.005	  1.417	  0.000
43	  2.400	 72.886	  1.005	  1.417	  0.000
44	  2.400	 74.499	  1.005	  1.417	  0.000
45	  2.400	 76.111	  1.005	  1.417	  0.000
46	  2.400	 77.724	  1.005	  1.417	  0.000
47	  2.400	 79.337	  1.005	  1.417	  0.000
48	  2.400	 80.950	  1.005	  1.417	  0.000
49	  2.400	 82.563	  1.005	  1.417	  0.000
50	  2.400	 84.176	  1.005	  1.417	  0.000
51	  2.400	 85.789	  1.005	  1.417	  0.000
52	  2.400	 87.402	  1.005	  1.417	  0.000
53	  2.400	 89.015	  1.005	  1.417	  0.000
54	  2.400	 90.628	  1.005	  1.417	  0.000
55	  2.400	 92.240	  1.005	  1.417	  0.000
56	  2.400	 93.853	  1.005	  1.417	  0.000
57	  2.400	 95.466	  1.005	  1.417	  0.000
58	  2.400	 97.079	  1.005	  1.417	  0.000
59	  2.400	 98.692	  1.005	  1.417	  0.000
60	  2.400	100.305	  1.005	  1.417	  0.000
61	  2.400	101.918	  1.005	  1.417	  0.000
0	  2.520	  3.701	  1.005	  1.420	  0.000
1	  2.520	  5.314	  1.005	  1.420	  0.000
2	  2.520	  6.927	  1.005	  1.420	  0.000
3	  2.520	  8.540	  1.005	  1.420	  0.000
4	  2.520	 10.153	  1.005	  1.420	  0.000
5	  2.520	 11.766	  1.005	  1.420	  0.000
6	  2.520	 13.378	  1.005	  1.420	  0.000
7	  2.520	 14.991	  1.005	  1.420	  0.000
8	  2.520	 16.604	  1.005	  1.420	  0.000
9	  2.520	 18.217	  1.005	  1.420	  0.000
10	  2.520	 19.830	  1.005	  1.420	  0.000
11	  2.520	 21.443	  1.005	  1.420	  0.000
12	  2.520	 23.056	  1.005	  1.420	  0.000
13	  2.520	 24.669	  1.005	  1.420	  0.000
14	  2.520	 26.282	  1.005	  1.420	  0.000
15	  2.520	 27.895	  1.005	  1.420	  0.000
16	  2.520	 29.507	  1.005	  1.420	  0.000
17	  2.520	 31.120	  1.005	  1.420	  0.000
18	  2.520	 32.733	  1.005	  1.420	  0.000
19	  2.520	 34.346	  1.005	  1.420	  0.000
20	  2.520	 35.959	  1.005	  1.420	  0.000
21	  2.520	 37.572	  1.005	  1.420	  0.000
22	  2.520	 39.185	  1.005	  1.420	  0.000
23	  2.520	 40.798	  1.005	  1.420	  0.000
24	  2.520	 42.411	  1.005	  1.420	  0.000
25	  2.520	 44.024	  1.005	  1.420	  0.000
26	  2.520	 45.637	  1.005	  1.420	  0.000
27	  2.520	 47.249	  1.005	  1.420	  0.000
28	  2.520	 48.862	  1.005	  1.420	  0.000
29	  2.520	 50.475	  1.005	  1.420	  0.000
30	  2.520	 52.088	  1.005	  1.420	  0.000
31	  2.520	 53.701	  1.005	  1.420	  0.000
32	  2.520	 55.314	  1.005	  1.420	  0.000
33	  2.520	 56.927	  1.005	  1.420	  0.000
34	  2.520	 58.540	  1.005	  1.420	  0.000
35	  2.520	 60.153	  1.005	  1.420	  0.000
36	  2.520	 61.766	  1.005	  1.420	  0.000
37	  2.520	 63.378	  1.005	  1.420	  0.000
38	  2.520	 64.991	  1.005	  1.420	  0.000
39	  2.520	 66.604	  1.005	  1.420	  0.000
40	  2.520	 68.217	  1.005	  1.420	  0.000
41	  2.520	 69.830	  1.005	  1.420	  0.000
42	  2.520	 71.443	  1.005	  1.420	  0.000
43	  2.520	 73.056	  1.005	  1.420	  0.000
44	  2.520	 74.669	  1.005	  1.420	  0.000
45	  2.520	 76.282	  1.005	  1.420	  0.000
46	  2.520	 77.895	  1.005	  1.420	  0.000
47	  2.520	 79.507	  1.005	  1.420	  0.000
48	  2.520	 81.120	  1.005	  1.420	  0.000
49	  2.520	 82.733	  1.005	  1.420	  0.000
50	  2.520	 84.346	  1.005	  1.420	  0.000
51	  2.520	 85.959	  1.005	  1.420	  0.000
52	  2.520	 87.572	  1.005	  1.420	  0.000
53	  2.520	 89.185	  1.005	  1.420	  0.000
54	  2.520	 90.798	  1.005	  1.420	  0.000
55	  2.520	 92.411	  1.005	  1.420	  0.000
56	  2.520	 94.024	  1.005	  1.420	  0.000
57	  2.520	 95.637	  1.005	  1.420	  0.000
58	  2.520	 97.249	  1.005	  1.420	  0.000
59	  2.520	 98.862	  1.005	  1.420	  0.000
60	  2.520	100.475	  1.005	  1.420	  0.000
61	  2.520	102.088	  1.005	  1.420	  0.000
0	  2.640	  3.871	  1.005	  1.421	  0.000
1	  2.640	  5.484	  1.005	  1.421	  0.000
2	  2.640	  7.097	  1.005	  1.421	  0.000
3	  2.640	  8.710	  1.005	  1.421	  0.000
4	  2.640	 10.323	  1.005	  1.421	  0.000
5	  2.640	 11.936	  1.005	  1.421	  0.000
6	  2.640	 13.549	  1.005	  1.421	  0.000
7	  2.640	 15.162	  1.005	  1.421	  0.000
8	  2.640	 16.775	  1.005	  1.421	  0.000
9	  2.640	 18.388	  1.005	  1.421	  0.000
10	  2.640	 20.001	  1.005	  1.421	  0.000
11	  2.640	 21.613	  1.005	  1.421	  0.000
12	  2.640	 23.226	  1.005	  1.421	  0.000
13	  2.640	 24.839	  1.005	  1.421	  0.000
14	  2.640	 26.452	  1.005	  1.421	  0.000
15	  2.640	 28.065	  1.005	  1.421	  0.000
16	  2.640	 29.678	  1.005	  1.421	  0.000
17	  2.640	 31.291	  1.005	  1.421	  0.000
18	  2.640	 32.904	  1.005	  1.421	  0.000
19	  2.640	 34.517	  1.005	  1.421	  0.000
20	  2.640	 36.130	  1.005	  1.421	  0.000
21	  2.640	 37.742	  1.005	  1.421	  0.000
22	  2.640	 39.355	  1.005	  1.421	  0.000
23	  2.640	 40.968	  1.005	  1.421	  0.000
24	  2.640	 42.581	  1.005	  1.421	  0.000
25	  2.640	 44.194	  1.005	  1.421	  0.000
26	  2.640	 45.807	  1.005	  1.421	  0.000
27	  2.640	 47.420	  1.005	  1.421	  0.000
28	  2.640	 49.033	  1.005	  1.421	  0.000
29	  2.640	 50.646	  1.005	  1.421	  0.000
30	  2.640	 52.259	  1.005	  1.421	  0.000
31	  2.640	 53.871	  1.005	  1.421	  0.000
32	  2.640	 55.484	  1.005	  1.421	  0.000
33	  2.640	 57.097	  1.005	  1.421	  0.000
34	  2.640	 58.710	  1.005	  1.421	  0.000
35	  2.640	 60.323	  1.005	  1.421	  0.000
36	  2.640	 61.936	  1.005	  1.421	  0.000
37	  2.640	 63.549	  1.005	  1.421	  0.000
38	  2.640	 65.162	  1.005	  1.421	  0.000
39	  2.640	 66.775	  1.005	  1.421	  0.000
40	  2.640	 68.388	  1.005	  1.421	  0.000
41	  2.640	 70.001	  1.005	  1.421	  0.000
42	  2.640	 71.613	  1.005	  1.421	  0.000
43	  2.640	 73.226	  1.005	  1.421	  0.000
44	  2.640	 74.839	  1.005	  1.421	  0.000
45	  2.640	 76.452	  1.005	  1.421	  0.000
46	  2.640	 78.065	  1.005	  1.421	  0.000
47	  2.640	 79.678	  1.005	  1.421	  0.000
48	  2.640	 81.291	  1.005	  1.421	  0.000
49	  2.640	 82.904	  1.005	  1.421	  0.000
50	  2.640	 84.517	  1.005	  1.421	  0.000
51	  2.640	 86.130	  1.005	  1.421	  0.000
52	  2.640	 87.742	  1.005	  1.421	  0.000
53	  2.640	 89.355	  1.005	  1.421	  0.000
54	  2.640	 90.968	  1.005	  1.421	  0.000
55	  2.640	 92.581	  1.005	  1.421	  0.000
56	  2.640	 94.194	  1.005	  1.421	  0.000
57	  2.640	 95.807	  1.005	  1.421	  0.000
58	  2.640	 97.420	  1.005	  1.421	  0.000
59	  2.640	 99.033	  1.005	  1.421	  0.000
60	  2.640	100.646	  1.005	  1.421	  0.000
61	  2.640	102.259	  1.005	  1.421	  0.000
0	  2.760	  4.042	  1.005	  1.423	  0.000
1	  2.760	  5.655	  1.005	  1.423	  0.000
2	  2.760	  7.268	  1.005	  1.423	  0.000
3	  2.760	  8.881	  1.005	  1.423	  0.000
4	  2.760	 10.494	  1.005	  1.423	  0.000
5	  2.760	 12.107	  1.005	  1.423	  0.000
6	  2.760	 13.720	  1.005	  1.423	  0.000
7	  2.760	 15.332	  1.005	  1.423	  0.000
8	  2.760	 16.945	  1.005	  1.423	  0.000
9	  2.760	 18.558	  1.005	  1.423	  0.000
10	  2.760	 20.171	  1.005	  1.423	  0.000
11	  2.760	 21.784	  1.005	  1.423	  0.000
12	  2.760	 23.397	  1.005	  1.423	  0.000
13	  2.760	 25.010	  1.005	  1.423	  0.000
14	  2.760	 26.623	  1.005	  1.423	  0.000
15	  2.760	 28.236	  1.005	  1.423	  0.000
16	  2.760	 29.849	  1.005	  1.423	  0.000
17	  2.760	 31.461	  1.005	  1.423	  0.000
18	  2.760	 33.074	  1.005	  1.423	  0.000
19	  2.760	 34.687	  1.005	  1.423	  0.000
20	  2.760	 36.300	  1.005	  1.423	  0.000
21	  2.760	 37.913	  1.005	  1.423	  0.000
22	  2.760	 39.526	  1.005	  1.423	  0.000
23	  2.760	 41.139	  1.005	  1.423	  0.000
24	  2.760	 42.752	  1.005	  1.423	  0.000
25	  2.760	 44.365	  1.005	  1.423	  0.000
26	  2.760	 45.978	  1.005	  1.423	  0.000
27	  2.760	 47.591	  1.005	  1.423	  0.000
28	  2.760	 49.203	  1.005	  1.423	  0.000
29	  2.760	 50.816	  1.005	  1.423	  0.000
30	  2.760	 52.429	  1.005	  1.423	  0.000
31	  2.760	 54.042	  1.005	  1.423	  0.000
32	  2.760	 55.655	  1.005	  1.423	  0.000
33	  2.760	 57.268	  1.005	  1.423	  0.000
34	  2.760	 58.881	  1.005	  1.423	  0.000
35	  2.760	 60.494	  1.005	  1.423	  0.000
36	  2.760	 62.107	  1.005	  1.423	  0.000
37	  2.760	 63.720	  1.005	  1.423	  0.000
38	  2.760	 65.332	  1.005	  1.423	  0.000
39	  2.760	 66.945	  1.005	  1.423	  0.000
40	  2.760	 68.558	  1.005	  1.423	  0.000
41	  2.760	 70.171	  1.005	  1.423	  0.000
42	  2.760	 71.784	  1.005	  1.423	  0.000
43	  2.760	 73.397	  1.005	  1.423	  0.000
44	  2.760	 75.010	  1.005	  1.423	  0.000
45	  2.760	 76.623	  1.005	  1.423	  0.000
46	  2.760	 78.236	  1.005	  1.423	  0.000
47	  2.760	 79.849	  1.005	  1.423	  0.000
48	  2.760	 81.461	  1.005	  1.423	  0.000
49	  2.760	 83.074	  1.005	  1.423	  0.000
50	  2.760	 84.687	  1.005	  1.423	  0.000
51	  2.760	 86.300	  1.005	  1.423	  0.000
52	  2.760	 87.913	  1.005	  1.423	  0.000
53	  2.760	 89.526	  1.005	  1.423	  0.000
54	  2.760	 91.139	  1.005	  1.423	  0.000
55	  2.760	 92.752	  1.005	  1.423	  0.000
56	  2.760	 94.365	  1.005	  1.423	  0.000
57	  2.760	 95.978	  1.005	  1.423	  0.000
58	  2.760	 97.591	  1.005	  1.423	  0.000
59	  2.760	 99.203	  1.005	  1.423	  0.000
60	  2.760	100.816	  1.005	  1.423	  0.000
61	  2.760	102.429	  1.005	  1.423	  0.000
0	  2.880	  4.213	  1.005	  1.424	  0.000
1	  2.880	  5.826	  1.005	  1.424	  0.000
2	  2.880	  7.439	  1.005	  1.424	  0.000
3	  2.880	  9.052	  1.005	  1.424	  0.000
4	  2.880	 10.665	  1.005	  1.424	  0.000
5	  2.880	 12.277	  1.005	  1.424	  0.000
6	  2.880	 13.890	  1.005	  1.424	  0.000
7	  2.880	 15.503	  1.005	  1.424	  0.000
8	  2.880	 17.116	  1.005	  1.424	  0.000
9	  2.880	 18.729	  1.005	  1.424	  0.000
10	  2.880	 20.342	  1.005	  1.424	  0.000
11	  2.880	 21.955	  1.005	  1.424	  0.000
12	  2.880	 23.568	  1.005	  1.424	  0.000
13	  2.880	 25.181	  1.005	  1.424	  0.000
14	  2.880	 26.794	  1.005	  1.424	  0.000
15	  2.880	 28.407	  1.005	  1.424	  0.000
16	  2.880	 30.019	  1.005	  1.424	  0.000
17	  2.880	 31.632	  1.005	  1.424	  0.000
18	  2.880	 33.245	  1.005	  1.424	  0.000
19	  2.880	 34.858	  1.005	  1.424	  0.000
20	  2.880	 36.471	  1.005	  1.424	  0.000
21	  2.880	 38.084	  1.005	  1.424	  0.000
22	  2.880	 39.697	  1.005	  1.424	  0.000
23	  2.880	 41.310	  1.005	  1.424	  0.000
24	  2.880	 42.923	  1.005	  1.424	  0.000
25	  2.880	 44.536	  1.005	  1.424	  0.000
26	  2.880	 46.148	  1.005	  1.424	  0.000
27	  2.880	 47.761	  1.005	  1.424	  0.000
28	  2.880	 49.374	  1.005	  1.424	  0.000
29	  2.880	 50.987	  1.005	  1.424	  0.000
30	  2.880	 52.600	  1.005	  1.424	  0.000
31	  2.880	 54.213	  1.005	  1.424	  0.000
32	  2.880	 55.826	  1.005	  1.424	  0.000
33	  2.880	 57.439	  1.005	  1.424	  0.000
34	  2.880	 59.052	  1.005	  1.424	  0.000
35	  2.880	 60.665	  1.005	  1.424	  0.000
36	  2.880	 62.277	  1.005	  1.424	  0.000
37	  2.880	 63.890	  1.005	  1.424	  0.000
38	  2.880	 65.503	  1.005	  1.424	  0.000
39	  2.880	 67.116	  1.005	  1.424	  0.000
40	  2.880	 68.729	  1.005	  1.424	  0.000
41	  2.880	 70.342	  1.005	  1.424	  0.000
42	  2.880	 71.955	  1.005	  1.424	  0.000
43	  2.880	 73.568	  1.005	  1.424	  0.000
44	  2.880	 75.181	  1.005	  1.424	  0.000
45	  2.880	 76.794	  1.005	  1.424	  0.000
46	  2.880	 78.407	  1.005	  1.424	  0.000
47	  2.880	 80.019	  1.005	  1.424	  0.000
48	  2.880	 81.632	  1.005	  1.424	  0.000
49	  2.880	 83.245	  1.005	  1.424	  0.000
50	  2.880	 84.858	  1.005	  1.424	  0.000
51	  2.880	 86.471	  1.005	  1.424	  0.000
52	  2.880	 88.084	  1.005	  1.424	  0.000
53	  2.880	 89.697	  1.005	  1.424	  0.000
54	  2.880	 91.310	  1.005	  1.424	  0.000
55	  2.880	 92.923	  1.005	  1.424	  0.000
56	  2.880	 94.536	  1.005	  1.424	  0.000
57	  2.880	 96.148	  1.005	  1.424	  0.000
58	  2.880	 97.761	  1.005	  1.424	  0.000
59	  2.880	 99.374	  1.005	  1.424	  0.000
60	  2.880	100.987	  1.005	  1.424	  0.000
61	  2.880	102.600	  1.005	  1.424	  0.000
0	  3.000	  4.384	  1.005	  1.425	  0.000
1	  3.000	  5.997	  1.005	  1.425	  0.000
2	  3.000	  7.610	  1.005	  1.425	  0.000
3	  3.000	  9.223	  1.005	  1.425	  0.000
4	  3.000	 10.836	  1.005	  1.425	  0.000
5	  3.000	 12.448	  1.005	  1.425	  0.000
6	  3.000	 14.061	  1.005	  1.425	  0.000
7	  3.000	 15.674	  1.005	  1.425	  0.000
8	  3.000	 17.287	  1.005	  1.425	  0.000
9	  3.000	 18.900	  1.005	  1.425	  0.000
10	  3.000	 20.513	  1.005	  1.425	  0.000
11	  3.000	 22.126	  1.005	  1.425	  0.000
12	  3.000	 23.739	  1.005	  1.425	  0.000
13	  3.000	 25.352	  1.005	  1.425	  0.000
14	  3.000	 26.965	  1.005	  1.425	  0.000
15	  3.000	 28.577	  1.005	  1.425	  0.000
16	  3.000	 30.190	  1.005	  1.425	  0.000
17	  3.000	 31.803	  1.005	  1.425	  0.000
18	  3.000	 33.416	  1.005	  1.425	  0.000
19	  3.000	 35.029	  1.005	  1.425	  0.000
20	  3.000	 36.642	  1.005	  1.425	  0.000
21	  3.000	 38.255	  1.005	  1.425	  0.000
22	  3.000	 39.868	  1.005	  1.425	  0.000
23	  3.000	 41.481	  1.005	  1.425	  0.000
24	  3.000	 43.094	  1.005	  1.425	  0.000
25	  3.000	 44.706	  1.005	  1.425	  0.000
26	  3.000	 46.319	  1.005	  1.425	  0.000
27	  3.000	 47.932	  1.005	  1.425	  0.000
28	  3.000	 49.545	  1.005	  1.425	  0.000
29	  3.000	 51.158	  1.005	  1.425	  0.000
30	  3.000	 52.771	  1.005	  1.425	  0.000
31	  3.000	 54.384	  1.005	  1.425	  0.000
32	  3.000	 55.997	  1.005	  1.425	  0.000
33	  3.000	 57.610	  1.005	  1.425	  0.000
34	  3.000	 59.223	  1.005	  1.425	  0.000
35	  3.000	 60.836	  1.005	  1.425	  0.000
36	  3.000	 62.448	  1.005	  1.425	  0.000
37	  3.000	 64.061	  1.005	  1.425	  0.000
38	  3.000	 65.674	  1.005	  1.425	  0.000
39	  3.000	 67.287	  1.005	  1.425	  0.000
40	  3.000	 68.900	  1.005	  1.425	  0.000
41	  3.000	 70.513	  1.005	  1.425	  0.000
42	  3.000	 72.126	  1.005	  1.425	  0.000
43	  3.000	 73.739	  1.005	  1.425	  0.000
44	  3.000	 75.352	  1.005	  1.425	  0.000
45	  3.000	 76.965	  1.005	  1.425	  0.000
46	  3.000	 78.577	  1.005	  1.425	  0.000
47	  3.000	 80.190	  1.005	  1.425	  0.000
48	  3.000	 81.803	  1.005	  1.425	  0.000
49	  3.000	 83.416	  1.005	  1.425	  0.000
50	  3.000	 85.029	  1.005	  1.425	  0.000
51	  3.000	 86.642	  1.005	  1.425	  0.000
52	  3.000	 88.255	  1.005	  1.425	  0.000
53	  3.000	 89.868	  1.005	  1.425	  0.000
54	  3.000	 91.481	  1.005	  1.425	  0.000
55	  3.000	 93.094	  1.005	  1.425	  0.000
56	  3.000	 94.706	  1.005	  1.425	  0.000
57	  3.000	 96.319	  1.005	  1.425	  0.000
58	  3.000	 97.932	  1.005	  1.425	  0.000
59	  3.000	 99.545	  1.005	  1.425	  0.000
60	  3.000	101.158	  1.005	  1.425	  0.000
61	  3.000	102.771	  1.005	  1.425	  0.000
