# id	 time	 x	 y	 vx	 vy
0	  0.000	  0.943	  1.000	  0.010	  0.010
1	  0.000	  2.830	  1.000	  0.010	  0.010
2	  0.000	  4.717	  1.000	  0.010	  0.010
3	  0.000	  6.604	  1.000	  0.010	  0.010
4	  0.000	  8.491	  1.000	  0.010	  0.010
5	  0.000	 10.377	  1.000	  0.010	  0.010
6	  0.000	 12.264	  1.000	  0.010	  0.010
7	  0.000	 14.151	  1.000	  0.010	  0.010
8	  0.000	 16.038	  1.000	  0.010	  0.010
9	  0.000	 17.925	  1.000	  0.010	  0.010
10	  0.000	 19.811	  1.000	  0.010	  0.010
11	  0.000	 21.698	  1.000	  0.010	  0.010
12	  0.000	 23.585	  1.000	  0.010	  0.010
13	  0.000	 25.472	  1.000	  0.010	  0.010
14	  0.000	 27.358	  1.000	  0.010	  0.010
15	  0.000	 29.245	  1.000	  0.010	  0.010
16	  0.000	 31.132	  1.000	  0.010	  0.010
17	  0.000	 33.019	  1.000	  0.010	  0.010
18	  0.000	 34.906	  1.000	  0.010	  0.010
19	  0.000	 36.792	  1.000	  0.010	  0.010
20	  0.000	 38.679	  1.000	  0.010	  0.010
21	  0.000	 40.566	  1.000	  0.010	  0.010
22	  0.000	 42.453	  1.000	  0.010	  0.010
23	  0.000	 44.340	  1.000	  0.010	  0.010
24	  0.000	 46.226	  1.000	  0.010	  0.010
25	  0.000	 48.113	  1.000	  0.010	  0.010
26	  0.000	 50.000	  1.000	  0.010	  0.010
27	  0.000	 51.887	  1.000	  0.010	  0.010
28	  0.000	 53.774	  1.000	  0.010	  0.010
29	  0.000	 55.660	  1.000	  0.010	  0.010
30	  0.000	 57.547	  1.000	  0.010	  0.010
31	  0.000	 59.434	  1.000	  0.010	  0.010
32	  0.000	 61.321	  1.000	  0.010	  0.010
33	  0.000	 63.208	  1.000	  0.010	  0.010
34	  0.000	 65.094	  1.000	  0.010	  0.010
35	  0.000	 66.981	  1.000	  0.010	  0.010
36	  0.000	 68.868	  1.000	  0.010	  0.010
37	  0.000	 70.755	  1.000	  0.010	  0.010
38	  0.000	 72.642	  1.000	  0.010	  0.010
39	  0.000	 74.528	  1.000	  0.010	  0.010
40	  0.000	 76.415	  1.000	  0.010	  0.010
41	  0.000	 78.302	  1.000	  0.010	  0.010
42	  0.000	 80.189	  1.000	  0.010	  0.010
43	  0.000	 82.075	  1.000	  0.010	  0.010
44	  0.000	 83.962	  1.000	  0.010	  0.010
45	  0.000	 85.849	  1.000	  0.010	  0.010
46	  0.000	 87.736	  1.000	  0.010	  0.010
47	  0.000	 89.623	  1.000	  0.010	  0.010
48	  0.000	 91.509	  1.000	  0.010	  0.010
49	  0.000	 93.396	  1.000	  0.010	  0.010
50	  0.000	 95.283	  1.000	  0.010	  0.010
51	  0.000	 97.170	  1.000	  0.010	  0.010
52	  0.000	 99.057	  1.000	  0.010	  0.010
0	  0.120	  0.963	  1.001	  0.330	  0.008
1	  0.120	  2.850	  1.001	  0.330	  0.008
2	  0.120	  4.737	  1.001	  0.330	  0.008
3	  0.120	  6.623	  1.001	  0.330	  0.008
4	  0.120	  8.510	  1.001	  0.330	  0.008
5	  0.120	 10.397	  1.001	  0.330	  0.008
6	  0.120	 12.284	  1.001	  0.330	  0.008
7	  0.120	 14.171	  1.001	  0.330	  0.008
8	  0.120	 16.057	  1.001	  0.330	  0.008
9	  0.120	 17.944	  1.001	  0.330	  0.008
10	  0.120	 19.831	  1.001	  0.330	  0.008
11	  0.120	 21.718	  1.001	  0.330	  0.008
12	  0.120	 23.604	  1.001	  0.330	  0.008
13	  0.120	 25.491	  1.001	  0.330	  0.008
14	  0.120	 27.378	  1.001	  0.330	  0.008
15	  0.120	 29.265	  1.001	  0.330	  0.008
16	  0.120	 31.152	  1.001	  0.330	  0.008
17	  0.120	 33.038	  1.001	  0.330	  0.008
18	  0.120	 34.925	  1.001	  0.330	  0.008
19	  0.120	 36.812	  1.001	  0.330	  0.008
20	  0.120	 38.699	  1.001	  0.330	  0.008
21	  0.120	 40.586	  1.001	  0.330	  0.008
22	  0.120	 42.472	  1.001	  0.330	  0.008
23	  0.120	 44.359	  1.001	  0.330	  0.008
24	  0.120	 46.246	  1.001	  0.330	  0.008
25	  0.120	 48.133	  1.001	  0.330	  0.008
26	  0.120	 50.020	  1.001	  0.330	  0.008
27	  0.120	 51.906	  1.001	  0.330	  0.008
28	  0.120	 53.793	  1.001	  0.330	  0.008
29	  0.120	 55.680	  1.001	  0.330	  0.008
30	  0.120	 57.567	  1.001	  0.330	  0.008
31	  0.120	 59.454	  1.001	  0.330	  0.008
32	  0.120	 61.340	  1.001	  0.330	  0.008
33	  0.120	 63.227	  1.001	  0.330	  0.008
34	  0.120	 65.114	  1.001	  0.330	  0.008
35	  0.120	 67.001	  1.001	  0.330	  0.008
36	  0.120	 68.888	  1.001	  0.330	  0.008
37	  0.120	 70.774	  1.001	  0.330	  0.008
38	  0.120	 72.661	  1.001	  0.330	  0.008
39	  0.120	 74.548	  1.001	  0.330	  0.008
40	  0.120	 76.435	  1.001	  0.330	  0.008
41	  0.120	 78.321	  1.001	  0.330	  0.008
42	  0.120	 80.208	  1.001	  0.330	  0.008
43	  0.120	 82.095	  1.001	  0.330	  0.008
44	  0.120	 83.982	  1.001	  0.330	  0.008
45	  0.120	 85.869	  1.001	  0.330	  0.008
46	  0.120	 87.755	  1.001	  0.330	  0.008
47	  0.120	 89.642	  1.001	  0.330	  0.008
48	  0.120	 91.529	  1.001	  0.330	  0.008
49	  0.120	 93.416	  1.001	  0.330	  0.008
50	  0.120	 95.303	  1.001	  0.330	  0.008
51	  0.120	 97.189	  1.001	  0.330	  0.008
52	  0.120	 99.076	  1.001	  0.330	  0.008
0	  0.240	  1.017	  1.002	  0.582	  0.006
1	  0.240	  2.904	  1.002	  0.582	  0.006
2	  0.240	  4.791	  1.002	  0.582	  0.006
3	  0.240	  6.677	  1.002	  0.582	  0.006
4	  0.240	  8.564	  1.002	  0.582	  0.006
5	  0.240	 10.451	  1.002	  0.582	  0.006
6	  0.240	 12.338	  1.002	  0.582	  0.006
7	  0.240	 14.225	  1.002	  0.582	  0.006
8	  0.240	 16.111	  1.002	  0.582	  0.006
9	  0.240	 17.998	  1.002	  0.582	  0.006
10	  0.240	 19.885	  1.002	  0.582	  0.006
11	  0.240	 21.772	  1.002	  0.582	  0.006
12	  0.240	 23.659	  1.002	  0.582	  0.006
13	  0.240	 25.545	  1.002	  0.582	  0.006
14	  0.240	 27.432	  1.002	  0.582	  0.006
15	  0.240	 29.319	  1.002	  0.582	  0.006
16	  0.240	 31.206	  1.002	  0.582	  0.006
17	  0.240	 33.093	  1.002	  0.582	  0.006
18	  0.240	 34.979	  1.002	  0.582	  0.006
19	  0.240	 36.866	  1.002	  0.582	  0.006
20	  0.240	 38.753	  1.002	  0.582	  0.006
21	  0.240	 40.640	  1.002	  0.582	  0.006
22	  0.240	 42.526	  1.002	  0.582	  0.006
23	  0.240	 44.413	  1.002	  0.582	  0.006
24	  0.240	 46.300	  1.002	  0.582	  0.006
25	  0.240	 48.187	  1.002	  0.582	  0.006
26	  0.240	 50.074	  1.002	  0.582	  0.006
27	  0.240	 51.960	  1.002	  0.582	  0.006
28	  0.240	 53.847	  1.002	  0.582	  0.006
29	  0.240	 55.734	  1.002	  0.582	  0.006
30	  0.240	 57.621	  1.002	  0.582	  0.006
31	  0.240	 59.508	  1.002	  0.582	  0.006
32	  0.240	 61.394	  1.002	  0.582	  0.006
33	  0.240	 63.281	  1.002	  0.582	  0.006
34	  0.240	 65.168	  1.002	  0.582	  0.006
35	  0.240	 67.055	  1.002	  0.582	  0.006
36	  0.240	 68.942	  1.002	  0.582	  0.006
37	  0.240	 70.828	  1.002	  0.582	  0.006
38	  0.240	 72.715	  1.002	  0.582	  0.006
39	  0.240	 74.602	  1.002	  0.582	  0.006
40	  0.240	 76.489	  1.002	  0.582	  0.006
41	  0.240	 78.376	  1.002	  0.582	  0.006
42	  0.240	 80.262	  1.002	  0.582	  0.006
43	  0.240	 82.149	  1.002	  0.582	  0.006
44	  0.240	 84.036	  1.002	  0.582	  0.006
45	  0.240	 85.923	  1.002	  0.582	  0.006
46	  0.240	 87.809	  1.002	  0.582	  0.006
47	  0.240	 89.696	  1.002	  0.582	  0.006
48	  0.240	 91.583	  1.002	  0.582	  0.006
49	  0.240	 93.470	  1.002	  0.582	  0.006
50	  0.240	 95.357	  1.002	  0.582	  0.006
51	  0.240	 97.243	  1.002	  0.582	  0.006
52	  0.240	 99.130	  1.002	  0.582	  0.006
0	  0.360	  1.098	  1.003	  0.779	  0.005
1	  0.360	  2.985	  1.003	  0.779	  0.005
2	  0.360	  4.872	  1.003	  0.779	  0.005
3	  0.360	  6.759	  1.003	  0.779	  0.005
4	  0.360	  8.645	  1.003	  0.779	  0.005
5	  0.360	 10.532	  1.003	  0.779	  0.005
6	  0.360	 12.419	  1.003	  0.779	  0.005
7	  0.360	 14.306	  1.003	  0.779	  0.005
8	  0.360	 16.192	  1.003	  0.779	  0.005
9	  0.360	 18.079	  1.003	  0.779	  0.005
10	  0.360	 19.966	  1.003	  0.779	  0.005
11	  0.360	 21.853	  1.003	  0.779	  0.005
12	  0.360	 23.740	  1.003	  0.779	  0.005
13	  0.360	 25.626	  1.003	  0.779	  0.005
14	  0.360	 27.513	  1.003	  0.779	  0.005
15	  0.360	 29.400	  1.003	  0.779	  0.005
16	  0.360	 31.287	  1.003	  0.779	  0.005
17	  0.360	 33.174	  1.003	  0.779	  0.005
18	  0.360	 35.060	  1.003	  0.779	  0.005
19	  0.360	 36.947	  1.003	  0.779	  0.005
20	  0.360	 38.834	  1.003	  0.779	  0.005
21	  0.360	 40.721	  1.003	  0.779	  0.005
22	  0.360	 42.608	  1.003	  0.779	  0.005
23	  0.360	 44.494	  1.003	  0.779	  0.005
24	  0.360	 46.381	  1.003	  0.779	  0.005
25	  0.360	 48.268	  1.003	  0.779	  0.005
26	  0.360	 50.155	  1.003	  0.779	  0.005
27	  0.360	 52.042	  1.003	  0.779	  0.005
28	  0.360	 53.928	  1.003	  0.779	  0.005
29	  0.360	 55.815	  1.003	  0.779	  0.005
30	  0.360	 57.702	  1.003	  0.779	  0.005
31	  0.360	 59.589	  1.003	  0.779	  0.005
32	  0.360	 61.476	  1.003	  0.779	  0.005
33	  0.360	 63.362	  1.003	  0.779	  0.005
34	  0.360	 65.249	  1.003	  0.779	  0.005
35	  0.360	 67.136	  1.003	  0.779	  0.005
36	  0.360	 69.023	  1.003	  0.779	  0.005
37	  0.360	 70.909	  1.003	  0.779	  0.005
38	  0.360	 72.796	  1.003	  0.779	  0.005
39	  0.360	 74.683	  1.003	  0.779	  0.005
40	  0.360	 76.570	  1.003	  0.779	  0.005
41	  0.360	 78.457	  1.003	  0.779	  0.005
42	  0.360	 80.343	  1.003	  0.779	  0.005
43	  0.360	 82.230	  1.003	  0.779	  0.005
44	  0.360	 84.117	  1.003	  0.779	  0.005
45	  0.360	 86.004	  1.003	  0.779	  0.005
46	  0.360	 87.891	  1.003	  0.779	  0.005
47	  0.360	 89.777	  1.003	  0.779	  0.005
48	  0.360	 91.664	  1.003	  0.779	  0.005
49	  0.360	 93.551	  1.003	  0.779	  0.005
50	  0.360	 95.438	  1.003	  0.779	  0.005
51	  0.360	 97.325	  1.003	  0.779	  0.005
52	  0.360	 99.211	  1.003	  0.779	  0.005
0	  0.480	  1.200	  1.003	  0.934	  0.004
1	  0.480	  3.087	  1.003	  0.934	  0.004
2	  0.480	  4.974	  1.003	  0.934	  0.004
3	  0.480	  6.861	  1.003	  0.934	  0.004
4	  0.480	  8.748	  1.003	  0.934	  0.004
5	  0.480	 10.634	  1.003	  0.934	  0.004
6	  0.480	 12.521	  1.003	  0.934	  0.004
7	  0.480	 14.408	  1.003	  0.934	  0.004
8	  0.480	 16.295	  1.003	  0.934	  0.004
9	  0.480	 18.182	  1.003	  0.934	  0.004
10	  0.480	 20.068	  1.003	  0.934	  0.004
11	  0.480	 21.955	  1.003	  0.934	  0.004
12	  0.480	 23.842	  1.003	  0.934	  0.004
13	  0.480	 25.729	  1.003	  0.934	  0.004
14	  0.480	 27.616	  1.003	  0.934	  0.004
15	  0.480	 29.502	  1.003	  0.934	  0.004
16	  0.480	 31.389	  1.003	  0.934	  0.004
17	  0.480	 33.276	  1.003	  0.934	  0.004
18	  0.480	 35.163	  1.003	  0.934	  0.004
19	  0.480	 37.050	  1.003	  0.934	  0.004
20	  0.480	 38.936	  1.003	  0.934	  0.004
21	  0.480	 40.823	  1.003	  0.934	  0.004
22	  0.480	 42.710	  1.003	  0.934	  0.004
23	  0.480	 44.597	  1.003	  0.934	  0.004
24	  0.480	 46.484	  1.003	  0.934	  0.004
25	  0.480	 48.370	  1.003	  0.934	  0.004
26	  0.480	 50.257	  1.003	  0.934	  0.004
27	  0.480	 52.144	  1.003	  0.934	  0.004
28	  0.480	 54.031	  1.003	  0.934	  0.004
29	  0.480	 55.917	  1.003	  0.934	  0.004
30	  0.480	 57.804	  1.003	  0.934	  0.004
31	  0.480	 59.691	  1.003	  0.934	  0.004
32	  0.480	 61.578	  1.003	  0.934	  0.004
33	  0.480	 63.465	  1.003	  0.934	  0.004
34	  0.480	 65.351	  1.003	  0.934	  0.004
35	  0.480	 67.238	  1.003	  0.934	  0.004
36	  0.480	 69.125	  1.003	  0.934	  0.004
37	  0.480	 71.012	  1.003	  0.934	  0.004
38	  0.480	 72.899	  1.003	  0.934	  0.004
39	  0.480	 74.785	  1.003	  0.934	  0.004
40	  0.480	 76.672	  1.003	  0.934	  0.004
41	  0.480	 78.559	  1.003	  0.934	  0.004
42	  0.480	 80.446	  1.003	  0.934	  0.004
43	  0.480	 82.333	  1.003	  0.934	  0.004
44	  0.480	 84.219	  1.003	  0.934	  0.004
45	  0.480	 86.106	  1.003	  0.934	  0.004
46	  0.480	 87.993	  1.003	  0.934	  0.004
47	  0.480	 89.880	  1.003	  0.934	  0.004
48	  0.480	 91.767	  1.003	  0.934	  0.004
49	  0.480	 93.653	  1.003	  0.934	  0.004
50	  0.480	 95.540	  1.003	  0.934	  0.004
51	  0.480	 97.427	  1.003	  0.934	  0.004
52	  0.480	 99.314	  1.003	  0.934	  0.004
0	  0.600	  1.319	  1.004	  1.055	  0.003
1	  0.600	  3.206	  1.004	  1.055	  0.003
2	  0.600	  5.093	  1.004	  1.055	  0.003
3	  0.600	  6.980	  1.004	  1.055	  0.003
4	  0.600	  8.867	  1.004	  1.055	  0.003
5	  0.600	 10.753	  1.004	  1.055	  0.003
6	  0.600	 12.640	  1.004	  1.055	  0.003
7	  0.600	 14.527	  1.004	  1.055	  0.003
8	  0.600	 16.414	  1.004	  1.055	  0.003
9	  0.600	 18.301	  1.004	  1.055	  0.003
10	  0.600	 20.187	  1.004	  1.055	  0.003
11	  0.600	 22.074	  1.004	  1.055	  0.003
12	  0.600	 23.961	  1.004	  1.055	  0.003
13	  0.600	 25.848	  1.004	  1.055	  0.003
14	  0.600	 27.735	  1.004	  1.055	  0.003
15	  0.600	 29.621	  1.004	  1.055	  0.003
16	  0.600	 31.508	  1.004	  1.055	  0.003
17	  0.600	 33.395	  1.004	  1.055	  0.003
18	  0.600	 35.282	  1.004	  1.055	  0.003
19	  0.600	 37.169	  1.004	  1.055	  0.003
20	  0.600	 39.055	  1.004	  1.055	  0.003
21	  0.600	 40.942	  1.004	  1.055	  0.003
22	  0.600	 42.829	  1.004	  1.055	  0.003
23	  0.600	 44.716	  1.004	  1.055	  0.003
24	  0.600	 46.603	  1.004	  1.055	  0.003
25	  0.600	 48.489	  1.004	  1.055	  0.003
26	  0.600	 50.376	  1.004	  1.055	  0.003
27	  0.600	 52.263	  1.004	  1.055	  0.003
28	  0.600	 54.150	  1.004	  1.055	  0.003
29	  0.600	 56.036	  1.004	  1.055	  0.003
30	  0.600	 57.923	  1.004	  1.055	  0.003
31	  0.600	 59.810	  1.004	  1.055	  0.003
32	  0.600	 61.697	  1.004	  1.055	  0.003
33	  0.600	 63.584	  1.004	  1.055	  0.003
34	  0.600	 65.470	  1.004	  1.055	  0.003
35	  0.600	 67.357	  1.004	  1.055	  0.003
36	  0.600	 69.244	  1.004	  1.055	  0.003
37	  0.600	 71.131	  1.004	  1.055	  0.003
38	  0.600	 73.018	  1.004	  1.055	  0.003
39	  0.600	 74.904	  1.004	  1.055	  0.003
40	  0.600	 76.791	  1.004	  1.055	  0.003
41	  0.600	 78.678	  1.004	  1.055	  0.003
42	  0.600	 80.565	  1.004	  1.055	  0.003
43	  0.600	 82.452	  1.004	  1.055	  0.003
44	  0.600	 84.338	  1.004	  1.055	  0.003
45	  0.600	 86.225	  1.004	  1.055	  0.003
46	  0.600	 88.112	  1.004	  1.055	  0.003
47	  0.600	 89.999	  1.004	  1.055	  0.003
48	  0.600	 91.886	  1.004	  1.055	  0.003
49	  0.600	 93.772	  1.004	  1.055	  0.003
50	  0.600	 95.659	  1.004	  1.055	  0.003
51	  0.600	 97.546	  1.004	  1.055	  0.003
52	  0.600	 99.433	  1.004	  1.055	  0.003
0	  0.720	  1.452	  1.004	  1.150	  0.002
1	  0.720	  3.338	  1.004	  1.150	  0.002
2	  0.720	  5.225	  1.004	  1.150	  0.002
3	  0.720	  7.112	  1.004	  1.150	  0.002
4	  0.720	  8.999	  1.004	  1.150	  0.002
5	  0.720	 10.886	  1.004	  1.150	  0.002
6	  0.720	 12.772	  1.004	  1.150	  0.002
7	  0.720	 14.659	  1.004	  1.150	  0.002
8	  0.720	 16.546	  1.004	  1.150	  0.002
9	  0.720	 18.433	  1.004	  1.150	  0.002
10	  0.720	 20.319	  1.004	  1.150	  0.002
11	  0.720	 22.206	  1.004	  1.150	  0.002
12	  0.720	 24.093	  1.004	  1.150	  0.002
13	  0.720	 25.980	  1.004	  1.150	  0.002
14	  0.720	 27.867	  1.004	  1.150	  0.002
15	  0.720	 29.753	  1.004	  1.150	  0.002
16	  0.720	 31.640	  1.004	  1.150	  0.002
17	  0.720	 33.527	  1.004	  1.150	  0.002
18	  0.720	 35.414	  1.004	  1.150	  0.002
19	  0.720	 37.301	  1.004	  1.150	  0.002
20	  0.720	 39.187	  1.004	  1.150	  0.002
21	  0.720	 41.074	  1.004	  1.150	  0.002
22	  0.720	 42.961	  1.004	  1.150	  0.002
23	  0.720	 44.848	  1.004	  1.150	  0.002
24	  0.720	 46.735	  1.004	  1.150	  0.002
25	  0.720	 48.621	  1.004	  1.150	  0.002
26	  0.720	 50.508	  1.004	  1.150	  0.002
27	  0.720	 52.395	  1.004	  1.150	  0.002
28	  0.720	 54.282	  1.004	  1.150	  0.002
29	  0.720	 56.169	  1.004	  1.150	  0.002
30	  0.720	 58.055	  1.004	  1.150	  0.002
31	  0.720	 59.942	  1.004	  1.150	  0.002
32	  0.720	 61.829	  1.004	  1.150	  0.002
33	  0.720	 63.716	  1.004	  1.150	  0.002
34	  0.720	 65.603	  1.004	  1.150	  0.002
35	  0.720	 67.489	  1.004	  1.150	  0.002
36	  0.720	 69.376	  1.004	  1.150	  0.002
37	  0.720	 71.263	  1.004	  1.150	  0.002
38	  0.720	 73.150	  1.004	  1.150	  0.002
39	  0.720	 75.036	  1.004	  1.150	  0.002
40	  0.720	 76.923	  1.004	  1.150	  0.002
41	  0.720	 78.810	  1.004	  1.150	  0.002
42	  0.720	 80.697	  1.004	  1.150	  0.002
43	  0.720	 82.584	  1.004	  1.150	  0.002
44	  0.720	 84.470	  1.004	  1.150	  0.002
45	  0.720	 86.357	  1.004	  1.150	  0.002
46	  0.720	 88.244	  1.004	  1.150	  0.002
47	  0.720	 90.131	  1.004	  1.150	  0.002
48	  0.720	 92.018	  1.004	  1.150	  0.002
49	  0.720	 93.904	  1.004	  1.150	  0.002
50	  0.720	 95.791	  1.004	  1.150	  0.002
51	  0.720	 97.678	  1.004	  1.150	  0.002
52	  0.720	 99.565	  1.004	  1.150	  0.002
0	  0.840	  1.594	  1.004	  1.225	  0.002
1	  0.840	  3.481	  1.004	  1.225	  0.002
2	  0.840	  5.367	  1.004	  1.225	  0.002
3	  0.840	  7.254	  1.004	  1.225	  0.002
4	  0.840	  9.141	  1.004	  1.225	  0.002
5	  0.840	 11.028	  1.004	  1.225	  0.002
6	  0.840	 12.915	  1.004	  1.225	  0.002
7	  0.840	 14.801	  1.004	  1.225	  0.002
8	  0.840	 16.688	  1.004	  1.225	  0.002
9	  0.840	 18.575	  1.004	  1.225	  0.002
10	  0.840	 20.462	  1.004	  1.225	  0.002
11	  0.840	 22.349	  1.004	  1.225	  0.002
12	  0.840	 24.235	  1.004	  1.225	  0.002
13	  0.840	 26.122	  1.004	  1.225	  0.002
14	  0.840	 28.009	  1.004	  1.225	  0.002
15	  0.840	 29.896	  1.004	  1.225	  0.002
16	  0.840	 31.783	  1.004	  1.225	  0.002
17	  0.840	 33.669	  1.004	  1.225	  0.002
18	  0.840	 35.556	  1.004	  1.225	  0.002
19	  0.840	 37.443	  1.004	  1.225	  0.002
20	  0.840	 39.330	  1.004	  1.225	  0.002
21	  0.840	 41.217	  1.004	  1.225	  0.002
22	  0.840	 43.103	  1.004	  1.225	  0.002
23	  0.840	 44.990	  1.004	  1.225	  0.002
24	  0.840	 46.877	  1.004	  1.225	  0.002
25	  0.840	 48.764	  1.004	  1.225	  0.002
26	  0.840	 50.650	  1.004	  1.225	  0.002
27	  0.840	 52.537	  1.004	  1.225	  0.002
28	  0.840	 54.424	  1.004	  1.225	  0.002
29	  0.840	 56.311	  1.004	  1.225	  0.002
30	  0.840	 58.198	  1.004	  1.225	  0.002
31	  0.840	 60.084	  1.004	  1.225	  0.002
32	  0.840	 61.971	  1.004	  1.225	  0.002
33	  0.840	 63.858	  1.004	  1.225	  0.002
34	  0.840	 65.745	  1.004	  1.225	  0.002
35	  0.840	 67.632	  1.004	  1.225	  0.002
36	  0.840	 69.518	  1.004	  1.225	  0.002
37	  0.840	 71.405	  1.004	  1.225	  0.002
38	  0.840	 73.292	  1.004	  1.225	  0.002
39	  0.840	 75.179	  1.004	  1.225	  0.002
40	  0.840	 77.066	  1.004	  1.225	  0.002
41	  0.840	 78.952	  1.004	  1.225	  0.002
42	  0.840	 80.839	  1.004	  1.225	  0.002
43	  0.840	 82.726	  1.004	  1.225	  0.002
44	  0.840	 84.613	  1.004	  1.225	  0.002
45	  0.840	 86.500	  1.004	  1.225	  0.002
46	  0.840	 88.386	  1.004	  1.225	  0.002
47	  0.840	 90.273	  1.004	  1.225	  0.002
48	  0.840	 92.160	  1.004	  1.225	  0.002
49	  0.840	 94.047	  1.004	  1.225	  0.002
50	  0.840	 95.934	  1.004	  1.225	  0.002
51	  0.840	 97.820	  1.004	  1.225	  0.002
52	  0.840	 99.707	  1.004	  1.225	  0.002
0	  0.960	  1.744	  1.004	  1.284	  0.001
1	  0.960	  3.631	  1.004	  1.284	  0.001
2	  0.960	  5.518	  1.004	  1.284	  0.001
3	  0.960	  7.405	  1.004	  1.284	  0.001
4	  0.960	  9.291	  1.004	  1.284	  0.001
5	  0.960	 11.178	  1.004	  1.284	  0.001
6	  0.960	 13.065	  1.004	  1.284	  0.001
7	  0.960	 14.952	  1.004	  1.284	  0.001
8	  0.960	 16.839	  1.004	  1.284	  0.001
9	  0.960	 18.725	  1.004	  1.284	  0.001
10	  0.960	 20.612	  1.004	  1.284	  0.001
11	  0.960	 22.499	  1.004	  1.284	  0.001
12	  0.960	 24.386	  1.004	  1.284	  0.001
13	  0.960	 26.273	  1.004	  1.284	  0.001
14	  0.960	 28.159	  1.004	  1.284	  0.001
15	  0.960	 30.046	  1.004	  1.284	  0.001
16	  0.960	 31.933	  1.004	  1.284	  0.001
17	  0.960	 33.820	  1.004	  1.284	  0.001
18	  0.960	 35.707	  1.004	  1.284	  0.001
19	  0.960	 37.593	  1.004	  1.284	  0.001
20	  0.960	 39.480	  1.004	  1.284	  0.001
21	  0.960	 41.367	  1.004	  1.284	  0.001
22	  0.960	 43.254	  1.004	  1.284	  0.001
23	  0.960	 45.140	  1.004	  1.284	  0.001
24	  0.960	 47.027	  1.004	  1.284	  0.001
25	  0.960	 48.914	  1.004	  1.284	  0.001
26	  0.960	 50.801	  1.004	  1.284	  0.001
27	  0.960	 52.688	  1.004	  1.284	  0.001
28	  0.960	 54.574	  1.004	  1.284	  0.001
29	  0.960	 56.461	  1.004	  1.284	  0.001
30	  0.960	 58.348	  1.004	  1.284	  0.001
31	  0.960	 60.235	  1.004	  1.284	  0.001
32	  0.960	 62.122	  1.004	  1.284	  0.001
33	  0.960	 64.008	  1.004	  1.284	  0.001
34	  0.960	 65.895	  1.004	  1.284	  0.001
35	  0.960	 67.782	  1.004	  1.284	  0.001
36	  0.960	 69.669	  1.004	  1.284	  0.001
37	  0.960	 71.556	  1.004	  1.284	  0.001
38	  0.960	 73.442	  1.004	  1.284	  0.001
39	  0.960	 75.329	  1.004	  1.284	  0.001
40	  0.960	 77.216	  1.004	  1.284	  0.001
41	  0.960	 79.103	  1.004	  1.284	  0.001
42	  0.960	 80.990	  1.004	  1.284	  0.001
43	  0.960	 82.876	  1.004	  1.284	  0.001
44	  0.960	 84.763	  1.004	  1.284	  0.001
45	  0.960	 86.650	  1.004	  1.284	  0.001
46	  0.960	 88.537	  1.004	  1.284	  0.001
47	  0.960	 90.424	  1.004	  1.284	  0.001
48	  0.960	 92.310	  1.004	  1.284	  0.001
49	  0.960	 94.197	  1.004	  1.284	  0.001
50	  0.960	 96.084	  1.004	  1.284	  0.001
51	  0.960	 97.971	  1.004	  1.284	  0.001
52	  0.960	 99.857	  1.004	  1.284	  0.001
0	  1.080	  1.901	  1.004	  1.330	  0.001
1	  1.080	  3.788	  1.004	  1.330	  0.001
2	  1.080	  5.675	  1.004	  1.330	  0.001
3	  1.080	  7.561	  1.004	  1.330	  0.001
4	  1.080	  9.448	  1.004	  1.330	  0.001
5	  1.080	 11.335	  1.004	  1.330	  0.001
6	  1.080	 13.222	  1.004	  1.330	  0.001
7	  1.080	 15.109	  1.004	  1.330	  0.001
8	  1.080	 16.995	  1.004	  1.330	  0.001
9	  1.080	 18.882	  1.004	  1.330	  0.001
10	  1.080	 20.769	  1.004	  1.330	  0.001
11	  1.080	 22.656	  1.004	  1.330	  0.001
12	  1.080	 24.542	  1.004	  1.330	  0.001
13	  1.080	 26.429	  1.004	  1.330	  0.001
14	  1.080	 28.316	  1.004	  1.330	  0.001
15	  1.080	 30.203	  1.004	  1.330	  0.001
16	  1.080	 32.090	  1.004	  1.330	  0.001
17	  1.080	 33.976	  1.004	  1.330	  0.001
18	  1.080	 35.863	  1.004	  1.330	  0.001
19	  1.080	 37.750	  1.004	  1.330	  0.001
20	  1.080	 39.637	  1.004	  1.330	  0.001
21	  1.080	 41.524	  1.004	  1.330	  0.001
22	  1.080	 43.410	  1.004	  1.330	  0.001
23	  1.080	 45.297	  1.004	  1.330	  0.001
24	  1.080	 47.184	  1.004	  1.330	  0.001
25	  1.080	 49.071	  1.004	  1.330	  0.001
26	  1.080	 50.958	  1.004	  1.330	  0.001
27	  1.080	 52.844	  1.004	  1.330	  0.001
28	  1.080	 54.731	  1.004	  1.330	  0.001
29	  1.080	 56.618	  1.004	  1.330	  0.001
30	  1.080	 58.505	  1.004	  1.330	  0.001
31	  1.080	 60.392	  1.004	  1.330	  0.001
32	  1.080	 62.278	  1.004	  1.330	  0.001
33	  1.080	 64.165	  1.004	  1.330	  0.001
34	  1.080	 66.052	  1.004	  1.330	  0.001
35	  1.080	 67.939	  1.004	  1.330	  0.001
36	  1.080	 69.825	  1.004	  1.330	  0.001
37	  1.080	 71.712	  1.004	  1.330	  0.001
38	  1.080	 73.599	  1.004	  1.330	  0.001
39	  1.080	 75.486	  1.004	  1.330	  0.001
40	  1.080	 77.373	  1.004	  1.330	  0.001
41	  1.080	 79.259	  1.004	  1.330	  0.001
42	  1.080	 81.146	  1.004	  1.330	  0.001
43	  1.080	 83.033	  1.004	  1.330	  0.001
44	  1.080	 84.920	  1.004	  1.330	  0.001
45	  1.080	 86.807	  1.004	  1.330	  0.001
46	  1.080	 88.693	  1.004	  1.330	  0.001
47	  1.080	 90.580	  1.004	  1.330	  0.001
48	  1.080	 92.467	  1.004	  1.330	  0.001
49	  1.080	 94.354	  1.004	  1.330	  0.001
50	  1.080	 96.241	  1.004	  1.330	  0.001
51	  1.080	 98.127	  1.004	  1.330	  0.001
52	  1.080	100.014	  1.004	  1.330	  0.001
0	  1.200	  2.063	  1.005	  1.366	  0.001
1	  1.200	  3.949	  1.005	  1.366	  0.001
2	  1.200	  5.836	  1.005	  1.366	  0.001
3	  1.200	  7.723	  1.005	  1.366	  0.001
4	  1.200	  9.610	  1.005	  1.366	  0.001
5	  1.200	 11.497	  1.005	  1.366	  0.001
6	  1.200	 13.383	  1.005	  1.366	  0.001
7	  1.200	 15.270	  1.005	  1.366	  0.001
8	  1.200	 17.157	  1.005	  1.366	  0.001
9	  1.200	 19.044	  1.005	  1.366	  0.001
10	  1.200	 20.931	  1.005	  1.366	  0.001
11	  1.200	 22.817	  1.005	  1.366	  0.001
12	  1.200	 24.704	  1.005	  1.366	  0.001
13	  1.200	 26.591	  1.005	  1.366	  0.001
14	  1.200	 28.478	  1.005	  1.366	  0.001
15	  1.200	 30.365	  1.005	  1.366	  0.001
16	  1.200	 32.251	  1.005	  1.366	  0.001
17	  1.200	 34.138	  1.005	  1.366	  0.001
18	  1.200	 36.025	  1.005	  1.366	  0.001
19	  1.200	 37.912	  1.005	  1.366	  0.001
20	  1.200	 39.798	  1.005	  1.366	  0.001
21	  1.200	 41.685	  1.005	  1.366	  0.001
22	  1.200	 43.572	  1.005	  1.366	  0.001
23	  1.200	 45.459	  1.005	  1.366	  0.001
24	  1.200	 47.346	  1.005	  1.366	  0.001
25	  1.200	 49.232	  1.005	  1.366	  0.001
26	  1.200	 51.119	  1.005	  1.366	  0.001
27	  1.200	 53.006	  1.005	  1.366	  0.001
28	  1.200	 54.893	  1.005	  1.366	  0.001
29	  1.200	 56.780	  1.005	  1.366	  0.001
30	  1.200	 58.666	  1.005	  1.366	  0.001
31	  1.200	 60.553	  1.005	  1.366	  0.001
32	  1.200	 62.440	  1.005	  1.366	  0.001
33	  1.200	 64.327	  1.005	  1.366	  0.001
34	  1.200	 66.214	  1.005	  1.366	  0.001
35	  1.200	 68.100	  1.005	  1.366	  0.001
36	  1.200	 69.987	  1.005	  1.366	  0.001
37	  1.200	 71.874	  1.005	  1.366	  0.001
38	  1.200	 73.761	  1.005	  1.366	  0.001
39	  1.200	 75.648	  1.005	  1.366	  0.001
40	  1.200	 77.534	  1.005	  1.366	  0.001
41	  1.200	 79.421	  1.005	  1.366	  0.001
42	  1.200	 81.308	  1.005	  1.366	  0.001
43	  1.200	 83.195	  1.005	  1.366	  0.001
44	  1.200	 85.081	  1.005	  1.366	  0.001
45	  1.200	 86.968	  1.005	  1.366	  0.001
46	  1.200	 88.855	  1.005	  1.366	  0.001
47	  1.200	 90.742	  1.005	  1.366	  0.001
48	  1.200	 92.629	  1.005	  1.366	  0.001
49	  1.200	 94.515	  1.005	  1.366	  0.001
50	  1.200	 96.402	  1.005	  1.366	  0.001
51	  1.200	 98.289	  1.005	  1.366	  0.001
52	  1.200	100.176	  1.005	  1.366	  0.001
0	  1.320	  2.228	  1.005	  1.394	  0.001
1	  1.320	  4.115	  1.005	  1.394	  0.001
2	  1.320	  6.002	  1.005	  1.394	  0.001
3	  1.320	  7.889	  1.005	  1.394	  0.001
4	  1.320	  9.775	  1.005	  1.394	  0.001
5	  1.320	 11.662	  1.005	  1.394	  0.001
6	  1.320	 13.549	  1.005	  1.394	  0.001
7	  1.320	 15.436	  1.005	  1.394	  0.001
8	  1.320	 17.322	  1.005	  1.394	  0.001
9	  1.320	 19.209	  1.005	  1.394	  0.001
10	  1.320	 21.096	  1.005	  1.394	  0.001
11	  1.320	 22.983	  1.005	  1.394	  0.001
12	  1.320	 24.870	  1.005	  1.394	  0.001
13	  1.320	 26.756	  1.005	  1.394	  0.001
14	  1.320	 28.643	  1.005	  1.394	  0.001
15	  1.320	 30.530	  1.005	  1.394	  0.001
16	  1.320	 32.417	  1.005	  1.394	  0.001
17	  1.320	 34.304	  1.005	  1.394	  0.001
18	  1.320	 36.190	  1.005	  1.394	  0.001
19	  1.320	 38.077	  1.005	  1.394	  0.001
20	  1.320	 39.964	  1.005	  1.394	  0.001
21	  1.320	 41.851	  1.005	  1.394	  0.001
22	  1.320	 43.738	  1.005	  1.394	  0.001
23	  1.320	 45.624	  1.005	  1.394	  0.001
24	  1.320	 47.511	  1.005	  1.394	  0.001
25	  1.320	 49.398	  1.005	  1.394	  0.001
26	  1.320	 51.285	  1.005	  1.394	  0.001
27	  1.320	 53.172	  1.005	  1.394	  0.001
28	  1.320	 55.058	  1.005	  1.394	  0.001
29	  1.320	 56.945	  1.005	  1.394	  0.001
30	  1.320	 58.832	  1.005	  1.394	  0.001
31	  1.320	 60.719	  1.005	  1.394	  0.001
32	  1.320	 62.606	  1.005	  1.394	  0.001
33	  1.320	 64.492	  1.005	  1.394	  0.001
34	  1.320	 66.379	  1.005	  1.394	  0.001
35	  1.320	 68.266	  1.005	  1.394	  0.001
36	  1.320	 70.153	  1.005	  1.394	  0.001
37	  1.320	 72.039	  1.005	  1.394	  0.001
38	  1.320	 73.926	  1.005	  1.394	  0.001
39	  1.320	 75.813	  1.005	  1.394	  0.001
40	  1.320	 77.700	  1.005	  1.394	  0.001
41	  1.320	 79.587	  1.005	  1.394	  0.001
42	  1.320	 81.473	  1.005	  1.394	  0.001
43	  1.320	 83.360	  1.005	  1.394	  0.001
44	  1.320	 85.247	  1.005	  1.394	  0.001
45	  1.320	 87.134	  1.005	  1.394	  0.001
46	  1.320	 89.021	  1.005	  1.394	  0.001
47	  1.320	 90.907	  1.005	  1.394	  0.001
48	  1.320	 92.794	  1.005	  1.394	  0.001
49	  1.320	 94.681	  1.005	  1.394	  0.001
50	  1.320	 96.568	  1.005	  1.394	  0.001
51	  1.320	 98.455	  1.005	  1.394	  0.001
52	  1.320	100.341	  1.005	  1.394	  0.001
0	  1.440	  2.397	  1.005	  1.417	  0.001
1	  1.440	  4.284	  1.005	  1.417	  0.001
2	  1.440	  6.170	  1.005	  1.417	  0.001
3	  1.440	  8.057	  1.005	  1.417	  0.001
4	  1.440	  9.944	  1.005	  1.417	  0.001
5	  1.440	 11.831	  1.005	  1.417	  0.001
6	  1.440	 13.718	  1.005	  1.417	  0.001
7	  1.440	 15.604	  1.005	  1.417	  0.001
8	  1.440	 17.491	  1.005	  1.417	  0.001
9	  1.440	 19.378	  1.005	  1.417	  0.001
10	  1.440	 21.265	  1.005	  1.417	  0.001
11	  1.440	 23.151	  1.005	  1.417	  0.001
12	  1.440	 25.038	  1.005	  1.417	  0.001
13	  1.440	 26.925	  1.005	  1.417	  0.001
14	  1.440	 28.812	  1.005	  1.417	  0.001
15	  1.440	 30.699	  1.005	  1.417	  0.001
16	  1.440	 32.585	  1.005	  1.417	  0.001
17	  1.440	 34.472	  1.005	  1.417	  0.001
18	  1.440	 36.359	  1.005	  1.417	  0.001
19	  1.440	 38.246	  1.005	  1.417	  0.001
20	  1.440	 40.133	  1.005	  1.417	  0.001
21	  1.440	 42.019	  1.005	  1.417	  0.001
22	  1.440	 43.906	  1.005	  1.417	  0.001
23	  1.440	 45.793	  1.005	  1.417	  0.001
24	  1.440	 47.680	  1.005	  1.417	  0.001
25	  1.440	 49.567	  1.005	  1.417	  0.001
26	  1.440	 51.453	  1.005	  1.417	  0.001
27	  1.440	 53.340	  1.005	  1.417	  0.001
28	  1.440	 55.227	  1.005	  1.417	  0.001
29	  1.440	 57.114	  1.005	  1.417	  0.001
30	  1.440	 59.001	  1.005	  1.417	  0.001
31	  1.440	 60.887	  1.005	  1.417	  0.001
32	  1.440	 62.774	  1.005	  1.417	  0.001
33	  1.440	 64.661	  1.005	  1.417	  0.001
34	  1.440	 66.548	  1.005	  1.417	  0.001
35	  1.440	 68.434	  1.005	  1.417	  0.001
36	  1.440	 70.321	  1.005	  1.417	  0.001
37	  1.440	 72.208	  1.005	  1.417	  0.001
38	  1.440	 74.095	  1.005	  1.417	  0.001
39	  1.440	 75.982	  1.005	  1.417	  0.001
40	  1.440	 77.868	  1.005	  1.417	  0.001
41	  1.440	 79.755	  1.005	  1.417	  0.001
42	  1.440	 81.642	  1.005	  1.417	  0.001
43	  1.440	 83.529	  1.005	  1.417	  0.001
44	  1.440	 85.416	  1.005	  1.417	  0.001
45	  1.440	 87.302	  1.005	  1.417	  0.001
46	  1.440	 89.189	  1.005	  1.417	  0.001
47	  1.440	 91.076	  1.005	  1.417	  0.001
48	  1.440	 92.963	  1.005	  1.417	  0.001
49	  1.440	 94.850	  1.005	  1.417	  0.001
50	  1.440	 96.736	  1.005	  1.417	  0.001
51	  1.440	 98.623	  1.005	  1.417	  0.001
52	  1.440	100.510	  1.005	  1.417	  0.001
0	  1.560	  2.568	  1.005	  1.434	  0.000
1	  1.560	  4.455	  1.005	  1.434	  0.000
2	  1.560	  6.341	  1.005	  1.434	  0.000
3	  1.560	  8.228	  1.005	  1.434	  0.000
4	  1.560	 10.115	  1.005	  1.434	  0.000
5	  1.560	 12.002	  1.005	  1.434	  0.000
6	  1.560	 13.888	  1.005	  1.434	  0.000
7	  1.560	 15.775	  1.005	  1.434	  0.000
8	  1.560	 17.662	  1.005	  1.434	  0.000
9	  1.560	 19.549	  1.005	  1.434	  0.000
10	  1.560	 21.436	  1.005	  1.434	  0.000
11	  1.560	 23.322	  1.005	  1.434	  0.000
12	  1.560	 25.209	  1.005	  1.434	  0.000
13	  1.560	 27.096	  1.005	  1.434	  0.000
14	  1.560	 28.983	  1.005	  1.434	  0.000
15	  1.560	 30.870	  1.005	  1.434	  0.000
16	  1.560	 32.756	  1.005	  1.434	  0.000
17	  1.560	 34.643	  1.005	  1.434	  0.000
18	  1.560	 36.530	  1.005	  1.434	  0.000
19	  1.560	 38.417	  1.005	  1.434	  0.000
20	  1.560	 40.304	  1.005	  1.434	  0.000
21	  1.560	 42.190	  1.005	  1.434	  0.000
22	  1.560	 44.077	  1.005	  1.434	  0.000
23	  1.560	 45.964	  1.005	  1.434	  0.000
24	  1.560	 47.851	  1.005	  1.434	  0.000
25	  1.560	 49.738	  1.005	  1.434	  0.000
26	  1.560	 51.624	  1.005	  1.434	  0.000
27	  1.560	 53.511	  1.005	  1.434	  0.000
28	  1.560	 55.398	  1.005	  1.434	  0.000
29	  1.560	 57.285	  1.005	  1.434	  0.000
30	  1.560	 59.172	  1.005	  1.434	  0.000
31	  1.560	 61.058	  1.005	  1.434	  0.000
32	  1.560	 62.945	  1.005	  1.434	  0.000
33	  1.560	 64.832	  1.005	  1.434	  0.000
34	  1.560	 66.719	  1.005	  1.434	  0.000
35	  1.560	 68.605	  1.005	  1.434	  0.000
36	  1.560	 70.492	  1.005	  1.434	  0.000
37	  1.560	 72.379	  1.005	  1.434	  0.000
38	  1.560	 74.266	  1.005	  1.434	  0.000
39	  1.560	 76.153	  1.005	  1.434	  0.000
40	  1.560	 78.039	  1.005	  1.434	  0.000
41	  1.560	 79.926	  1.005	  1.434	  0.000
42	  1.560	 81.813	  1.005	  1.434	  0.000
43	  1.560	 83.700	  1.005	  1.434	  0.000
44	  1.560	 85.587	  1.005	  1.434	  0.000
45	  1.560	 87.473	  1.005	  1.434	  0.000
46	  1.560	 89.360	  1.005	  1.434	  0.000
47	  1.560	 91.247	  1.005	  1.434	  0.000
48	  1.560	 93.134	  1.005	  1.434	  0.000
49	  1.560	 95.021	  1.005	  1.434	  0.000
50	  1.560	 96.907	  1.005	  1.434	  0.000
51	  1.560	 98.794	  1.005	  1.434	  0.000
52	  1.560	100.681	  1.005	  1.434	  0.000
0	  1.680	  2.741	  1.005	  1.448	  0.000
1	  1.680	  4.627	  1.005	  1.448	  0.000
2	  1.680	  6.514	  1.005	  1.448	  0.000
3	  1.680	  8.401	  1.005	  1.448	  0.000
4	  1.680	 10.288	  1.005	  1.448	  0.000
5	  1.680	 12.175	  1.005	  1.448	  0.000
6	  1.680	 14.061	  1.005	  1.448	  0.000
7	  1.680	 15.948	  1.005	  1.448	  0.000
8	  1.680	 17.835	  1.005	  1.448	  0.000
9	  1.680	 19.722	  1.005	  1.448	  0.000
10	  1.680	 21.609	  1.005	  1.448	  0.000
11	  1.680	 23.495	  1.005	  1.448	  0.000
12	  1.680	 25.382	  1.005	  1.448	  0.000
13	  1.680	 27.269	  1.005	  1.448	  0.000
14	  1.680	 29.156	  1.005	  1.448	  0.000
15	  1.680	 31.042	  1.005	  1.448	  0.000
16	  1.680	 32.929	  1.005	  1.448	  0.000
17	  1.680	 34.816	  1.005	  1.448	  0.000
18	  1.680	 36.703	  1.005	  1.448	  0.000
19	  1.680	 38.590	  1.005	  1.448	  0.000
20	  1.680	 40.476	  1.005	  1.448	  0.000
21	  1.680	 42.363	  1.005	  1.448	  0.000
22	  1.680	 44.250	  1.005	  1.448	  0.000
23	  1.680	 46.137	  1.005	  1.448	  0.000
24	  1.680	 48.024	  1.005	  1.448	  0.000
25	  1.680	 49.910	  1.005	  1.448	  0.000
26	  1.680	 51.797	  1.005	  1.448	  0.000
27	  1.680	 53.684	  1.005	  1.448	  0.000
28	  1.680	 55.571	  1.005	  1.448	  0.000
29	  1.680	 57.458	  1.005	  1.448	  0.000
30	  1.680	 59.344	  1.005	  1.448	  0.000
31	  1.680	 61.231	  1.005	  1.448	  0.000
32	  1.680	 63.118	  1.005	  1.448	  0.000
33	  1.680	 65.005	  1.005	  1.448	  0.000
34	  1.680	 66.892	  1.005	  1.448	  0.000
35	  1.680	 68.778	  1.005	  1.448	  0.000
36	  1.680	 70.665	  1.005	  1.448	  0.000
37	  1.680	 72.552	  1.005	  1.448	  0.000
38	  1.680	 74.439	  1.005	  1.448	  0.000
39	  1.680	 76.326	  1.005	  1.448	  0.000
40	  1.680	 78.212	  1.005	  1.448	  0.000
41	  1.680	 80.099	  1.005	  1.448	  0.000
42	  1.680	 81.986	  1.005	  1.448	  0.000
43	  1.680	 83.873	  1.005	  1.448	  0.000
44	  1.680	 85.759	  1.005	  1.448	  0.000
45	  1.680	 87.646	  1.005	  1.448	  0.000
46	  1.680	 89.533	  1.005	  1.448	  0.000
47	  1.680	 91.420	  1.005	  1.448	  0.000
48	  1.680	 93.307	  1.005	  1.448	  0.000
49	  1.680	 95.193	  1.005	  1.448	  0.000
50	  1.680	 97.080	  1.005	  1.448	  0.000
51	  1.680	 98.967	  1.005	  1.448	  0.000
52	  1.680	100.854	  1.005	  1.448	  0.000
0	  1.800	  2.915	  1.005	  1.458	  0.000
1	  1.800	  4.802	  1.005	  1.458	  0.000
2	  1.800	  6.689	  1.005	  1.458	  0.000
3	  1.800	  8.575	  1.005	  1.458	  0.000
4	  1.800	 10.462	  1.005	  1.458	  0.000
5	  1.800	 12.349	  1.005	  1.458	  0.000
6	  1.800	 14.236	  1.005	  1.458	  0.000
7	  1.800	 16.123	  1.005	  1.458	  0.000
8	  1.800	 18.009	  1.005	  1.458	  0.000
9	  1.800	 19.896	  1.005	  1.458	  0.000
10	  1.800	 21.783	  1.005	  1.458	  0.000
11	  1.800	 23.670	  1.005	  1.458	  0.000
12	  1.800	 25.556	  1.005	  1.458	  0.000
13	  1.800	 27.443	  1.005	  1.458	  0.000
14	  1.800	 29.330	  1.005	  1.458	  0.000
15	  1.800	 31.217	  1.005	  1.458	  0.000
16	  1.800	 33.104	  1.005	  1.458	  0.000
17	  1.800	 34.990	  1.005	  1.458	  0.000
18	  1.800	 36.877	  1.005	  1.458	  0.000
19	  1.800	 38.764	  1.005	  1.458	  0.000
20	  1.800	 40.651	  1.005	  1.458	  0.000
21	  1.800	 42.538	  1.005	  1.458	  0.000
22	  1.800	 44.424	  1.005	  1.458	  0.000
23	  1.800	 46.311	  1.005	  1.458	  0.000
24	  1.800	 48.198	  1.005	  1.458	  0.000
25	  1.800	 50.085	  1.005	  1.458	  0.000
26	  1.800	 51.972	  1.005	  1.458	  0.000
27	  1.800	 53.858	  1.005	  1.458	  0.000
28	  1.800	 55.745	  1.005	  1.458	  0.000
29	  1.800	 57.632	  1.005	  1.458	  0.000
30	  1.800	 59.519	  1.005	  1.458	  0.000
31	  1.800	 61.406	  1.005	  1.458	  0.000
32	  1.800	 63.292	  1.005	  1.458	  0.000
33	  1.800	 65.179	  1.005	  1.458	  0.000
34	  1.800	 67.066	  1.005	  1.458	  0.000
35	  1.800	 68.953	  1.005	  1.458	  0.000
36	  1.800	 70.839	  1.005	  1.458	  0.000
37	  1.800	 72.726	  1.005	  1.458	  0.000
38	  1.800	 74.613	  1.005	  1.458	  0.000
39	  1.800	 76.500	  1.005	  1.458	  0.000
40	  1.800	 78.387	  1.005	  1.458	  0.000
41	  1.800	 80.273	  1.005	  1.458	  0.000
42	  1.800	 82.160	  1.005	  1.458	  0.000
43	  1.800	 84.047	  1.005	  1.458	  0.000
44	  1.800	 85.934	  1.005	  1.458	  0.000
45	  1.800	 87.821	  1.005	  1.458	  0.000
46	  1.800	 89.707	  1.005	  1.458	  0.000
47	  1.800	 91.594	  1.005	  1.458	  0.000
48	  1.800	 93.481	  1.005	  1.458	  0.000
49	  1.800	 95.368	  1.005	  1.458	  0.000
50	  1.800	 97.255	  1.005	  1.458	  0.000
51	  1.800	 99.141	  1.005	  1.458	  0.000
52	  1.800	101.028	  1.005	  1.458	  0.000
0	  1.920	  3.090	  1.005	  1.467	  0.000
1	  1.920	  4.977	  1.005	  1.467	  0.000
2	  1.920	  6.864	  1.005	  1.467	  0.000
3	  1.920	  8.751	  1.005	  1.467	  0.000
4	  1.920	 10.638	  1.005	  1.467	  0.000
5	  1.920	 12.524	  1.005	  1.467	  0.000
6	  1.920	 14.411	  1.005	  1.467	  0.000
7	  1.920	 16.298	  1.005	  1.467	  0.000
8	  1.920	 18.185	  1.005	  1.467	  0.000
9	  1.920	 20.072	  1.005	  1.467	  0.000
10	  1.920	 21.958	  1.005	  1.467	  0.000
11	  1.920	 23.845	  1.005	  1.467	  0.000
12	  1.920	 25.732	  1.005	  1.467	  0.000
13	  1.920	 27.619	  1.005	  1.467	  0.000
14	  1.920	 29.506	  1.005	  1.467	  0.000
15	  1.920	 31.392	  1.005	  1.467	  0.000
16	  1.920	 33.279	  1.005	  1.467	  0.000
17	  1.920	 35.166	  1.005	  1.467	  0.000
18	  1.920	 37.053	  1.005	  1.467	  0.000
19	  1.920	 38.940	  1.005	  1.467	  0.000
20	  1.920	 40.826	  1.005	  1.467	  0.000
21	  1.920	 42.713	  1.005	  1.467	  0.000
22	  1.920	 44.600	  1.005	  1.467	  0.000
23	  1.920	 46.487	  1.005	  1.467	  0.000
24	  1.920	 48.373	  1.005	  1.467	  0.000
25	  1.920	 50.260	  1.005	  1.467	  0.000
26	  1.920	 52.147	  1.005	  1.467	  0.000
27	  1.920	 54.034	  1.005	  1.467	  0.000
28	  1.920	 55.921	  1.005	  1.467	  0.000
29	  1.920	 57.807	  1.005	  1.467	  0.000
30	  1.920	 59.694	  1.005	  1.467	  0.000
31	  1.920	 61.581	  1.005	  1.467	  0.000
32	  1.920	 63.468	  1.005	  1.467	  0.000
33	  1.920	 65.355	  1.005	  1.467	  0.000
34	  1.920	 67.241	  1.005	  1.467	  0.000
35	  1.920	 69.128	  1.005	  1.467	  0.000
36	  1.920	 71.015	  1.005	  1.467	  0.000
37	  1.920	 72.902	  1.005	  1.467	  0.000
38	  1.920	 74.789	  1.005	  1.467	  0.000
39	  1.920	 76.675	  1.005	  1.467	  0.000
40	  1.920	 78.562	  1.005	  1.467	  0.000
41	  1.920	 80.449	  1.005	  1.467	  0.000
42	  1.920	 82.336	  1.005	  1.467	  0.000
43	  1.920	 84.223	  1.005	  1.467	  0.000
44	  1.920	 86.109	  1.005	  1.467	  0.000
45	  1.920	 87.996	  1.005	  1.467	  0.000
46	  1.920	 89.883	  1.005	  1.467	  0.000
47	  1.920	 91.770	  1.005	  1.467	  0.000
48	  1.920	 93.656	  1.005	  1.467	  0.000
49	  1.920	 95.543	  1.005	  1.467	  0.000
50	  1.920	 97.430	  1.005	  1.467	  0.000
51	  1.920	 99.317	  1.005	  1.467	  0.000
52	  1.920	101.204	  1.005	  1.467	  0.000
0	  2.040	  3.267	  1.005	  1.474	  0.000
1	  2.040	  5.154	  1.005	  1.474	  0.000
2	  2.040	  7.040	  1.005	  1.474	  0.000
3	  2.040	  8.927	  1.005	  1.474	  0.000
4	  2.040	 10.814	  1.005	  1.474	  0.000
5	  2.040	 12.701	  1.005	  1.474	  0.000
6	  2.040	 14.588	  1.005	  1.474	  0.000
7	  2.040	 16.474	  1.005	  1.474	  0.000
8	  2.040	 18.361	  1.005	  1.474	  0.000
9	  2.040	 20.248	  1.005	  1.474	  0.000
10	  2.040	 22.135	  1.005	  1.474	  0.000
11	  2.040	 24.022	  1.005	  1.474	  0.000
12	  2.040	 25.908	  1.005	  1.474	  0.000
13	  2.040	 27.795	  1.005	  1.474	  0.000
14	  2.040	 29.682	  1.005	  1.474	  0.000
15	  2.040	 31.569	  1.005	  1.474	  0.000
16	  2.040	 33.456	  1.005	  1.474	  0.000
17	  2.040	 35.342	  1.005	  1.474	  0.000
18	  2.040	 37.229	  1.005	  1.474	  0.000
19	  2.040	 39.116	  1.005	  1.474	  0.000
20	  2.040	 41.003	  1.005	  1.474	  0.000
21	  2.040	 42.890	  1.005	  1.474	  0.000
22	  2.040	 44.776	  1.005	  1.474	  0.000
23	  2.040	 46.663	  1.005	  1.474	  0.000
24	  2.040	 48.550	  1.005	  1.474	  0.000
25	  2.040	 50.437	  1.005	  1.474	  0.000
26	  2.040	 52.323	  1.005	  1.474	  0.000
27	  2.040	 54.210	  1.005	  1.474	  0.000
28	  2.040	 56.097	  1.005	  1.474	  0.000
29	  2.040	 57.984	  1.005	  1.474	  0.000
30	  2.040	 59.871	  1.005	  1.474	  0.000
31	  2.040	 61.757	  1.005	  1.474	  0.000
32	  2.040	 63.644	  1.005	  1.474	  0.000
33	  2.040	 65.531	  1.005	  1.474	  0.000
34	  2.040	 67.418	  1.005	  1.474	  0.000
35	  2.040	 69.305	  1.005	  1.474	  0.000
36	  2.040	 71.191	  1.005	  1.474	  0.000
37	  2.040	 73.078	  1.005	  1.474	  0.000
38	  2.040	 74.965	  1.005	  1.474	  0.000
39	  2.040	 76.852	  1.005	  1.474	  0.000
40	  2.040	 78.739	  1.005	  1.474	  0.000
41	  2.040	 80.625	  1.005	  1.474	  0.000
42	  2.040	 82.512	  1.005	  1.474	  0.000
43	  2.040	 84.399	  1.005	  1.474	  0.000
44	  2.040	 86.286	  1.005	  1.474	  0.000
45	  2.040	 88.173	  1.005	  1.474	  0.000
46	  2.040	 90.059	  1.005	  1.474	  0.000
47	  2.040	 91.946	  1.005	  1.474	  0.000
48	  2.040	 93.833	  1.005	  1.474	  0.000
49	  2.040	 95.720	  1.005	  1.474	  0.000
50	  2.040	 97.606	  1.005	  1.474	  0.000
51	  2.040	 99.493	  1.005	  1.474	  0.000
52	  2.040	101.380	  1.005	  1.474	  0.000
0	  2.160	  3.444	  1.005	  1.479	  0.000
1	  2.160	  5.331	  1.005	  1.479	  0.000
2	  2.160	  7.218	  1.005	  1.479	  0.000
3	  2.160	  9.104	  1.005	  1.479	  0.000
4	  2.160	 10.991	  1.005	  1.479	  0.000
5	  2.160	 12.878	  1.005	  1.479	  0.000
6	  2.160	 14.765	  1.005	  1.479	  0.000
7	  2.160	 16.652	  1.005	  1.479	  0.000
8	  2.160	 18.538	  1.005	  1.479	  0.000
9	  2.160	 20.425	  1.005	  1.479	  0.000
10	  2.160	 22.312	  1.005	  1.479	  0.000
11	  2.160	 24.199	  1.005	  1.479	  0.000
12	  2.160	 26.085	  1.005	  1.479	  0.000
13	  2.160	 27.972	  1.005	  1.479	  0.000
14	  2.160	 29.859	  1.005	  1.479	  0.000
15	  2.160	 31.746	  1.005	  1.479	  0.000
16	  2.160	 33.633	  1.005	  1.479	  0.000
17	  2.160	 35.519	  1.005	  1.479	  0.000
18	  2.160	 37.406	  1.005	  1.479	  0.000
19	  2.160	 39.293	  1.005	  1.479	  0.000
20	  2.160	 41.180	  1.005	  1.479	  0.000
21	  2.160	 43.067	  1.005	  1.479	  0.000
22	  2.160	 44.953	  1.005	  1.479	  0.000
23	  2.160	 46.840	  1.005	  1.479	  0.000
24	  2.160	 48.727	  1.005	  1.479	  0.000
25	  2.160	 50.614	  1.005	  1.479	  0.000
26	  2.160	 52.501	  1.005	  1.479	  0.000
27	  2.160	 54.387	  1.005	  1.479	  0.000
28	  2.160	 56.274	  1.005	  1.479	  0.000
29	  2.160	 58.161	  1.005	  1.479	  0.000
30	  2.160	 60.048	  1.005	  1.479	  0.000
31	  2.160	 61.935	  1.005	  1.479	  0.000
32	  2.160	 63.821	  1.005	  1.479	  0.000
33	  2.160	 65.708	  1.005	  1.479	  0.000
34	  2.160	 67.595	  1.005	  1.479	  0.000
35	  2.160	 69.482	  1.005	  1.479	  0.000
36	  2.160	 71.369	  1.005	  1.479	  0.000
37	  2.160	 73.255	  1.005	  1.479	  0.000
38	  2.160	 75.142	  1.005	  1.479	  0.000
39	  2.160	 77.029	  1.005	  1.479	  0.000
40	  2.160	 78.916	  1.005	  1.479	  0.000
41	  2.160	 80.802	  1.005	  1.479	  0.000
42	  2.160	 82.689	  1.005	  1.479	  0.000
43	  2.160	 84.576	  1.005	  1.479	  0.000
44	  2.160	 86.463	  1.005	  1.479	  0.000
45	  2.160	 88.350	  1.005	  1.479	  0.000
46	  2.160	 90.236	  1.005	  1.479	  0.000
47	  2.160	 92.123	  1.005	  1.479	  0.000
48	  2.160	 94.010	  1.005	  1.479	  0.000
49	  2.160	 95.897	  1.005	  1.479	  0.000
50	  2.160	 97.784	  1.005	  1.479	  0.000
51	  2.160	 99.670	  1.005	  1.479	  0.000
52	  2.160	101.557	  1.005	  1.479	  0.000
0	  2.280	  3.622	  1.005	  1.483	  0.000
1	  2.280	  5.508	  1.005	  1.483	  0.000
2	  2.280	  7.395	  1.005	  1.483	  0.000
3	  2.280	  9.282	  1.005	  1.483	  0.000
4	  2.280	 11.169	  1.005	  1.483	  0.000
5	  2.280	 13.056	  1.005	  1.483	  0.000
6	  2.280	 14.942	  1.005	  1.483	  0.000
7	  2.280	 16.829	  1.005	  1.483	  0.000
8	  2.280	 18.716	  1.005	  1.483	  0.000
9	  2.280	 20.603	  1.005	  1.483	  0.000
10	  2.280	 22.490	  1.005	  1.483	  0.000
11	  2.280	 24.376	  1.005	  1.483	  0.000
12	  2.280	 26.263	  1.005	  1.483	  0.000
13	  2.280	 28.150	  1.005	  1.483	  0.000
14	  2.280	 30.037	  1.005	  1.483	  0.000
15	  2.280	 31.924	  1.005	  1.483	  0.000
16	  2.280	 33.810	  1.005	  1.483	  0.000
17	  2.280	 35.697	  1.005	  1.483	  0.000
18	  2.280	 37.584	  1.005	  1.483	  0.000
19	  2.280	 39.471	  1.005	  1.483	  0.000
20	  2.280	 41.358	  1.005	  1.483	  0.000
21	  2.280	 43.244	  1.005	  1.483	  0.000
22	  2.280	 45.131	  1.005	  1.483	  0.000
23	  2.280	 47.018	  1.005	  1.483	  0.000
24	  2.280	 48.905	  1.005	  1.483	  0.000
25	  2.280	 50.791	  1.005	  1.483	  0.000
26	  2.280	 52.678	  1.005	  1.483	  0.000
27	  2.280	 54.565	  1.005	  1.483	  0.000
28	  2.280	 56.452	  1.005	  1.483	  0.000
29	  2.280	 58.339	  1.005	  1.483	  0.000
30	  2.280	 60.225	  1.005	  1.483	  0.000
31	  2.280	 62.112	  1.005	  1.483	  0.000
32	  2.280	 63.999	  1.005	  1.483	  0.000
33	  2.280	 65.886	  1.005	  1.483	  0.000
34	  2.280	 67.773	  1.005	  1.483	  0.000
35	  2.280	 69.659	  1.005	  1.483	  0.000
36	  2.280	 71.546	  1.005	  1.483	  0.000
37	  2.280	 73.433	  1.005	  1.483	  0.000
38	  2.280	 75.320	  1.005	  1.483	  0.000
39	  2.280	 77.207	  1.005	  1.483	  0.000
40	  2.280	 79.093	  1.005	  1.483	  0.000
41	  2.280	 80.980	  1.005	  1.483	  0.000
42	  2.280	 82.867	  1.005	  1.483	  0.000
43	  2.280	 84.754	  1.005	  1.483	  0.000
44	  2.280	 86.641	  1.005	  1.483	  0.000
45	  2.280	 88.527	  1.005	  1.483	  0.000
46	  2.280	 90.414	  1.005	  1.483	  0.000
47	  2.280	 92.301	  1.005	  1.483	  0.000
48	  2.280	 94.188	  1.005	  1.483	  0.000
49	  2.280	 96.074	  1.005	  1.483	  0.000
50	  2.280	 97.961	  1.005	  1.483	  0.000
51	  2.280	 99.848	  1.005	  1.483	  0.000
52	  2.280	101.735	  1.005	  1.483	  0.000
0	  2.400	  3.800	  1.005	  1.486	  0.000
1	  2.400	  5.687	  1.005	  1.486	  0.000
2	  2.400	  7.573	  1.005	  1.486	  0.000
3	  2.400	  9.460	  1.005	  1.486	  0.000
4	  2.400	 11.347	  1.005	  1.486	  0.000
5	  2.400	 13.234	  1.005	  1.486	  0.000
6	  2.400	 15.121	  1.005	  1.486	  0.000
7	  2.400	 17.007	  1.005	  1.486	  0.000
8	  2.400	 18.894	  1.005	  1.486	  0.000
9	  2.400	 20.781	  1.005	  1.486	  0.000
10	  2.400	 22.668	  1.005	  1.486	  0.000
11	  2.400	 24.555	  1.005	  1.486	  0.000
12	  2.400	 26.441	  1.005	  1.486	  0.000
13	  2.400	 28.328	  1.005	  1.486	  0.000
14	  2.400	 30.215	  1.005	  1.486	  0.000
15	  2.400	 32.102	  1.005	  1.486	  0.000
16	  2.400	 33.988	  1.005	  1.486	  0.000
17	  2.400	 35.875	  1.005	  1.486	  0.000
18	  2.400	 37.762	  1.005	  1.486	  0.000
19	  2.400	 39.649	  1.005	  1.486	  0.000
20	  2.400	 41.536	  1.005	  1.486	  0.000
21	  2.400	 43.422	  1.005	  1.486	  0.000
22	  2.400	 45.309	  1.005	  1.486	  0.000
23	  2.400	 47.196	  1.005	  1.486	  0.000
24	  2.400	 49.083	  1.005	  1.486	  0.000
25	  2.400	 50.970	  1.005	  1.486	  0.000
26	  2.400	 52.856	  1.005	  1.486	  0.000
27	  2.400	 54.743	  1.005	  1.486	  0.000
28	  2.400	 56.630	  1.005	  1.486	  0.000
29	  2.400	 58.517	  1.005	  1.486	  0.000
30	  2.400	 60.404	  1.005	  1.486	  0.000
31	  2.400	 62.290	  1.005	  1.486	  0.000
32	  2.400	 64.177	  1.005	  1.486	  0.000
33	  2.400	 66.064	  1.005	  1.486	  0.000
34	  2.400	 67.951	  1.005	  1.486	  0.000
35	  2.400	 69.838	  1.005	  1.486	  0.000
36	  2.400	 71.724	  1.005	  1.486	  0.000
37	  2.400	 73.611	  1.005	  1.486	  0.000
38	  2.400	 75.498	  1.005	  1.486	  0.000
39	  2.400	 77.385	  1.005	  1.486	  0.000
40	  2.400	 79.271	  1.005	  1.486	  0.000
41	  2.400	 81.158	  1.005	  1.486	  0.000
42	  2.400	 83.045	  1.005	  1.486	  0.000
43	  2.400	 84.932	  1.005	  1.486	  0.000
44	  2.400	 86.819	  1.005	  1.486	  0.000
45	  2.400	 88.705	  1.005	  1.486	  0.000
46	  2.400	 90.592	  1.005	  1.486	  0.000
47	  2.400	 92.479	  1.005	  1.486	  0.000
48	  2.400	 94.366	  1.005	  1.486	  0.000
49	  2.400	 96.253	  1.005	  1.486	  0.000
50	  2.400	 98.139	  1.005	  1.486	  0.000
51	  2.400	100.026	  1.005	  1.486	  0.000
52	  2.400	101.913	  1.005	  1.486	  0.000
0	  2.520	  3.978	  1.005	  1.489	  0.000
1	  2.520	  5.865	  1.005	  1.489	  0.000
2	  2.520	  7.752	  1.005	  1.489	  0.000
3	  2.520	  9.639	  1.005	  1.489	  0.000
4	  2.520	 11.525	  1.005	  1.489	  0.000
5	  2.520	 13.412	  1.005	  1.489	  0.000
6	  2.520	 15.299	  1.005	  1.489	  0.000
7	  2.520	 17.186	  1.005	  1.489	  0.000
8	  2.520	 19.073	  1.005	  1.489	  0.000
9	  2.520	 20.959	  1.005	  1.489	  0.000
10	  2.520	 22.846	  1.005	  1.489	  0.000
11	  2.520	 24.733	  1.005	  1.489	  0.000
12	  2.520	 26.620	  1.005	  1.489	  0.000
13	  2.520	 28.507	  1.005	  1.489	  0.000
14	  2.520	 30.393	  1.005	  1.489	  0.000
15	  2.520	 32.280	  1.005	  1.489	  0.000
16	  2.520	 34.167	  1.005	  1.489	  0.000
17	  2.520	 36.054	  1.005	  1.489	  0.000
18	  2.520	 37.941	  1.005	  1.489	  0.000
19	  2.520	 39.827	  1.005	  1.489	  0.000
20	  2.520	 41.714	  1.005	  1.489	  0.000
21	  2.520	 43.601	  1.005	  1.489	  0.000
22	  2.520	 45.488	  1.005	  1.489	  0.000
23	  2.520	 47.374	  1.005	  1.489	  0.000
24	  2.520	 49.261	  1.005	  1.489	  0.000
25	  2.520	 51.148	  1.005	  1.489	  0.000
26	  2.520	 53.035	  1.005	  1.489	  0.000
27	  2.520	 54.922	  1.005	  1.489	  0.000
28	  2.520	 56.808	  1.005	  1.489	  0.000
29	  2.520	 58.695	  1.005	  1.489	  0.000
30	  2.520	 60.582	  1.005	  1.489	  0.000
31	  2.520	 62.469	  1.005	  1.489	  0.000
32	  2.520	 64.356	  1.005	  1.489	  0.000
33	  2.520	 66.242	  1.005	  1.489	  0.000
34	  2.520	 68.129	  1.005	  1.489	  0.000
35	  2.520	 70.016	  1.005	  1.489	  0.000
36	  2.520	 71.903	  1.005	  1.489	  0.000
37	  2.520	 73.790	  1.005	  1.489	  0.000
38	  2.520	 75.676	  1.005	  1.489	  0.000
39	  2.520	 77.563	  1.005	  1.489	  0.000
40	  2.520	 79.450	  1.005	  1.489	  0.000
41	  2.520	 81.337	  1.005	  1.489	  0.000
42	  2.520	 83.224	  1.005	  1.489	  0.000
43	  2.520	 85.110	  1.005	  1.489	  0.000
44	  2.520	 86.997	  1.005	  1.489	  0.000
45	  2.520	 88.884	  1.005	  1.489	  0.000
46	  2.520	 90.771	  1.005	  1.489	  0.000
47	  2.520	 92.657	  1.005	  1.489	  0.000
48	  2.520	 94.544	  1.005	  1.489	  0.000
49	  2.520	 96.431	  1.005	  1.489	  0.000
50	  2.520	 98.318	  1.005	  1.489	  0.000
51	  2.520	100.205	  1.005	  1.489	  0.000
52	  2.520	102.091	  1.005	  1.489	  0.000
0	  2.640	  4.157	  1.005	  1.490	  0.000
1	  2.640	  6.044	  1.005	  1.490	  0.000
2	  2.640	  7.931	  1.005	  1.490	  0.000
3	  2.640	  9.817	  1.005	  1.490	  0.000
4	  2.640	 11.704	  1.005	  1.490	  0.000
5	  2.640	 13.591	  1.005	  1.490	  0.000
6	  2.640	 15.478	  1.005	  1.490	  0.000
7	  2.640	 17.365	  1.005	  1.490	  0.000
8	  2.640	 19.251	  1.005	  1.490	  0.000
9	  2.640	 21.138	  1.005	  1.490	  0.000
10	  2.640	 23.025	  1.005	  1.490	  0.000
11	  2.640	 24.912	  1.005	  1.490	  0.000
12	  2.640	 26.798	  1.005	  1.490	  0.000
13	  2.640	 28.685	  1.005	  1.490	  0.000
14	  2.640	 30.572	  1.005	  1.490	  0.000
15	  2.640	 32.459	  1.005	  1.490	  0.000
16	  2.640	 34.346	  1.005	  1.490	  0.000
17	  2.640	 36.232	  1.005	  1.490	  0.000
18	  2.640	 38.119	  1.005	  1.490	  0.000
19	  2.640	 40.006	  1.005	  1.490	  0.000
20	  2.640	 41.893	  1.005	  1.490	  0.000
21	  2.640	 43.780	  1.005	  1.490	  0.000
22	  2.640	 45.666	  1.005	  1.490	  0.000
23	  2.640	 47.553	  1.005	  1.490	  0.000
24	  2.640	 49.440	  1.005	  1.490	  0.000
25	  2.640	 51.327	  1.005	  1.490	  0.000
26	  2.640	 53.214	  1.005	  1.490	  0.000
27	  2.640	 55.100	  1.005	  1.490	  0.000
28	  2.640	 56.987	  1.005	  1.490	  0.000
29	  2.640	 58.874	  1.005	  1.490	  0.000
30	  2.640	 60.761	  1.005	  1.490	  0.000
31	  2.640	 62.648	  1.005	  1.490	  0.000
32	  2.640	 64.534	  1.005	  1.490	  0.000
33	  2.640	 66.421	  1.005	  1.490	  0.000
34	  2.640	 68.308	  1.005	  1.490	  0.000
35	  2.640	 70.195	  1.005	  1.490	  0.000
36	  2.640	 72.082	  1.005	  1.490	  0.000
37	  2.640	 73.968	  1.005	  1.490	  0.000
38	  2.640	 75.855	  1.005	  1.490	  0.000
39	  2.640	 77.742	  1.005	  1.490	  0.000
40	  2.640	 79.629	  1.005	  1.490	  0.000
41	  2.640	 81.515	  1.005	  1.490	  0.000
42	  2.640	 83.402	  1.005	  1.490	  0.000
43	  2.640	 85.289	  1.005	  1.490	  0.000
44	  2.640	 87.176	  1.005	  1.490	  0.000
45	  2.640	 89.063	  1.005	  1.490	  0.000
46	  2.640	 90.949	  1.005	  1.490	  0.000
47	  2.640	 92.836	  1.005	  1.490	  0.000
48	  2.640	 94.723	  1.005	  1.490	  0.000
49	  2.640	 96.610	  1.005	  1.490	  0.000
50	  2.640	 98.497	  1.005	  1.490	  0.000
51	  2.640	100.383	  1.005	  1.490	  0.000
52	  2.640	102.270	  1.005	  1.490	  0.000
0	  2.760	  4.336	  1.005	  1.492	  0.000
1	  2.760	  6.223	  1.005	  1.492	  0.000
2	  2.760	  8.110	  1.005	  1.492	  0.000
3	  2.760	  9.996	  1.005	  1.492	  0.000
4	  2.760	 11.883	  1.005	  1.492	  0.000
5	  2.760	 13.770	  1.005	  1.492	  0.000
6	  2.760	 15.657	  1.005	  1.492	  0.000
7	  2.760	 17.543	  1.005	  1.492	  0.000
8	  2.760	 19.430	  1.005	  1.492	  0.000
9	  2.760	 21.317	  1.005	  1.492	  0.000
10	  2.760	 23.204	  1.005	  1.492	  0.000
11	  2.760	 25.091	  1.005	  1.492	  0.000
12	  2.760	 26.977	  1.005	  1.492	  0.000
13	  2.760	 28.864	  1.005	  1.492	  0.000
14	  2.760	 30.751	  1.005	  1.492	  0.000
15	  2.760	 32.638	  1.005	  1.492	  0.000
16	  2.760	 34.525	  1.005	  1.492	  0.000
17	  2.760	 36.411	  1.005	  1.492	  0.000
18	  2.760	 38.298	  1.005	  1.492	  0.000
19	  2.760	 40.185	  1.005	  1.492	  0.000
20	  2.760	 42.072	  1.005	  1.492	  0.000
21	  2.760	 43.959	  1.005	  1.492	  0.000
22	  2.760	 45.845	  1.005	  1.492	  0.000
23	  2.760	 47.732	  1.005	  1.492	  0.000
24	  2.760	 49.619	  1.005	  1.492	  0.000
25	  2.760	 51.506	  1.005	  1.492	  0.000
26	  2.760	 53.393	  1.005	  1.492	  0.000
27	  2.760	 55.279	  1.005	  1.492	  0.000
28	  2.760	 57.166	  1.005	  1.492	  0.000
29	  2.760	 59.053	  1.005	  1.492	  0.000
30	  2.760	 60.940	  1.005	  1.492	  0.000
31	  2.760	 62.826	  1.005	  1.492	  0.000
32	  2.760	 64.713	  1.005	  1.492	  0.000
33	  2.760	 66.600	  1.005	  1.492	  0.000
34	  2.760	 68.487	  1.005	  1.492	  0.000
35	  2.760	 70.374	  1.005	  1.492	  0.000
36	  2.760	 72.260	  1.005	  1.492	  0.000
37	  2.760	 74.147	  1.005	  1.492	  0.000
38	  2.760	 76.034	  1.005	  1.492	  0.000
39	  2.760	 77.921	  1.005	  1.492	  0.000
40	  2.760	 79.808	  1.005	  1.492	  0.000
41	  2.760	 81.694	  1.005	  1.492	  0.000
42	  2.760	 83.581	  1.005	  1.492	  0.000
43	  2.760	 85.468	  1.005	  1.492	  0.000
44	  2.760	 87.355	  1.005	  1.492	  0.000
45	  2.760	 89.242	  1.005	  1.492	  0.000
46	  2.760	 91.128	  1.005	  1.492	  0.000
47	  2.760	 93.015	  1.005	  1.492	  0.000
48	  2.760	 94.902	  1.005	  1.492	  0.000
49	  2.760	 96.789	  1.005	  1.492	  0.000
50	  2.760	 98.676	  1.005	  1.492	  0.000
51	  2.760	100.562	  1.005	  1.492	  0.000
52	  2.760	102.449	  1.005	  1.492	  0.000
0	  2.880	  4.515	  1.005	  1.493	  0.000
1	  2.880	  6.402	  1.005	  1.493	  0.000
2	  2.880	  8.289	  1.005	  1.493	  0.000
3	  2.880	 10.175	  1.005	  1.493	  0.000
4	  2.880	 12.062	  1.005	  1.493	  0.000
5	  2.880	 13.949	  1.005	  1.493	  0.000
6	  2.880	 15.836	  1.005	  1.493	  0.000
7	  2.880	 17.723	  1.005	  1.493	  0.000
8	  2.880	 19.609	  1.005	  1.493	  0.000
9	  2.880	 21.496	  1.005	  1.493	  0.000
10	  2.880	 23.383	  1.005	  1.493	  0.000
11	  2.880	 25.270	  1.005	  1.493	  0.000
12	  2.880	 27.157	  1.005	  1.493	  0.000
13	  2.880	 29.043	  1.005	  1.493	  0.000
14	  2.880	 30.930	  1.005	  1.493	  0.000
15	  2.880	 32.817	  1.005	  1.493	  0.000
16	  2.880	 34.704	  1.005	  1.493	  0.000
17	  2.880	 36.591	  1.005	  1.493	  0.000
18	  2.880	 38.477	  1.005	  1.493	  0.000
19	  2.880	 40.364	  1.005	  1.493	  0.000
20	  2.880	 42.251	  1.005	  1.493	  0.000
21	  2.880	 44.138	  1.005	  1.493	  0.000
22	  2.880	 46.024	  1.005	  1.493	  0.000
23	  2.880	 47.911	  1.005	  1.493	  0.000
24	  2.880	 49.798	  1.005	  1.493	  0.000
25	  2.880	 51.685	  1.005	  1.493	  0.000
26	  2.880	 53.572	  1.005	  1.493	  0.000
27	  2.880	 55.458	  1.005	  1.493	  0.000
28	  2.880	 57.345	  1.005	  1.493	  0.000
29	  2.880	 59.232	  1.005	  1.493	  0.000
30	  2.880	 61.119	  1.005	  1.493	  0.000
31	  2.880	 63.006	  1.005	  1.493	  0.000
32	  2.880	 64.892	  1.005	  1.493	  0.000
33	  2.880	 66.779	  1.005	  1.493	  0.000
34	  2.880	 68.666	  1.005	  1.493	  0.000
35	  2.880	 70.553	  1.005	  1.493	  0.000
36	  2.880	 72.440	  1.005	  1.493	  0.000
37	  2.880	 74.326	  1.005	  1.493	  0.000
38	  2.880	 76.213	  1.005	  1.493	  0.000
39	  2.880	 78.100	  1.005	  1.493	  0.000
40	  2.880	 79.987	  1.005	  1.493	  0.000
41	  2.880	 81.874	  1.005	  1.493	  0.000
42	  2.880	 83.760	  1.005	  1.493	  0.000
43	  2.880	 85.647	  1.005	  1.493	  0.000
44	  2.880	 87.534	  1.005	  1.493	  0.000
45	  2.880	 89.421	  1.005	  1.493	  0.000
46	  2.880	 91.307	  1.005	  1.493	  0.000
47	  2.880	 93.194	  1.005	  1.493	  0.000
48	  2.880	 95.081	  1.005	  1.493	  0.000
49	  2.880	 96.968	  1.005	  1.493	  0.000
50	  2.880	 98.855	  1.005	  1.493	  0.000
51	  2.880	100.741	  1.005	  1.493	  0.000
52	  2.880	102.628	  1.005	  1.493	  0.000
0	  3.000	  4.694	  1.005	  1.494	  0.000
1	  3.000	  6.581	  1.005	  1.494	  0.000
2	  3.000	  8.468	  1.005	  1.494	  0.000
3	  3.000	 10.355	  1.005	  1.494	  0.000
4	  3.000	 12.241	  1.005	  1.494	  0.000
5	  3.000	 14.128	  1.005	  1.494	  0.000
6	  3.000	 16.015	  1.005	  1.494	  0.000
7	  3.000	 17.902	  1.005	  1.494	  0.000
8	  3.000	 19.789	  1.005	  1.494	  0.000
9	  3.000	 21.675	  1.005	  1.494	  0.000
10	  3.000	 23.562	  1.005	  1.494	  0.000
11	  3.000	 25.449	  1.005	  1.494	  0.000
12	  3.000	 27.336	  1.005	  1.494	  0.000
13	  3.000	 29.223	  1.005	  1.494	  0.000
14	  3.000	 31.109	  1.005	  1.494	  0.000
15	  3.000	 32.996	  1.005	  1.494	  0.000
16	  3.000	 34.883	  1.005	  1.494	  0.000
17	  3.000	 36.770	  1.005	  1.494	  0.000
18	  3.000	 38.657	  1.005	  1.494	  0.000
19	  3.000	 40.543	  1.005	  1.494	  0.000
20	  3.000	 42.430	  1.005	  1.494	  0.000
21	  3.000	 44.317	  1.005	  1.494	  0.000
22	  3.000	 46.204	  1.005	  1.494	  0.000
23	  3.000	 48.091	  1.005	  1.494	  0.000
24	  3.000	 49.977	  1.005	  1.494	  0.000
25	  3.000	 51.864	  1.005	  1.494	  0.000
26	  3.000	 53.751	  1.005	  1.494	  0.000
27	  3.000	 55.638	  1.005	  1.494	  0.000
28	  3.000	 57.524	  1.005	  1.494	  0.000
29	  3.000	 59.411	  1.005	  1.494	  0.000
30	  3.000	 61.298	  1.005	  1.494	  0.000
31	  3.000	 63.185	  1.005	  1.494	  0.000
32	  3.000	 65.072	  1.005	  1.494	  0.000
33	  3.000	 66.958	  1.005	  1.494	  0.000
34	  3.000	 68.845	  1.005	  1.494	  0.000
35	  3.000	 70.732	  1.005	  1.494	  0.000
36	  3.000	 72.619	  1.005	  1.494	  0.000
37	  3.000	 74.506	  1.005	  1.494	  0.000
38	  3.000	 76.392	  1.005	  1.494	  0.000
39	  3.000	 78.279	  1.005	  1.494	  0.000
40	  3.000	 80.166	  1.005	  1.494	  0.000
41	  3.000	 82.053	  1.005	  1.494	  0.000
42	  3.000	 83.940	  1.005	  1.494	  0.000
43	  3.000	 85.826	  1.005	  1.494	  0.000
44	  3.000	 87.713	  1.005	  1.494	  0.000
45	  3.000	 89.600	  1.005	  1.494	  0.000
46	  3.000	 91.487	  1.005	  1.494	  0.000
47	  3.000	 93.374	  1.005	  1.494	  0.000
48	  3.000	 95.260	  1.005	  1.494	  0.000
49	  3.000	 97.147	  1.005	  1.494	  0.000
50	  3.000	 99.034	  1.005	  1.494	  0.000
51	  3.000	100.921	  1.005	  1.494	  0.000
52	  3.000	102.807	  1.005	  1.494	  0.000
