# id	 time	 x	 y	 vx	 vy
0	  0.000	  1.515	  1.000	  0.010	  0.010
1	  0.000	  4.545	  1.000	  0.010	  0.010
2	  0.000	  7.576	  1.000	  0.010	  0.010
3	  0.000	 10.606	  1.000	  0.010	  0.010
4	  0.000	 13.636	  1.000	  0.010	  0.010
5	  0.000	 16.667	  1.000	  0.010	  0.010
6	  0.000	 19.697	  1.000	  0.010	  0.010
7	  0.000	 22.727	  1.000	  0.010	  0.010
8	  0.000	 25.758	  1.000	  0.010	  0.010
9	  0.000	 28.788	  1.000	  0.010	  0.010
10	  0.000	 31.818	  1.000	  0.010	  0.010
11	  0.000	 34.848	  1.000	  0.010	  0.010
12	  0.000	 37.879	  1.000	  0.010	  0.010
13	  0.000	 40.909	  1.000	  0.010	  0.010
14	  0.000	 43.939	  1.000	  0.010	  0.010
15	  0.000	 46.970	  1.000	  0.010	  0.010
16	  0.000	 50.000	  1.000	  0.010	  0.010
17	  0.000	 53.030	  1.000	  0.010	  0.010
18	  0.000	 56.061	  1.000	  0.010	  0.010
19	  0.000	 59.091	  1.000	  0.010	  0.010
20	  0.000	 62.121	  1.000	  0.010	  0.010
21	  0.000	 65.152	  1.000	  0.010	  0.010
22	  0.000	 68.182	  1.000	  0.010	  0.010
23	  0.000	 71.212	  1.000	  0.010	  0.010
24	  0.000	 74.242	  1.000	  0.010	  0.010
25	  0.000	 77.273	  1.000	  0.010	  0.010
26	  0.000	 80.303	  1.000	  0.010	  0.010
27	  0.000	 83.333	  1.000	  0.010	  0.010
28	  0.000	 86.364	  1.000	  0.010	  0.010
29	  0.000	 89.394	  1.000	  0.010	  0.010
30	  0.000	 92.424	  1.000	  0.010	  0.010
31	  0.000	 95.455	  1.000	  0.010	  0.010
32	  0.000	 98.485	  1.000	  0.010	  0.010
0	  0.120	  1.535	  1.001	  0.331	  0.008
1	  0.120	  4.565	  1.001	  0.331	  0.008
2	  0.120	  7.595	  1.001	  0.331	  0.008
3	  0.120	 10.626	  1.001	  0.331	  0.008
4	  0.120	 13.656	  1.001	  0.331	  0.008
5	  0.120	 16.686	  1.001	  0.331	  0.008
6	  0.120	 19.717	  1.001	  0.331	  0.008
7	  0.120	 22.747	  1.001	  0.331	  0.008
8	  0.120	 25.777	  1.001	  0.331	  0.008
9	  0.120	 28.807	  1.001	  0.331	  0.008
10	  0.120	 31.838	  1.001	  0.331	  0.008
11	  0.120	 34.868	  1.001	  0.331	  0.008
12	  0.120	 37.898	  1.001	  0.331	  0.008
13	  0.120	 40.929	  1.001	  0.331	  0.008
14	  0.120	 43.959	  1.001	  0.331	  0.008
15	  0.120	 46.989	  1.001	  0.331	  0.008
16	  0.120	 50.020	  1.001	  0.331	  0.008
17	  0.120	 53.050	  1.001	  0.331	  0.008
18	  0.120	 56.080	  1.001	  0.331	  0.008
19	  0.120	 59.111	  1.001	  0.331	  0.008
20	  0.120	 62.141	  1.001	  0.331	  0.008
21	  0.120	 65.171	  1.001	  0.331	  0.008
22	  0.120	 68.201	  1.001	  0.331	  0.008
23	  0.120	 71.232	  1.001	  0.331	  0.008
24	  0.120	 74.262	  1.001	  0.331	  0.008
25	  0.120	 77.292	  1.001	  0.331	  0.008
26	  0.120	 80.323	  1.001	  0.331	  0.008
27	  0.120	 83.353	  1.001	  0.331	  0.008
28	  0.120	 86.383	  1.001	  0.331	  0.008
29	  0.120	 89.414	  1.001	  0.331	  0.008
30	  0.120	 92.444	  1.001	  0.331	  0.008
31	  0.120	 95.474	  1.001	  0.331	  0.008
32	  0.120	 98.504	  1.001	  0.331	  0.008
0	  0.240	  1.589	  1.002	  0.582	  0.006
1	  0.240	  4.619	  1.002	  0.582	  0.006
2	  0.240	  7.650	  1.002	  0.582	  0.006
3	  0.240	 10.680	  1.002	  0.582	  0.006
4	  0.240	 13.710	  1.002	  0.582	  0.006
5	  0.240	 16.740	  1.002	  0.582	  0.006
6	  0.240	 19.771	  1.002	  0.582	  0.006
7	  0.240	 22.801	  1.002	  0.582	  0.006
8	  0.240	 25.831	  1.002	  0.582	  0.006
9	  0.240	 28.862	  1.002	  0.582	  0.006
10	  0.240	 31.892	  1.002	  0.582	  0.006
11	  0.240	 34.922	  1.002	  0.582	  0.006
12	  0.240	 37.953	  1.002	  0.582	  0.006
13	  0.240	 40.983	  1.002	  0.582	  0.006
14	  0.240	 44.013	  1.002	  0.582	  0.006
15	  0.240	 47.043	  1.002	  0.582	  0.006
16	  0.240	 50.074	  1.002	  0.582	  0.006
17	  0.240	 53.104	  1.002	  0.582	  0.006
18	  0.240	 56.134	  1.002	  0.582	  0.006
19	  0.240	 59.165	  1.002	  0.582	  0.006
20	  0.240	 62.195	  1.002	  0.582	  0.006
21	  0.240	 65.225	  1.002	  0.582	  0.006
22	  0.240	 68.256	  1.002	  0.582	  0.006
23	  0.240	 71.286	  1.002	  0.582	  0.006
24	  0.240	 74.316	  1.002	  0.582	  0.006
25	  0.240	 77.346	  1.002	  0.582	  0.006
26	  0.240	 80.377	  1.002	  0.582	  0.006
27	  0.240	 83.407	  1.002	  0.582	  0.006
28	  0.240	 86.437	  1.002	  0.582	  0.006
29	  0.240	 89.468	  1.002	  0.582	  0.006
30	  0.240	 92.498	  1.002	  0.582	  0.006
31	  0.240	 95.528	  1.002	  0.582	  0.006
32	  0.240	 98.559	  1.002	  0.582	  0.006
0	  0.360	  1.670	  1.003	  0.780	  0.005
1	  0.360	  4.700	  1.003	  0.780	  0.005
2	  0.360	  7.731	  1.003	  0.780	  0.005
3	  0.360	 10.761	  1.003	  0.780	  0.005
4	  0.360	 13.791	  1.003	  0.780	  0.005
5	  0.360	 16.822	  1.003	  0.780	  0.005
6	  0.360	 19.852	  1.003	  0.780	  0.005
7	  0.360	 22.882	  1.003	  0.780	  0.005
8	  0.360	 25.913	  1.003	  0.780	  0.005
9	  0.360	 28.943	  1.003	  0.780	  0.005
10	  0.360	 31.973	  1.003	  0.780	  0.005
11	  0.360	 35.003	  1.003	  0.780	  0.005
12	  0.360	 38.034	  1.003	  0.780	  0.005
13	  0.360	 41.064	  1.003	  0.780	  0.005
14	  0.360	 44.094	  1.003	  0.780	  0.005
15	  0.360	 47.125	  1.003	  0.780	  0.005
16	  0.360	 50.155	  1.003	  0.780	  0.005
17	  0.360	 53.185	  1.003	  0.780	  0.005
18	  0.360	 56.216	  1.003	  0.780	  0.005
19	  0.360	 59.246	  1.003	  0.780	  0.005
20	  0.360	 62.276	  1.003	  0.780	  0.005
21	  0.360	 65.307	  1.003	  0.780	  0.005
22	  0.360	 68.337	  1.003	  0.780	  0.005
23	  0.360	 71.367	  1.003	  0.780	  0.005
24	  0.360	 74.397	  1.003	  0.780	  0.005
25	  0.360	 77.428	  1.003	  0.780	  0.005
26	  0.360	 80.458	  1.003	  0.780	  0.005
27	  0.360	 83.488	  1.003	  0.780	  0.005
28	  0.360	 86.519	  1.003	  0.780	  0.005
29	  0.360	 89.549	  1.003	  0.780	  0.005
30	  0.360	 92.579	  1.003	  0.780	  0.005
31	  0.360	 95.610	  1.003	  0.780	  0.005
32	  0.360	 98.640	  1.003	  0.780	  0.005
0	  0.480	  1.773	  1.003	  0.935	  0.004
1	  0.480	  4.803	  1.003	  0.935	  0.004
2	  0.480	  7.833	  1.003	  0.935	  0.004
3	  0.480	 10.864	  1.003	  0.935	  0.004
4	  0.480	 13.894	  1.003	  0.935	  0.004
5	  0.480	 16.924	  1.003	  0.935	  0.004
6	  0.480	 19.954	  1.003	  0.935	  0.004
7	  0.480	 22.985	  1.003	  0.935	  0.004
8	  0.480	 26.015	  1.003	  0.935	  0.004
9	  0.480	 29.045	  1.003	  0.935	  0.004
10	  0.480	 32.076	  1.003	  0.935	  0.004
11	  0.480	 35.106	  1.003	  0.935	  0.004
12	  0.480	 38.136	  1.003	  0.935	  0.004
13	  0.480	 41.167	  1.003	  0.935	  0.004
14	  0.480	 44.197	  1.003	  0.935	  0.004
15	  0.480	 47.227	  1.003	  0.935	  0.004
16	  0.480	 50.257	  1.003	  0.935	  0.004
17	  0.480	 53.288	  1.003	  0.935	  0.004
18	  0.480	 56.318	  1.003	  0.935	  0.004
19	  0.480	 59.348	  1.003	  0.935	  0.004
20	  0.480	 62.379	  1.003	  0.935	  0.004
21	  0.480	 65.409	  1.003	  0.935	  0.004
22	  0.480	 68.439	  1.003	  0.935	  0.004
23	  0.480	 71.470	  1.003	  0.935	  0.004
24	  0.480	 74.500	  1.003	  0.935	  0.004
25	  0.480	 77.530	  1.003	  0.935	  0.004
26	  0.480	 80.561	  1.003	  0.935	  0.004
27	  0.480	 83.591	  1.003	  0.935	  0.004
28	  0.480	 86.621	  1.003	  0.935	  0.004
29	  0.480	 89.651	  1.003	  0.935	  0.004
30	  0.480	 92.682	  1.003	  0.935	  0.004
31	  0.480	 95.712	  1.003	  0.935	  0.004
32	  0.480	 98.742	  1.003	  0.935	  0.004
0	  0.600	  1.892	  1.004	  1.057	  0.003
1	  0.600	  4.922	  1.004	  1.057	  0.003
2	  0.600	  7.952	  1.004	  1.057	  0.003
3	  0.600	 10.983	  1.004	  1.057	  0.003
4	  0.600	 14.013	  1.004	  1.057	  0.003
5	  0.600	 17.043	  1.004	  1.057	  0.003
6	  0.600	 20.074	  1.004	  1.057	  0.003
7	  0.600	 23.104	  1.004	  1.057	  0.003
8	  0.600	 26.134	  1.004	  1.057	  0.003
9	  0.600	 29.165	  1.004	  1.057	  0.003
10	  0.600	 32.195	  1.004	  1.057	  0.003
11	  0.600	 35.225	  1.004	  1.057	  0.003
12	  0.600	 38.255	  1.004	  1.057	  0.003
13	  0.600	 41.286	  1.004	  1.057	  0.003
14	  0.600	 44.316	  1.004	  1.057	  0.003
15	  0.600	 47.346	  1.004	  1.057	  0.003
16	  0.600	 50.377	  1.004	  1.057	  0.003
17	  0.600	 53.407	  1.004	  1.057	  0.003
18	  0.600	 56.437	  1.004	  1.057	  0.003
19	  0.600	 59.468	  1.004	  1.057	  0.003
20	  0.600	 62.498	  1.004	  1.057	  0.003
21	  0.600	 65.528	  1.004	  1.057	  0.003
22	  0.600	 68.558	  1.004	  1.057	  0.003
23	  0.600	 71.589	  1.004	  1.057	  0.003
24	  0.600	 74.619	  1.004	  1.057	  0.003
25	  0.600	 77.649	  1.004	  1.057	  0.003
26	  0.600	 80.680	  1.004	  1.057	  0.003
27	  0.600	 83.710	  1.004	  1.057	  0.003
28	  0.600	 86.740	  1.004	  1.057	  0.003
29	  0.600	 89.771	  1.004	  1.057	  0.003
30	  0.600	 92.801	  1.004	  1.057	  0.003
31	  0.600	 95.831	  1.004	  1.057	  0.003
32	  0.600	 98.862	  1.004	  1.057	  0.003
0	  0.720	  2.024	  1.004	  1.152	  0.002
1	  0.720	  5.054	  1.004	  1.152	  0.002
2	  0.720	  8.085	  1.004	  1.152	  0.002
3	  0.720	 11.115	  1.004	  1.152	  0.002
4	  0.720	 14.145	  1.004	  1.152	  0.002
5	  0.720	 17.176	  1.004	  1.152	  0.002
6	  0.720	 20.206	  1.004	  1.152	  0.002
7	  0.720	 23.236	  1.004	  1.152	  0.002
8	  0.720	 26.267	  1.004	  1.152	  0.002
9	  0.720	 29.297	  1.004	  1.152	  0.002
10	  0.720	 32.327	  1.004	  1.152	  0.002
11	  0.720	 35.357	  1.004	  1.152	  0.002
12	  0.720	 38.388	  1.004	  1.152	  0.002
13	  0.720	 41.418	  1.004	  1.152	  0.002
14	  0.720	 44.448	  1.004	  1.152	  0.002
15	  0.720	 47.479	  1.004	  1.152	  0.002
16	  0.720	 50.509	  1.004	  1.152	  0.002
17	  0.720	 53.539	  1.004	  1.152	  0.002
18	  0.720	 56.570	  1.004	  1.152	  0.002
19	  0.720	 59.600	  1.004	  1.152	  0.002
20	  0.720	 62.630	  1.004	  1.152	  0.002
21	  0.720	 65.660	  1.004	  1.152	  0.002
22	  0.720	 68.691	  1.004	  1.152	  0.002
23	  0.720	 71.721	  1.004	  1.152	  0.002
24	  0.720	 74.751	  1.004	  1.152	  0.002
25	  0.720	 77.782	  1.004	  1.152	  0.002
26	  0.720	 80.812	  1.004	  1.152	  0.002
27	  0.720	 83.842	  1.004	  1.152	  0.002
28	  0.720	 86.873	  1.004	  1.152	  0.002
29	  0.720	 89.903	  1.004	  1.152	  0.002
30	  0.720	 92.933	  1.004	  1.152	  0.002
31	  0.720	 95.963	  1.004	  1.152	  0.002
32	  0.720	 98.994	  1.004	  1.152	  0.002
0	  0.840	  2.167	  1.004	  1.227	  0.002
1	  0.840	  5.197	  1.004	  1.227	  0.002
2	  0.840	  8.227	  1.004	  1.227	  0.002
3	  0.840	 11.258	  1.004	  1.227	  0.002
4	  0.840	 14.288	  1.004	  1.227	  0.002
5	  0.840	 17.318	  1.004	  1.227	  0.002
6	  0.840	 20.348	  1.004	  1.227	  0.002
7	  0.840	 23.379	  1.004	  1.227	  0.002
8	  0.840	 26.409	  1.004	  1.227	  0.002
9	  0.840	 29.439	  1.004	  1.227	  0.002
10	  0.840	 32.470	  1.004	  1.227	  0.002
11	  0.840	 35.500	  1.004	  1.227	  0.002
12	  0.840	 38.530	  1.004	  1.227	  0.002
13	  0.840	 41.561	  1.004	  1.227	  0.002
14	  0.840	 44.591	  1.004	  1.227	  0.002
15	  0.840	 47.621	  1.004	  1.227	  0.002
16	  0.840	 50.652	  1.004	  1.227	  0.002
17	  0.840	 53.682	  1.004	  1.227	  0.002
18	  0.840	 56.712	  1.004	  1.227	  0.002
19	  0.840	 59.742	  1.004	  1.227	  0.002
20	  0.840	 62.773	  1.004	  1.227	  0.002
21	  0.840	 65.803	  1.004	  1.227	  0.002
22	  0.840	 68.833	  1.004	  1.227	  0.002
23	  0.840	 71.864	  1.004	  1.227	  0.002
24	  0.840	 74.894	  1.004	  1.227	  0.002
25	  0.840	 77.924	  1.004	  1.227	  0.002
26	  0.840	 80.955	  1.004	  1.227	  0.002
27	  0.840	 83.985	  1.004	  1.227	  0.002
28	  0.840	 87.015	  1.004	  1.227	  0.002
29	  0.840	 90.045	  1.004	  1.227	  0.002
30	  0.840	 93.076	  1.004	  1.227	  0.002
31	  0.840	 96.106	  1.004	  1.227	  0.002
32	  0.840	 99.136	  1.004	  1.227	  0.002
0	  0.960	  2.317	  1.004	  1.286	  0.001
1	  0.960	  5.348	  1.004	  1.286	  0.001
2	  0.960	  8.378	  1.004	  1.286	  0.001
3	  0.960	 11.408	  1.004	  1.286	  0.001
4	  0.960	 14.438	  1.004	  1.286	  0.001
5	  0.960	 17.469	  1.004	  1.286	  0.001
6	  0.960	 20.499	  1.004	  1.286	  0.001
7	  0.960	 23.529	  1.004	  1.286	  0.001
8	  0.960	 26.560	  1.004	  1.286	  0.001
9	  0.960	 29.590	  1.004	  1.286	  0.001
10	  0.960	 32.620	  1.004	  1.286	  0.001
11	  0.960	 35.651	  1.004	  1.286	  0.001
12	  0.960	 38.681	  1.004	  1.286	  0.001
13	  0.960	 41.711	  1.004	  1.286	  0.001
14	  0.960	 44.742	  1.004	  1.286	  0.001
15	  0.960	 47.772	  1.004	  1.286	  0.001
16	  0.960	 50.802	  1.004	  1.286	  0.001
17	  0.960	 53.832	  1.004	  1.286	  0.001
18	  0.960	 56.863	  1.004	  1.286	  0.001
19	  0.960	 59.893	  1.004	  1.286	  0.001
20	  0.960	 62.923	  1.004	  1.286	  0.001
21	  0.960	 65.954	  1.004	  1.286	  0.001
22	  0.960	 68.984	  1.004	  1.286	  0.001
23	  0.960	 72.014	  1.004	  1.286	  0.001
24	  0.960	 75.045	  1.004	  1.286	  0.001
25	  0.960	 78.075	  1.004	  1.286	  0.001
26	  0.960	 81.105	  1.004	  1.286	  0.001
27	  0.960	 84.135	  1.004	  1.286	  0.001
28	  0.960	 87.166	  1.004	  1.286	  0.001
29	  0.960	 90.196	  1.004	  1.286	  0.001
30	  0.960	 93.226	  1.004	  1.286	  0.001
31	  0.960	 96.257	  1.004	  1.286	  0.001
32	  0.960	 99.287	  1.004	  1.286	  0.001
0	  1.080	  2.474	  1.004	  1.332	  0.001
1	  1.080	  5.505	  1.004	  1.332	  0.001
2	  1.080	  8.535	  1.004	  1.332	  0.001
3	  1.080	 11.565	  1.004	  1.332	  0.001
4	  1.080	 14.595	  1.004	  1.332	  0.001
5	  1.080	 17.626	  1.004	  1.332	  0.001
6	  1.080	 20.656	  1.004	  1.332	  0.001
7	  1.080	 23.686	  1.004	  1.332	  0.001
8	  1.080	 26.717	  1.004	  1.332	  0.001
9	  1.080	 29.747	  1.004	  1.332	  0.001
10	  1.080	 32.777	  1.004	  1.332	  0.001
11	  1.080	 35.808	  1.004	  1.332	  0.001
12	  1.080	 38.838	  1.004	  1.332	  0.001
13	  1.080	 41.868	  1.004	  1.332	  0.001
14	  1.080	 44.898	  1.004	  1.332	  0.001
15	  1.080	 47.929	  1.004	  1.332	  0.001
16	  1.080	 50.959	  1.004	  1.332	  0.001
17	  1.080	 53.989	  1.004	  1.332	  0.001
18	  1.080	 57.020	  1.004	  1.332	  0.001
19	  1.080	 60.050	  1.004	  1.332	  0.001
20	  1.080	 63.080	  1.004	  1.332	  0.001
21	  1.080	 66.111	  1.004	  1.332	  0.001
22	  1.080	 69.141	  1.004	  1.332	  0.001
23	  1.080	 72.171	  1.004	  1.332	  0.001
24	  1.080	 75.201	  1.004	  1.332	  0.001
25	  1.080	 78.232	  1.004	  1.332	  0.001
26	  1.080	 81.262	  1.004	  1.332	  0.001
27	  1.080	 84.292	  1.004	  1.332	  0.001
28	  1.080	 87.323	  1.004	  1.332	  0.001
29	  1.080	 90.353	  1.004	  1.332	  0.001
30	  1.080	 93.383	  1.004	  1.332	  0.001
31	  1.080	 96.414	  1.004	  1.332	  0.001
32	  1.080	 99.444	  1.004	  1.332	  0.001
0	  1.200	  2.636	  1.005	  1.368	  0.001
1	  1.200	  5.666	  1.005	  1.368	  0.001
2	  1.200	  8.697	  1.005	  1.368	  0.001
3	  1.200	 11.727	  1.005	  1.368	  0.001
4	  1.200	 14.757	  1.005	  1.368	  0.001
5	  1.200	 17.788	  1.005	  1.368	  0.001
6	  1.200	 20.818	  1.005	  1.368	  0.001
7	  1.200	 23.848	  1.005	  1.368	  0.001
8	  1.200	 26.879	  1.005	  1.368	  0.001
9	  1.200	 29.909	  1.005	  1.368	  0.001
10	  1.200	 32.939	  1.005	  1.368	  0.001
11	  1.200	 35.969	  1.005	  1.368	  0.001
12	  1.200	 39.000	  1.005	  1.368	  0.001
13	  1.200	 42.030	  1.005	  1.368	  0.001
14	  1.200	 45.060	  1.005	  1.368	  0.001
15	  1.200	 48.091	  1.005	  1.368	  0.001
16	  1.200	 51.121	  1.005	  1.368	  0.001
17	  1.200	 54.151	  1.005	  1.368	  0.001
18	  1.200	 57.182	  1.005	  1.368	  0.001
19	  1.200	 60.212	  1.005	  1.368	  0.001
20	  1.200	 63.242	  1.005	  1.368	  0.001
21	  1.200	 66.272	  1.005	  1.368	  0.001
22	  1.200	 69.303	  1.005	  1.368	  0.001
23	  1.200	 72.333	  1.005	  1.368	  0.001
24	  1.200	 75.363	  1.005	  1.368	  0.001
25	  1.200	 78.394	  1.005	  1.368	  0.001
26	  1.200	 81.424	  1.005	  1.368	  0.001
27	  1.200	 84.454	  1.005	  1.368	  0.001
28	  1.200	 87.485	  1.005	  1.368	  0.001
29	  1.200	 90.515	  1.005	  1.368	  0.001
30	  1.200	 93.545	  1.005	  1.368	  0.001
31	  1.200	 96.576	  1.005	  1.368	  0.001
32	  1.200	 99.606	  1.005	  1.368	  0.001
0	  1.320	  2.802	  1.005	  1.396	  0.001
1	  1.320	  5.832	  1.005	  1.396	  0.001
2	  1.320	  8.863	  1.005	  1.396	  0.001
3	  1.320	 11.893	  1.005	  1.396	  0.001
4	  1.320	 14.923	  1.005	  1.396	  0.001
5	  1.320	 17.953	  1.005	  1.396	  0.001
6	  1.320	 20.984	  1.005	  1.396	  0.001
7	  1.320	 24.014	  1.005	  1.396	  0.001
8	  1.320	 27.044	  1.005	  1.396	  0.001
9	  1.320	 30.075	  1.005	  1.396	  0.001
10	  1.320	 33.105	  1.005	  1.396	  0.001
11	  1.320	 36.135	  1.005	  1.396	  0.001
12	  1.320	 39.166	  1.005	  1.396	  0.001
13	  1.320	 42.196	  1.005	  1.396	  0.001
14	  1.320	 45.226	  1.005	  1.396	  0.001
15	  1.320	 48.256	  1.005	  1.396	  0.001
16	  1.320	 51.287	  1.005	  1.396	  0.001
17	  1.320	 54.317	  1.005	  1.396	  0.001
18	  1.320	 57.347	  1.005	  1.396	  0.001
19	  1.320	 60.378	  1.005	  1.396	  0.001
20	  1.320	 63.408	  1.005	  1.396	  0.001
21	  1.320	 66.438	  1.005	  1.396	  0.001
22	  1.320	 69.469	  1.005	  1.396	  0.001
23	  1.320	 72.499	  1.005	  1.396	  0.001
24	  1.320	 75.529	  1.005	  1.396	  0.001
25	  1.320	 78.559	  1.005	  1.396	  0.001
26	  1.320	 81.590	  1.005	  1.396	  0.001
27	  1.320	 84.620	  1.005	  1.396	  0.001
28	  1.320	 87.650	  1.005	  1.396	  0.001
29	  1.320	 90.681	  1.005	  1.396	  0.001
30	  1.320	 93.711	  1.005	  1.396	  0.001
31	  1.320	 96.741	  1.005	  1.396	  0.001
32	  1.320	 99.772	  1.005	  1.396	  0.001
0	  1.440	  2.971	  1.005	  1.419	  0.001
1	  1.440	  6.001	  1.005	  1.419	  0.001
2	  1.440	  9.031	  1.005	  1.419	  0.001
3	  1.440	 12.062	  1.005	  1.419	  0.001
4	  1.440	 15.092	  1.005	  1.419	  0.001
5	  1.440	 18.122	  1.005	  1.419	  0.001
6	  1.440	 21.153	  1.005	  1.419	  0.001
7	  1.440	 24.183	  1.005	  1.419	  0.001
8	  1.440	 27.213	  1.005	  1.419	  0.001
9	  1.440	 30.243	  1.005	  1.419	  0.001
10	  1.440	 33.274	  1.005	  1.419	  0.001
11	  1.440	 36.304	  1.005	  1.419	  0.001
12	  1.440	 39.334	  1.005	  1.419	  0.001
13	  1.440	 42.365	  1.005	  1.419	  0.001
14	  1.440	 45.395	  1.005	  1.419	  0.001
15	  1.440	 48.425	  1.005	  1.419	  0.001
16	  1.440	 51.456	  1.005	  1.419	  0.001
17	  1.440	 54.486	  1.005	  1.419	  0.001
18	  1.440	 57.516	  1.005	  1.419	  0.001
19	  1.440	 60.547	  1.005	  1.419	  0.001
20	  1.440	 63.577	  1.005	  1.419	  0.001
21	  1.440	 66.607	  1.005	  1.419	  0.001
22	  1.440	 69.637	  1.005	  1.419	  0.001
23	  1.440	 72.668	  1.005	  1.419	  0.001
24	  1.440	 75.698	  1.005	  1.419	  0.001
25	  1.440	 78.728	  1.005	  1.419	  0.001
26	  1.440	 81.759	  1.005	  1.419	  0.001
27	  1.440	 84.789	  1.005	  1.419	  0.001
28	  1.440	 87.819	  1.005	  1.419	  0.001
29	  1.440	 90.850	  1.005	  1.419	  0.001
30	  1.440	 93.880	  1.005	  1.419	  0.001
31	  1.440	 96.910	  1.005	  1.419	  0.001
32	  1.440	 99.940	  1.005	  1.419	  0.001
0	  1.560	  3.142	  1.005	  1.436	  0.000
1	  1.560	  6.172	  1.005	  1.436	  0.000
2	  1.560	  9.203	  1.005	  1.436	  0.000
3	  1.560	 12.233	  1.005	  1.436	  0.000
4	  1.560	 15.263	  1.005	  1.436	  0.000
5	  1.560	 18.294	  1.005	  1.436	  0.000
6	  1.560	 21.324	  1.005	  1.436	  0.000
7	  1.560	 24.354	  1.005	  1.436	  0.000
8	  1.560	 27.384	  1.005	  1.436	  0.000
9	  1.560	 30.415	  1.005	  1.436	  0.000
10	  1.560	 33.445	  1.005	  1.436	  0.000
11	  1.560	 36.475	  1.005	  1.436	  0.000
12	  1.560	 39.506	  1.005	  1.436	  0.000
13	  1.560	 42.536	  1.005	  1.436	  0.000
14	  1.560	 45.566	  1.005	  1.436	  0.000
15	  1.560	 48.597	  1.005	  1.436	  0.000
16	  1.560	 51.627	  1.005	  1.436	  0.000
17	  1.560	 54.657	  1.005	  1.436	  0.000
18	  1.560	 57.687	  1.005	  1.436	  0.000
19	  1.560	 60.718	  1.005	  1.436	  0.000
20	  1.560	 63.748	  1.005	  1.436	  0.000
21	  1.560	 66.778	  1.005	  1.436	  0.000
22	  1.560	 69.809	  1.005	  1.436	  0.000
23	  1.560	 72.839	  1.005	  1.436	  0.000
24	  1.560	 75.869	  1.005	  1.436	  0.000
25	  1.560	 78.900	  1.005	  1.436	  0.000
26	  1.560	 81.930	  1.005	  1.436	  0.000
27	  1.560	 84.960	  1.005	  1.436	  0.000
28	  1.560	 87.991	  1.005	  1.436	  0.000
29	  1.560	 91.021	  1.005	  1.436	  0.000
30	  1.560	 94.051	  1.005	  1.436	  0.000
31	  1.560	 97.081	  1.005	  1.436	  0.000
32	  1.560	100.112	  1.005	  1.436	  0.000
0	  1.680	  3.315	  1.005	  1.450	  0.000
1	  1.680	  6.345	  1.005	  1.450	  0.000
2	  1.680	  9.376	  1.005	  1.450	  0.000
3	  1.680	 12.406	  1.005	  1.450	  0.000
4	  1.680	 15.436	  1.005	  1.450	  0.000
5	  1.680	 18.467	  1.005	  1.450	  0.000
6	  1.680	 21.497	  1.005	  1.450	  0.000
7	  1.680	 24.527	  1.005	  1.450	  0.000
8	  1.680	 27.558	  1.005	  1.450	  0.000
9	  1.680	 30.588	  1.005	  1.450	  0.000
10	  1.680	 33.618	  1.005	  1.450	  0.000
11	  1.680	 36.648	  1.005	  1.450	  0.000
12	  1.680	 39.679	  1.005	  1.450	  0.000
13	  1.680	 42.709	  1.005	  1.450	  0.000
14	  1.680	 45.739	  1.005	  1.450	  0.000
15	  1.680	 48.770	  1.005	  1.450	  0.000
16	  1.680	 51.800	  1.005	  1.450	  0.000
17	  1.680	 54.830	  1.005	  1.450	  0.000
18	  1.680	 57.861	  1.005	  1.450	  0.000
19	  1.680	 60.891	  1.005	  1.450	  0.000
20	  1.680	 63.921	  1.005	  1.450	  0.000
21	  1.680	 66.952	  1.005	  1.450	  0.000
22	  1.680	 69.982	  1.005	  1.450	  0.000
23	  1.680	 73.012	  1.005	  1.450	  0.000
24	  1.680	 76.042	  1.005	  1.450	  0.000
25	  1.680	 79.073	  1.005	  1.450	  0.000
26	  1.680	 82.103	  1.005	  1.450	  0.000
27	  1.680	 85.133	  1.005	  1.450	  0.000
28	  1.680	 88.164	  1.005	  1.450	  0.000
29	  1.680	 91.194	  1.005	  1.450	  0.000
30	  1.680	 94.224	  1.005	  1.450	  0.000
31	  1.680	 97.255	  1.005	  1.450	  0.000
32	  1.680	100.285	  1.005	  1.450	  0.000
0	  1.800	  3.490	  1.005	  1.461	  0.000
1	  1.800	  6.520	  1.005	  1.461	  0.000
2	  1.800	  9.550	  1.005	  1.461	  0.000
3	  1.800	 12.581	  1.005	  1.461	  0.000
4	  1.800	 15.611	  1.005	  1.461	  0.000
5	  1.800	 18.641	  1.005	  1.461	  0.000
6	  1.800	 21.672	  1.005	  1.461	  0.000
7	  1.800	 24.702	  1.005	  1.461	  0.000
8	  1.800	 27.732	  1.005	  1.461	  0.000
9	  1.800	 30.763	  1.005	  1.461	  0.000
10	  1.800	 33.793	  1.005	  1.461	  0.000
11	  1.800	 36.823	  1.005	  1.461	  0.000
12	  1.800	 39.853	  1.005	  1.461	  0.000
13	  1.800	 42.884	  1.005	  1.461	  0.000
14	  1.800	 45.914	  1.005	  1.461	  0.000
15	  1.800	 48.944	  1.005	  1.461	  0.000
16	  1.800	 51.975	  1.005	  1.461	  0.000
17	  1.800	 55.005	  1.005	  1.461	  0.000
18	  1.800	 58.035	  1.005	  1.461	  0.000
19	  1.800	 61.066	  1.005	  1.461	  0.000
20	  1.800	 64.096	  1.005	  1.461	  0.000
21	  1.800	 67.126	  1.005	  1.461	  0.000
22	  1.800	 70.156	  1.005	  1.461	  0.000
23	  1.800	 73.187	  1.005	  1.461	  0.000
24	  1.800	 76.217	  1.005	  1.461	  0.000
25	  1.800	 79.247	  1.005	  1.461	  0.000
26	  1.800	 82.278	  1.005	  1.461	  0.000
27	  1.800	 85.308	  1.005	  1.461	  0.000
28	  1.800	 88.338	  1.005	  1.461	  0.000
29	  1.800	 91.369	  1.005	  1.461	  0.000
30	  1.800	 94.399	  1.005	  1.461	  0.000
31	  1.800	 97.429	  1.005	  1.461	  0.000
32	  1.800	100.459	  1.005	  1.461	  0.000
0	  1.920	  3.666	  1.005	  1.469	  0.000
1	  1.920	  6.696	  1.005	  1.469	  0.000
2	  1.920	  9.726	  1.005	  1.469	  0.000
3	  1.920	 12.756	  1.005	  1.469	  0.000
4	  1.920	 15.787	  1.005	  1.469	  0.000
5	  1.920	 18.817	  1.005	  1.469	  0.000
6	  1.920	 21.847	  1.005	  1.469	  0.000
7	  1.920	 24.878	  1.005	  1.469	  0.000
8	  1.920	 27.908	  1.005	  1.469	  0.000
9	  1.920	 30.938	  1.005	  1.469	  0.000
10	  1.920	 33.969	  1.005	  1.469	  0.000
11	  1.920	 36.999	  1.005	  1.469	  0.000
12	  1.920	 40.029	  1.005	  1.469	  0.000
13	  1.920	 43.059	  1.005	  1.469	  0.000
14	  1.920	 46.090	  1.005	  1.469	  0.000
15	  1.920	 49.120	  1.005	  1.469	  0.000
16	  1.920	 52.150	  1.005	  1.469	  0.000
17	  1.920	 55.181	  1.005	  1.469	  0.000
18	  1.920	 58.211	  1.005	  1.469	  0.000
19	  1.920	 61.241	  1.005	  1.469	  0.000
20	  1.920	 64.272	  1.005	  1.469	  0.000
21	  1.920	 67.302	  1.005	  1.469	  0.000
22	  1.920	 70.332	  1.005	  1.469	  0.000
23	  1.920	 73.363	  1.005	  1.469	  0.000
24	  1.920	 76.393	  1.005	  1.469	  0.000
25	  1.920	 79.423	  1.005	  1.469	  0.000
26	  1.920	 82.453	  1.005	  1.469	  0.000
27	  1.920	 85.484	  1.005	  1.469	  0.000
28	  1.920	 88.514	  1.005	  1.469	  0.000
29	  1.920	 91.544	  1.005	  1.469	  0.000
30	  1.920	 94.575	  1.005	  1.469	  0.000
31	  1.920	 97.605	  1.005	  1.469	  0.000
32	  1.920	100.635	  1.005	  1.469	  0.000
0	  2.040	  3.842	  1.005	  1.476	  0.000
1	  2.040	  6.873	  1.005	  1.476	  0.000
2	  2.040	  9.903	  1.005	  1.476	  0.000
3	  2.040	 12.933	  1.005	  1.476	  0.000
4	  2.040	 15.963	  1.005	  1.476	  0.000
5	  2.040	 18.994	  1.005	  1.476	  0.000
6	  2.040	 22.024	  1.005	  1.476	  0.000
7	  2.040	 25.054	  1.005	  1.476	  0.000
8	  2.040	 28.085	  1.005	  1.476	  0.000
9	  2.040	 31.115	  1.005	  1.476	  0.000
10	  2.040	 34.145	  1.005	  1.476	  0.000
11	  2.040	 37.176	  1.005	  1.476	  0.000
12	  2.040	 40.206	  1.005	  1.476	  0.000
13	  2.040	 43.236	  1.005	  1.476	  0.000
14	  2.040	 46.266	  1.005	  1.476	  0.000
15	  2.040	 49.297	  1.005	  1.476	  0.000
16	  2.040	 52.327	  1.005	  1.476	  0.000
17	  2.040	 55.357	  1.005	  1.476	  0.000
18	  2.040	 58.388	  1.005	  1.476	  0.000
19	  2.040	 61.418	  1.005	  1.476	  0.000
20	  2.040	 64.448	  1.005	  1.476	  0.000
21	  2.040	 67.479	  1.005	  1.476	  0.000
22	  2.040	 70.509	  1.005	  1.476	  0.000
23	  2.040	 73.539	  1.005	  1.476	  0.000
24	  2.040	 76.570	  1.005	  1.476	  0.000
25	  2.040	 79.600	  1.005	  1.476	  0.000
26	  2.040	 82.630	  1.005	  1.476	  0.000
27	  2.040	 85.660	  1.005	  1.476	  0.000
28	  2.040	 88.691	  1.005	  1.476	  0.000
29	  2.040	 91.721	  1.005	  1.476	  0.000
30	  2.040	 94.751	  1.005	  1.476	  0.000
31	  2.040	 97.782	  1.005	  1.476	  0.000
32	  2.040	100.812	  1.005	  1.476	  0.000
0	  2.160	  4.020	  1.005	  1.481	  0.000
1	  2.160	  7.050	  1.005	  1.481	  0.000
2	  2.160	 10.080	  1.005	  1.481	  0.000
3	  2.160	 13.111	  1.005	  1.481	  0.000
4	  2.160	 16.141	  1.005	  1.481	  0.000
5	  2.160	 19.171	  1.005	  1.481	  0.000
6	  2.160	 22.201	  1.005	  1.481	  0.000
7	  2.160	 25.232	  1.005	  1.481	  0.000
8	  2.160	 28.262	  1.005	  1.481	  0.000
9	  2.160	 31.292	  1.005	  1.481	  0.000
10	  2.160	 34.323	  1.005	  1.481	  0.000
11	  2.160	 37.353	  1.005	  1.481	  0.000
12	  2.160	 40.383	  1.005	  1.481	  0.000
13	  2.160	 43.414	  1.005	  1.481	  0.000
14	  2.160	 46.444	  1.005	  1.481	  0.000
15	  2.160	 49.474	  1.005	  1.481	  0.000
16	  2.160	 52.504	  1.005	  1.481	  0.000
17	  2.160	 55.535	  1.005	  1.481	  0.000
18	  2.160	 58.565	  1.005	  1.481	  0.000
19	  2.160	 61.595	  1.005	  1.481	  0.000
20	  2.160	 64.626	  1.005	  1.481	  0.000
21	  2.160	 67.656	  1.005	  1.481	  0.000
22	  2.160	 70.686	  1.005	  1.481	  0.000
23	  2.160	 73.717	  1.005	  1.481	  0.000
24	  2.160	 76.747	  1.005	  1.481	  0.000
25	  2.160	 79.777	  1.005	  1.481	  0.000
26	  2.160	 82.808	  1.005	  1.481	  0.000
27	  2.160	 85.838	  1.005	  1.481	  0.000
28	  2.160	 88.868	  1.005	  1.481	  0.000
29	  2.160	 91.898	  1.005	  1.481	  0.000
30	  2.160	 94.929	  1.005	  1.481	  0.000
31	  2.160	 97.959	  1.005	  1.481	  0.000
32	  2.160	100.989	  1.005	  1.481	  0.000
0	  2.280	  4.198	  1.005	  1.485	  0.000
1	  2.280	  7.228	  1.005	  1.485	  0.000
2	  2.280	 10.258	  1.005	  1.485	  0.000
3	  2.280	 13.289	  1.005	  1.485	  0.000
4	  2.280	 16.319	  1.005	  1.485	  0.000
5	  2.280	 19.349	  1.005	  1.485	  0.000
6	  2.280	 22.379	  1.005	  1.485	  0.000
7	  2.280	 25.410	  1.005	  1.485	  0.000
8	  2.280	 28.440	  1.005	  1.485	  0.000
9	  2.280	 31.470	  1.005	  1.485	  0.000
10	  2.280	 34.501	  1.005	  1.485	  0.000
11	  2.280	 37.531	  1.005	  1.485	  0.000
12	  2.280	 40.561	  1.005	  1.485	  0.000
13	  2.280	 43.592	  1.005	  1.485	  0.000
14	  2.280	 46.622	  1.005	  1.485	  0.000
15	  2.280	 49.652	  1.005	  1.485	  0.000
16	  2.280	 52.682	  1.005	  1.485	  0.000
17	  2.280	 55.713	  1.005	  1.485	  0.000
18	  2.280	 58.743	  1.005	  1.485	  0.000
19	  2.280	 61.773	  1.005	  1.485	  0.000
20	  2.280	 64.804	  1.005	  1.485	  0.000
21	  2.280	 67.834	  1.005	  1.485	  0.000
22	  2.280	 70.864	  1.005	  1.485	  0.000
23	  2.280	 73.895	  1.005	  1.485	  0.000
24	  2.280	 76.925	  1.005	  1.485	  0.000
25	  2.280	 79.955	  1.005	  1.485	  0.000
26	  2.280	 82.985	  1.005	  1.485	  0.000
27	  2.280	 86.016	  1.005	  1.485	  0.000
28	  2.280	 89.046	  1.005	  1.485	  0.000
29	  2.280	 92.076	  1.005	  1.485	  0.000
30	  2.280	 95.107	  1.005	  1.485	  0.000
31	  2.280	 98.137	  1.005	  1.485	  0.000
32	  2.280	101.167	  1.005	  1.485	  0.000
0	  2.400	  4.376	  1.005	  1.488	  0.000
1	  2.400	  7.406	  1.005	  1.488	  0.000
2	  2.400	 10.437	  1.005	  1.488	  0.000
3	  2.400	 13.467	  1.005	  1.488	  0.000
4	  2.400	 16.497	  1.005	  1.488	  0.000
5	  2.400	 19.528	  1.005	  1.488	  0.000
6	  2.400	 22.558	  1.005	  1.488	  0.000
7	  2.400	 25.588	  1.005	  1.488	  0.000
8	  2.400	 28.618	  1.005	  1.488	  0.000
9	  2.400	 31.649	  1.005	  1.488	  0.000
10	  2.400	 34.679	  1.005	  1.488	  0.000
11	  2.400	 37.709	  1.005	  1.488	  0.000
12	  2.400	 40.740	  1.005	  1.488	  0.000
13	  2.400	 43.770	  1.005	  1.488	  0.000
14	  2.400	 46.800	  1.005	  1.488	  0.000
15	  2.400	 49.831	  1.005	  1.488	  0.000
16	  2.400	 52.861	  1.005	  1.488	  0.000
17	  2.400	 55.891	  1.005	  1.488	  0.000
18	  2.400	 58.921	  1.005	  1.488	  0.000
19	  2.400	 61.952	  1.005	  1.488	  0.000
20	  2.400	 64.982	  1.005	  1.488	  0.000
21	  2.400	 68.012	  1.005	  1.488	  0.000
22	  2.400	 71.043	  1.005	  1.488	  0.000
23	  2.400	 74.073	  1.005	  1.488	  0.000
24	  2.400	 77.103	  1.005	  1.488	  0.000
25	  2.400	 80.134	  1.005	  1.488	  0.000
26	  2.400	 83.164	  1.005	  1.488	  0.000
27	  2.400	 86.194	  1.005	  1.488	  0.000
28	  2.400	 89.224	  1.005	  1.488	  0.000
29	  2.400	 92.255	  1.005	  1.488	  0.000
30	  2.400	 95.285	  1.005	  1.488	  0.000
31	  2.400	 98.315	  1.005	  1.488	  0.000
32	  2.400	101.346	  1.005	  1.488	  0.000
0	  2.520	  4.555	  1.005	  1.491	  0.000
1	  2.520	  7.585	  1.005	  1.491	  0.000
2	  2.520	 10.615	  1.005	  1.491	  0.000
3	  2.520	 13.646	  1.005	  1.491	  0.000
4	  2.520	 16.676	  1.005	  1.491	  0.000
5	  2.520	 19.706	  1.005	  1.491	  0.000
6	  2.520	 22.737	  1.005	  1.491	  0.000
7	  2.520	 25.767	  1.005	  1.491	  0.000
8	  2.520	 28.797	  1.005	  1.491	  0.000
9	  2.520	 31.827	  1.005	  1.491	  0.000
10	  2.520	 34.858	  1.005	  1.491	  0.000
11	  2.520	 37.888	  1.005	  1.491	  0.000
12	  2.520	 40.918	  1.005	  1.491	  0.000
13	  2.520	 43.949	  1.005	  1.491	  0.000
14	  2.520	 46.979	  1.005	  1.491	  0.000
15	  2.520	 50.009	  1.005	  1.491	  0.000
16	  2.520	 53.040	  1.005	  1.491	  0.000
17	  2.520	 56.070	  1.005	  1.491	  0.000
18	  2.520	 59.100	  1.005	  1.491	  0.000
19	  2.520	 62.130	  1.005	  1.491	  0.000
20	  2.520	 65.161	  1.005	  1.491	  0.000
21	  2.520	 68.191	  1.005	  1.491	  0.000
22	  2.520	 71.221	  1.005	  1.491	  0.000
23	  2.520	 74.252	  1.005	  1.491	  0.000
24	  2.520	 77.282	  1.005	  1.491	  0.000
25	  2.520	 80.312	  1.005	  1.491	  0.000
26	  2.520	 83.343	  1.005	  1.491	  0.000
27	  2.520	 86.373	  1.005	  1.491	  0.000
28	  2.520	 89.403	  1.005	  1.491	  0.000
29	  2.520	 92.434	  1.005	  1.491	  0.000
30	  2.520	 95.464	  1.005	  1.491	  0.000
31	  2.520	 98.494	  1.005	  1.491	  0.000
32	  2.520	101.524	  1.005	  1.491	  0.000
0	  2.640	  4.734	  1.005	  1.493	  0.000
1	  2.640	  7.764	  1.005	  1.493	  0.000
2	  2.640	 10.794	  1.005	  1.493	  0.000
3	  2.640	 13.825	  1.005	  1.493	  0.000
4	  2.640	 16.855	  1.005	  1.493	  0.000
5	  2.640	 19.885	  1.005	  1.493	  0.000
6	  2.640	 22.916	  1.005	  1.493	  0.000
7	  2.640	 25.946	  1.005	  1.493	  0.000
8	  2.640	 28.976	  1.005	  1.493	  0.000
9	  2.640	 32.006	  1.005	  1.493	  0.000
10	  2.640	 35.037	  1.005	  1.493	  0.000
11	  2.640	 38.067	  1.005	  1.493	  0.000
12	  2.640	 41.097	  1.005	  1.493	  0.000
13	  2.640	 44.128	  1.005	  1.493	  0.000
14	  2.640	 47.158	  1.005	  1.493	  0.000
15	  2.640	 50.188	  1.005	  1.493	  0.000
16	  2.640	 53.219	  1.005	  1.493	  0.000
17	  2.640	 56.249	  1.005	  1.493	  0.000
18	  2.640	 59.279	  1.005	  1.493	  0.000
19	  2.640	 62.310	  1.005	  1.493	  0.000
20	  2.640	 65.340	  1.005	  1.493	  0.000
21	  2.640	 68.370	  1.005	  1.493	  0.000
22	  2.640	 71.400	  1.005	  1.493	  0.000
23	  2.640	 74.431	  1.005	  1.493	  0.000
24	  2.640	 77.461	  1.005	  1.493	  0.000
25	  2.640	 80.491	  1.005	  1.493	  0.000
26	  2.640	 83.522	  1.005	  1.493	  0.000
27	  2.640	 86.552	  1.005	  1.493	  0.000
28	  2.640	 89.582	  1.005	  1.493	  0.000
29	  2.640	 92.613	  1.005	  1.493	  0.000
30	  2.640	 95.643	  1.005	  1.493	  0.000
31	  2.640	 98.673	  1.005	  1.493	  0.000
32	  2.640	101.703	  1.005	  1.493	  0.000
0	  2.760	  4.913	  1.005	  1.494	  0.000
1	  2.760	  7.943	  1.005	  1.494	  0.000
2	  2.760	 10.974	  1.005	  1.494	  0.000
3	  2.760	 14.004	  1.005	  1.494	  0.000
4	  2.760	 17.034	  1.005	  1.494	  0.000
5	  2.760	 20.064	  1.005	  1.494	  0.000
6	  2.760	 23.095	  1.005	  1.494	  0.000
7	  2.760	 26.125	  1.005	  1.494	  0.000
8	  2.760	 29.155	  1.005	  1.494	  0.000
9	  2.760	 32.186	  1.005	  1.494	  0.000
10	  2.760	 35.216	  1.005	  1.494	  0.000
11	  2.760	 38.246	  1.005	  1.494	  0.000
12	  2.760	 41.277	  1.005	  1.494	  0.000
13	  2.760	 44.307	  1.005	  1.494	  0.000
14	  2.760	 47.337	  1.005	  1.494	  0.000
15	  2.760	 50.368	  1.005	  1.494	  0.000
16	  2.760	 53.398	  1.005	  1.494	  0.000
17	  2.760	 56.428	  1.005	  1.494	  0.000
18	  2.760	 59.458	  1.005	  1.494	  0.000
19	  2.760	 62.489	  1.005	  1.494	  0.000
20	  2.760	 65.519	  1.005	  1.494	  0.000
21	  2.760	 68.549	  1.005	  1.494	  0.000
22	  2.760	 71.580	  1.005	  1.494	  0.000
23	  2.760	 74.610	  1.005	  1.494	  0.000
24	  2.760	 77.640	  1.005	  1.494	  0.000
25	  2.760	 80.671	  1.005	  1.494	  0.000
26	  2.760	 83.701	  1.005	  1.494	  0.000
27	  2.760	 86.731	  1.005	  1.494	  0.000
28	  2.760	 89.761	  1.005	  1.494	  0.000
29	  2.760	 92.792	  1.005	  1.494	  0.000
30	  2.760	 95.822	  1.005	  1.494	  0.000
31	  2.760	 98.852	  1.005	  1.494	  0.000
32	  2.760	101.883	  1.005	  1.494	  0.000
0	  2.880	  5.092	  1.005	  1.496	  0.000
1	  2.880	  8.123	  1.005	  1.496	  0.000
2	  2.880	 11.153	  1.005	  1.496	  0.000
3	  2.880	 14.183	  1.005	  1.496	  0.000
4	  2.880	 17.214	  1.005	  1.496	  0.000
5	  2.880	 20.244	  1.005	  1.496	  0.000
6	  2.880	 23.274	  1.005	  1.496	  0.000
7	  2.880	 26.304	  1.005	  1.496	  0.000
8	  2.880	 29.335	  1.005	  1.496	  0.000
9	  2.880	 32.365	  1.005	  1.496	  0.000
10	  2.880	 35.395	  1.005	  1.496	  0.000
11	  2.880	 38.426	  1.005	  1.496	  0.000
12	  2.880	 41.456	  1.005	  1.496	  0.000
13	  2.880	 44.486	  1.005	  1.496	  0.000
14	  2.880	 47.517	  1.005	  1.496	  0.000
15	  2.880	 50.547	  1.005	  1.496	  0.000
16	  2.880	 53.577	  1.005	  1.496	  0.000
17	  2.880	 56.608	  1.005	  1.496	  0.000
18	  2.880	 59.638	  1.005	  1.496	  0.000
19	  2.880	 62.668	  1.005	  1.496	  0.000
20	  2.880	 65.698	  1.005	  1.496	  0.000
21	  2.880	 68.729	  1.005	  1.496	  0.000
22	  2.880	 71.759	  1.005	  1.496	  0.000
23	  2.880	 74.789	  1.005	  1.496	  0.000
24	  2.880	 77.820	  1.005	  1.496	  0.000
25	  2.880	 80.850	  1.005	  1.496	  0.000
26	  2.880	 83.880	  1.005	  1.496	  0.000
27	  2.880	 86.911	  1.005	  1.496	  0.000
28	  2.880	 89.941	  1.005	  1.496	  0.000
29	  2.880	 92.971	  1.005	  1.496	  0.000
30	  2.880	 96.001	  1.005	  1.496	  0.000
31	  2.880	 99.032	  1.005	  1.496	  0.000
32	  2.880	102.062	  1.005	  1.496	  0.000
0	  3.000	  5.272	  1.005	  1.497	  0.000
1	  3.000	  8.302	  1.005	  1.497	  0.000
2	  3.000	 11.332	  1.005	  1.497	  0.000
3	  3.000	 14.363	  1.005	  1.497	  0.000
4	  3.000	 17.393	  1.005	  1.497	  0.000
5	  3.000	 20.423	  1.005	  1.497	  0.000
6	  3.000	 23.454	  1.005	  1.497	  0.000
7	  3.000	 26.484	  1.005	  1.497	  0.000
8	  3.000	 29.514	  1.005	  1.497	  0.000
9	  3.000	 32.545	  1.005	  1.497	  0.000
10	  3.000	 35.575	  1.005	  1.497	  0.000
11	  3.000	 38.605	  1.005	  1.497	  0.000
12	  3.000	 41.636	  1.005	  1.497	  0.000
13	  3.000	 44.666	  1.005	  1.497	  0.000
14	  3.000	 47.696	  1.005	  1.497	  0.000
15	  3.000	 50.726	  1.005	  1.497	  0.000
16	  3.000	 53.757	  1.005	  1.497	  0.000
17	  3.000	 56.787	  1.005	  1.497	  0.000
18	  3.000	 59.817	  1.005	  1.497	  0.000
19	  3.000	 62.848	  1.005	  1.497	  0.000
20	  3.000	 65.878	  1.005	  1.497	  0.000
21	  3.000	 68.908	  1.005	  1.497	  0.000
22	  3.000	 71.939	  1.005	  1.497	  0.000
23	  3.000	 74.969	  1.005	  1.497	  0.000
24	  3.000	 77.999	  1.005	  1.497	  0.000
25	  3.000	 81.029	  1.005	  1.497	  0.000
26	  3.000	 84.060	  1.005	  1.497	  0.000
27	  3.000	 87.090	  1.005	  1.497	  0.000
28	  3.000	 90.120	  1.005	  1.497	  0.000
29	  3.000	 93.151	  1.005	  1.497	  0.000
30	  3.000	 96.181	  1.005	  1.497	  0.000
31	  3.000	 99.211	  1.005	  1.497	  0.000
32	  3.000	102.242	  1.005	  1.497	  0.000
