# id	 time	 x	 y	 vx	 vy
0	  0.000	  0.746	  1.000	  0.010	  0.010
1	  0.000	  2.239	  1.000	  0.010	  0.010
2	  0.000	  3.731	  1.000	  0.010	  0.010
3	  0.000	  5.224	  1.000	  0.010	  0.010
4	  0.000	  6.716	  1.000	  0.010	  0.010
5	  0.000	  8.209	  1.000	  0.010	  0.010
6	  0.000	  9.701	  1.000	  0.010	  0.010
7	  0.000	 11.194	  1.000	  0.010	  0.010
8	  0.000	 12.687	  1.000	  0.010	  0.010
9	  0.000	 14.179	  1.000	  0.010	  0.010
10	  0.000	 15.672	  1.000	  0.010	  0.010
11	  0.000	 17.164	  1.000	  0.010	  0.010
12	  0.000	 18.657	  1.000	  0.010	  0.010
13	  0.000	 20.149	  1.000	  0.010	  0.010
14	  0.000	 21.642	  1.000	  0.010	  0.010
15	  0.000	 23.134	  1.000	  0.010	  0.010
16	  0.000	 24.627	  1.000	  0.010	  0.010
17	  0.000	 26.119	  1.000	  0.010	  0.010
18	  0.000	 27.612	  1.000	  0.010	  0.010
19	  0.000	 29.104	  1.000	  0.010	  0.010
20	  0.000	 30.597	  1.000	  0.010	  0.010
21	  0.000	 32.090	  1.000	  0.010	  0.010
22	  0.000	 33.582	  1.000	  0.010	  0.010
23	  0.000	 35.075	  1.000	  0.010	  0.010
24	  0.000	 36.567	  1.000	  0.010	  0.010
25	  0.000	 38.060	  1.000	  0.010	  0.010
26	  0.000	 39.552	  1.000	  0.010	  0.010
27	  0.000	 41.045	  1.000	  0.010	  0.010
28	  0.000	 42.537	  1.000	  0.010	  0.010
29	  0.000	 44.030	  1.000	  0.010	  0.010
30	  0.000	 45.522	  1.000	  0.010	  0.010
31	  0.000	 47.015	  1.000	  0.010	  0.010
32	  0.000	 48.507	  1.000	  0.010	  0.010
33	  0.000	 50.000	  1.000	  0.010	  0.010
34	  0.000	 51.493	  1.000	  0.010	  0.010
35	  0.000	 52.985	  1.000	  0.010	  0.010
36	  0.000	 54.478	  1.000	  0.010	  0.010
37	  0.000	 55.970	  1.000	  0.010	  0.010
38	  0.000	 57.463	  1.000	  0.010	  0.010
39	  0.000	 58.955	  1.000	  0.010	  0.010
40	  0.000	 60.448	  1.000	  0.010	  0.010
41	  0.000	 61.940	  1.000	  0.010	  0.010
42	  0.000	 63.433	  1.000	  0.010	  0.010
43	  0.000	 64.925	  1.000	  0.010	  0.010
44	  0.000	 66.418	  1.000	  0.010	  0.010
45	  0.000	 67.910	  1.000	  0.010	  0.010
46	  0.000	 69.403	  1.000	  0.010	  0.010
47	  0.000	 70.896	  1.000	  0.010	  0.010
48	  0.000	 72.388	  1.000	  0.010	  0.010
49	  0.000	 73.881	  1.000	  0.010	  0.010
50	  0.000	 75.373	  1.000	  0.010	  0.010
51	  0.000	 76.866	  1.000	  0.010	  0.010
52	  0.000	 78.358	  1.000	  0.010	  0.010
53	  0.000	 79.851	  1.000	  0.010	  0.010
54	  0.000	 81.343	  1.000	  0.010	  0.010
55	  0.000	 82.836	  1.000	  0.010	  0.010
56	  0.000	 84.328	  1.000	  0.010	  0.010
57	  0.000	 85.821	  1.000	  0.010	  0.010
58	  0.000	 87.313	  1.000	  0.010	  0.010
59	  0.000	 88.806	  1.000	  0.010	  0.010
60	  0.000	 90.299	  1.000	  0.010	  0.010
61	  0.000	 91.791	  1.000	  0.010	  0.010
62	  0.000	 93.284	  1.000	  0.010	  0.010
63	  0.000	 94.776	  1.000	  0.010	  0.010
64	  0.000	 96.269	  1.000	  0.010	  0.010
65	  0.000	 97.761	  1.000	  0.010	  0.010
66	  0.000	 99.254	  1.000	  0.010	  0.010
0	  0.120	  0.762	  1.001	  0.261	  0.008
1	  0.120	  2.254	  1.001	  0.261	  0.008
2	  0.120	  3.747	  1.001	  0.261	  0.008
3	  0.120	  5.240	  1.001	  0.261	  0.008
4	  0.120	  6.732	  1.001	  0.261	  0.008
5	  0.120	  8.225	  1.001	  0.261	  0.008
6	  0.120	  9.717	  1.001	  0.261	  0.008
7	  0.120	 11.210	  1.001	  0.261	  0.008
8	  0.120	 12.702	  1.001	  0.261	  0.008
9	  0.120	 14.195	  1.001	  0.261	  0.008
10	  0.120	 15.687	  1.001	  0.261	  0.008
11	  0.120	 17.180	  1.001	  0.261	  0.008
12	  0.120	 18.672	  1.001	  0.261	  0.008
13	  0.120	 20.165	  1.001	  0.261	  0.008
14	  0.120	 21.657	  1.001	  0.261	  0.008
15	  0.120	 23.150	  1.001	  0.261	  0.008
16	  0.120	 24.642	  1.001	  0.261	  0.008
17	  0.120	 26.135	  1.001	  0.261	  0.008
18	  0.120	 27.628	  1.001	  0.261	  0.008
19	  0.120	 29.120	  1.001	  0.261	  0.008
20	  0.120	 30.613	  1.001	  0.261	  0.008
21	  0.120	 32.105	  1.001	  0.261	  0.008
22	  0.120	 33.598	  1.001	  0.261	  0.008
23	  0.120	 35.090	  1.001	  0.261	  0.008
24	  0.120	 36.583	  1.001	  0.261	  0.008
25	  0.120	 38.075	  1.001	  0.261	  0.008
26	  0.120	 39.568	  1.001	  0.261	  0.008
27	  0.120	 41.060	  1.001	  0.261	  0.008
28	  0.120	 42.553	  1.001	  0.261	  0.008
29	  0.120	 44.045	  1.001	  0.261	  0.008
30	  0.120	 45.538	  1.001	  0.261	  0.008
31	  0.120	 47.031	  1.001	  0.261	  0.008
32	  0.120	 48.523	  1.001	  0.261	  0.008
33	  0.120	 50.016	  1.001	  0.261	  0.008
34	  0.120	 51.508	  1.001	  0.261	  0.008
35	  0.120	 53.001	  1.001	  0.261	  0.008
36	  0.120	 54.493	  1.001	  0.261	  0.008
37	  0.120	 55.986	  1.001	  0.261	  0.008
38	  0.120	 57.478	  1.001	  0.261	  0.008
39	  0.120	 58.971	  1.001	  0.261	  0.008
40	  0.120	 60.463	  1.001	  0.261	  0.008
41	  0.120	 61.956	  1.001	  0.261	  0.008
42	  0.120	 63.448	  1.001	  0.261	  0.008
43	  0.120	 64.941	  1.001	  0.261	  0.008
44	  0.120	 66.434	  1.001	  0.261	  0.008
45	  0.120	 67.926	  1.001	  0.261	  0.008
46	  0.120	 69.419	  1.001	  0.261	  0.008
47	  0.120	 70.911	  1.001	  0.261	  0.008
48	  0.120	 72.404	  1.001	  0.261	  0.008
49	  0.120	 73.896	  1.001	  0.261	  0.008
50	  0.120	 75.389	  1.001	  0.261	  0.008
51	  0.120	 76.881	  1.001	  0.261	  0.008
52	  0.120	 78.374	  1.001	  0.261	  0.008
53	  0.120	 79.866	  1.001	  0.261	  0.008
54	  0.120	 81.359	  1.001	  0.261	  0.008
55	  0.120	 82.851	  1.001	  0.261	  0.008
56	  0.120	 84.344	  1.001	  0.261	  0.008
57	  0.120	 85.837	  1.001	  0.261	  0.008
58	  0.120	 87.329	  1.001	  0.261	  0.008
59	  0.120	 88.822	  1.001	  0.261	  0.008
60	  0.120	 90.314	  1.001	  0.261	  0.008
61	  0.120	 91.807	  1.001	  0.261	  0.008
62	  0.120	 93.299	  1.001	  0.261	  0.008
63	  0.120	 94.792	  1.001	  0.261	  0.008
64	  0.120	 96.284	  1.001	  0.261	  0.008
65	  0.120	 97.777	  1.001	  0.261	  0.008
66	  0.120	 99.269	  1.001	  0.261	  0.008
0	  0.240	  0.805	  1.002	  0.458	  0.006
1	  0.240	  2.297	  1.002	  0.458	  0.006
2	  0.240	  3.790	  1.002	  0.458	  0.006
3	  0.240	  5.282	  1.002	  0.458	  0.006
4	  0.240	  6.775	  1.002	  0.458	  0.006
5	  0.240	  8.267	  1.002	  0.458	  0.006
6	  0.240	  9.760	  1.002	  0.458	  0.006
7	  0.240	 11.252	  1.002	  0.458	  0.006
8	  0.240	 12.745	  1.002	  0.458	  0.006
9	  0.240	 14.237	  1.002	  0.458	  0.006
10	  0.240	 15.730	  1.002	  0.458	  0.006
11	  0.240	 17.222	  1.002	  0.458	  0.006
12	  0.240	 18.715	  1.002	  0.458	  0.006
13	  0.240	 20.208	  1.002	  0.458	  0.006
14	  0.240	 21.700	  1.002	  0.458	  0.006
15	  0.240	 23.193	  1.002	  0.458	  0.006
16	  0.240	 24.685	  1.002	  0.458	  0.006
17	  0.240	 26.178	  1.002	  0.458	  0.006
18	  0.240	 27.670	  1.002	  0.458	  0.006
19	  0.240	 29.163	  1.002	  0.458	  0.006
20	  0.240	 30.655	  1.002	  0.458	  0.006
21	  0.240	 32.148	  1.002	  0.458	  0.006
22	  0.240	 33.640	  1.002	  0.458	  0.006
23	  0.240	 35.133	  1.002	  0.458	  0.006
24	  0.240	 36.625	  1.002	  0.458	  0.006
25	  0.240	 38.118	  1.002	  0.458	  0.006
26	  0.240	 39.611	  1.002	  0.458	  0.006
27	  0.240	 41.103	  1.002	  0.458	  0.006
28	  0.240	 42.596	  1.002	  0.458	  0.006
29	  0.240	 44.088	  1.002	  0.458	  0.006
30	  0.240	 45.581	  1.002	  0.458	  0.006
31	  0.240	 47.073	  1.002	  0.458	  0.006
32	  0.240	 48.566	  1.002	  0.458	  0.006
33	  0.240	 50.058	  1.002	  0.458	  0.006
34	  0.240	 51.551	  1.002	  0.458	  0.006
35	  0.240	 53.043	  1.002	  0.458	  0.006
36	  0.240	 54.536	  1.002	  0.458	  0.006
37	  0.240	 56.028	  1.002	  0.458	  0.006
38	  0.240	 57.521	  1.002	  0.458	  0.006
39	  0.240	 59.014	  1.002	  0.458	  0.006
40	  0.240	 60.506	  1.002	  0.458	  0.006
41	  0.240	 61.999	  1.002	  0.458	  0.006
42	  0.240	 63.491	  1.002	  0.458	  0.006
43	  0.240	 64.984	  1.002	  0.458	  0.006
44	  0.240	 66.476	  1.002	  0.458	  0.006
45	  0.240	 67.969	  1.002	  0.458	  0.006
46	  0.240	 69.461	  1.002	  0.458	  0.006
47	  0.240	 70.954	  1.002	  0.458	  0.006
48	  0.240	 72.446	  1.002	  0.458	  0.006
49	  0.240	 73.939	  1.002	  0.458	  0.006
50	  0.240	 75.431	  1.002	  0.458	  0.006
51	  0.240	 76.924	  1.002	  0.458	  0.006
52	  0.240	 78.417	  1.002	  0.458	  0.006
53	  0.240	 79.909	  1.002	  0.458	  0.006
54	  0.240	 81.402	  1.002	  0.458	  0.006
55	  0.240	 82.894	  1.002	  0.458	  0.006
56	  0.240	 84.387	  1.002	  0.458	  0.006
57	  0.240	 85.879	  1.002	  0.458	  0.006
58	  0.240	 87.372	  1.002	  0.458	  0.006
59	  0.240	 88.864	  1.002	  0.458	  0.006
60	  0.240	 90.357	  1.002	  0.458	  0.006
61	  0.240	 91.849	  1.002	  0.458	  0.006
62	  0.240	 93.342	  1.002	  0.458	  0.006
63	  0.240	 94.834	  1.002	  0.458	  0.006
64	  0.240	 96.327	  1.002	  0.458	  0.006
65	  0.240	 97.819	  1.002	  0.458	  0.006
66	  0.240	 99.312	  1.002	  0.458	  0.006
0	  0.360	  0.868	  1.003	  0.613	  0.005
1	  0.360	  2.361	  1.003	  0.613	  0.005
2	  0.360	  3.854	  1.003	  0.613	  0.005
3	  0.360	  5.346	  1.003	  0.613	  0.005
4	  0.360	  6.839	  1.003	  0.613	  0.005
5	  0.360	  8.331	  1.003	  0.613	  0.005
6	  0.360	  9.824	  1.003	  0.613	  0.005
7	  0.360	 11.316	  1.003	  0.613	  0.005
8	  0.360	 12.809	  1.003	  0.613	  0.005
9	  0.360	 14.301	  1.003	  0.613	  0.005
10	  0.360	 15.794	  1.003	  0.613	  0.005
11	  0.360	 17.286	  1.003	  0.613	  0.005
12	  0.360	 18.779	  1.003	  0.613	  0.005
13	  0.360	 20.271	  1.003	  0.613	  0.005
14	  0.360	 21.764	  1.003	  0.613	  0.005
15	  0.360	 23.257	  1.003	  0.613	  0.005
16	  0.360	 24.749	  1.003	  0.613	  0.005
17	  0.360	 26.242	  1.003	  0.613	  0.005
18	  0.360	 27.734	  1.003	  0.613	  0.005
19	  0.360	 29.227	  1.003	  0.613	  0.005
20	  0.360	 30.719	  1.003	  0.613	  0.005
21	  0.360	 32.212	  1.003	  0.613	  0.005
22	  0.360	 33.704	  1.003	  0.613	  0.005
23	  0.360	 35.197	  1.003	  0.613	  0.005
24	  0.360	 36.689	  1.003	  0.613	  0.005
25	  0.360	 38.182	  1.003	  0.613	  0.005
26	  0.360	 39.674	  1.003	  0.613	  0.005
27	  0.360	 41.167	  1.003	  0.613	  0.005
28	  0.360	 42.660	  1.003	  0.613	  0.005
29	  0.360	 44.152	  1.003	  0.613	  0.005
30	  0.360	 45.645	  1.003	  0.613	  0.005
31	  0.360	 47.137	  1.003	  0.613	  0.005
32	  0.360	 48.630	  1.003	  0.613	  0.005
33	  0.360	 50.122	  1.003	  0.613	  0.005
34	  0.360	 51.615	  1.003	  0.613	  0.005
35	  0.360	 53.107	  1.003	  0.613	  0.005
36	  0.360	 54.600	  1.003	  0.613	  0.005
37	  0.360	 56.092	  1.003	  0.613	  0.005
38	  0.360	 57.585	  1.003	  0.613	  0.005
39	  0.360	 59.077	  1.003	  0.613	  0.005
40	  0.360	 60.570	  1.003	  0.613	  0.005
41	  0.360	 62.063	  1.003	  0.613	  0.005
42	  0.360	 63.555	  1.003	  0.613	  0.005
43	  0.360	 65.048	  1.003	  0.613	  0.005
44	  0.360	 66.540	  1.003	  0.613	  0.005
45	  0.360	 68.033	  1.003	  0.613	  0.005
46	  0.360	 69.525	  1.003	  0.613	  0.005
47	  0.360	 71.018	  1.003	  0.613	  0.005
48	  0.360	 72.510	  1.003	  0.613	  0.005
49	  0.360	 74.003	  1.003	  0.613	  0.005
50	  0.360	 75.495	  1.003	  0.613	  0.005
51	  0.360	 76.988	  1.003	  0.613	  0.005
52	  0.360	 78.480	  1.003	  0.613	  0.005
53	  0.360	 79.973	  1.003	  0.613	  0.005
54	  0.360	 81.465	  1.003	  0.613	  0.005
55	  0.360	 82.958	  1.003	  0.613	  0.005
56	  0.360	 84.451	  1.003	  0.613	  0.005
57	  0.360	 85.943	  1.003	  0.613	  0.005
58	  0.360	 87.436	  1.003	  0.613	  0.005
59	  0.360	 88.928	  1.003	  0.613	  0.005
60	  0.360	 90.421	  1.003	  0.613	  0.005
61	  0.360	 91.913	  1.003	  0.613	  0.005
62	  0.360	 93.406	  1.003	  0.613	  0.005
63	  0.360	 94.898	  1.003	  0.613	  0.005
64	  0.360	 96.391	  1.003	  0.613	  0.005
65	  0.360	 97.883	  1.003	  0.613	  0.005
66	  0.360	 99.376	  1.003	  0.613	  0.005
0	  0.480	  0.949	  1.003	  0.735	  0.004
1	  0.480	  2.442	  1.003	  0.735	  0.004
2	  0.480	  3.934	  1.003	  0.735	  0.004
3	  0.480	  5.427	  1.003	  0.735	  0.004
4	  0.480	  6.919	  1.003	  0.735	  0.004
5	  0.480	  8.412	  1.003	  0.735	  0.004
6	  0.480	  9.904	  1.003	  0.735	  0.004
7	  0.480	 11.397	  1.003	  0.735	  0.004
8	  0.480	 12.889	  1.003	  0.735	  0.004
9	  0.480	 14.382	  1.003	  0.735	  0.004
10	  0.480	 15.874	  1.003	  0.735	  0.004
11	  0.480	 17.367	  1.003	  0.735	  0.004
12	  0.480	 18.859	  1.003	  0.735	  0.004
13	  0.480	 20.352	  1.003	  0.735	  0.004
14	  0.480	 21.845	  1.003	  0.735	  0.004
15	  0.480	 23.337	  1.003	  0.735	  0.004
16	  0.480	 24.830	  1.003	  0.735	  0.004
17	  0.480	 26.322	  1.003	  0.735	  0.004
18	  0.480	 27.815	  1.003	  0.735	  0.004
19	  0.480	 29.307	  1.003	  0.735	  0.004
20	  0.480	 30.800	  1.003	  0.735	  0.004
21	  0.480	 32.292	  1.003	  0.735	  0.004
22	  0.480	 33.785	  1.003	  0.735	  0.004
23	  0.480	 35.277	  1.003	  0.735	  0.004
24	  0.480	 36.770	  1.003	  0.735	  0.004
25	  0.480	 38.262	  1.003	  0.735	  0.004
26	  0.480	 39.755	  1.003	  0.735	  0.004
27	  0.480	 41.248	  1.003	  0.735	  0.004
28	  0.480	 42.740	  1.003	  0.735	  0.004
29	  0.480	 44.233	  1.003	  0.735	  0.004
30	  0.480	 45.725	  1.003	  0.735	  0.004
31	  0.480	 47.218	  1.003	  0.735	  0.004
32	  0.480	 48.710	  1.003	  0.735	  0.004
33	  0.480	 50.203	  1.003	  0.735	  0.004
34	  0.480	 51.695	  1.003	  0.735	  0.004
35	  0.480	 53.188	  1.003	  0.735	  0.004
36	  0.480	 54.680	  1.003	  0.735	  0.004
37	  0.480	 56.173	  1.003	  0.735	  0.004
38	  0.480	 57.665	  1.003	  0.735	  0.004
39	  0.480	 59.158	  1.003	  0.735	  0.004
40	  0.480	 60.651	  1.003	  0.735	  0.004
41	  0.480	 62.143	  1.003	  0.735	  0.004
42	  0.480	 63.636	  1.003	  0.735	  0.004
43	  0.480	 65.128	  1.003	  0.735	  0.004
44	  0.480	 66.621	  1.003	  0.735	  0.004
45	  0.480	 68.113	  1.003	  0.735	  0.004
46	  0.480	 69.606	  1.003	  0.735	  0.004
47	  0.480	 71.098	  1.003	  0.735	  0.004
48	  0.480	 72.591	  1.003	  0.735	  0.004
49	  0.480	 74.083	  1.003	  0.735	  0.004
50	  0.480	 75.576	  1.003	  0.735	  0.004
51	  0.480	 77.068	  1.003	  0.735	  0.004
52	  0.480	 78.561	  1.003	  0.735	  0.004
53	  0.480	 80.054	  1.003	  0.735	  0.004
54	  0.480	 81.546	  1.003	  0.735	  0.004
55	  0.480	 83.039	  1.003	  0.735	  0.004
56	  0.480	 84.531	  1.003	  0.735	  0.004
57	  0.480	 86.024	  1.003	  0.735	  0.004
58	  0.480	 87.516	  1.003	  0.735	  0.004
59	  0.480	 89.009	  1.003	  0.735	  0.004
60	  0.480	 90.501	  1.003	  0.735	  0.004
61	  0.480	 91.994	  1.003	  0.735	  0.004
62	  0.480	 93.486	  1.003	  0.735	  0.004
63	  0.480	 94.979	  1.003	  0.735	  0.004
64	  0.480	 96.471	  1.003	  0.735	  0.004
65	  0.480	 97.964	  1.003	  0.735	  0.004
66	  0.480	 99.456	  1.003	  0.735	  0.004
0	  0.600	  1.043	  1.004	  0.830	  0.003
1	  0.600	  2.535	  1.004	  0.830	  0.003
2	  0.600	  4.028	  1.004	  0.830	  0.003
3	  0.600	  5.520	  1.004	  0.830	  0.003
4	  0.600	  7.013	  1.004	  0.830	  0.003
5	  0.600	  8.505	  1.004	  0.830	  0.003
6	  0.600	  9.998	  1.004	  0.830	  0.003
7	  0.600	 11.490	  1.004	  0.830	  0.003
8	  0.600	 12.983	  1.004	  0.830	  0.003
9	  0.600	 14.475	  1.004	  0.830	  0.003
10	  0.600	 15.968	  1.004	  0.830	  0.003
11	  0.600	 17.461	  1.004	  0.830	  0.003
12	  0.600	 18.953	  1.004	  0.830	  0.003
13	  0.600	 20.446	  1.004	  0.830	  0.003
14	  0.600	 21.938	  1.004	  0.830	  0.003
15	  0.600	 23.431	  1.004	  0.830	  0.003
16	  0.600	 24.923	  1.004	  0.830	  0.003
17	  0.600	 26.416	  1.004	  0.830	  0.003
18	  0.600	 27.908	  1.004	  0.830	  0.003
19	  0.600	 29.401	  1.004	  0.830	  0.003
20	  0.600	 30.893	  1.004	  0.830	  0.003
21	  0.600	 32.386	  1.004	  0.830	  0.003
22	  0.600	 33.878	  1.004	  0.830	  0.003
23	  0.600	 35.371	  1.004	  0.830	  0.003
24	  0.600	 36.864	  1.004	  0.830	  0.003
25	  0.600	 38.356	  1.004	  0.830	  0.003
26	  0.600	 39.849	  1.004	  0.830	  0.003
27	  0.600	 41.341	  1.004	  0.830	  0.003
28	  0.600	 42.834	  1.004	  0.830	  0.003
29	  0.600	 44.326	  1.004	  0.830	  0.003
30	  0.600	 45.819	  1.004	  0.830	  0.003
31	  0.600	 47.311	  1.004	  0.830	  0.003
32	  0.600	 48.804	  1.004	  0.830	  0.003
33	  0.600	 50.296	  1.004	  0.830	  0.003
34	  0.600	 51.789	  1.004	  0.830	  0.003
35	  0.600	 53.281	  1.004	  0.830	  0.003
36	  0.600	 54.774	  1.004	  0.830	  0.003
37	  0.600	 56.267	  1.004	  0.830	  0.003
38	  0.600	 57.759	  1.004	  0.830	  0.003
39	  0.600	 59.252	  1.004	  0.830	  0.003
40	  0.600	 60.744	  1.004	  0.830	  0.003
41	  0.600	 62.237	  1.004	  0.830	  0.003
42	  0.600	 63.729	  1.004	  0.830	  0.003
43	  0.600	 65.222	  1.004	  0.830	  0.003
44	  0.600	 66.714	  1.004	  0.830	  0.003
45	  0.600	 68.207	  1.004	  0.830	  0.003
46	  0.600	 69.699	  1.004	  0.830	  0.003
47	  0.600	 71.192	  1.004	  0.830	  0.003
48	  0.600	 72.684	  1.004	  0.830	  0.003
49	  0.600	 74.177	  1.004	  0.830	  0.003
50	  0.600	 75.670	  1.004	  0.830	  0.003
51	  0.600	 77.162	  1.004	  0.830	  0.003
52	  0.600	 78.655	  1.004	  0.830	  0.003
53	  0.600	 80.147	  1.004	  0.830	  0.003
54	  0.600	 81.640	  1.004	  0.830	  0.003
55	  0.600	 83.132	  1.004	  0.830	  0.003
56	  0.600	 84.625	  1.004	  0.830	  0.003
57	  0.600	 86.117	  1.004	  0.830	  0.003
58	  0.600	 87.610	  1.004	  0.830	  0.003
59	  0.600	 89.102	  1.004	  0.830	  0.003
60	  0.600	 90.595	  1.004	  0.830	  0.003
61	  0.600	 92.087	  1.004	  0.830	  0.003
62	  0.600	 93.580	  1.004	  0.830	  0.003
63	  0.600	 95.073	  1.004	  0.830	  0.003
64	  0.600	 96.565	  1.004	  0.830	  0.003
65	  0.600	 98.058	  1.004	  0.830	  0.003
66	  0.600	 99.550	  1.004	  0.830	  0.003
0	  0.720	  1.147	  1.004	  0.905	  0.002
1	  0.720	  2.639	  1.004	  0.905	  0.002
2	  0.720	  4.132	  1.004	  0.905	  0.002
3	  0.720	  5.624	  1.004	  0.905	  0.002
4	  0.720	  7.117	  1.004	  0.905	  0.002
5	  0.720	  8.609	  1.004	  0.905	  0.002
6	  0.720	 10.102	  1.004	  0.905	  0.002
7	  0.720	 11.594	  1.004	  0.905	  0.002
8	  0.720	 13.087	  1.004	  0.905	  0.002
9	  0.720	 14.579	  1.004	  0.905	  0.002
10	  0.720	 16.072	  1.004	  0.905	  0.002
11	  0.720	 17.564	  1.004	  0.905	  0.002
12	  0.720	 19.057	  1.004	  0.905	  0.002
13	  0.720	 20.550	  1.004	  0.905	  0.002
14	  0.720	 22.042	  1.004	  0.905	  0.002
15	  0.720	 23.535	  1.004	  0.905	  0.002
16	  0.720	 25.027	  1.004	  0.905	  0.002
17	  0.720	 26.520	  1.004	  0.905	  0.002
18	  0.720	 28.012	  1.004	  0.905	  0.002
19	  0.720	 29.505	  1.004	  0.905	  0.002
20	  0.720	 30.997	  1.004	  0.905	  0.002
21	  0.720	 32.490	  1.004	  0.905	  0.002
22	  0.720	 33.982	  1.004	  0.905	  0.002
23	  0.720	 35.475	  1.004	  0.905	  0.002
24	  0.720	 36.967	  1.004	  0.905	  0.002
25	  0.720	 38.460	  1.004	  0.905	  0.002
26	  0.720	 39.953	  1.004	  0.905	  0.002
27	  0.720	 41.445	  1.004	  0.905	  0.002
28	  0.720	 42.938	  1.004	  0.905	  0.002
29	  0.720	 44.430	  1.004	  0.905	  0.002
30	  0.720	 45.923	  1.004	  0.905	  0.002
31	  0.720	 47.415	  1.004	  0.905	  0.002
32	  0.720	 48.908	  1.004	  0.905	  0.002
33	  0.720	 50.400	  1.004	  0.905	  0.002
34	  0.720	 51.893	  1.004	  0.905	  0.002
35	  0.720	 53.385	  1.004	  0.905	  0.002
36	  0.720	 54.878	  1.004	  0.905	  0.002
37	  0.720	 56.370	  1.004	  0.905	  0.002
38	  0.720	 57.863	  1.004	  0.905	  0.002
39	  0.720	 59.356	  1.004	  0.905	  0.002
40	  0.720	 60.848	  1.004	  0.905	  0.002
41	  0.720	 62.341	  1.004	  0.905	  0.002
42	  0.720	 63.833	  1.004	  0.905	  0.002
43	  0.720	 65.326	  1.004	  0.905	  0.002
44	  0.720	 66.818	  1.004	  0.905	  0.002
45	  0.720	 68.311	  1.004	  0.905	  0.002
46	  0.720	 69.803	  1.004	  0.905	  0.002
47	  0.720	 71.296	  1.004	  0.905	  0.002
48	  0.720	 72.788	  1.004	  0.905	  0.002
49	  0.720	 74.281	  1.004	  0.905	  0.002
50	  0.720	 75.773	  1.004	  0.905	  0.002
51	  0.720	 77.266	  1.004	  0.905	  0.002
52	  0.720	 78.758	  1.004	  0.905	  0.002
53	  0.720	 80.251	  1.004	  0.905	  0.002
54	  0.720	 81.744	  1.004	  0.905	  0.002
55	  0.720	 83.236	  1.004	  0.905	  0.002
56	  0.720	 84.729	  1.004	  0.905	  0.002
57	  0.720	 86.221	  1.004	  0.905	  0.002
58	  0.720	 87.714	  1.004	  0.905	  0.002
59	  0.720	 89.206	  1.004	  0.905	  0.002
60	  0.720	 90.699	  1.004	  0.905	  0.002
61	  0.720	 92.191	  1.004	  0.905	  0.002
62	  0.720	 93.684	  1.004	  0.905	  0.002
63	  0.720	 95.176	  1.004	  0.905	  0.002
64	  0.720	 96.669	  1.004	  0.905	  0.002
65	  0.720	 98.161	  1.004	  0.905	  0.002
66	  0.720	 99.654	  1.004	  0.905	  0.002
0	  0.840	  1.258	  1.004	  0.963	  0.002
1	  0.840	  2.751	  1.004	  0.963	  0.002
2	  0.840	  4.244	  1.004	  0.963	  0.002
3	  0.840	  5.736	  1.004	  0.963	  0.002
4	  0.840	  7.229	  1.004	  0.963	  0.002
5	  0.840	  8.721	  1.004	  0.963	  0.002
6	  0.840	 10.214	  1.004	  0.963	  0.002
7	  0.840	 11.706	  1.004	  0.963	  0.002
8	  0.840	 13.199	  1.004	  0.963	  0.002
9	  0.840	 14.691	  1.004	  0.963	  0.002
10	  0.840	 16.184	  1.004	  0.963	  0.002
11	  0.840	 17.676	  1.004	  0.963	  0.002
12	  0.840	 19.169	  1.004	  0.963	  0.002
13	  0.840	 20.661	  1.004	  0.963	  0.002
14	  0.840	 22.154	  1.004	  0.963	  0.002
15	  0.840	 23.647	  1.004	  0.963	  0.002
16	  0.840	 25.139	  1.004	  0.963	  0.002
17	  0.840	 26.632	  1.004	  0.963	  0.002
18	  0.840	 28.124	  1.004	  0.963	  0.002
19	  0.840	 29.617	  1.004	  0.963	  0.002
20	  0.840	 31.109	  1.004	  0.963	  0.002
21	  0.840	 32.602	  1.004	  0.963	  0.002
22	  0.840	 34.094	  1.004	  0.963	  0.002
23	  0.840	 35.587	  1.004	  0.963	  0.002
24	  0.840	 37.079	  1.004	  0.963	  0.002
25	  0.840	 38.572	  1.004	  0.963	  0.002
26	  0.840	 40.064	  1.004	  0.963	  0.002
27	  0.840	 41.557	  1.004	  0.963	  0.002
28	  0.840	 43.050	  1.004	  0.963	  0.002
29	  0.840	 44.542	  1.004	  0.963	  0.002
30	  0.840	 46.035	  1.004	  0.963	  0.002
31	  0.840	 47.527	  1.004	  0.963	  0.002
32	  0.840	 49.020	  1.004	  0.963	  0.002
33	  0.840	 50.512	  1.004	  0.963	  0.002
34	  0.840	 52.005	  1.004	  0.963	  0.002
35	  0.840	 53.497	  1.004	  0.963	  0.002
36	  0.840	 54.990	  1.004	  0.963	  0.002
37	  0.840	 56.482	  1.004	  0.963	  0.002
38	  0.840	 57.975	  1.004	  0.963	  0.002
39	  0.840	 59.467	  1.004	  0.963	  0.002
40	  0.840	 60.960	  1.004	  0.963	  0.002
41	  0.840	 62.453	  1.004	  0.963	  0.002
42	  0.840	 63.945	  1.004	  0.963	  0.002
43	  0.840	 65.438	  1.004	  0.963	  0.002
44	  0.840	 66.930	  1.004	  0.963	  0.002
45	  0.840	 68.423	  1.004	  0.963	  0.002
46	  0.840	 69.915	  1.004	  0.963	  0.002
47	  0.840	 71.408	  1.004	  0.963	  0.002
48	  0.840	 72.900	  1.004	  0.963	  0.002
49	  0.840	 74.393	  1.004	  0.963	  0.002
50	  0.840	 75.885	  1.004	  0.963	  0.002
51	  0.840	 77.378	  1.004	  0.963	  0.002
52	  0.840	 78.870	  1.004	  0.963	  0.002
53	  0.840	 80.363	  1.004	  0.963	  0.002
54	  0.840	 81.856	  1.004	  0.963	  0.002
55	  0.840	 83.348	  1.004	  0.963	  0.002
56	  0.840	 84.841	  1.004	  0.963	  0.002
57	  0.840	 86.333	  1.004	  0.963	  0.002
58	  0.840	 87.826	  1.004	  0.963	  0.002
59	  0.840	 89.318	  1.004	  0.963	  0.002
60	  0.840	 90.811	  1.004	  0.963	  0.002
61	  0.840	 92.303	  1.004	  0.963	  0.002
62	  0.840	 93.796	  1.004	  0.963	  0.002
63	  0.840	 95.288	  1.004	  0.963	  0.002
64	  0.840	 96.781	  1.004	  0.963	  0.002
65	  0.840	 98.273	  1.004	  0.963	  0.002
66	  0.840	 99.766	  1.004	  0.963	  0.002
0	  0.960	  1.377	  1.004	  1.009	  0.001
1	  0.960	  2.869	  1.004	  1.009	  0.001
2	  0.960	  4.362	  1.004	  1.009	  0.001
3	  0.960	  5.854	  1.004	  1.009	  0.001
4	  0.960	  7.347	  1.004	  1.009	  0.001
5	  0.960	  8.839	  1.004	  1.009	  0.001
6	  0.960	 10.332	  1.004	  1.009	  0.001
7	  0.960	 11.824	  1.004	  1.009	  0.001
8	  0.960	 13.317	  1.004	  1.009	  0.001
9	  0.960	 14.810	  1.004	  1.009	  0.001
10	  0.960	 16.302	  1.004	  1.009	  0.001
11	  0.960	 17.795	  1.004	  1.009	  0.001
12	  0.960	 19.287	  1.004	  1.009	  0.001
13	  0.960	 20.780	  1.004	  1.009	  0.001
14	  0.960	 22.272	  1.004	  1.009	  0.001
15	  0.960	 23.765	  1.004	  1.009	  0.001
16	  0.960	 25.257	  1.004	  1.009	  0.001
17	  0.960	 26.750	  1.004	  1.009	  0.001
18	  0.960	 28.242	  1.004	  1.009	  0.001
19	  0.960	 29.735	  1.004	  1.009	  0.001
20	  0.960	 31.227	  1.004	  1.009	  0.001
21	  0.960	 32.720	  1.004	  1.009	  0.001
22	  0.960	 34.213	  1.004	  1.009	  0.001
23	  0.960	 35.705	  1.004	  1.009	  0.001
24	  0.960	 37.198	  1.004	  1.009	  0.001
25	  0.960	 38.690	  1.004	  1.009	  0.001
26	  0.960	 40.183	  1.004	  1.009	  0.001
27	  0.960	 41.675	  1.004	  1.009	  0.001
28	  0.960	 43.168	  1.004	  1.009	  0.001
29	  0.960	 44.660	  1.004	  1.009	  0.001
30	  0.960	 46.153	  1.004	  1.009	  0.001
31	  0.960	 47.645	  1.004	  1.009	  0.001
32	  0.960	 49.138	  1.004	  1.009	  0.001
33	  0.960	 50.630	  1.004	  1.009	  0.001
34	  0.960	 52.123	  1.004	  1.009	  0.001
35	  0.960	 53.616	  1.004	  1.009	  0.001
36	  0.960	 55.108	  1.004	  1.009	  0.001
37	  0.960	 56.601	  1.004	  1.009	  0.001
38	  0.960	 58.093	  1.004	  1.009	  0.001
39	  0.960	 59.586	  1.004	  1.009	  0.001
40	  0.960	 61.078	  1.004	  1.009	  0.001
41	  0.960	 62.571	  1.004	  1.009	  0.001
42	  0.960	 64.063	  1.004	  1.009	  0.001
43	  0.960	 65.556	  1.004	  1.009	  0.001
44	  0.960	 67.048	  1.004	  1.009	  0.001
45	  0.960	 68.541	  1.004	  1.009	  0.001
46	  0.960	 70.033	  1.004	  1.009	  0.001
47	  0.960	 71.526	  1.004	  1.009	  0.001
48	  0.960	 73.019	  1.004	  1.009	  0.001
49	  0.960	 74.511	  1.004	  1.009	  0.001
50	  0.960	 76.004	  1.004	  1.009	  0.001
51	  0.960	 77.496	  1.004	  1.009	  0.001
52	  0.960	 78.989	  1.004	  1.009	  0.001
53	  0.960	 80.481	  1.004	  1.009	  0.001
54	  0.960	 81.974	  1.004	  1.009	  0.001
55	  0.960	 83.466	  1.004	  1.009	  0.001
56	  0.960	 84.959	  1.004	  1.009	  0.001
57	  0.960	 86.451	  1.004	  1.009	  0.001
58	  0.960	 87.944	  1.004	  1.009	  0.001
59	  0.960	 89.436	  1.004	  1.009	  0.001
60	  0.960	 90.929	  1.004	  1.009	  0.001
61	  0.960	 92.422	  1.004	  1.009	  0.001
62	  0.960	 93.914	  1.004	  1.009	  0.001
63	  0.960	 95.407	  1.004	  1.009	  0.001
64	  0.960	 96.899	  1.004	  1.009	  0.001
65	  0.960	 98.392	  1.004	  1.009	  0.001
66	  0.960	 99.884	  1.004	  1.009	  0.001
0	  1.080	  1.500	  1.004	  1.046	  0.001
1	  1.080	  2.992	  1.004	  1.046	  0.001
2	  1.080	  4.485	  1.004	  1.046	  0.001
3	  1.080	  5.978	  1.004	  1.046	  0.001
4	  1.080	  7.470	  1.004	  1.046	  0.001
5	  1.080	  8.963	  1.004	  1.046	  0.001
6	  1.080	 10.455	  1.004	  1.046	  0.001
7	  1.080	 11.948	  1.004	  1.046	  0.001
8	  1.080	 13.440	  1.004	  1.046	  0.001
9	  1.080	 14.933	  1.004	  1.046	  0.001
10	  1.080	 16.425	  1.004	  1.046	  0.001
11	  1.080	 17.918	  1.004	  1.046	  0.001
12	  1.080	 19.410	  1.004	  1.046	  0.001
13	  1.080	 20.903	  1.004	  1.046	  0.001
14	  1.080	 22.395	  1.004	  1.046	  0.001
15	  1.080	 23.888	  1.004	  1.046	  0.001
16	  1.080	 25.381	  1.004	  1.046	  0.001
17	  1.080	 26.873	  1.004	  1.046	  0.001
18	  1.080	 28.366	  1.004	  1.046	  0.001
19	  1.080	 29.858	  1.004	  1.046	  0.001
20	  1.080	 31.351	  1.004	  1.046	  0.001
21	  1.080	 32.843	  1.004	  1.046	  0.001
22	  1.080	 34.336	  1.004	  1.046	  0.001
23	  1.080	 35.828	  1.004	  1.046	  0.001
24	  1.080	 37.321	  1.004	  1.046	  0.001
25	  1.080	 38.813	  1.004	  1.046	  0.001
26	  1.080	 40.306	  1.004	  1.046	  0.001
27	  1.080	 41.798	  1.004	  1.046	  0.001
28	  1.080	 43.291	  1.004	  1.046	  0.001
29	  1.080	 44.784	  1.004	  1.046	  0.001
30	  1.080	 46.276	  1.004	  1.046	  0.001
31	  1.080	 47.769	  1.004	  1.046	  0.001
32	  1.080	 49.261	  1.004	  1.046	  0.001
33	  1.080	 50.754	  1.004	  1.046	  0.001
34	  1.080	 52.246	  1.004	  1.046	  0.001
35	  1.080	 53.739	  1.004	  1.046	  0.001
36	  1.080	 55.231	  1.004	  1.046	  0.001
37	  1.080	 56.724	  1.004	  1.046	  0.001
38	  1.080	 58.216	  1.004	  1.046	  0.001
39	  1.080	 59.709	  1.004	  1.046	  0.001
40	  1.080	 61.201	  1.004	  1.046	  0.001
41	  1.080	 62.694	  1.004	  1.046	  0.001
42	  1.080	 64.187	  1.004	  1.046	  0.001
43	  1.080	 65.679	  1.004	  1.046	  0.001
44	  1.080	 67.172	  1.004	  1.046	  0.001
45	  1.080	 68.664	  1.004	  1.046	  0.001
46	  1.080	 70.157	  1.004	  1.046	  0.001
47	  1.080	 71.649	  1.004	  1.046	  0.001
48	  1.080	 73.142	  1.004	  1.046	  0.001
49	  1.080	 74.634	  1.004	  1.046	  0.001
50	  1.080	 76.127	  1.004	  1.046	  0.001
51	  1.080	 77.619	  1.004	  1.046	  0.001
52	  1.080	 79.112	  1.004	  1.046	  0.001
53	  1.080	 80.604	  1.004	  1.046	  0.001
54	  1.080	 82.097	  1.004	  1.046	  0.001
55	  1.080	 83.589	  1.004	  1.046	  0.001
56	  1.080	 85.082	  1.004	  1.046	  0.001
57	  1.080	 86.575	  1.004	  1.046	  0.001
58	  1.080	 88.067	  1.004	  1.046	  0.001
59	  1.080	 89.560	  1.004	  1.046	  0.001
60	  1.080	 91.052	  1.004	  1.046	  0.001
61	  1.080	 92.545	  1.004	  1.046	  0.001
62	  1.080	 94.037	  1.004	  1.046	  0.001
63	  1.080	 95.530	  1.004	  1.046	  0.001
64	  1.080	 97.022	  1.004	  1.046	  0.001
65	  1.080	 98.515	  1.004	  1.046	  0.001
66	  1.080	100.007	  1.004	  1.046	  0.001
0	  1.200	  1.627	  1.005	  1.074	  0.001
1	  1.200	  3.120	  1.005	  1.074	  0.001
2	  1.200	  4.612	  1.005	  1.074	  0.001
3	  1.200	  6.105	  1.005	  1.074	  0.001
4	  1.200	  7.597	  1.005	  1.074	  0.001
5	  1.200	  9.090	  1.005	  1.074	  0.001
6	  1.200	 10.582	  1.005	  1.074	  0.001
7	  1.200	 12.075	  1.005	  1.074	  0.001
8	  1.200	 13.567	  1.005	  1.074	  0.001
9	  1.200	 15.060	  1.005	  1.074	  0.001
10	  1.200	 16.552	  1.005	  1.074	  0.001
11	  1.200	 18.045	  1.005	  1.074	  0.001
12	  1.200	 19.537	  1.005	  1.074	  0.001
13	  1.200	 21.030	  1.005	  1.074	  0.001
14	  1.200	 22.523	  1.005	  1.074	  0.001
15	  1.200	 24.015	  1.005	  1.074	  0.001
16	  1.200	 25.508	  1.005	  1.074	  0.001
17	  1.200	 27.000	  1.005	  1.074	  0.001
18	  1.200	 28.493	  1.005	  1.074	  0.001
19	  1.200	 29.985	  1.005	  1.074	  0.001
20	  1.200	 31.478	  1.005	  1.074	  0.001
21	  1.200	 32.970	  1.005	  1.074	  0.001
22	  1.200	 34.463	  1.005	  1.074	  0.001
23	  1.200	 35.955	  1.005	  1.074	  0.001
24	  1.200	 37.448	  1.005	  1.074	  0.001
25	  1.200	 38.940	  1.005	  1.074	  0.001
26	  1.200	 40.433	  1.005	  1.074	  0.001
27	  1.200	 41.926	  1.005	  1.074	  0.001
28	  1.200	 43.418	  1.005	  1.074	  0.001
29	  1.200	 44.911	  1.005	  1.074	  0.001
30	  1.200	 46.403	  1.005	  1.074	  0.001
31	  1.200	 47.896	  1.005	  1.074	  0.001
32	  1.200	 49.388	  1.005	  1.074	  0.001
33	  1.200	 50.881	  1.005	  1.074	  0.001
34	  1.200	 52.373	  1.005	  1.074	  0.001
35	  1.200	 53.866	  1.005	  1.074	  0.001
36	  1.200	 55.358	  1.005	  1.074	  0.001
37	  1.200	 56.851	  1.005	  1.074	  0.001
38	  1.200	 58.343	  1.005	  1.074	  0.001
39	  1.200	 59.836	  1.005	  1.074	  0.001
40	  1.200	 61.329	  1.005	  1.074	  0.001
41	  1.200	 62.821	  1.005	  1.074	  0.001
42	  1.200	 64.314	  1.005	  1.074	  0.001
43	  1.200	 65.806	  1.005	  1.074	  0.001
44	  1.200	 67.299	  1.005	  1.074	  0.001
45	  1.200	 68.791	  1.005	  1.074	  0.001
46	  1.200	 70.284	  1.005	  1.074	  0.001
47	  1.200	 71.776	  1.005	  1.074	  0.001
48	  1.200	 73.269	  1.005	  1.074	  0.001
49	  1.200	 74.761	  1.005	  1.074	  0.001
50	  1.200	 76.254	  1.005	  1.074	  0.001
51	  1.200	 77.746	  1.005	  1.074	  0.001
52	  1.200	 79.239	  1.005	  1.074	  0.001
53	  1.200	 80.732	  1.005	  1.074	  0.001
54	  1.200	 82.224	  1.005	  1.074	  0.001
55	  1.200	 83.717	  1.005	  1.074	  0.001
56	  1.200	 85.209	  1.005	  1.074	  0.001
57	  1.200	 86.702	  1.005	  1.074	  0.001
58	  1.200	 88.194	  1.005	  1.074	  0.001
59	  1.200	 89.687	  1.005	  1.074	  0.001
60	  1.200	 91.179	  1.005	  1.074	  0.001
61	  1.200	 92.672	  1.005	  1.074	  0.001
62	  1.200	 94.164	  1.005	  1.074	  0.001
63	  1.200	 95.657	  1.005	  1.074	  0.001
64	  1.200	 97.149	  1.005	  1.074	  0.001
65	  1.200	 98.642	  1.005	  1.074	  0.001
66	  1.200	100.135	  1.005	  1.074	  0.001
0	  1.320	  1.757	  1.005	  1.096	  0.001
1	  1.320	  3.250	  1.005	  1.096	  0.001
2	  1.320	  4.742	  1.005	  1.096	  0.001
3	  1.320	  6.235	  1.005	  1.096	  0.001
4	  1.320	  7.727	  1.005	  1.096	  0.001
5	  1.320	  9.220	  1.005	  1.096	  0.001
6	  1.320	 10.712	  1.005	  1.096	  0.001
7	  1.320	 12.205	  1.005	  1.096	  0.001
8	  1.320	 13.697	  1.005	  1.096	  0.001
9	  1.320	 15.190	  1.005	  1.096	  0.001
10	  1.320	 16.683	  1.005	  1.096	  0.001
11	  1.320	 18.175	  1.005	  1.096	  0.001
12	  1.320	 19.668	  1.005	  1.096	  0.001
13	  1.320	 21.160	  1.005	  1.096	  0.001
14	  1.320	 22.653	  1.005	  1.096	  0.001
15	  1.320	 24.145	  1.005	  1.096	  0.001
16	  1.320	 25.638	  1.005	  1.096	  0.001
17	  1.320	 27.130	  1.005	  1.096	  0.001
18	  1.320	 28.623	  1.005	  1.096	  0.001
19	  1.320	 30.115	  1.005	  1.096	  0.001
20	  1.320	 31.608	  1.005	  1.096	  0.001
21	  1.320	 33.100	  1.005	  1.096	  0.001
22	  1.320	 34.593	  1.005	  1.096	  0.001
23	  1.320	 36.086	  1.005	  1.096	  0.001
24	  1.320	 37.578	  1.005	  1.096	  0.001
25	  1.320	 39.071	  1.005	  1.096	  0.001
26	  1.320	 40.563	  1.005	  1.096	  0.001
27	  1.320	 42.056	  1.005	  1.096	  0.001
28	  1.320	 43.548	  1.005	  1.096	  0.001
29	  1.320	 45.041	  1.005	  1.096	  0.001
30	  1.320	 46.533	  1.005	  1.096	  0.001
31	  1.320	 48.026	  1.005	  1.096	  0.001
32	  1.320	 49.518	  1.005	  1.096	  0.001
33	  1.320	 51.011	  1.005	  1.096	  0.001
34	  1.320	 52.503	  1.005	  1.096	  0.001
35	  1.320	 53.996	  1.005	  1.096	  0.001
36	  1.320	 55.489	  1.005	  1.096	  0.001
37	  1.320	 56.981	  1.005	  1.096	  0.001
38	  1.320	 58.474	  1.005	  1.096	  0.001
39	  1.320	 59.966	  1.005	  1.096	  0.001
40	  1.320	 61.459	  1.005	  1.096	  0.001
41	  1.320	 62.951	  1.005	  1.096	  0.001
42	  1.320	 64.444	  1.005	  1.096	  0.001
43	  1.320	 65.936	  1.005	  1.096	  0.001
44	  1.320	 67.429	  1.005	  1.096	  0.001
45	  1.320	 68.921	  1.005	  1.096	  0.001
46	  1.320	 70.414	  1.005	  1.096	  0.001
47	  1.320	 71.906	  1.005	  1.096	  0.001
48	  1.320	 73.399	  1.005	  1.096	  0.001
49	  1.320	 74.892	  1.005	  1.096	  0.001
50	  1.320	 76.384	  1.005	  1.096	  0.001
51	  1.320	 77.877	  1.005	  1.096	  0.001
52	  1.320	 79.369	  1.005	  1.096	  0.001
53	  1.320	 80.862	  1.005	  1.096	  0.001
54	  1.320	 82.354	  1.005	  1.096	  0.001
55	  1.320	 83.847	  1.005	  1.096	  0.001
56	  1.320	 85.339	  1.005	  1.096	  0.001
57	  1.320	 86.832	  1.005	  1.096	  0.001
58	  1.320	 88.324	  1.005	  1.096	  0.001
59	  1.320	 89.817	  1.005	  1.096	  0.001
60	  1.320	 91.309	  1.005	  1.096	  0.001
61	  1.320	 92.802	  1.005	  1.096	  0.001
62	  1.320	 94.295	  1.005	  1.096	  0.001
63	  1.320	 95.787	  1.005	  1.096	  0.001
64	  1.320	 97.280	  1.005	  1.096	  0.001
65	  1.320	 98.772	  1.005	  1.096	  0.001
66	  1.320	100.265	  1.005	  1.096	  0.001
0	  1.440	  1.890	  1.005	  1.114	  0.001
1	  1.440	  3.382	  1.005	  1.114	  0.001
2	  1.440	  4.875	  1.005	  1.114	  0.001
3	  1.440	  6.367	  1.005	  1.114	  0.001
4	  1.440	  7.860	  1.005	  1.114	  0.001
5	  1.440	  9.352	  1.005	  1.114	  0.001
6	  1.440	 10.845	  1.005	  1.114	  0.001
7	  1.440	 12.337	  1.005	  1.114	  0.001
8	  1.440	 13.830	  1.005	  1.114	  0.001
9	  1.440	 15.323	  1.005	  1.114	  0.001
10	  1.440	 16.815	  1.005	  1.114	  0.001
11	  1.440	 18.308	  1.005	  1.114	  0.001
12	  1.440	 19.800	  1.005	  1.114	  0.001
13	  1.440	 21.293	  1.005	  1.114	  0.001
14	  1.440	 22.785	  1.005	  1.114	  0.001
15	  1.440	 24.278	  1.005	  1.114	  0.001
16	  1.440	 25.770	  1.005	  1.114	  0.001
17	  1.440	 27.263	  1.005	  1.114	  0.001
18	  1.440	 28.755	  1.005	  1.114	  0.001
19	  1.440	 30.248	  1.005	  1.114	  0.001
20	  1.440	 31.740	  1.005	  1.114	  0.001
21	  1.440	 33.233	  1.005	  1.114	  0.001
22	  1.440	 34.726	  1.005	  1.114	  0.001
23	  1.440	 36.218	  1.005	  1.114	  0.001
24	  1.440	 37.711	  1.005	  1.114	  0.001
25	  1.440	 39.203	  1.005	  1.114	  0.001
26	  1.440	 40.696	  1.005	  1.114	  0.001
27	  1.440	 42.188	  1.005	  1.114	  0.001
28	  1.440	 43.681	  1.005	  1.114	  0.001
29	  1.440	 45.173	  1.005	  1.114	  0.001
30	  1.440	 46.666	  1.005	  1.114	  0.001
31	  1.440	 48.158	  1.005	  1.114	  0.001
32	  1.440	 49.651	  1.005	  1.114	  0.001
33	  1.440	 51.143	  1.005	  1.114	  0.001
34	  1.440	 52.636	  1.005	  1.114	  0.001
35	  1.440	 54.129	  1.005	  1.114	  0.001
36	  1.440	 55.621	  1.005	  1.114	  0.001
37	  1.440	 57.114	  1.005	  1.114	  0.001
38	  1.440	 58.606	  1.005	  1.114	  0.001
39	  1.440	 60.099	  1.005	  1.114	  0.001
40	  1.440	 61.591	  1.005	  1.114	  0.001
41	  1.440	 63.084	  1.005	  1.114	  0.001
42	  1.440	 64.576	  1.005	  1.114	  0.001
43	  1.440	 66.069	  1.005	  1.114	  0.001
44	  1.440	 67.561	  1.005	  1.114	  0.001
45	  1.440	 69.054	  1.005	  1.114	  0.001
46	  1.440	 70.546	  1.005	  1.114	  0.001
47	  1.440	 72.039	  1.005	  1.114	  0.001
48	  1.440	 73.532	  1.005	  1.114	  0.001
49	  1.440	 75.024	  1.005	  1.114	  0.001
50	  1.440	 76.517	  1.005	  1.114	  0.001
51	  1.440	 78.009	  1.005	  1.114	  0.001
52	  1.440	 79.502	  1.005	  1.114	  0.001
53	  1.440	 80.994	  1.005	  1.114	  0.001
54	  1.440	 82.487	  1.005	  1.114	  0.001
55	  1.440	 83.979	  1.005	  1.114	  0.001
56	  1.440	 85.472	  1.005	  1.114	  0.001
57	  1.440	 86.964	  1.005	  1.114	  0.001
58	  1.440	 88.457	  1.005	  1.114	  0.001
59	  1.440	 89.949	  1.005	  1.114	  0.001
60	  1.440	 91.442	  1.005	  1.114	  0.001
61	  1.440	 92.935	  1.005	  1.114	  0.001
62	  1.440	 94.427	  1.005	  1.114	  0.001
63	  1.440	 95.920	  1.005	  1.114	  0.001
64	  1.440	 97.412	  1.005	  1.114	  0.001
65	  1.440	 98.905	  1.005	  1.114	  0.001
66	  1.440	100.397	  1.005	  1.114	  0.001
0	  1.560	  2.024	  1.005	  1.127	  0.000
1	  1.560	  3.517	  1.005	  1.127	  0.000
2	  1.560	  5.009	  1.005	  1.127	  0.000
3	  1.560	  6.502	  1.005	  1.127	  0.000
4	  1.560	  7.994	  1.005	  1.127	  0.000
5	  1.560	  9.487	  1.005	  1.127	  0.000
6	  1.560	 10.979	  1.005	  1.127	  0.000
7	  1.560	 12.472	  1.005	  1.127	  0.000
8	  1.560	 13.964	  1.005	  1.127	  0.000
9	  1.560	 15.457	  1.005	  1.127	  0.000
10	  1.560	 16.950	  1.005	  1.127	  0.000
11	  1.560	 18.442	  1.005	  1.127	  0.000
12	  1.560	 19.935	  1.005	  1.127	  0.000
13	  1.560	 21.427	  1.005	  1.127	  0.000
14	  1.560	 22.920	  1.005	  1.127	  0.000
15	  1.560	 24.412	  1.005	  1.127	  0.000
16	  1.560	 25.905	  1.005	  1.127	  0.000
17	  1.560	 27.397	  1.005	  1.127	  0.000
18	  1.560	 28.890	  1.005	  1.127	  0.000
19	  1.560	 30.382	  1.005	  1.127	  0.000
20	  1.560	 31.875	  1.005	  1.127	  0.000
21	  1.560	 33.367	  1.005	  1.127	  0.000
22	  1.560	 34.860	  1.005	  1.127	  0.000
23	  1.560	 36.353	  1.005	  1.127	  0.000
24	  1.560	 37.845	  1.005	  1.127	  0.000
25	  1.560	 39.338	  1.005	  1.127	  0.000
26	  1.560	 40.830	  1.005	  1.127	  0.000
27	  1.560	 42.323	  1.005	  1.127	  0.000
28	  1.560	 43.815	  1.005	  1.127	  0.000
29	  1.560	 45.308	  1.005	  1.127	  0.000
30	  1.560	 46.800	  1.005	  1.127	  0.000
31	  1.560	 48.293	  1.005	  1.127	  0.000
32	  1.560	 49.785	  1.005	  1.127	  0.000
33	  1.560	 51.278	  1.005	  1.127	  0.000
34	  1.560	 52.770	  1.005	  1.127	  0.000
35	  1.560	 54.263	  1.005	  1.127	  0.000
36	  1.560	 55.756	  1.005	  1.127	  0.000
37	  1.560	 57.248	  1.005	  1.127	  0.000
38	  1.560	 58.741	  1.005	  1.127	  0.000
39	  1.560	 60.233	  1.005	  1.127	  0.000
40	  1.560	 61.726	  1.005	  1.127	  0.000
41	  1.560	 63.218	  1.005	  1.127	  0.000
42	  1.560	 64.711	  1.005	  1.127	  0.000
43	  1.560	 66.203	  1.005	  1.127	  0.000
44	  1.560	 67.696	  1.005	  1.127	  0.000
45	  1.560	 69.188	  1.005	  1.127	  0.000
46	  1.560	 70.681	  1.005	  1.127	  0.000
47	  1.560	 72.173	  1.005	  1.127	  0.000
48	  1.560	 73.666	  1.005	  1.127	  0.000
49	  1.560	 75.158	  1.005	  1.127	  0.000
50	  1.560	 76.651	  1.005	  1.127	  0.000
51	  1.560	 78.144	  1.005	  1.127	  0.000
52	  1.560	 79.636	  1.005	  1.127	  0.000
53	  1.560	 81.129	  1.005	  1.127	  0.000
54	  1.560	 82.621	  1.005	  1.127	  0.000
55	  1.560	 84.114	  1.005	  1.127	  0.000
56	  1.560	 85.606	  1.005	  1.127	  0.000
57	  1.560	 87.099	  1.005	  1.127	  0.000
58	  1.560	 88.591	  1.005	  1.127	  0.000
59	  1.560	 90.084	  1.005	  1.127	  0.000
60	  1.560	 91.576	  1.005	  1.127	  0.000
61	  1.560	 93.069	  1.005	  1.127	  0.000
62	  1.560	 94.561	  1.005	  1.127	  0.000
63	  1.560	 96.054	  1.005	  1.127	  0.000
64	  1.560	 97.547	  1.005	  1.127	  0.000
65	  1.560	 99.039	  1.005	  1.127	  0.000
66	  1.560	100.532	  1.005	  1.127	  0.000
0	  1.680	  2.160	  1.005	  1.138	  0.000
1	  1.680	  3.653	  1.005	  1.138	  0.000
2	  1.680	  5.145	  1.005	  1.138	  0.000
3	  1.680	  6.638	  1.005	  1.138	  0.000
4	  1.680	  8.130	  1.005	  1.138	  0.000
5	  1.680	  9.623	  1.005	  1.138	  0.000
6	  1.680	 11.115	  1.005	  1.138	  0.000
7	  1.680	 12.608	  1.005	  1.138	  0.000
8	  1.680	 14.100	  1.005	  1.138	  0.000
9	  1.680	 15.593	  1.005	  1.138	  0.000
10	  1.680	 17.085	  1.005	  1.138	  0.000
11	  1.680	 18.578	  1.005	  1.138	  0.000
12	  1.680	 20.071	  1.005	  1.138	  0.000
13	  1.680	 21.563	  1.005	  1.138	  0.000
14	  1.680	 23.056	  1.005	  1.138	  0.000
15	  1.680	 24.548	  1.005	  1.138	  0.000
16	  1.680	 26.041	  1.005	  1.138	  0.000
17	  1.680	 27.533	  1.005	  1.138	  0.000
18	  1.680	 29.026	  1.005	  1.138	  0.000
19	  1.680	 30.518	  1.005	  1.138	  0.000
20	  1.680	 32.011	  1.005	  1.138	  0.000
21	  1.680	 33.503	  1.005	  1.138	  0.000
22	  1.680	 34.996	  1.005	  1.138	  0.000
23	  1.680	 36.488	  1.005	  1.138	  0.000
24	  1.680	 37.981	  1.005	  1.138	  0.000
25	  1.680	 39.473	  1.005	  1.138	  0.000
26	  1.680	 40.966	  1.005	  1.138	  0.000
27	  1.680	 42.459	  1.005	  1.138	  0.000
28	  1.680	 43.951	  1.005	  1.138	  0.000
29	  1.680	 45.444	  1.005	  1.138	  0.000
30	  1.680	 46.936	  1.005	  1.138	  0.000
31	  1.680	 48.429	  1.005	  1.138	  0.000
32	  1.680	 49.921	  1.005	  1.138	  0.000
33	  1.680	 51.414	  1.005	  1.138	  0.000
34	  1.680	 52.906	  1.005	  1.138	  0.000
35	  1.680	 54.399	  1.005	  1.138	  0.000
36	  1.680	 55.891	  1.005	  1.138	  0.000
37	  1.680	 57.384	  1.005	  1.138	  0.000
38	  1.680	 58.876	  1.005	  1.138	  0.000
39	  1.680	 60.369	  1.005	  1.138	  0.000
40	  1.680	 61.862	  1.005	  1.138	  0.000
41	  1.680	 63.354	  1.005	  1.138	  0.000
42	  1.680	 64.847	  1.005	  1.138	  0.000
43	  1.680	 66.339	  1.005	  1.138	  0.000
44	  1.680	 67.832	  1.005	  1.138	  0.000
45	  1.680	 69.324	  1.005	  1.138	  0.000
46	  1.680	 70.817	  1.005	  1.138	  0.000
47	  1.680	 72.309	  1.005	  1.138	  0.000
48	  1.680	 73.802	  1.005	  1.138	  0.000
49	  1.680	 75.294	  1.005	  1.138	  0.000
50	  1.680	 76.787	  1.005	  1.138	  0.000
51	  1.680	 78.279	  1.005	  1.138	  0.000
52	  1.680	 79.772	  1.005	  1.138	  0.000
53	  1.680	 81.265	  1.005	  1.138	  0.000
54	  1.680	 82.757	  1.005	  1.138	  0.000
55	  1.680	 84.250	  1.005	  1.138	  0.000
56	  1.680	 85.742	  1.005	  1.138	  0.000
57	  1.680	 87.235	  1.005	  1.138	  0.000
58	  1.680	 88.727	  1.005	  1.138	  0.000
59	  1.680	 90.220	  1.005	  1.138	  0.000
60	  1.680	 91.712	  1.005	  1.138	  0.000
61	  1.680	 93.205	  1.005	  1.138	  0.000
62	  1.680	 94.697	  1.005	  1.138	  0.000
63	  1.680	 96.190	  1.005	  1.138	  0.000
64	  1.680	 97.682	  1.005	  1.138	  0.000
65	  1.680	 99.175	  1.005	  1.138	  0.000
66	  1.680	100.668	  1.005	  1.138	  0.000
0	  1.800	  2.297	  1.005	  1.147	  0.000
1	  1.800	  3.790	  1.005	  1.147	  0.000
2	  1.800	  5.282	  1.005	  1.147	  0.000
3	  1.800	  6.775	  1.005	  1.147	  0.000
4	  1.800	  8.267	  1.005	  1.147	  0.000
5	  1.800	  9.760	  1.005	  1.147	  0.000
6	  1.800	 11.252	  1.005	  1.147	  0.000
7	  1.800	 12.745	  1.005	  1.147	  0.000
8	  1.800	 14.237	  1.005	  1.147	  0.000
9	  1.800	 15.730	  1.005	  1.147	  0.000
10	  1.800	 17.222	  1.005	  1.147	  0.000
11	  1.800	 18.715	  1.005	  1.147	  0.000
12	  1.800	 20.208	  1.005	  1.147	  0.000
13	  1.800	 21.700	  1.005	  1.147	  0.000
14	  1.800	 23.193	  1.005	  1.147	  0.000
15	  1.800	 24.685	  1.005	  1.147	  0.000
16	  1.800	 26.178	  1.005	  1.147	  0.000
17	  1.800	 27.670	  1.005	  1.147	  0.000
18	  1.800	 29.163	  1.005	  1.147	  0.000
19	  1.800	 30.655	  1.005	  1.147	  0.000
20	  1.800	 32.148	  1.005	  1.147	  0.000
21	  1.800	 33.640	  1.005	  1.147	  0.000
22	  1.800	 35.133	  1.005	  1.147	  0.000
23	  1.800	 36.625	  1.005	  1.147	  0.000
24	  1.800	 38.118	  1.005	  1.147	  0.000
25	  1.800	 39.611	  1.005	  1.147	  0.000
26	  1.800	 41.103	  1.005	  1.147	  0.000
27	  1.800	 42.596	  1.005	  1.147	  0.000
28	  1.800	 44.088	  1.005	  1.147	  0.000
29	  1.800	 45.581	  1.005	  1.147	  0.000
30	  1.800	 47.073	  1.005	  1.147	  0.000
31	  1.800	 48.566	  1.005	  1.147	  0.000
32	  1.800	 50.058	  1.005	  1.147	  0.000
33	  1.800	 51.551	  1.005	  1.147	  0.000
34	  1.800	 53.043	  1.005	  1.147	  0.000
35	  1.800	 54.536	  1.005	  1.147	  0.000
36	  1.800	 56.028	  1.005	  1.147	  0.000
37	  1.800	 57.521	  1.005	  1.147	  0.000
38	  1.800	 59.014	  1.005	  1.147	  0.000
39	  1.800	 60.506	  1.005	  1.147	  0.000
40	  1.800	 61.999	  1.005	  1.147	  0.000
41	  1.800	 63.491	  1.005	  1.147	  0.000
42	  1.800	 64.984	  1.005	  1.147	  0.000
43	  1.800	 66.476	  1.005	  1.147	  0.000
44	  1.800	 67.969	  1.005	  1.147	  0.000
45	  1.800	 69.461	  1.005	  1.147	  0.000
46	  1.800	 70.954	  1.005	  1.147	  0.000
47	  1.800	 72.446	  1.005	  1.147	  0.000
48	  1.800	 73.939	  1.005	  1.147	  0.000
49	  1.800	 75.431	  1.005	  1.147	  0.000
50	  1.800	 76.924	  1.005	  1.147	  0.000
51	  1.800	 78.417	  1.005	  1.147	  0.000
52	  1.800	 79.909	  1.005	  1.147	  0.000
53	  1.800	 81.402	  1.005	  1.147	  0.000
54	  1.800	 82.894	  1.005	  1.147	  0.000
55	  1.800	 84.387	  1.005	  1.147	  0.000
56	  1.800	 85.879	  1.005	  1.147	  0.000
57	  1.800	 87.372	  1.005	  1.147	  0.000
58	  1.800	 88.864	  1.005	  1.147	  0.000
59	  1.800	 90.357	  1.005	  1.147	  0.000
60	  1.800	 91.849	  1.005	  1.147	  0.000
61	  1.800	 93.342	  1.005	  1.147	  0.000
62	  1.800	 94.834	  1.005	  1.147	  0.000
63	  1.800	 96.327	  1.005	  1.147	  0.000
64	  1.800	 97.820	  1.005	  1.147	  0.000
65	  1.800	 99.312	  1.005	  1.147	  0.000
66	  1.800	100.805	  1.005	  1.147	  0.000
0	  1.920	  2.435	  1.005	  1.153	  0.000
1	  1.920	  3.928	  1.005	  1.153	  0.000
2	  1.920	  5.420	  1.005	  1.153	  0.000
3	  1.920	  6.913	  1.005	  1.153	  0.000
4	  1.920	  8.405	  1.005	  1.153	  0.000
5	  1.920	  9.898	  1.005	  1.153	  0.000
6	  1.920	 11.390	  1.005	  1.153	  0.000
7	  1.920	 12.883	  1.005	  1.153	  0.000
8	  1.920	 14.375	  1.005	  1.153	  0.000
9	  1.920	 15.868	  1.005	  1.153	  0.000
10	  1.920	 17.360	  1.005	  1.153	  0.000
11	  1.920	 18.853	  1.005	  1.153	  0.000
12	  1.920	 20.346	  1.005	  1.153	  0.000
13	  1.920	 21.838	  1.005	  1.153	  0.000
14	  1.920	 23.331	  1.005	  1.153	  0.000
15	  1.920	 24.823	  1.005	  1.153	  0.000
16	  1.920	 26.316	  1.005	  1.153	  0.000
17	  1.920	 27.808	  1.005	  1.153	  0.000
18	  1.920	 29.301	  1.005	  1.153	  0.000
19	  1.920	 30.793	  1.005	  1.153	  0.000
20	  1.920	 32.286	  1.005	  1.153	  0.000
21	  1.920	 33.778	  1.005	  1.153	  0.000
22	  1.920	 35.271	  1.005	  1.153	  0.000
23	  1.920	 36.763	  1.005	  1.153	  0.000
24	  1.920	 38.256	  1.005	  1.153	  0.000
25	  1.920	 39.749	  1.005	  1.153	  0.000
26	  1.920	 41.241	  1.005	  1.153	  0.000
27	  1.920	 42.734	  1.005	  1.153	  0.000
28	  1.920	 44.226	  1.005	  1.153	  0.000
29	  1.920	 45.719	  1.005	  1.153	  0.000
30	  1.920	 47.211	  1.005	  1.153	  0.000
31	  1.920	 48.704	  1.005	  1.153	  0.000
32	  1.920	 50.196	  1.005	  1.153	  0.000
33	  1.920	 51.689	  1.005	  1.153	  0.000
34	  1.920	 53.181	  1.005	  1.153	  0.000
35	  1.920	 54.674	  1.005	  1.153	  0.000
36	  1.920	 56.166	  1.005	  1.153	  0.000
37	  1.920	 57.659	  1.005	  1.153	  0.000
38	  1.920	 59.151	  1.005	  1.153	  0.000
39	  1.920	 60.644	  1.005	  1.153	  0.000
40	  1.920	 62.137	  1.005	  1.153	  0.000
41	  1.920	 63.629	  1.005	  1.153	  0.000
42	  1.920	 65.122	  1.005	  1.153	  0.000
43	  1.920	 66.614	  1.005	  1.153	  0.000
44	  1.920	 68.107	  1.005	  1.153	  0.000
45	  1.920	 69.599	  1.005	  1.153	  0.000
46	  1.920	 71.092	  1.005	  1.153	  0.000
47	  1.920	 72.584	  1.005	  1.153	  0.000
48	  1.920	 74.077	  1.005	  1.153	  0.000
49	  1.920	 75.569	  1.005	  1.153	  0.000
50	  1.920	 77.062	  1.005	  1.153	  0.000
51	  1.920	 78.554	  1.005	  1.153	  0.000
52	  1.920	 80.047	  1.005	  1.153	  0.000
53	  1.920	 81.540	  1.005	  1.153	  0.000
54	  1.920	 83.032	  1.005	  1.153	  0.000
55	  1.920	 84.525	  1.005	  1.153	  0.000
56	  1.920	 86.017	  1.005	  1.153	  0.000
57	  1.920	 87.510	  1.005	  1.153	  0.000
58	  1.920	 89.002	  1.005	  1.153	  0.000
59	  1.920	 90.495	  1.005	  1.153	  0.000
60	  1.920	 91.987	  1.005	  1.153	  0.000
61	  1.920	 93.480	  1.005	  1.153	  0.000
62	  1.920	 94.972	  1.005	  1.153	  0.000
63	  1.920	 96.465	  1.005	  1.153	  0.000
64	  1.920	 97.957	  1.005	  1.153	  0.000
65	  1.920	 99.450	  1.005	  1.153	  0.000
66	  1.920	100.943	  1.005	  1.153	  0.000
0	  2.040	  2.574	  1.005	  1.158	  0.000
1	  2.040	  4.066	  1.005	  1.158	  0.000
2	  2.040	  5.559	  1.005	  1.158	  0.000
3	  2.040	  7.051	  1.005	  1.158	  0.000
4	  2.040	  8.544	  1.005	  1.158	  0.000
5	  2.040	 10.036	  1.005	  1.158	  0.000
6	  2.040	 11.529	  1.005	  1.158	  0.000
7	  2.040	 13.022	  1.005	  1.158	  0.000
8	  2.040	 14.514	  1.005	  1.158	  0.000
9	  2.040	 16.007	  1.005	  1.158	  0.000
10	  2.040	 17.499	  1.005	  1.158	  0.000
11	  2.040	 18.992	  1.005	  1.158	  0.000
12	  2.040	 20.484	  1.005	  1.158	  0.000
13	  2.040	 21.977	  1.005	  1.158	  0.000
14	  2.040	 23.469	  1.005	  1.158	  0.000
15	  2.040	 24.962	  1.005	  1.158	  0.000
16	  2.040	 26.454	  1.005	  1.158	  0.000
17	  2.040	 27.947	  1.005	  1.158	  0.000
18	  2.040	 29.439	  1.005	  1.158	  0.000
19	  2.040	 30.932	  1.005	  1.158	  0.000
20	  2.040	 32.425	  1.005	  1.158	  0.000
21	  2.040	 33.917	  1.005	  1.158	  0.000
22	  2.040	 35.410	  1.005	  1.158	  0.000
23	  2.040	 36.902	  1.005	  1.158	  0.000
24	  2.040	 38.395	  1.005	  1.158	  0.000
25	  2.040	 39.887	  1.005	  1.158	  0.000
26	  2.040	 41.380	  1.005	  1.158	  0.000
27	  2.040	 42.872	  1.005	  1.158	  0.000
28	  2.040	 44.365	  1.005	  1.158	  0.000
29	  2.040	 45.857	  1.005	  1.158	  0.000
30	  2.040	 47.350	  1.005	  1.158	  0.000
31	  2.040	 48.842	  1.005	  1.158	  0.000
32	  2.040	 50.335	  1.005	  1.158	  0.000
33	  2.040	 51.827	  1.005	  1.158	  0.000
34	  2.040	 53.320	  1.005	  1.158	  0.000
35	  2.040	 54.813	  1.005	  1.158	  0.000
36	  2.040	 56.305	  1.005	  1.158	  0.000
37	  2.040	 57.798	  1.005	  1.158	  0.000
38	  2.040	 59.290	  1.005	  1.158	  0.000
39	  2.040	 60.783	  1.005	  1.158	  0.000
40	  2.040	 62.275	  1.005	  1.158	  0.000
41	  2.040	 63.768	  1.005	  1.158	  0.000
42	  2.040	 65.260	  1.005	  1.158	  0.000
43	  2.040	 66.753	  1.005	  1.158	  0.000
44	  2.040	 68.245	  1.005	  1.158	  0.000
45	  2.040	 69.738	  1.005	  1.158	  0.000
46	  2.040	 71.230	  1.005	  1.158	  0.000
47	  2.040	 72.723	  1.005	  1.158	  0.000
48	  2.040	 74.216	  1.005	  1.158	  0.000
49	  2.040	 75.708	  1.005	  1.158	  0.000
50	  2.040	 77.201	  1.005	  1.158	  0.000
51	  2.040	 78.693	  1.005	  1.158	  0.000
52	  2.040	 80.186	  1.005	  1.158	  0.000
53	  2.040	 81.678	  1.005	  1.158	  0.000
54	  2.040	 83.171	  1.005	  1.158	  0.000
55	  2.040	 84.663	  1.005	  1.158	  0.000
56	  2.040	 86.156	  1.005	  1.158	  0.000
57	  2.040	 87.648	  1.005	  1.158	  0.000
58	  2.040	 89.141	  1.005	  1.158	  0.000
59	  2.040	 90.633	  1.005	  1.158	  0.000
60	  2.040	 92.126	  1.005	  1.158	  0.000
61	  2.040	 93.619	  1.005	  1.158	  0.000
62	  2.040	 95.111	  1.005	  1.158	  0.000
63	  2.040	 96.604	  1.005	  1.158	  0.000
64	  2.040	 98.096	  1.005	  1.158	  0.000
65	  2.040	 99.589	  1.005	  1.158	  0.000
66	  2.040	101.081	  1.005	  1.158	  0.000
0	  2.160	  2.713	  1.005	  1.162	  0.000
1	  2.160	  4.206	  1.005	  1.162	  0.000
2	  2.160	  5.698	  1.005	  1.162	  0.000
3	  2.160	  7.191	  1.005	  1.162	  0.000
4	  2.160	  8.683	  1.005	  1.162	  0.000
5	  2.160	 10.176	  1.005	  1.162	  0.000
6	  2.160	 11.668	  1.005	  1.162	  0.000
7	  2.160	 13.161	  1.005	  1.162	  0.000
8	  2.160	 14.653	  1.005	  1.162	  0.000
9	  2.160	 16.146	  1.005	  1.162	  0.000
10	  2.160	 17.638	  1.005	  1.162	  0.000
11	  2.160	 19.131	  1.005	  1.162	  0.000
12	  2.160	 20.623	  1.005	  1.162	  0.000
13	  2.160	 22.116	  1.005	  1.162	  0.000
14	  2.160	 23.609	  1.005	  1.162	  0.000
15	  2.160	 25.101	  1.005	  1.162	  0.000
16	  2.160	 26.594	  1.005	  1.162	  0.000
17	  2.160	 28.086	  1.005	  1.162	  0.000
18	  2.160	 29.579	  1.005	  1.162	  0.000
19	  2.160	 31.071	  1.005	  1.162	  0.000
20	  2.160	 32.564	  1.005	  1.162	  0.000
21	  2.160	 34.056	  1.005	  1.162	  0.000
22	  2.160	 35.549	  1.005	  1.162	  0.000
23	  2.160	 37.041	  1.005	  1.162	  0.000
24	  2.160	 38.534	  1.005	  1.162	  0.000
25	  2.160	 40.026	  1.005	  1.162	  0.000
26	  2.160	 41.519	  1.005	  1.162	  0.000
27	  2.160	 43.012	  1.005	  1.162	  0.000
28	  2.160	 44.504	  1.005	  1.162	  0.000
29	  2.160	 45.997	  1.005	  1.162	  0.000
30	  2.160	 47.489	  1.005	  1.162	  0.000
31	  2.160	 48.982	  1.005	  1.162	  0.000
32	  2.160	 50.474	  1.005	  1.162	  0.000
33	  2.160	 51.967	  1.005	  1.162	  0.000
34	  2.160	 53.459	  1.005	  1.162	  0.000
35	  2.160	 54.952	  1.005	  1.162	  0.000
36	  2.160	 56.444	  1.005	  1.162	  0.000
37	  2.160	 57.937	  1.005	  1.162	  0.000
38	  2.160	 59.429	  1.005	  1.162	  0.000
39	  2.160	 60.922	  1.005	  1.162	  0.000
40	  2.160	 62.414	  1.005	  1.162	  0.000
41	  2.160	 63.907	  1.005	  1.162	  0.000
42	  2.160	 65.400	  1.005	  1.162	  0.000
43	  2.160	 66.892	  1.005	  1.162	  0.000
44	  2.160	 68.385	  1.005	  1.162	  0.000
45	  2.160	 69.877	  1.005	  1.162	  0.000
46	  2.160	 71.370	  1.005	  1.162	  0.000
47	  2.160	 72.862	  1.005	  1.162	  0.000
48	  2.160	 74.355	  1.005	  1.162	  0.000
49	  2.160	 75.847	  1.005	  1.162	  0.000
50	  2.160	 77.340	  1.005	  1.162	  0.000
51	  2.160	 78.832	  1.005	  1.162	  0.000
52	  2.160	 80.325	  1.005	  1.162	  0.000
53	  2.160	 81.817	  1.005	  1.162	  0.000
54	  2.160	 83.310	  1.005	  1.162	  0.000
55	  2.160	 84.803	  1.005	  1.162	  0.000
56	  2.160	 86.295	  1.005	  1.162	  0.000
57	  2.160	 87.788	  1.005	  1.162	  0.000
58	  2.160	 89.280	  1.005	  1.162	  0.000
59	  2.160	 90.773	  1.005	  1.162	  0.000
60	  2.160	 92.265	  1.005	  1.162	  0.000
61	  2.160	 93.758	  1.005	  1.162	  0.000
62	  2.160	 95.250	  1.005	  1.162	  0.000
63	  2.160	 96.743	  1.005	  1.162	  0.000
64	  2.160	 98.235	  1.005	  1.162	  0.000
65	  2.160	 99.728	  1.005	  1.162	  0.000
66	  2.160	101.220	  1.005	  1.162	  0.000
0	  2.280	  2.853	  1.005	  1.166	  0.000
1	  2.280	  4.345	  1.005	  1.166	  0.000
2	  2.280	  5.838	  1.005	  1.166	  0.000
3	  2.280	  7.330	  1.005	  1.166	  0.000
4	  2.280	  8.823	  1.005	  1.166	  0.000
5	  2.280	 10.315	  1.005	  1.166	  0.000
6	  2.280	 11.808	  1.005	  1.166	  0.000
7	  2.280	 13.300	  1.005	  1.166	  0.000
8	  2.280	 14.793	  1.005	  1.166	  0.000
9	  2.280	 16.286	  1.005	  1.166	  0.000
10	  2.280	 17.778	  1.005	  1.166	  0.000
11	  2.280	 19.271	  1.005	  1.166	  0.000
12	  2.280	 20.763	  1.005	  1.166	  0.000
13	  2.280	 22.256	  1.005	  1.166	  0.000
14	  2.280	 23.748	  1.005	  1.166	  0.000
15	  2.280	 25.241	  1.005	  1.166	  0.000
16	  2.280	 26.733	  1.005	  1.166	  0.000
17	  2.280	 28.226	  1.005	  1.166	  0.000
18	  2.280	 29.718	  1.005	  1.166	  0.000
19	  2.280	 31.211	  1.005	  1.166	  0.000
20	  2.280	 32.703	  1.005	  1.166	  0.000
21	  2.280	 34.196	  1.005	  1.166	  0.000
22	  2.280	 35.688	  1.005	  1.166	  0.000
23	  2.280	 37.181	  1.005	  1.166	  0.000
24	  2.280	 38.674	  1.005	  1.166	  0.000
25	  2.280	 40.166	  1.005	  1.166	  0.000
26	  2.280	 41.659	  1.005	  1.166	  0.000
27	  2.280	 43.151	  1.005	  1.166	  0.000
28	  2.280	 44.644	  1.005	  1.166	  0.000
29	  2.280	 46.136	  1.005	  1.166	  0.000
30	  2.280	 47.629	  1.005	  1.166	  0.000
31	  2.280	 49.121	  1.005	  1.166	  0.000
32	  2.280	 50.614	  1.005	  1.166	  0.000
33	  2.280	 52.106	  1.005	  1.166	  0.000
34	  2.280	 53.599	  1.005	  1.166	  0.000
35	  2.280	 55.091	  1.005	  1.166	  0.000
36	  2.280	 56.584	  1.005	  1.166	  0.000
37	  2.280	 58.077	  1.005	  1.166	  0.000
38	  2.280	 59.569	  1.005	  1.166	  0.000
39	  2.280	 61.062	  1.005	  1.166	  0.000
40	  2.280	 62.554	  1.005	  1.166	  0.000
41	  2.280	 64.047	  1.005	  1.166	  0.000
42	  2.280	 65.539	  1.005	  1.166	  0.000
43	  2.280	 67.032	  1.005	  1.166	  0.000
44	  2.280	 68.524	  1.005	  1.166	  0.000
45	  2.280	 70.017	  1.005	  1.166	  0.000
46	  2.280	 71.509	  1.005	  1.166	  0.000
47	  2.280	 73.002	  1.005	  1.166	  0.000
48	  2.280	 74.494	  1.005	  1.166	  0.000
49	  2.280	 75.987	  1.005	  1.166	  0.000
50	  2.280	 77.480	  1.005	  1.166	  0.000
51	  2.280	 78.972	  1.005	  1.166	  0.000
52	  2.280	 80.465	  1.005	  1.166	  0.000
53	  2.280	 81.957	  1.005	  1.166	  0.000
54	  2.280	 83.450	  1.005	  1.166	  0.000
55	  2.280	 84.942	  1.005	  1.166	  0.000
56	  2.280	 86.435	  1.005	  1.166	  0.000
57	  2.280	 87.927	  1.005	  1.166	  0.000
58	  2.280	 89.420	  1.005	  1.166	  0.000
59	  2.280	 90.912	  1.005	  1.166	  0.000
60	  2.280	 92.405	  1.005	  1.166	  0.000
61	  2.280	 93.897	  1.005	  1.166	  0.000
62	  2.280	 95.390	  1.005	  1.166	  0.000
63	  2.280	 96.883	  1.005	  1.166	  0.000
64	  2.280	 98.375	  1.005	  1.166	  0.000
65	  2.280	 99.868	  1.005	  1.166	  0.000
66	  2.280	101.360	  1.005	  1.166	  0.000
0	  2.400	  2.993	  1.005	  1.168	  0.000
1	  2.400	  4.485	  1.005	  1.168	  0.000
2	  2.400	  5.978	  1.005	  1.168	  0.000
3	  2.400	  7.470	  1.005	  1.168	  0.000
4	  2.400	  8.963	  1.005	  1.168	  0.000
5	  2.400	 10.455	  1.005	  1.168	  0.000
6	  2.400	 11.948	  1.005	  1.168	  0.000
7	  2.400	 13.440	  1.005	  1.168	  0.000
8	  2.400	 14.933	  1.005	  1.168	  0.000
9	  2.400	 16.426	  1.005	  1.168	  0.000
10	  2.400	 17.918	  1.005	  1.168	  0.000
11	  2.400	 19.411	  1.005	  1.168	  0.000
12	  2.400	 20.903	  1.005	  1.168	  0.000
13	  2.400	 22.396	  1.005	  1.168	  0.000
14	  2.400	 23.888	  1.005	  1.168	  0.000
15	  2.400	 25.381	  1.005	  1.168	  0.000
16	  2.400	 26.873	  1.005	  1.168	  0.000
17	  2.400	 28.366	  1.005	  1.168	  0.000
18	  2.400	 29.858	  1.005	  1.168	  0.000
19	  2.400	 31.351	  1.005	  1.168	  0.000
20	  2.400	 32.843	  1.005	  1.168	  0.000
21	  2.400	 34.336	  1.005	  1.168	  0.000
22	  2.400	 35.829	  1.005	  1.168	  0.000
23	  2.400	 37.321	  1.005	  1.168	  0.000
24	  2.400	 38.814	  1.005	  1.168	  0.000
25	  2.400	 40.306	  1.005	  1.168	  0.000
26	  2.400	 41.799	  1.005	  1.168	  0.000
27	  2.400	 43.291	  1.005	  1.168	  0.000
28	  2.400	 44.784	  1.005	  1.168	  0.000
29	  2.400	 46.276	  1.005	  1.168	  0.000
30	  2.400	 47.769	  1.005	  1.168	  0.000
31	  2.400	 49.261	  1.005	  1.168	  0.000
32	  2.400	 50.754	  1.005	  1.168	  0.000
33	  2.400	 52.246	  1.005	  1.168	  0.000
34	  2.400	 53.739	  1.005	  1.168	  0.000
35	  2.400	 55.231	  1.005	  1.168	  0.000
36	  2.400	 56.724	  1.005	  1.168	  0.000
37	  2.400	 58.217	  1.005	  1.168	  0.000
38	  2.400	 59.709	  1.005	  1.168	  0.000
39	  2.400	 61.202	  1.005	  1.168	  0.000
40	  2.400	 62.694	  1.005	  1.168	  0.000
41	  2.400	 64.187	  1.005	  1.168	  0.000
42	  2.400	 65.679	  1.005	  1.168	  0.000
43	  2.400	 67.172	  1.005	  1.168	  0.000
44	  2.400	 68.664	  1.005	  1.168	  0.000
45	  2.400	 70.157	  1.005	  1.168	  0.000
46	  2.400	 71.649	  1.005	  1.168	  0.000
47	  2.400	 73.142	  1.005	  1.168	  0.000
48	  2.400	 74.634	  1.005	  1.168	  0.000
49	  2.400	 76.127	  1.005	  1.168	  0.000
50	  2.400	 77.620	  1.005	  1.168	  0.000
51	  2.400	 79.112	  1.005	  1.168	  0.000
52	  2.400	 80.605	  1.005	  1.168	  0.000
53	  2.400	 82.097	  1.005	  1.168	  0.000
54	  2.400	 83.590	  1.005	  1.168	  0.000
55	  2.400	 85.082	  1.005	  1.168	  0.000
56	  2.400	 86.575	  1.005	  1.168	  0.000
57	  2.400	 88.067	  1.005	  1.168	  0.000
58	  2.400	 89.560	  1.005	  1.168	  0.000
59	  2.400	 91.052	  1.005	  1.168	  0.000
60	  2.400	 92.545	  1.005	  1.168	  0.000
61	  2.400	 94.037	  1.005	  1.168	  0.000
62	  2.400	 95.530	  1.005	  1.168	  0.000
63	  2.400	 97.023	  1.005	  1.168	  0.000
64	  2.400	 98.515	  1.005	  1.168	  0.000
65	  2.400	100.008	  1.005	  1.168	  0.000
66	  2.400	101.500	  1.005	  1.168	  0.000
0	  2.520	  3.133	  1.005	  1.170	  0.000
1	  2.520	  4.626	  1.005	  1.170	  0.000
2	  2.520	  6.118	  1.005	  1.170	  0.000
3	  2.520	  7.611	  1.005	  1.170	  0.000
4	  2.520	  9.103	  1.005	  1.170	  0.000
5	  2.520	 10.596	  1.005	  1.170	  0.000
6	  2.520	 12.088	  1.005	  1.170	  0.000
7	  2.520	 13.581	  1.005	  1.170	  0.000
8	  2.520	 15.073	  1.005	  1.170	  0.000
9	  2.520	 16.566	  1.005	  1.170	  0.000
10	  2.520	 18.058	  1.005	  1.170	  0.000
11	  2.520	 19.551	  1.005	  1.170	  0.000
12	  2.520	 21.043	  1.005	  1.170	  0.000
13	  2.520	 22.536	  1.005	  1.170	  0.000
14	  2.520	 24.028	  1.005	  1.170	  0.000
15	  2.520	 25.521	  1.005	  1.170	  0.000
16	  2.520	 27.014	  1.005	  1.170	  0.000
17	  2.520	 28.506	  1.005	  1.170	  0.000
18	  2.520	 29.999	  1.005	  1.170	  0.000
19	  2.520	 31.491	  1.005	  1.170	  0.000
20	  2.520	 32.984	  1.005	  1.170	  0.000
21	  2.520	 34.476	  1.005	  1.170	  0.000
22	  2.520	 35.969	  1.005	  1.170	  0.000
23	  2.520	 37.461	  1.005	  1.170	  0.000
24	  2.520	 38.954	  1.005	  1.170	  0.000
25	  2.520	 40.446	  1.005	  1.170	  0.000
26	  2.520	 41.939	  1.005	  1.170	  0.000
27	  2.520	 43.431	  1.005	  1.170	  0.000
28	  2.520	 44.924	  1.005	  1.170	  0.000
29	  2.520	 46.417	  1.005	  1.170	  0.000
30	  2.520	 47.909	  1.005	  1.170	  0.000
31	  2.520	 49.402	  1.005	  1.170	  0.000
32	  2.520	 50.894	  1.005	  1.170	  0.000
33	  2.520	 52.387	  1.005	  1.170	  0.000
34	  2.520	 53.879	  1.005	  1.170	  0.000
35	  2.520	 55.372	  1.005	  1.170	  0.000
36	  2.520	 56.864	  1.005	  1.170	  0.000
37	  2.520	 58.357	  1.005	  1.170	  0.000
38	  2.520	 59.849	  1.005	  1.170	  0.000
39	  2.520	 61.342	  1.005	  1.170	  0.000
40	  2.520	 62.834	  1.005	  1.170	  0.000
41	  2.520	 64.327	  1.005	  1.170	  0.000
42	  2.520	 65.820	  1.005	  1.170	  0.000
43	  2.520	 67.312	  1.005	  1.170	  0.000
44	  2.520	 68.805	  1.005	  1.170	  0.000
45	  2.520	 70.297	  1.005	  1.170	  0.000
46	  2.520	 71.790	  1.005	  1.170	  0.000
47	  2.520	 73.282	  1.005	  1.170	  0.000
48	  2.520	 74.775	  1.005	  1.170	  0.000
49	  2.520	 76.267	  1.005	  1.170	  0.000
50	  2.520	 77.760	  1.005	  1.170	  0.000
51	  2.520	 79.252	  1.005	  1.170	  0.000
52	  2.520	 80.745	  1.005	  1.170	  0.000
53	  2.520	 82.237	  1.005	  1.170	  0.000
54	  2.520	 83.730	  1.005	  1.170	  0.000
55	  2.520	 85.223	  1.005	  1.170	  0.000
56	  2.520	 86.715	  1.005	  1.170	  0.000
57	  2.520	 88.208	  1.005	  1.170	  0.000
58	  2.520	 89.700	  1.005	  1.170	  0.000
59	  2.520	 91.193	  1.005	  1.170	  0.000
60	  2.520	 92.685	  1.005	  1.170	  0.000
61	  2.520	 94.178	  1.005	  1.170	  0.000
62	  2.520	 95.670	  1.005	  1.170	  0.000
63	  2.520	 97.163	  1.005	  1.170	  0.000
64	  2.520	 98.655	  1.005	  1.170	  0.000
65	  2.520	100.148	  1.005	  1.170	  0.000
66	  2.520	101.640	  1.005	  1.170	  0.000
0	  2.640	  3.273	  1.005	  1.172	  0.000
1	  2.640	  4.766	  1.005	  1.172	  0.000
2	  2.640	  6.259	  1.005	  1.172	  0.000
3	  2.640	  7.751	  1.005	  1.172	  0.000
4	  2.640	  9.244	  1.005	  1.172	  0.000
5	  2.640	 10.736	  1.005	  1.172	  0.000
6	  2.640	 12.229	  1.005	  1.172	  0.000
7	  2.640	 13.721	  1.005	  1.172	  0.000
8	  2.640	 15.214	  1.005	  1.172	  0.000
9	  2.640	 16.706	  1.005	  1.172	  0.000
10	  2.640	 18.199	  1.005	  1.172	  0.000
11	  2.640	 19.691	  1.005	  1.172	  0.000
12	  2.640	 21.184	  1.005	  1.172	  0.000
13	  2.640	 22.676	  1.005	  1.172	  0.000
14	  2.640	 24.169	  1.005	  1.172	  0.000
15	  2.640	 25.662	  1.005	  1.172	  0.000
16	  2.640	 27.154	  1.005	  1.172	  0.000
17	  2.640	 28.647	  1.005	  1.172	  0.000
18	  2.640	 30.139	  1.005	  1.172	  0.000
19	  2.640	 31.632	  1.005	  1.172	  0.000
20	  2.640	 33.124	  1.005	  1.172	  0.000
21	  2.640	 34.617	  1.005	  1.172	  0.000
22	  2.640	 36.109	  1.005	  1.172	  0.000
23	  2.640	 37.602	  1.005	  1.172	  0.000
24	  2.640	 39.094	  1.005	  1.172	  0.000
25	  2.640	 40.587	  1.005	  1.172	  0.000
26	  2.640	 42.079	  1.005	  1.172	  0.000
27	  2.640	 43.572	  1.005	  1.172	  0.000
28	  2.640	 45.065	  1.005	  1.172	  0.000
29	  2.640	 46.557	  1.005	  1.172	  0.000
30	  2.640	 48.050	  1.005	  1.172	  0.000
31	  2.640	 49.542	  1.005	  1.172	  0.000
32	  2.640	 51.035	  1.005	  1.172	  0.000
33	  2.640	 52.527	  1.005	  1.172	  0.000
34	  2.640	 54.020	  1.005	  1.172	  0.000
35	  2.640	 55.512	  1.005	  1.172	  0.000
36	  2.640	 57.005	  1.005	  1.172	  0.000
37	  2.640	 58.497	  1.005	  1.172	  0.000
38	  2.640	 59.990	  1.005	  1.172	  0.000
39	  2.640	 61.482	  1.005	  1.172	  0.000
40	  2.640	 62.975	  1.005	  1.172	  0.000
41	  2.640	 64.468	  1.005	  1.172	  0.000
42	  2.640	 65.960	  1.005	  1.172	  0.000
43	  2.640	 67.453	  1.005	  1.172	  0.000
44	  2.640	 68.945	  1.005	  1.172	  0.000
45	  2.640	 70.438	  1.005	  1.172	  0.000
46	  2.640	 71.930	  1.005	  1.172	  0.000
47	  2.640	 73.423	  1.005	  1.172	  0.000
48	  2.640	 74.915	  1.005	  1.172	  0.000
49	  2.640	 76.408	  1.005	  1.172	  0.000
50	  2.640	 77.900	  1.005	  1.172	  0.000
51	  2.640	 79.393	  1.005	  1.172	  0.000
52	  2.640	 80.885	  1.005	  1.172	  0.000
53	  2.640	 82.378	  1.005	  1.172	  0.000
54	  2.640	 83.870	  1.005	  1.172	  0.000
55	  2.640	 85.363	  1.005	  1.172	  0.000
56	  2.640	 86.856	  1.005	  1.172	  0.000
57	  2.640	 88.348	  1.005	  1.172	  0.000
58	  2.640	 89.841	  1.005	  1.172	  0.000
59	  2.640	 91.333	  1.005	  1.172	  0.000
60	  2.640	 92.826	  1.005	  1.172	  0.000
61	  2.640	 94.318	  1.005	  1.172	  0.000
62	  2.640	 95.811	  1.005	  1.172	  0.000
63	  2.640	 97.303	  1.005	  1.172	  0.000
64	  2.640	 98.796	  1.005	  1.172	  0.000
65	  2.640	100.288	  1.005	  1.172	  0.000
66	  2.640	101.781	  1.005	  1.172	  0.000
0	  2.760	  3.414	  1.005	  1.173	  0.000
1	  2.760	  4.907	  1.005	  1.173	  0.000
2	  2.760	  6.399	  1.005	  1.173	  0.000
3	  2.760	  7.892	  1.005	  1.173	  0.000
4	  2.760	  9.384	  1.005	  1.173	  0.000
5	  2.760	 10.877	  1.005	  1.173	  0.000
6	  2.760	 12.369	  1.005	  1.173	  0.000
7	  2.760	 13.862	  1.005	  1.173	  0.000
8	  2.760	 15.354	  1.005	  1.173	  0.000
9	  2.760	 16.847	  1.005	  1.173	  0.000
10	  2.760	 18.340	  1.005	  1.173	  0.000
11	  2.760	 19.832	  1.005	  1.173	  0.000
12	  2.760	 21.325	  1.005	  1.173	  0.000
13	  2.760	 22.817	  1.005	  1.173	  0.000
14	  2.760	 24.310	  1.005	  1.173	  0.000
15	  2.760	 25.802	  1.005	  1.173	  0.000
16	  2.760	 27.295	  1.005	  1.173	  0.000
17	  2.760	 28.787	  1.005	  1.173	  0.000
18	  2.760	 30.280	  1.005	  1.173	  0.000
19	  2.760	 31.772	  1.005	  1.173	  0.000
20	  2.760	 33.265	  1.005	  1.173	  0.000
21	  2.760	 34.757	  1.005	  1.173	  0.000
22	  2.760	 36.250	  1.005	  1.173	  0.000
23	  2.760	 37.743	  1.005	  1.173	  0.000
24	  2.760	 39.235	  1.005	  1.173	  0.000
25	  2.760	 40.728	  1.005	  1.173	  0.000
26	  2.760	 42.220	  1.005	  1.173	  0.000
27	  2.760	 43.713	  1.005	  1.173	  0.000
28	  2.760	 45.205	  1.005	  1.173	  0.000
29	  2.760	 46.698	  1.005	  1.173	  0.000
30	  2.760	 48.190	  1.005	  1.173	  0.000
31	  2.760	 49.683	  1.005	  1.173	  0.000
32	  2.760	 51.175	  1.005	  1.173	  0.000
33	  2.760	 52.668	  1.005	  1.173	  0.000
34	  2.760	 54.160	  1.005	  1.173	  0.000
35	  2.760	 55.653	  1.005	  1.173	  0.000
36	  2.760	 57.145	  1.005	  1.173	  0.000
37	  2.760	 58.638	  1.005	  1.173	  0.000
38	  2.760	 60.131	  1.005	  1.173	  0.000
39	  2.760	 61.623	  1.005	  1.173	  0.000
40	  2.760	 63.116	  1.005	  1.173	  0.000
41	  2.760	 64.608	  1.005	  1.173	  0.000
42	  2.760	 66.101	  1.005	  1.173	  0.000
43	  2.760	 67.593	  1.005	  1.173	  0.000
44	  2.760	 69.086	  1.005	  1.173	  0.000
45	  2.760	 70.578	  1.005	  1.173	  0.000
46	  2.760	 72.071	  1.005	  1.173	  0.000
47	  2.760	 73.563	  1.005	  1.173	  0.000
48	  2.760	 75.056	  1.005	  1.173	  0.000
49	  2.760	 76.548	  1.005	  1.173	  0.000
50	  2.760	 78.041	  1.005	  1.173	  0.000
51	  2.760	 79.534	  1.005	  1.173	  0.000
52	  2.760	 81.026	  1.005	  1.173	  0.000
53	  2.760	 82.519	  1.005	  1.173	  0.000
54	  2.760	 84.011	  1.005	  1.173	  0.000
55	  2.760	 85.504	  1.005	  1.173	  0.000
56	  2.760	 86.996	  1.005	  1.173	  0.000
57	  2.760	 88.489	  1.005	  1.173	  0.000
58	  2.760	 89.981	  1.005	  1.173	  0.000
59	  2.760	 91.474	  1.005	  1.173	  0.000
60	  2.760	 92.966	  1.005	  1.173	  0.000
61	  2.760	 94.459	  1.005	  1.173	  0.000
62	  2.760	 95.951	  1.005	  1.173	  0.000
63	  2.760	 97.444	  1.005	  1.173	  0.000
64	  2.760	 98.937	  1.005	  1.173	  0.000
65	  2.760	100.429	  1.005	  1.173	  0.000
66	  2.760	101.922	  1.005	  1.173	  0.000
0	  2.880	  3.555	  1.005	  1.174	  0.000
1	  2.880	  5.047	  1.005	  1.174	  0.000
2	  2.880	  6.540	  1.005	  1.174	  0.000
3	  2.880	  8.033	  1.005	  1.174	  0.000
4	  2.880	  9.525	  1.005	  1.174	  0.000
5	  2.880	 11.018	  1.005	  1.174	  0.000
6	  2.880	 12.510	  1.005	  1.174	  0.000
7	  2.880	 14.003	  1.005	  1.174	  0.000
8	  2.880	 15.495	  1.005	  1.174	  0.000
9	  2.880	 16.988	  1.005	  1.174	  0.000
10	  2.880	 18.480	  1.005	  1.174	  0.000
11	  2.880	 19.973	  1.005	  1.174	  0.000
12	  2.880	 21.465	  1.005	  1.174	  0.000
13	  2.880	 22.958	  1.005	  1.174	  0.000
14	  2.880	 24.450	  1.005	  1.174	  0.000
15	  2.880	 25.943	  1.005	  1.174	  0.000
16	  2.880	 27.436	  1.005	  1.174	  0.000
17	  2.880	 28.928	  1.005	  1.174	  0.000
18	  2.880	 30.421	  1.005	  1.174	  0.000
19	  2.880	 31.913	  1.005	  1.174	  0.000
20	  2.880	 33.406	  1.005	  1.174	  0.000
21	  2.880	 34.898	  1.005	  1.174	  0.000
22	  2.880	 36.391	  1.005	  1.174	  0.000
23	  2.880	 37.883	  1.005	  1.174	  0.000
24	  2.880	 39.376	  1.005	  1.174	  0.000
25	  2.880	 40.868	  1.005	  1.174	  0.000
26	  2.880	 42.361	  1.005	  1.174	  0.000
27	  2.880	 43.853	  1.005	  1.174	  0.000
28	  2.880	 45.346	  1.005	  1.174	  0.000
29	  2.880	 46.839	  1.005	  1.174	  0.000
30	  2.880	 48.331	  1.005	  1.174	  0.000
31	  2.880	 49.824	  1.005	  1.174	  0.000
32	  2.880	 51.316	  1.005	  1.174	  0.000
33	  2.880	 52.809	  1.005	  1.174	  0.000
34	  2.880	 54.301	  1.005	  1.174	  0.000
35	  2.880	 55.794	  1.005	  1.174	  0.000
36	  2.880	 57.286	  1.005	  1.174	  0.000
37	  2.880	 58.779	  1.005	  1.174	  0.000
38	  2.880	 60.271	  1.005	  1.174	  0.000
39	  2.880	 61.764	  1.005	  1.174	  0.000
40	  2.880	 63.256	  1.005	  1.174	  0.000
41	  2.880	 64.749	  1.005	  1.174	  0.000
42	  2.880	 66.242	  1.005	  1.174	  0.000
43	  2.880	 67.734	  1.005	  1.174	  0.000
44	  2.880	 69.227	  1.005	  1.174	  0.000
45	  2.880	 70.719	  1.005	  1.174	  0.000
46	  2.880	 72.212	  1.005	  1.174	  0.000
47	  2.880	 73.704	  1.005	  1.174	  0.000
48	  2.880	 75.197	  1.005	  1.174	  0.000
49	  2.880	 76.689	  1.005	  1.174	  0.000
50	  2.880	 78.182	  1.005	  1.174	  0.000
51	  2.880	 79.674	  1.005	  1.174	  0.000
52	  2.880	 81.167	  1.005	  1.174	  0.000
53	  2.880	 82.659	  1.005	  1.174	  0.000
54	  2.880	 84.152	  1.005	  1.174	  0.000
55	  2.880	 85.644	  1.005	  1.174	  0.000
56	  2.880	 87.137	  1.005	  1.174	  0.000
57	  2.880	 88.630	  1.005	  1.174	  0.000
58	  2.880	 90.122	  1.005	  1.174	  0.000
59	  2.880	 91.615	  1.005	  1.174	  0.000
60	  2.880	 93.107	  1.005	  1.174	  0.000
61	  2.880	 94.600	  1.005	  1.174	  0.000
62	  2.880	 96.092	  1.005	  1.174	  0.000
63	  2.880	 97.585	  1.005	  1.174	  0.000
64	  2.880	 99.077	  1.005	  1.174	  0.000
65	  2.880	100.570	  1.005	  1.174	  0.000
66	  2.880	102.062	  1.005	  1.174	  0.000
0	  3.000	  3.696	  1.005	  1.175	  0.000
1	  3.000	  5.188	  1.005	  1.175	  0.000
2	  3.000	  6.681	  1.005	  1.175	  0.000
3	  3.000	  8.173	  1.005	  1.175	  0.000
4	  3.000	  9.666	  1.005	  1.175	  0.000
5	  3.000	 11.159	  1.005	  1.175	  0.000
6	  3.000	 12.651	  1.005	  1.175	  0.000
7	  3.000	 14.144	  1.005	  1.175	  0.000
8	  3.000	 15.636	  1.005	  1.175	  0.000
9	  3.000	 17.129	  1.005	  1.175	  0.000
10	  3.000	 18.621	  1.005	  1.175	  0.000
11	  3.000	 20.114	  1.005	  1.175	  0.000
12	  3.000	 21.606	  1.005	  1.175	  0.000
13	  3.000	 23.099	  1.005	  1.175	  0.000
14	  3.000	 24.591	  1.005	  1.175	  0.000
15	  3.000	 26.084	  1.005	  1.175	  0.000
16	  3.000	 27.576	  1.005	  1.175	  0.000
17	  3.000	 29.069	  1.005	  1.175	  0.000
18	  3.000	 30.562	  1.005	  1.175	  0.000
19	  3.000	 32.054	  1.005	  1.175	  0.000
20	  3.000	 33.547	  1.005	  1.175	  0.000
21	  3.000	 35.039	  1.005	  1.175	  0.000
22	  3.000	 36.532	  1.005	  1.175	  0.000
23	  3.000	 38.024	  1.005	  1.175	  0.000
24	  3.000	 39.517	  1.005	  1.175	  0.000
25	  3.000	 41.009	  1.005	  1.175	  0.000
26	  3.000	 42.502	  1.005	  1.175	  0.000
27	  3.000	 43.994	  1.005	  1.175	  0.000
28	  3.000	 45.487	  1.005	  1.175	  0.000
29	  3.000	 46.979	  1.005	  1.175	  0.000
30	  3.000	 48.472	  1.005	  1.175	  0.000
31	  3.000	 49.965	  1.005	  1.175	  0.000
32	  3.000	 51.457	  1.005	  1.175	  0.000
33	  3.000	 52.950	  1.005	  1.175	  0.000
34	  3.000	 54.442	  1.005	  1.175	  0.000
35	  3.000	 55.935	  1.005	  1.175	  0.000
36	  3.000	 57.427	  1.005	  1.175	  0.000
37	  3.000	 58.920	  1.005	  1.175	  0.000
38	  3.000	 60.412	  1.005	  1.175	  0.000
39	  3.000	 61.905	  1.005	  1.175	  0.000
40	  3.000	 63.397	  1.005	  1.175	  0.000
41	  3.000	 64.890	  1.005	  1.175	  0.000
42	  3.000	 66.382	  1.005	  1.175	  0.000
43	  3.000	 67.875	  1.005	  1.175	  0.000
44	  3.000	 69.367	  1.005	  1.175	  0.000
45	  3.000	 70.860	  1.005	  1.175	  0.000
46	  3.000	 72.353	  1.005	  1.175	  0.000
47	  3.000	 73.845	  1.005	  1.175	  0.000
48	  3.000	 75.338	  1.005	  1.175	  0.000
49	  3.000	 76.830	  1.005	  1.175	  0.000
50	  3.000	 78.323	  1.005	  1.175	  0.000
51	  3.000	 79.815	  1.005	  1.175	  0.000
52	  3.000	 81.308	  1.005	  1.175	  0.000
53	  3.000	 82.800	  1.005	  1.175	  0.000
54	  3.000	 84.293	  1.005	  1.175	  0.000
55	  3.000	 85.785	  1.005	  1.175	  0.000
56	  3.000	 87.278	  1.005	  1.175	  0.000
57	  3.000	 88.770	  1.005	  1.175	  0.000
58	  3.000	 90.263	  1.005	  1.175	  0.000
59	  3.000	 91.756	  1.005	  1.175	  0.000
60	  3.000	 93.248	  1.005	  1.175	  0.000
61	  3.000	 94.741	  1.005	  1.175	  0.000
62	  3.000	 96.233	  1.005	  1.175	  0.000
63	  3.000	 97.726	  1.005	  1.175	  0.000
64	  3.000	 99.218	  1.005	  1.175	  0.000
65	  3.000	100.711	  1.005	  1.175	  0.000
66	  3.000	102.203	  1.005	  1.175	  0.000
