# id	 time	 x	 y	 vx	 vy
0	  0.000	  1.042	  1.000	  0.010	  0.010
1	  0.000	  3.125	  1.000	  0.010	  0.010
2	  0.000	  5.208	  1.000	  0.010	  0.010
3	  0.000	  7.292	  1.000	  0.010	  0.010
4	  0.000	  9.375	  1.000	  0.010	  0.010
5	  0.000	 11.458	  1.000	  0.010	  0.010
6	  0.000	 13.542	  1.000	  0.010	  0.010
7	  0.000	 15.625	  1.000	  0.010	  0.010
8	  0.000	 17.708	  1.000	  0.010	  0.010
9	  0.000	 19.792	  1.000	  0.010	  0.010
10	  0.000	 21.875	  1.000	  0.010	  0.010
11	  0.000	 23.958	  1.000	  0.010	  0.010
12	  0.000	 26.042	  1.000	  0.010	  0.010
13	  0.000	 28.125	  1.000	  0.010	  0.010
14	  0.000	 30.208	  1.000	  0.010	  0.010
15	  0.000	 32.292	  1.000	  0.010	  0.010
16	  0.000	 34.375	  1.000	  0.010	  0.010
17	  0.000	 36.458	  1.000	  0.010	  0.010
18	  0.000	 38.542	  1.000	  0.010	  0.010
19	  0.000	 40.625	  1.000	  0.010	  0.010
20	  0.000	 42.708	  1.000	  0.010	  0.010
21	  0.000	 44.792	  1.000	  0.010	  0.010
22	  0.000	 46.875	  1.000	  0.010	  0.010
23	  0.000	 48.958	  1.000	  0.010	  0.010
24	  0.000	 51.042	  1.000	  0.010	  0.010
25	  0.000	 53.125	  1.000	  0.010	  0.010
26	  0.000	 55.208	  1.000	  0.010	  0.010
27	  0.000	 57.292	  1.000	  0.010	  0.010
28	  0.000	 59.375	  1.000	  0.010	  0.010
29	  0.000	 61.458	  1.000	  0.010	  0.010
30	  0.000	 63.542	  1.000	  0.010	  0.010
31	  0.000	 65.625	  1.000	  0.010	  0.010
32	  0.000	 67.708	  1.000	  0.010	  0.010
33	  0.000	 69.792	  1.000	  0.010	  0.010
34	  0.000	 71.875	  1.000	  0.010	  0.010
35	  0.000	 73.958	  1.000	  0.010	  0.010
36	  0.000	 76.042	  1.000	  0.010	  0.010
37	  0.000	 78.125	  1.000	  0.010	  0.010
38	  0.000	 80.208	  1.000	  0.010	  0.010
39	  0.000	 82.292	  1.000	  0.010	  0.010
40	  0.000	 84.375	  1.000	  0.010	  0.010
41	  0.000	 86.458	  1.000	  0.010	  0.010
42	  0.000	 88.542	  1.000	  0.010	  0.010
43	  0.000	 90.625	  1.000	  0.010	  0.010
44	  0.000	 92.708	  1.000	  0.010	  0.010
45	  0.000	 94.792	  1.000	  0.010	  0.010
46	  0.000	 96.875	  1.000	  0.010	  0.010
47	  0.000	 98.958	  1.000	  0.010	  0.010
0	  0.120	  1.061	  1.001	  0.331	  0.008
1	  0.120	  3.145	  1.001	  0.331	  0.008
2	  0.120	  5.228	  1.001	  0.331	  0.008
3	  0.120	  7.311	  1.001	  0.331	  0.008
4	  0.120	  9.395	  1.001	  0.331	  0.008
5	  0.120	 11.478	  1.001	  0.331	  0.008
6	  0.120	 13.561	  1.001	  0.331	  0.008
7	  0.120	 15.645	  1.001	  0.331	  0.008
8	  0.120	 17.728	  1.001	  0.331	  0.008
9	  0.120	 19.811	  1.001	  0.331	  0.008
10	  0.120	 21.895	  1.001	  0.331	  0.008
11	  0.120	 23.978	  1.001	  0.331	  0.008
12	  0.120	 26.061	  1.001	  0.331	  0.008
13	  0.120	 28.145	  1.001	  0.331	  0.008
14	  0.120	 30.228	  1.001	  0.331	  0.008
15	  0.120	 32.311	  1.001	  0.331	  0.008
16	  0.120	 34.395	  1.001	  0.331	  0.008
17	  0.120	 36.478	  1.001	  0.331	  0.008
18	  0.120	 38.561	  1.001	  0.331	  0.008
19	  0.120	 40.645	  1.001	  0.331	  0.008
20	  0.120	 42.728	  1.001	  0.331	  0.008
21	  0.120	 44.811	  1.001	  0.331	  0.008
22	  0.120	 46.895	  1.001	  0.331	  0.008
23	  0.120	 48.978	  1.001	  0.331	  0.008
24	  0.120	 51.061	  1.001	  0.331	  0.008
25	  0.120	 53.145	  1.001	  0.331	  0.008
26	  0.120	 55.228	  1.001	  0.331	  0.008
27	  0.120	 57.311	  1.001	  0.331	  0.008
28	  0.120	 59.395	  1.001	  0.331	  0.008
29	  0.120	 61.478	  1.001	  0.331	  0.008
30	  0.120	 63.561	  1.001	  0.331	  0.008
31	  0.120	 65.645	  1.001	  0.331	  0.008
32	  0.120	 67.728	  1.001	  0.331	  0.008
33	  0.120	 69.811	  1.001	  0.331	  0.008
34	  0.120	 71.895	  1.001	  0.331	  0.008
35	  0.120	 73.978	  1.001	  0.331	  0.008
36	  0.120	 76.061	  1.001	  0.331	  0.008
37	  0.120	 78.145	  1.001	  0.331	  0.008
38	  0.120	 80.228	  1.001	  0.331	  0.008
39	  0.120	 82.311	  1.001	  0.331	  0.008
40	  0.120	 84.395	  1.001	  0.331	  0.008
41	  0.120	 86.478	  1.001	  0.331	  0.008
42	  0.120	 88.561	  1.001	  0.331	  0.008
43	  0.120	 90.645	  1.001	  0.331	  0.008
44	  0.120	 92.728	  1.001	  0.331	  0.008
45	  0.120	 94.811	  1.001	  0.331	  0.008
46	  0.120	 96.895	  1.001	  0.331	  0.008
47	  0.120	 98.978	  1.001	  0.331	  0.008
0	  0.240	  1.115	  1.002	  0.582	  0.006
1	  0.240	  3.199	  1.002	  0.582	  0.006
2	  0.240	  5.282	  1.002	  0.582	  0.006
3	  0.240	  7.365	  1.002	  0.582	  0.006
4	  0.240	  9.449	  1.002	  0.582	  0.006
5	  0.240	 11.532	  1.002	  0.582	  0.006
6	  0.240	 13.615	  1.002	  0.582	  0.006
7	  0.240	 15.699	  1.002	  0.582	  0.006
8	  0.240	 17.782	  1.002	  0.582	  0.006
9	  0.240	 19.865	  1.002	  0.582	  0.006
10	  0.240	 21.949	  1.002	  0.582	  0.006
11	  0.240	 24.032	  1.002	  0.582	  0.006
12	  0.240	 26.115	  1.002	  0.582	  0.006
13	  0.240	 28.199	  1.002	  0.582	  0.006
14	  0.240	 30.282	  1.002	  0.582	  0.006
15	  0.240	 32.365	  1.002	  0.582	  0.006
16	  0.240	 34.449	  1.002	  0.582	  0.006
17	  0.240	 36.532	  1.002	  0.582	  0.006
18	  0.240	 38.615	  1.002	  0.582	  0.006
19	  0.240	 40.699	  1.002	  0.582	  0.006
20	  0.240	 42.782	  1.002	  0.582	  0.006
21	  0.240	 44.865	  1.002	  0.582	  0.006
22	  0.240	 46.949	  1.002	  0.582	  0.006
23	  0.240	 49.032	  1.002	  0.582	  0.006
24	  0.240	 51.115	  1.002	  0.582	  0.006
25	  0.240	 53.199	  1.002	  0.582	  0.006
26	  0.240	 55.282	  1.002	  0.582	  0.006
27	  0.240	 57.365	  1.002	  0.582	  0.006
28	  0.240	 59.449	  1.002	  0.582	  0.006
29	  0.240	 61.532	  1.002	  0.582	  0.006
30	  0.240	 63.615	  1.002	  0.582	  0.006
31	  0.240	 65.699	  1.002	  0.582	  0.006
32	  0.240	 67.782	  1.002	  0.582	  0.006
33	  0.240	 69.865	  1.002	  0.582	  0.006
34	  0.240	 71.949	  1.002	  0.582	  0.006
35	  0.240	 74.032	  1.002	  0.582	  0.006
36	  0.240	 76.115	  1.002	  0.582	  0.006
37	  0.240	 78.199	  1.002	  0.582	  0.006
38	  0.240	 80.282	  1.002	  0.582	  0.006
39	  0.240	 82.365	  1.002	  0.582	  0.006
40	  0.240	 84.449	  1.002	  0.582	  0.006
41	  0.240	 86.532	  1.002	  0.582	  0.006
42	  0.240	 88.615	  1.002	  0.582	  0.006
43	  0.240	 90.699	  1.002	  0.582	  0.006
44	  0.240	 92.782	  1.002	  0.582	  0.006
45	  0.240	 94.865	  1.002	  0.582	  0.006
46	  0.240	 96.949	  1.002	  0.582	  0.006
47	  0.240	 99.032	  1.002	  0.582	  0.006
0	  0.360	  1.197	  1.003	  0.780	  0.005
1	  0.360	  3.280	  1.003	  0.780	  0.005
2	  0.360	  5.363	  1.003	  0.780	  0.005
3	  0.360	  7.447	  1.003	  0.780	  0.005
4	  0.360	  9.530	  1.003	  0.780	  0.005
5	  0.360	 11.613	  1.003	  0.780	  0.005
6	  0.360	 13.697	  1.003	  0.780	  0.005
7	  0.360	 15.780	  1.003	  0.780	  0.005
8	  0.360	 17.863	  1.003	  0.780	  0.005
9	  0.360	 19.947	  1.003	  0.780	  0.005
10	  0.360	 22.030	  1.003	  0.780	  0.005
11	  0.360	 24.113	  1.003	  0.780	  0.005
12	  0.360	 26.197	  1.003	  0.780	  0.005
13	  0.360	 28.280	  1.003	  0.780	  0.005
14	  0.360	 30.363	  1.003	  0.780	  0.005
15	  0.360	 32.447	  1.003	  0.780	  0.005
16	  0.360	 34.530	  1.003	  0.780	  0.005
17	  0.360	 36.613	  1.003	  0.780	  0.005
18	  0.360	 38.697	  1.003	  0.780	  0.005
19	  0.360	 40.780	  1.003	  0.780	  0.005
20	  0.360	 42.863	  1.003	  0.780	  0.005
21	  0.360	 44.947	  1.003	  0.780	  0.005
22	  0.360	 47.030	  1.003	  0.780	  0.005
23	  0.360	 49.113	  1.003	  0.780	  0.005
24	  0.360	 51.197	  1.003	  0.780	  0.005
25	  0.360	 53.280	  1.003	  0.780	  0.005
26	  0.360	 55.363	  1.003	  0.780	  0.005
27	  0.360	 57.447	  1.003	  0.780	  0.005
28	  0.360	 59.530	  1.003	  0.780	  0.005
29	  0.360	 61.613	  1.003	  0.780	  0.005
30	  0.360	 63.697	  1.003	  0.780	  0.005
31	  0.360	 65.780	  1.003	  0.780	  0.005
32	  0.360	 67.863	  1.003	  0.780	  0.005
33	  0.360	 69.947	  1.003	  0.780	  0.005
34	  0.360	 72.030	  1.003	  0.780	  0.005
35	  0.360	 74.113	  1.003	  0.780	  0.005
36	  0.360	 76.197	  1.003	  0.780	  0.005
37	  0.360	 78.280	  1.003	  0.780	  0.005
38	  0.360	 80.363	  1.003	  0.780	  0.005
39	  0.360	 82.447	  1.003	  0.780	  0.005
40	  0.360	 84.530	  1.003	  0.780	  0.005
41	  0.360	 86.613	  1.003	  0.780	  0.005
42	  0.360	 88.697	  1.003	  0.780	  0.005
43	  0.360	 90.780	  1.003	  0.780	  0.005
44	  0.360	 92.863	  1.003	  0.780	  0.005
45	  0.360	 94.947	  1.003	  0.780	  0.005
46	  0.360	 97.030	  1.003	  0.780	  0.005
47	  0.360	 99.113	  1.003	  0.780	  0.005
0	  0.480	  1.299	  1.003	  0.935	  0.004
1	  0.480	  3.382	  1.003	  0.935	  0.004
2	  0.480	  5.466	  1.003	  0.935	  0.004
3	  0.480	  7.549	  1.003	  0.935	  0.004
4	  0.480	  9.632	  1.003	  0.935	  0.004
5	  0.480	 11.716	  1.003	  0.935	  0.004
6	  0.480	 13.799	  1.003	  0.935	  0.004
7	  0.480	 15.882	  1.003	  0.935	  0.004
8	  0.480	 17.966	  1.003	  0.935	  0.004
9	  0.480	 20.049	  1.003	  0.935	  0.004
10	  0.480	 22.132	  1.003	  0.935	  0.004
11	  0.480	 24.216	  1.003	  0.935	  0.004
12	  0.480	 26.299	  1.003	  0.935	  0.004
13	  0.480	 28.382	  1.003	  0.935	  0.004
14	  0.480	 30.466	  1.003	  0.935	  0.004
15	  0.480	 32.549	  1.003	  0.935	  0.004
16	  0.480	 34.632	  1.003	  0.935	  0.004
17	  0.480	 36.716	  1.003	  0.935	  0.004
18	  0.480	 38.799	  1.003	  0.935	  0.004
19	  0.480	 40.882	  1.003	  0.935	  0.004
20	  0.480	 42.966	  1.003	  0.935	  0.004
21	  0.480	 45.049	  1.003	  0.935	  0.004
22	  0.480	 47.132	  1.003	  0.935	  0.004
23	  0.480	 49.216	  1.003	  0.935	  0.004
24	  0.480	 51.299	  1.003	  0.935	  0.004
25	  0.480	 53.382	  1.003	  0.935	  0.004
26	  0.480	 55.466	  1.003	  0.935	  0.004
27	  0.480	 57.549	  1.003	  0.935	  0.004
28	  0.480	 59.632	  1.003	  0.935	  0.004
29	  0.480	 61.716	  1.003	  0.935	  0.004
30	  0.480	 63.799	  1.003	  0.935	  0.004
31	  0.480	 65.882	  1.003	  0.935	  0.004
32	  0.480	 67.966	  1.003	  0.935	  0.004
33	  0.480	 70.049	  1.003	  0.935	  0.004
34	  0.480	 72.132	  1.003	  0.935	  0.004
35	  0.480	 74.216	  1.003	  0.935	  0.004
36	  0.480	 76.299	  1.003	  0.935	  0.004
37	  0.480	 78.382	  1.003	  0.935	  0.004
38	  0.480	 80.466	  1.003	  0.935	  0.004
39	  0.480	 82.549	  1.003	  0.935	  0.004
40	  0.480	 84.632	  1.003	  0.935	  0.004
41	  0.480	 86.716	  1.003	  0.935	  0.004
42	  0.480	 88.799	  1.003	  0.935	  0.004
43	  0.480	 90.882	  1.003	  0.935	  0.004
44	  0.480	 92.966	  1.003	  0.935	  0.004
45	  0.480	 95.049	  1.003	  0.935	  0.004
46	  0.480	 97.132	  1.003	  0.935	  0.004
47	  0.480	 99.216	  1.003	  0.935	  0.004
0	  0.600	  1.418	  1.004	  1.057	  0.003
1	  0.600	  3.502	  1.004	  1.057	  0.003
2	  0.600	  5.585	  1.004	  1.057	  0.003
3	  0.600	  7.668	  1.004	  1.057	  0.003
4	  0.600	  9.752	  1.004	  1.057	  0.003
5	  0.600	 11.835	  1.004	  1.057	  0.003
6	  0.600	 13.918	  1.004	  1.057	  0.003
7	  0.600	 16.002	  1.004	  1.057	  0.003
8	  0.600	 18.085	  1.004	  1.057	  0.003
9	  0.600	 20.168	  1.004	  1.057	  0.003
10	  0.600	 22.252	  1.004	  1.057	  0.003
11	  0.600	 24.335	  1.004	  1.057	  0.003
12	  0.600	 26.418	  1.004	  1.057	  0.003
13	  0.600	 28.502	  1.004	  1.057	  0.003
14	  0.600	 30.585	  1.004	  1.057	  0.003
15	  0.600	 32.668	  1.004	  1.057	  0.003
16	  0.600	 34.752	  1.004	  1.057	  0.003
17	  0.600	 36.835	  1.004	  1.057	  0.003
18	  0.600	 38.918	  1.004	  1.057	  0.003
19	  0.600	 41.002	  1.004	  1.057	  0.003
20	  0.600	 43.085	  1.004	  1.057	  0.003
21	  0.600	 45.168	  1.004	  1.057	  0.003
22	  0.600	 47.252	  1.004	  1.057	  0.003
23	  0.600	 49.335	  1.004	  1.057	  0.003
24	  0.600	 51.418	  1.004	  1.057	  0.003
25	  0.600	 53.502	  1.004	  1.057	  0.003
26	  0.600	 55.585	  1.004	  1.057	  0.003
27	  0.600	 57.668	  1.004	  1.057	  0.003
28	  0.600	 59.752	  1.004	  1.057	  0.003
29	  0.600	 61.835	  1.004	  1.057	  0.003
30	  0.600	 63.918	  1.004	  1.057	  0.003
31	  0.600	 66.002	  1.004	  1.057	  0.003
32	  0.600	 68.085	  1.004	  1.057	  0.003
33	  0.600	 70.168	  1.004	  1.057	  0.003
34	  0.600	 72.252	  1.004	  1.057	  0.003
35	  0.600	 74.335	  1.004	  1.057	  0.003
36	  0.600	 76.418	  1.004	  1.057	  0.003
37	  0.600	 78.502	  1.004	  1.057	  0.003
38	  0.600	 80.585	  1.004	  1.057	  0.003
39	  0.600	 82.668	  1.004	  1.057	  0.003
40	  0.600	 84.752	  1.004	  1.057	  0.003
41	  0.600	 86.835	  1.004	  1.057	  0.003
42	  0.600	 88.918	  1.004	  1.057	  0.003
43	  0.600	 91.002	  1.004	  1.057	  0.003
44	  0.600	 93.085	  1.004	  1.057	  0.003
45	  0.600	 95.168	  1.004	  1.057	  0.003
46	  0.600	 97.252	  1.004	  1.057	  0.003
47	  0.600	 99.335	  1.004	  1.057	  0.003
0	  0.720	  1.551	  1.004	  1.152	  0.002
1	  0.720	  3.634	  1.004	  1.152	  0.002
2	  0.720	  5.717	  1.004	  1.152	  0.002
3	  0.720	  7.801	  1.004	  1.152	  0.002
4	  0.720	  9.884	  1.004	  1.152	  0.002
5	  0.720	 11.967	  1.004	  1.152	  0.002
6	  0.720	 14.051	  1.004	  1.152	  0.002
7	  0.720	 16.134	  1.004	  1.152	  0.002
8	  0.720	 18.217	  1.004	  1.152	  0.002
9	  0.720	 20.301	  1.004	  1.152	  0.002
10	  0.720	 22.384	  1.004	  1.152	  0.002
11	  0.720	 24.467	  1.004	  1.152	  0.002
12	  0.720	 26.551	  1.004	  1.152	  0.002
13	  0.720	 28.634	  1.004	  1.152	  0.002
14	  0.720	 30.717	  1.004	  1.152	  0.002
15	  0.720	 32.801	  1.004	  1.152	  0.002
16	  0.720	 34.884	  1.004	  1.152	  0.002
17	  0.720	 36.967	  1.004	  1.152	  0.002
18	  0.720	 39.051	  1.004	  1.152	  0.002
19	  0.720	 41.134	  1.004	  1.152	  0.002
20	  0.720	 43.217	  1.004	  1.152	  0.002
21	  0.720	 45.301	  1.004	  1.152	  0.002
22	  0.720	 47.384	  1.004	  1.152	  0.002
23	  0.720	 49.467	  1.004	  1.152	  0.002
24	  0.720	 51.551	  1.004	  1.152	  0.002
25	  0.720	 53.634	  1.004	  1.152	  0.002
26	  0.720	 55.717	  1.004	  1.152	  0.002
27	  0.720	 57.801	  1.004	  1.152	  0.002
28	  0.720	 59.884	  1.004	  1.152	  0.002
29	  0.720	 61.967	  1.004	  1.152	  0.002
30	  0.720	 64.051	  1.004	  1.152	  0.002
31	  0.720	 66.134	  1.004	  1.152	  0.002
32	  0.720	 68.217	  1.004	  1.152	  0.002
33	  0.720	 70.301	  1.004	  1.152	  0.002
34	  0.720	 72.384	  1.004	  1.152	  0.002
35	  0.720	 74.467	  1.004	  1.152	  0.002
36	  0.720	 76.551	  1.004	  1.152	  0.002
37	  0.720	 78.634	  1.004	  1.152	  0.002
38	  0.720	 80.717	  1.004	  1.152	  0.002
39	  0.720	 82.801	  1.004	  1.152	  0.002
40	  0.720	 84.884	  1.004	  1.152	  0.002
41	  0.720	 86.967	  1.004	  1.152	  0.002
42	  0.720	 89.051	  1.004	  1.152	  0.002
43	  0.720	 91.134	  1.004	  1.152	  0.002
44	  0.720	 93.217	  1.004	  1.152	  0.002
45	  0.720	 95.301	  1.004	  1.152	  0.002
46	  0.720	 97.384	  1.004	  1.152	  0.002
47	  0.720	 99.467	  1.004	  1.152	  0.002
0	  0.840	  1.693	  1.004	  1.227	  0.002
1	  0.840	  3.776	  1.004	  1.227	  0.002
2	  0.840	  5.860	  1.004	  1.227	  0.002
3	  0.840	  7.943	  1.004	  1.227	  0.002
4	  0.840	 10.026	  1.004	  1.227	  0.002
5	  0.840	 12.110	  1.004	  1.227	  0.002
6	  0.840	 14.193	  1.004	  1.227	  0.002
7	  0.840	 16.276	  1.004	  1.227	  0.002
8	  0.840	 18.360	  1.004	  1.227	  0.002
9	  0.840	 20.443	  1.004	  1.227	  0.002
10	  0.840	 22.526	  1.004	  1.227	  0.002
11	  0.840	 24.610	  1.004	  1.227	  0.002
12	  0.840	 26.693	  1.004	  1.227	  0.002
13	  0.840	 28.776	  1.004	  1.227	  0.002
14	  0.840	 30.860	  1.004	  1.227	  0.002
15	  0.840	 32.943	  1.004	  1.227	  0.002
16	  0.840	 35.026	  1.004	  1.227	  0.002
17	  0.840	 37.110	  1.004	  1.227	  0.002
18	  0.840	 39.193	  1.004	  1.227	  0.002
19	  0.840	 41.276	  1.004	  1.227	  0.002
20	  0.840	 43.360	  1.004	  1.227	  0.002
21	  0.840	 45.443	  1.004	  1.227	  0.002
22	  0.840	 47.526	  1.004	  1.227	  0.002
23	  0.840	 49.610	  1.004	  1.227	  0.002
24	  0.840	 51.693	  1.004	  1.227	  0.002
25	  0.840	 53.776	  1.004	  1.227	  0.002
26	  0.840	 55.860	  1.004	  1.227	  0.002
27	  0.840	 57.943	  1.004	  1.227	  0.002
28	  0.840	 60.026	  1.004	  1.227	  0.002
29	  0.840	 62.110	  1.004	  1.227	  0.002
30	  0.840	 64.193	  1.004	  1.227	  0.002
31	  0.840	 66.276	  1.004	  1.227	  0.002
32	  0.840	 68.360	  1.004	  1.227	  0.002
33	  0.840	 70.443	  1.004	  1.227	  0.002
34	  0.840	 72.526	  1.004	  1.227	  0.002
35	  0.840	 74.610	  1.004	  1.227	  0.002
36	  0.840	 76.693	  1.004	  1.227	  0.002
37	  0.840	 78.776	  1.004	  1.227	  0.002
38	  0.840	 80.860	  1.004	  1.227	  0.002
39	  0.840	 82.943	  1.004	  1.227	  0.002
40	  0.840	 85.026	  1.004	  1.227	  0.002
41	  0.840	 87.110	  1.004	  1.227	  0.002
42	  0.840	 89.193	  1.004	  1.227	  0.002
43	  0.840	 91.276	  1.004	  1.227	  0.002
44	  0.840	 93.360	  1.004	  1.227	  0.002
45	  0.840	 95.443	  1.004	  1.227	  0.002
46	  0.840	 97.526	  1.004	  1.227	  0.002
47	  0.840	 99.610	  1.004	  1.227	  0.002
0	  0.960	  1.844	  1.004	  1.286	  0.001
1	  0.960	  3.927	  1.004	  1.286	  0.001
2	  0.960	  6.010	  1.004	  1.286	  0.001
3	  0.960	  8.094	  1.004	  1.286	  0.001
4	  0.960	 10.177	  1.004	  1.286	  0.001
5	  0.960	 12.260	  1.004	  1.286	  0.001
6	  0.960	 14.344	  1.004	  1.286	  0.001
7	  0.960	 16.427	  1.004	  1.286	  0.001
8	  0.960	 18.510	  1.004	  1.286	  0.001
9	  0.960	 20.594	  1.004	  1.286	  0.001
10	  0.960	 22.677	  1.004	  1.286	  0.001
11	  0.960	 24.760	  1.004	  1.286	  0.001
12	  0.960	 26.844	  1.004	  1.286	  0.001
13	  0.960	 28.927	  1.004	  1.286	  0.001
14	  0.960	 31.010	  1.004	  1.286	  0.001
15	  0.960	 33.094	  1.004	  1.286	  0.001
16	  0.960	 35.177	  1.004	  1.286	  0.001
17	  0.960	 37.260	  1.004	  1.286	  0.001
18	  0.960	 39.344	  1.004	  1.286	  0.001
19	  0.960	 41.427	  1.004	  1.286	  0.001
20	  0.960	 43.510	  1.004	  1.286	  0.001
21	  0.960	 45.594	  1.004	  1.286	  0.001
22	  0.960	 47.677	  1.004	  1.286	  0.001
23	  0.960	 49.760	  1.004	  1.286	  0.001
24	  0.960	 51.844	  1.004	  1.286	  0.001
25	  0.960	 53.927	  1.004	  1.286	  0.001
26	  0.960	 56.010	  1.004	  1.286	  0.001
27	  0.960	 58.094	  1.004	  1.286	  0.001
28	  0.960	 60.177	  1.004	  1.286	  0.001
29	  0.960	 62.260	  1.004	  1.286	  0.001
30	  0.960	 64.344	  1.004	  1.286	  0.001
31	  0.960	 66.427	  1.004	  1.286	  0.001
32	  0.960	 68.510	  1.004	  1.286	  0.001
33	  0.960	 70.594	  1.004	  1.286	  0.001
34	  0.960	 72.677	  1.004	  1.286	  0.001
35	  0.960	 74.760	  1.004	  1.286	  0.001
36	  0.960	 76.844	  1.004	  1.286	  0.001
37	  0.960	 78.927	  1.004	  1.286	  0.001
38	  0.960	 81.010	  1.004	  1.286	  0.001
39	  0.960	 83.094	  1.004	  1.286	  0.001
40	  0.960	 85.177	  1.004	  1.286	  0.001
41	  0.960	 87.260	  1.004	  1.286	  0.001
42	  0.960	 89.344	  1.004	  1.286	  0.001
43	  0.960	 91.427	  1.004	  1.286	  0.001
44	  0.960	 93.510	  1.004	  1.286	  0.001
45	  0.960	 95.594	  1.004	  1.286	  0.001
46	  0.960	 97.677	  1.004	  1.286	  0.001
47	  0.960	 99.760	  1.004	  1.286	  0.001
0	  1.080	  2.001	  1.004	  1.332	  0.001
1	  1.080	  4.084	  1.004	  1.332	  0.001
2	  1.080	  6.167	  1.004	  1.332	  0.001
3	  1.080	  8.251	  1.004	  1.332	  0.001
4	  1.080	 10.334	  1.004	  1.332	  0.001
5	  1.080	 12.417	  1.004	  1.332	  0.001
6	  1.080	 14.501	  1.004	  1.332	  0.001
7	  1.080	 16.584	  1.004	  1.332	  0.001
8	  1.080	 18.667	  1.004	  1.332	  0.001
9	  1.080	 20.751	  1.004	  1.332	  0.001
10	  1.080	 22.834	  1.004	  1.332	  0.001
11	  1.080	 24.917	  1.004	  1.332	  0.001
12	  1.080	 27.001	  1.004	  1.332	  0.001
13	  1.080	 29.084	  1.004	  1.332	  0.001
14	  1.080	 31.167	  1.004	  1.332	  0.001
15	  1.080	 33.251	  1.004	  1.332	  0.001
16	  1.080	 35.334	  1.004	  1.332	  0.001
17	  1.080	 37.417	  1.004	  1.332	  0.001
18	  1.080	 39.501	  1.004	  1.332	  0.001
19	  1.080	 41.584	  1.004	  1.332	  0.001
20	  1.080	 43.667	  1.004	  1.332	  0.001
21	  1.080	 45.751	  1.004	  1.332	  0.001
22	  1.080	 47.834	  1.004	  1.332	  0.001
23	  1.080	 49.917	  1.004	  1.332	  0.001
24	  1.080	 52.001	  1.004	  1.332	  0.001
25	  1.080	 54.084	  1.004	  1.332	  0.001
26	  1.080	 56.167	  1.004	  1.332	  0.001
27	  1.080	 58.251	  1.004	  1.332	  0.001
28	  1.080	 60.334	  1.004	  1.332	  0.001
29	  1.080	 62.417	  1.004	  1.332	  0.001
30	  1.080	 64.501	  1.004	  1.332	  0.001
31	  1.080	 66.584	  1.004	  1.332	  0.001
32	  1.080	 68.667	  1.004	  1.332	  0.001
33	  1.080	 70.751	  1.004	  1.332	  0.001
34	  1.080	 72.834	  1.004	  1.332	  0.001
35	  1.080	 74.917	  1.004	  1.332	  0.001
36	  1.080	 77.001	  1.004	  1.332	  0.001
37	  1.080	 79.084	  1.004	  1.332	  0.001
38	  1.080	 81.167	  1.004	  1.332	  0.001
39	  1.080	 83.251	  1.004	  1.332	  0.001
40	  1.080	 85.334	  1.004	  1.332	  0.001
41	  1.080	 87.417	  1.004	  1.332	  0.001
42	  1.080	 89.501	  1.004	  1.332	  0.001
43	  1.080	 91.584	  1.004	  1.332	  0.001
44	  1.080	 93.667	  1.004	  1.332	  0.001
45	  1.080	 95.751	  1.004	  1.332	  0.001
46	  1.080	 97.834	  1.004	  1.332	  0.001
47	  1.080	 99.917	  1.004	  1.332	  0.001
0	  1.200	  2.162	  1.005	  1.368	  0.001
1	  1.200	  4.246	  1.005	  1.368	  0.001
2	  1.200	  6.329	  1.005	  1.368	  0.001
3	  1.200	  8.412	  1.005	  1.368	  0.001
4	  1.200	 10.496	  1.005	  1.368	  0.001
5	  1.200	 12.579	  1.005	  1.368	  0.001
6	  1.200	 14.662	  1.005	  1.368	  0.001
7	  1.200	 16.746	  1.005	  1.368	  0.001
8	  1.200	 18.829	  1.005	  1.368	  0.001
9	  1.200	 20.912	  1.005	  1.368	  0.001
10	  1.200	 22.996	  1.005	  1.368	  0.001
11	  1.200	 25.079	  1.005	  1.368	  0.001
12	  1.200	 27.162	  1.005	  1.368	  0.001
13	  1.200	 29.246	  1.005	  1.368	  0.001
14	  1.200	 31.329	  1.005	  1.368	  0.001
15	  1.200	 33.412	  1.005	  1.368	  0.001
16	  1.200	 35.496	  1.005	  1.368	  0.001
17	  1.200	 37.579	  1.005	  1.368	  0.001
18	  1.200	 39.662	  1.005	  1.368	  0.001
19	  1.200	 41.746	  1.005	  1.368	  0.001
20	  1.200	 43.829	  1.005	  1.368	  0.001
21	  1.200	 45.912	  1.005	  1.368	  0.001
22	  1.200	 47.996	  1.005	  1.368	  0.001
23	  1.200	 50.079	  1.005	  1.368	  0.001
24	  1.200	 52.162	  1.005	  1.368	  0.001
25	  1.200	 54.246	  1.005	  1.368	  0.001
26	  1.200	 56.329	  1.005	  1.368	  0.001
27	  1.200	 58.412	  1.005	  1.368	  0.001
28	  1.200	 60.496	  1.005	  1.368	  0.001
29	  1.200	 62.579	  1.005	  1.368	  0.001
30	  1.200	 64.662	  1.005	  1.368	  0.001
31	  1.200	 66.746	  1.005	  1.368	  0.001
32	  1.200	 68.829	  1.005	  1.368	  0.001
33	  1.200	 70.912	  1.005	  1.368	  0.001
34	  1.200	 72.996	  1.005	  1.368	  0.001
35	  1.200	 75.079	  1.005	  1.368	  0.001
36	  1.200	 77.162	  1.005	  1.368	  0.001
37	  1.200	 79.246	  1.005	  1.368	  0.001
38	  1.200	 81.329	  1.005	  1.368	  0.001
39	  1.200	 83.412	  1.005	  1.368	  0.001
40	  1.200	 85.496	  1.005	  1.368	  0.001
41	  1.200	 87.579	  1.005	  1.368	  0.001
42	  1.200	 89.662	  1.005	  1.368	  0.001
43	  1.200	 91.746	  1.005	  1.368	  0.001
44	  1.200	 93.829	  1.005	  1.368	  0.001
45	  1.200	 95.912	  1.005	  1.368	  0.001
46	  1.200	 97.996	  1.005	  1.368	  0.001
47	  1.200	100.079	  1.005	  1.368	  0.001
0	  1.320	  2.328	  1.005	  1.396	  0.001
1	  1.320	  4.412	  1.005	  1.396	  0.001
2	  1.320	  6.495	  1.005	  1.396	  0.001
3	  1.320	  8.578	  1.005	  1.396	  0.001
4	  1.320	 10.662	  1.005	  1.396	  0.001
5	  1.320	 12.745	  1.005	  1.396	  0.001
6	  1.320	 14.828	  1.005	  1.396	  0.001
7	  1.320	 16.912	  1.005	  1.396	  0.001
8	  1.320	 18.995	  1.005	  1.396	  0.001
9	  1.320	 21.078	  1.005	  1.396	  0.001
10	  1.320	 23.162	  1.005	  1.396	  0.001
11	  1.320	 25.245	  1.005	  1.396	  0.001
12	  1.320	 27.328	  1.005	  1.396	  0.001
13	  1.320	 29.412	  1.005	  1.396	  0.001
14	  1.320	 31.495	  1.005	  1.396	  0.001
15	  1.320	 33.578	  1.005	  1.396	  0.001
16	  1.320	 35.662	  1.005	  1.396	  0.001
17	  1.320	 37.745	  1.005	  1.396	  0.001
18	  1.320	 39.828	  1.005	  1.396	  0.001
19	  1.320	 41.912	  1.005	  1.396	  0.001
20	  1.320	 43.995	  1.005	  1.396	  0.001
21	  1.320	 46.078	  1.005	  1.396	  0.001
22	  1.320	 48.162	  1.005	  1.396	  0.001
23	  1.320	 50.245	  1.005	  1.396	  0.001
24	  1.320	 52.328	  1.005	  1.396	  0.001
25	  1.320	 54.412	  1.005	  1.396	  0.001
26	  1.320	 56.495	  1.005	  1.396	  0.001
27	  1.320	 58.578	  1.005	  1.396	  0.001
28	  1.320	 60.662	  1.005	  1.396	  0.001
29	  1.320	 62.745	  1.005	  1.396	  0.001
30	  1.320	 64.828	  1.005	  1.396	  0.001
31	  1.320	 66.912	  1.005	  1.396	  0.001
32	  1.320	 68.995	  1.005	  1.396	  0.001
33	  1.320	 71.078	  1.005	  1.396	  0.001
34	  1.320	 73.162	  1.005	  1.396	  0.001
35	  1.320	 75.245	  1.005	  1.396	  0.001
36	  1.320	 77.328	  1.005	  1.396	  0.001
37	  1.320	 79.412	  1.005	  1.396	  0.001
38	  1.320	 81.495	  1.005	  1.396	  0.001
39	  1.320	 83.578	  1.005	  1.396	  0.001
40	  1.320	 85.662	  1.005	  1.396	  0.001
41	  1.320	 87.745	  1.005	  1.396	  0.001
42	  1.320	 89.828	  1.005	  1.396	  0.001
43	  1.320	 91.912	  1.005	  1.396	  0.001
44	  1.320	 93.995	  1.005	  1.396	  0.001
45	  1.320	 96.078	  1.005	  1.396	  0.001
46	  1.320	 98.162	  1.005	  1.396	  0.001
47	  1.320	100.245	  1.005	  1.396	  0.001
0	  1.440	  2.497	  1.005	  1.419	  0.001
1	  1.440	  4.580	  1.005	  1.419	  0.001
2	  1.440	  6.664	  1.005	  1.419	  0.001
3	  1.440	  8.747	  1.005	  1.419	  0.001
4	  1.440	 10.830	  1.005	  1.419	  0.001
5	  1.440	 12.914	  1.005	  1.419	  0.001
6	  1.440	 14.997	  1.005	  1.419	  0.001
7	  1.440	 17.080	  1.005	  1.419	  0.001
8	  1.440	 19.164	  1.005	  1.419	  0.001
9	  1.440	 21.247	  1.005	  1.419	  0.001
10	  1.440	 23.330	  1.005	  1.419	  0.001
11	  1.440	 25.414	  1.005	  1.419	  0.001
12	  1.440	 27.497	  1.005	  1.419	  0.001
13	  1.440	 29.580	  1.005	  1.419	  0.001
14	  1.440	 31.664	  1.005	  1.419	  0.001
15	  1.440	 33.747	  1.005	  1.419	  0.001
16	  1.440	 35.830	  1.005	  1.419	  0.001
17	  1.440	 37.914	  1.005	  1.419	  0.001
18	  1.440	 39.997	  1.005	  1.419	  0.001
19	  1.440	 42.080	  1.005	  1.419	  0.001
20	  1.440	 44.164	  1.005	  1.419	  0.001
21	  1.440	 46.247	  1.005	  1.419	  0.001
22	  1.440	 48.330	  1.005	  1.419	  0.001
23	  1.440	 50.414	  1.005	  1.419	  0.001
24	  1.440	 52.497	  1.005	  1.419	  0.001
25	  1.440	 54.580	  1.005	  1.419	  0.001
26	  1.440	 56.664	  1.005	  1.419	  0.001
27	  1.440	 58.747	  1.005	  1.419	  0.001
28	  1.440	 60.830	  1.005	  1.419	  0.001
29	  1.440	 62.914	  1.005	  1.419	  0.001
30	  1.440	 64.997	  1.005	  1.419	  0.001
31	  1.440	 67.080	  1.005	  1.419	  0.001
32	  1.440	 69.164	  1.005	  1.419	  0.001
33	  1.440	 71.247	  1.005	  1.419	  0.001
34	  1.440	 73.330	  1.005	  1.419	  0.001
35	  1.440	 75.414	  1.005	  1.419	  0.001
36	  1.440	 77.497	  1.005	  1.419	  0.001
37	  1.440	 79.580	  1.005	  1.419	  0.001
38	  1.440	 81.664	  1.005	  1.419	  0.001
39	  1.440	 83.747	  1.005	  1.419	  0.001
40	  1.440	 85.830	  1.005	  1.419	  0.001
41	  1.440	 87.914	  1.005	  1.419	  0.001
42	  1.440	 89.997	  1.005	  1.419	  0.001
43	  1.440	 92.080	  1.005	  1.419	  0.001
44	  1.440	 94.164	  1.005	  1.419	  0.001
45	  1.440	 96.247	  1.005	  1.419	  0.001
46	  1.440	 98.330	  1.005	  1.419	  0.001
47	  1.440	100.414	  1.005	  1.419	  0.001
0	  1.560	  2.668	  1.005	  1.436	  0.000
1	  1.560	  4.752	  1.005	  1.436	  0.000
2	  1.560	  6.835	  1.005	  1.436	  0.000
3	  1.560	  8.918	  1.005	  1.436	  0.000
4	  1.560	 11.002	  1.005	  1.436	  0.000
5	  1.560	 13.085	  1.005	  1.436	  0.000
6	  1.560	 15.168	  1.005	  1.436	  0.000
7	  1.560	 17.252	  1.005	  1.436	  0.000
8	  1.560	 19.335	  1.005	  1.436	  0.000
9	  1.560	 21.418	  1.005	  1.436	  0.000
10	  1.560	 23.502	  1.005	  1.436	  0.000
11	  1.560	 25.585	  1.005	  1.436	  0.000
12	  1.560	 27.668	  1.005	  1.436	  0.000
13	  1.560	 29.752	  1.005	  1.436	  0.000
14	  1.560	 31.835	  1.005	  1.436	  0.000
15	  1.560	 33.918	  1.005	  1.436	  0.000
16	  1.560	 36.002	  1.005	  1.436	  0.000
17	  1.560	 38.085	  1.005	  1.436	  0.000
18	  1.560	 40.168	  1.005	  1.436	  0.000
19	  1.560	 42.252	  1.005	  1.436	  0.000
20	  1.560	 44.335	  1.005	  1.436	  0.000
21	  1.560	 46.418	  1.005	  1.436	  0.000
22	  1.560	 48.502	  1.005	  1.436	  0.000
23	  1.560	 50.585	  1.005	  1.436	  0.000
24	  1.560	 52.668	  1.005	  1.436	  0.000
25	  1.560	 54.752	  1.005	  1.436	  0.000
26	  1.560	 56.835	  1.005	  1.436	  0.000
27	  1.560	 58.918	  1.005	  1.436	  0.000
28	  1.560	 61.002	  1.005	  1.436	  0.000
29	  1.560	 63.085	  1.005	  1.436	  0.000
30	  1.560	 65.168	  1.005	  1.436	  0.000
31	  1.560	 67.252	  1.005	  1.436	  0.000
32	  1.560	 69.335	  1.005	  1.436	  0.000
33	  1.560	 71.418	  1.005	  1.436	  0.000
34	  1.560	 73.502	  1.005	  1.436	  0.000
35	  1.560	 75.585	  1.005	  1.436	  0.000
36	  1.560	 77.668	  1.005	  1.436	  0.000
37	  1.560	 79.752	  1.005	  1.436	  0.000
38	  1.560	 81.835	  1.005	  1.436	  0.000
39	  1.560	 83.918	  1.005	  1.436	  0.000
40	  1.560	 86.002	  1.005	  1.436	  0.000
41	  1.560	 88.085	  1.005	  1.436	  0.000
42	  1.560	 90.168	  1.005	  1.436	  0.000
43	  1.560	 92.252	  1.005	  1.436	  0.000
44	  1.560	 94.335	  1.005	  1.436	  0.000
45	  1.560	 96.418	  1.005	  1.436	  0.000
46	  1.560	 98.502	  1.005	  1.436	  0.000
47	  1.560	100.585	  1.005	  1.436	  0.000
0	  1.680	  2.841	  1.005	  1.450	  0.000
1	  1.680	  4.925	  1.005	  1.450	  0.000
2	  1.680	  7.008	  1.005	  1.450	  0.000
3	  1.680	  9.091	  1.005	  1.450	  0.000
4	  1.680	 11.175	  1.005	  1.450	  0.000
5	  1.680	 13.258	  1.005	  1.450	  0.000
6	  1.680	 15.341	  1.005	  1.450	  0.000
7	  1.680	 17.425	  1.005	  1.450	  0.000
8	  1.680	 19.508	  1.005	  1.450	  0.000
9	  1.680	 21.591	  1.005	  1.450	  0.000
10	  1.680	 23.675	  1.005	  1.450	  0.000
11	  1.680	 25.758	  1.005	  1.450	  0.000
12	  1.680	 27.841	  1.005	  1.450	  0.000
13	  1.680	 29.925	  1.005	  1.450	  0.000
14	  1.680	 32.008	  1.005	  1.450	  0.000
15	  1.680	 34.091	  1.005	  1.450	  0.000
16	  1.680	 36.175	  1.005	  1.450	  0.000
17	  1.680	 38.258	  1.005	  1.450	  0.000
18	  1.680	 40.341	  1.005	  1.450	  0.000
19	  1.680	 42.425	  1.005	  1.450	  0.000
20	  1.680	 44.508	  1.005	  1.450	  0.000
21	  1.680	 46.591	  1.005	  1.450	  0.000
22	  1.680	 48.675	  1.005	  1.450	  0.000
23	  1.680	 50.758	  1.005	  1.450	  0.000
24	  1.680	 52.841	  1.005	  1.450	  0.000
25	  1.680	 54.925	  1.005	  1.450	  0.000
26	  1.680	 57.008	  1.005	  1.450	  0.000
27	  1.680	 59.091	  1.005	  1.450	  0.000
28	  1.680	 61.175	  1.005	  1.450	  0.000
29	  1.680	 63.258	  1.005	  1.450	  0.000
30	  1.680	 65.341	  1.005	  1.450	  0.000
31	  1.680	 67.425	  1.005	  1.450	  0.000
32	  1.680	 69.508	  1.005	  1.450	  0.000
33	  1.680	 71.591	  1.005	  1.450	  0.000
34	  1.680	 73.675	  1.005	  1.450	  0.000
35	  1.680	 75.758	  1.005	  1.450	  0.000
36	  1.680	 77.841	  1.005	  1.450	  0.000
37	  1.680	 79.925	  1.005	  1.450	  0.000
38	  1.680	 82.008	  1.005	  1.450	  0.000
39	  1.680	 84.091	  1.005	  1.450	  0.000
40	  1.680	 86.175	  1.005	  1.450	  0.000
41	  1.680	 88.258	  1.005	  1.450	  0.000
42	  1.680	 90.341	  1.005	  1.450	  0.000
43	  1.680	 92.425	  1.005	  1.450	  0.000
44	  1.680	 94.508	  1.005	  1.450	  0.000
45	  1.680	 96.591	  1.005	  1.450	  0.000
46	  1.680	 98.675	  1.005	  1.450	  0.000
47	  1.680	100.758	  1.005	  1.450	  0.000
0	  1.800	  3.016	  1.005	  1.461	  0.000
1	  1.800	  5.099	  1.005	  1.461	  0.000
2	  1.800	  7.183	  1.005	  1.461	  0.000
3	  1.800	  9.266	  1.005	  1.461	  0.000
4	  1.800	 11.349	  1.005	  1.461	  0.000
5	  1.800	 13.433	  1.005	  1.461	  0.000
6	  1.800	 15.516	  1.005	  1.461	  0.000
7	  1.800	 17.599	  1.005	  1.461	  0.000
8	  1.800	 19.683	  1.005	  1.461	  0.000
9	  1.800	 21.766	  1.005	  1.461	  0.000
10	  1.800	 23.849	  1.005	  1.461	  0.000
11	  1.800	 25.933	  1.005	  1.461	  0.000
12	  1.800	 28.016	  1.005	  1.461	  0.000
13	  1.800	 30.099	  1.005	  1.461	  0.000
14	  1.800	 32.183	  1.005	  1.461	  0.000
15	  1.800	 34.266	  1.005	  1.461	  0.000
16	  1.800	 36.349	  1.005	  1.461	  0.000
17	  1.800	 38.433	  1.005	  1.461	  0.000
18	  1.800	 40.516	  1.005	  1.461	  0.000
19	  1.800	 42.599	  1.005	  1.461	  0.000
20	  1.800	 44.683	  1.005	  1.461	  0.000
21	  1.800	 46.766	  1.005	  1.461	  0.000
22	  1.800	 48.849	  1.005	  1.461	  0.000
23	  1.800	 50.933	  1.005	  1.461	  0.000
24	  1.800	 53.016	  1.005	  1.461	  0.000
25	  1.800	 55.099	  1.005	  1.461	  0.000
26	  1.800	 57.183	  1.005	  1.461	  0.000
27	  1.800	 59.266	  1.005	  1.461	  0.000
28	  1.800	 61.349	  1.005	  1.461	  0.000
29	  1.800	 63.433	  1.005	  1.461	  0.000
30	  1.800	 65.516	  1.005	  1.461	  0.000
31	  1.800	 67.599	  1.005	  1.461	  0.000
32	  1.800	 69.683	  1.005	  1.461	  0.000
33	  1.800	 71.766	  1.005	  1.461	  0.000
34	  1.800	 73.849	  1.005	  1.461	  0.000
35	  1.800	 75.933	  1.005	  1.461	  0.000
36	  1.800	 78.016	  1.005	  1.461	  0.000
37	  1.800	 80.099	  1.005	  1.461	  0.000
38	  1.800	 82.183	  1.005	  1.461	  0.000
39	  1.800	 84.266	  1.005	  1.461	  0.000
40	  1.800	 86.349	  1.005	  1.461	  0.000
41	  1.800	 88.433	  1.005	  1.461	  0.000
42	  1.800	 90.516	  1.005	  1.461	  0.000
43	  1.800	 92.599	  1.005	  1.461	  0.000
44	  1.800	 94.683	  1.005	  1.461	  0.000
45	  1.800	 96.766	  1.005	  1.461	  0.000
46	  1.800	 98.849	  1.005	  1.461	  0.000
47	  1.800	100.933	  1.005	  1.461	  0.000
0	  1.920	  3.192	  1.005	  1.469	  0.000
1	  1.920	  5.275	  1.005	  1.469	  0.000
2	  1.920	  7.358	  1.005	  1.469	  0.000
3	  1.920	  9.442	  1.005	  1.469	  0.000
4	  1.920	 11.525	  1.005	  1.469	  0.000
5	  1.920	 13.608	  1.005	  1.469	  0.000
6	  1.920	 15.692	  1.005	  1.469	  0.000
7	  1.920	 17.775	  1.005	  1.469	  0.000
8	  1.920	 19.858	  1.005	  1.469	  0.000
9	  1.920	 21.942	  1.005	  1.469	  0.000
10	  1.920	 24.025	  1.005	  1.469	  0.000
11	  1.920	 26.108	  1.005	  1.469	  0.000
12	  1.920	 28.192	  1.005	  1.469	  0.000
13	  1.920	 30.275	  1.005	  1.469	  0.000
14	  1.920	 32.358	  1.005	  1.469	  0.000
15	  1.920	 34.442	  1.005	  1.469	  0.000
16	  1.920	 36.525	  1.005	  1.469	  0.000
17	  1.920	 38.608	  1.005	  1.469	  0.000
18	  1.920	 40.692	  1.005	  1.469	  0.000
19	  1.920	 42.775	  1.005	  1.469	  0.000
20	  1.920	 44.858	  1.005	  1.469	  0.000
21	  1.920	 46.942	  1.005	  1.469	  0.000
22	  1.920	 49.025	  1.005	  1.469	  0.000
23	  1.920	 51.108	  1.005	  1.469	  0.000
24	  1.920	 53.192	  1.005	  1.469	  0.000
25	  1.920	 55.275	  1.005	  1.469	  0.000
26	  1.920	 57.358	  1.005	  1.469	  0.000
27	  1.920	 59.442	  1.005	  1.469	  0.000
28	  1.920	 61.525	  1.005	  1.469	  0.000
29	  1.920	 63.608	  1.005	  1.469	  0.000
30	  1.920	 65.692	  1.005	  1.469	  0.000
31	  1.920	 67.775	  1.005	  1.469	  0.000
32	  1.920	 69.858	  1.005	  1.469	  0.000
33	  1.920	 71.942	  1.005	  1.469	  0.000
34	  1.920	 74.025	  1.005	  1.469	  0.000
35	  1.920	 76.108	  1.005	  1.469	  0.000
36	  1.920	 78.192	  1.005	  1.469	  0.000
37	  1.920	 80.275	  1.005	  1.469	  0.000
38	  1.920	 82.358	  1.005	  1.469	  0.000
39	  1.920	 84.442	  1.005	  1.469	  0.000
40	  1.920	 86.525	  1.005	  1.469	  0.000
41	  1.920	 88.608	  1.005	  1.469	  0.000
42	  1.920	 90.692	  1.005	  1.469	  0.000
43	  1.920	 92.775	  1.005	  1.469	  0.000
44	  1.920	 94.858	  1.005	  1.469	  0.000
45	  1.920	 96.942	  1.005	  1.469	  0.000
46	  1.920	 99.025	  1.005	  1.469	  0.000
47	  1.920	101.108	  1.005	  1.469	  0.000
0	  2.040	  3.368	  1.005	  1.476	  0.000
1	  2.040	  5.452	  1.005	  1.476	  0.000
2	  2.040	  7.535	  1.005	  1.476	  0.000
3	  2.040	  9.618	  1.005	  1.476	  0.000
4	  2.040	 11.702	  1.005	  1.476	  0.000
5	  2.040	 13.785	  1.005	  1.476	  0.000
6	  2.040	 15.868	  1.005	  1.476	  0.000
7	  2.040	 17.952	  1.005	  1.476	  0.000
8	  2.040	 20.035	  1.005	  1.476	  0.000
9	  2.040	 22.118	  1.005	  1.476	  0.000
10	  2.040	 24.202	  1.005	  1.476	  0.000
11	  2.040	 26.285	  1.005	  1.476	  0.000
12	  2.040	 28.368	  1.005	  1.476	  0.000
13	  2.040	 30.452	  1.005	  1.476	  0.000
14	  2.040	 32.535	  1.005	  1.476	  0.000
15	  2.040	 34.618	  1.005	  1.476	  0.000
16	  2.040	 36.702	  1.005	  1.476	  0.000
17	  2.040	 38.785	  1.005	  1.476	  0.000
18	  2.040	 40.868	  1.005	  1.476	  0.000
19	  2.040	 42.952	  1.005	  1.476	  0.000
20	  2.040	 45.035	  1.005	  1.476	  0.000
21	  2.040	 47.118	  1.005	  1.476	  0.000
22	  2.040	 49.202	  1.005	  1.476	  0.000
23	  2.040	 51.285	  1.005	  1.476	  0.000
24	  2.040	 53.368	  1.005	  1.476	  0.000
25	  2.040	 55.452	  1.005	  1.476	  0.000
26	  2.040	 57.535	  1.005	  1.476	  0.000
27	  2.040	 59.618	  1.005	  1.476	  0.000
28	  2.040	 61.702	  1.005	  1.476	  0.000
29	  2.040	 63.785	  1.005	  1.476	  0.000
30	  2.040	 65.868	  1.005	  1.476	  0.000
31	  2.040	 67.952	  1.005	  1.476	  0.000
32	  2.040	 70.035	  1.005	  1.476	  0.000
33	  2.040	 72.118	  1.005	  1.476	  0.000
34	  2.040	 74.202	  1.005	  1.476	  0.000
35	  2.040	 76.285	  1.005	  1.476	  0.000
36	  2.040	 78.368	  1.005	  1.476	  0.000
37	  2.040	 80.452	  1.005	  1.476	  0.000
38	  2.040	 82.535	  1.005	  1.476	  0.000
39	  2.040	 84.618	  1.005	  1.476	  0.000
40	  2.040	 86.702	  1.005	  1.476	  0.000
41	  2.040	 88.785	  1.005	  1.476	  0.000
42	  2.040	 90.868	  1.005	  1.476	  0.000
43	  2.040	 92.952	  1.005	  1.476	  0.000
44	  2.040	 95.035	  1.005	  1.476	  0.000
45	  2.040	 97.118	  1.005	  1.476	  0.000
46	  2.040	 99.202	  1.005	  1.476	  0.000
47	  2.040	101.285	  1.005	  1.476	  0.000
0	  2.160	  3.546	  1.005	  1.481	  0.000
1	  2.160	  5.629	  1.005	  1.481	  0.000
2	  2.160	  7.712	  1.005	  1.481	  0.000
3	  2.160	  9.796	  1.005	  1.481	  0.000
4	  2.160	 11.879	  1.005	  1.481	  0.000
5	  2.160	 13.962	  1.005	  1.481	  0.000
6	  2.160	 16.046	  1.005	  1.481	  0.000
7	  2.160	 18.129	  1.005	  1.481	  0.000
8	  2.160	 20.212	  1.005	  1.481	  0.000
9	  2.160	 22.296	  1.005	  1.481	  0.000
10	  2.160	 24.379	  1.005	  1.481	  0.000
11	  2.160	 26.462	  1.005	  1.481	  0.000
12	  2.160	 28.546	  1.005	  1.481	  0.000
13	  2.160	 30.629	  1.005	  1.481	  0.000
14	  2.160	 32.712	  1.005	  1.481	  0.000
15	  2.160	 34.796	  1.005	  1.481	  0.000
16	  2.160	 36.879	  1.005	  1.481	  0.000
17	  2.160	 38.962	  1.005	  1.481	  0.000
18	  2.160	 41.046	  1.005	  1.481	  0.000
19	  2.160	 43.129	  1.005	  1.481	  0.000
20	  2.160	 45.212	  1.005	  1.481	  0.000
21	  2.160	 47.296	  1.005	  1.481	  0.000
22	  2.160	 49.379	  1.005	  1.481	  0.000
23	  2.160	 51.462	  1.005	  1.481	  0.000
24	  2.160	 53.546	  1.005	  1.481	  0.000
25	  2.160	 55.629	  1.005	  1.481	  0.000
26	  2.160	 57.712	  1.005	  1.481	  0.000
27	  2.160	 59.796	  1.005	  1.481	  0.000
28	  2.160	 61.879	  1.005	  1.481	  0.000
29	  2.160	 63.962	  1.005	  1.481	  0.000
30	  2.160	 66.046	  1.005	  1.481	  0.000
31	  2.160	 68.129	  1.005	  1.481	  0.000
32	  2.160	 70.212	  1.005	  1.481	  0.000
33	  2.160	 72.296	  1.005	  1.481	  0.000
34	  2.160	 74.379	  1.005	  1.481	  0.000
35	  2.160	 76.462	  1.005	  1.481	  0.000
36	  2.160	 78.546	  1.005	  1.481	  0.000
37	  2.160	 80.629	  1.005	  1.481	  0.000
38	  2.160	 82.712	  1.005	  1.481	  0.000
39	  2.160	 84.796	  1.005	  1.481	  0.000
40	  2.160	 86.879	  1.005	  1.481	  0.000
41	  2.160	 88.962	  1.005	  1.481	  0.000
42	  2.160	 91.046	  1.005	  1.481	  0.000
43	  2.160	 93.129	  1.005	  1.481	  0.000
44	  2.160	 95.212	  1.005	  1.481	  0.000
45	  2.160	 97.296	  1.005	  1.481	  0.000
46	  2.160	 99.379	  1.005	  1.481	  0.000
47	  2.160	101.462	  1.005	  1.481	  0.000
0	  2.280	  3.724	  1.005	  1.485	  0.000
1	  2.280	  5.807	  1.005	  1.485	  0.000
2	  2.280	  7.890	  1.005	  1.485	  0.000
3	  2.280	  9.974	  1.005	  1.485	  0.000
4	  2.280	 12.057	  1.005	  1.485	  0.000
5	  2.280	 14.140	  1.005	  1.485	  0.000
6	  2.280	 16.224	  1.005	  1.485	  0.000
7	  2.280	 18.307	  1.005	  1.485	  0.000
8	  2.280	 20.390	  1.005	  1.485	  0.000
9	  2.280	 22.474	  1.005	  1.485	  0.000
10	  2.280	 24.557	  1.005	  1.485	  0.000
11	  2.280	 26.640	  1.005	  1.485	  0.000
12	  2.280	 28.724	  1.005	  1.485	  0.000
13	  2.280	 30.807	  1.005	  1.485	  0.000
14	  2.280	 32.890	  1.005	  1.485	  0.000
15	  2.280	 34.974	  1.005	  1.485	  0.000
16	  2.280	 37.057	  1.005	  1.485	  0.000
17	  2.280	 39.140	  1.005	  1.485	  0.000
18	  2.280	 41.224	  1.005	  1.485	  0.000
19	  2.280	 43.307	  1.005	  1.485	  0.000
20	  2.280	 45.390	  1.005	  1.485	  0.000
21	  2.280	 47.474	  1.005	  1.485	  0.000
22	  2.280	 49.557	  1.005	  1.485	  0.000
23	  2.280	 51.640	  1.005	  1.485	  0.000
24	  2.280	 53.724	  1.005	  1.485	  0.000
25	  2.280	 55.807	  1.005	  1.485	  0.000
26	  2.280	 57.890	  1.005	  1.485	  0.000
27	  2.280	 59.974	  1.005	  1.485	  0.000
28	  2.280	 62.057	  1.005	  1.485	  0.000
29	  2.280	 64.140	  1.005	  1.485	  0.000
30	  2.280	 66.224	  1.005	  1.485	  0.000
31	  2.280	 68.307	  1.005	  1.485	  0.000
32	  2.280	 70.390	  1.005	  1.485	  0.000
33	  2.280	 72.474	  1.005	  1.485	  0.000
34	  2.280	 74.557	  1.005	  1.485	  0.000
35	  2.280	 76.640	  1.005	  1.485	  0.000
36	  2.280	 78.724	  1.005	  1.485	  0.000
37	  2.280	 80.807	  1.005	  1.485	  0.000
38	  2.280	 82.890	  1.005	  1.485	  0.000
39	  2.280	 84.974	  1.005	  1.485	  0.000
40	  2.280	 87.057	  1.005	  1.485	  0.000
41	  2.280	 89.140	  1.005	  1.485	  0.000
42	  2.280	 91.224	  1.005	  1.485	  0.000
43	  2.280	 93.307	  1.005	  1.485	  0.000
44	  2.280	 95.390	  1.005	  1.485	  0.000
45	  2.280	 97.474	  1.005	  1.485	  0.000
46	  2.280	 99.557	  1.005	  1.485	  0.000
47	  2.280	101.640	  1.005	  1.485	  0.000
0	  2.400	  3.902	  1.005	  1.488	  0.000
1	  2.400	  5.985	  1.005	  1.488	  0.000
2	  2.400	  8.069	  1.005	  1.488	  0.000
3	  2.400	 10.152	  1.005	  1.488	  0.000
4	  2.400	 12.235	  1.005	  1.488	  0.000
5	  2.400	 14.319	  1.005	  1.488	  0.000
6	  2.400	 16.402	  1.005	  1.488	  0.000
7	  2.400	 18.485	  1.005	  1.488	  0.000
8	  2.400	 20.569	  1.005	  1.488	  0.000
9	  2.400	 22.652	  1.005	  1.488	  0.000
10	  2.400	 24.735	  1.005	  1.488	  0.000
11	  2.400	 26.819	  1.005	  1.488	  0.000
12	  2.400	 28.902	  1.005	  1.488	  0.000
13	  2.400	 30.985	  1.005	  1.488	  0.000
14	  2.400	 33.069	  1.005	  1.488	  0.000
15	  2.400	 35.152	  1.005	  1.488	  0.000
16	  2.400	 37.235	  1.005	  1.488	  0.000
17	  2.400	 39.319	  1.005	  1.488	  0.000
18	  2.400	 41.402	  1.005	  1.488	  0.000
19	  2.400	 43.485	  1.005	  1.488	  0.000
20	  2.400	 45.569	  1.005	  1.488	  0.000
21	  2.400	 47.652	  1.005	  1.488	  0.000
22	  2.400	 49.735	  1.005	  1.488	  0.000
23	  2.400	 51.819	  1.005	  1.488	  0.000
24	  2.400	 53.902	  1.005	  1.488	  0.000
25	  2.400	 55.985	  1.005	  1.488	  0.000
26	  2.400	 58.069	  1.005	  1.488	  0.000
27	  2.400	 60.152	  1.005	  1.488	  0.000
28	  2.400	 62.235	  1.005	  1.488	  0.000
29	  2.400	 64.319	  1.005	  1.488	  0.000
30	  2.400	 66.402	  1.005	  1.488	  0.000
31	  2.400	 68.485	  1.005	  1.488	  0.000
32	  2.400	 70.569	  1.005	  1.488	  0.000
33	  2.400	 72.652	  1.005	  1.488	  0.000
34	  2.400	 74.735	  1.005	  1.488	  0.000
35	  2.400	 76.819	  1.005	  1.488	  0.000
36	  2.400	 78.902	  1.005	  1.488	  0.000
37	  2.400	 80.985	  1.005	  1.488	  0.000
38	  2.400	 83.069	  1.005	  1.488	  0.000
39	  2.400	 85.152	  1.005	  1.488	  0.000
40	  2.400	 87.235	  1.005	  1.488	  0.000
41	  2.400	 89.319	  1.005	  1.488	  0.000
42	  2.400	 91.402	  1.005	  1.488	  0.000
43	  2.400	 93.485	  1.005	  1.488	  0.000
44	  2.400	 95.569	  1.005	  1.488	  0.000
45	  2.400	 97.652	  1.005	  1.488	  0.000
46	  2.400	 99.735	  1.005	  1.488	  0.000
47	  2.400	101.819	  1.005	  1.488	  0.000
0	  2.520	  4.081	  1.005	  1.491	  0.000
1	  2.520	  6.164	  1.005	  1.491	  0.000
2	  2.520	  8.248	  1.005	  1.491	  0.000
3	  2.520	 10.331	  1.005	  1.491	  0.000
4	  2.520	 12.414	  1.005	  1.491	  0.000
5	  2.520	 14.498	  1.005	  1.491	  0.000
6	  2.520	 16.581	  1.005	  1.491	  0.000
7	  2.520	 18.664	  1.005	  1.491	  0.000
8	  2.520	 20.748	  1.005	  1.491	  0.000
9	  2.520	 22.831	  1.005	  1.491	  0.000
10	  2.520	 24.914	  1.005	  1.491	  0.000
11	  2.520	 26.998	  1.005	  1.491	  0.000
12	  2.520	 29.081	  1.005	  1.491	  0.000
13	  2.520	 31.164	  1.005	  1.491	  0.000
14	  2.520	 33.248	  1.005	  1.491	  0.000
15	  2.520	 35.331	  1.005	  1.491	  0.000
16	  2.520	 37.414	  1.005	  1.491	  0.000
17	  2.520	 39.498	  1.005	  1.491	  0.000
18	  2.520	 41.581	  1.005	  1.491	  0.000
19	  2.520	 43.664	  1.005	  1.491	  0.000
20	  2.520	 45.748	  1.005	  1.491	  0.000
21	  2.520	 47.831	  1.005	  1.491	  0.000
22	  2.520	 49.914	  1.005	  1.491	  0.000
23	  2.520	 51.998	  1.005	  1.491	  0.000
24	  2.520	 54.081	  1.005	  1.491	  0.000
25	  2.520	 56.164	  1.005	  1.491	  0.000
26	  2.520	 58.248	  1.005	  1.491	  0.000
27	  2.520	 60.331	  1.005	  1.491	  0.000
28	  2.520	 62.414	  1.005	  1.491	  0.000
29	  2.520	 64.498	  1.005	  1.491	  0.000
30	  2.520	 66.581	  1.005	  1.491	  0.000
31	  2.520	 68.664	  1.005	  1.491	  0.000
32	  2.520	 70.748	  1.005	  1.491	  0.000
33	  2.520	 72.831	  1.005	  1.491	  0.000
34	  2.520	 74.914	  1.005	  1.491	  0.000
35	  2.520	 76.998	  1.005	  1.491	  0.000
36	  2.520	 79.081	  1.005	  1.491	  0.000
37	  2.520	 81.164	  1.005	  1.491	  0.000
38	  2.520	 83.248	  1.005	  1.491	  0.000
39	  2.520	 85.331	  1.005	  1.491	  0.000
40	  2.520	 87.414	  1.005	  1.491	  0.000
41	  2.520	 89.498	  1.005	  1.491	  0.000
42	  2.520	 91.581	  1.005	  1.491	  0.000
43	  2.520	 93.664	  1.005	  1.491	  0.000
44	  2.520	 95.748	  1.005	  1.491	  0.000
45	  2.520	 97.831	  1.005	  1.491	  0.000
46	  2.520	 99.914	  1.005	  1.491	  0.000
47	  2.520	101.998	  1.005	  1.491	  0.000
0	  2.640	  4.260	  1.005	  1.493	  0.000
1	  2.640	  6.343	  1.005	  1.493	  0.000
2	  2.640	  8.427	  1.005	  1.493	  0.000
3	  2.640	 10.510	  1.005	  1.493	  0.000
4	  2.640	 12.593	  1.005	  1.493	  0.000
5	  2.640	 14.677	  1.005	  1.493	  0.000
6	  2.640	 16.760	  1.005	  1.493	  0.000
7	  2.640	 18.843	  1.005	  1.493	  0.000
8	  2.640	 20.927	  1.005	  1.493	  0.000
9	  2.640	 23.010	  1.005	  1.493	  0.000
10	  2.640	 25.093	  1.005	  1.493	  0.000
11	  2.640	 27.177	  1.005	  1.493	  0.000
12	  2.640	 29.260	  1.005	  1.493	  0.000
13	  2.640	 31.343	  1.005	  1.493	  0.000
14	  2.640	 33.427	  1.005	  1.493	  0.000
15	  2.640	 35.510	  1.005	  1.493	  0.000
16	  2.640	 37.593	  1.005	  1.493	  0.000
17	  2.640	 39.677	  1.005	  1.493	  0.000
18	  2.640	 41.760	  1.005	  1.493	  0.000
19	  2.640	 43.843	  1.005	  1.493	  0.000
20	  2.640	 45.927	  1.005	  1.493	  0.000
21	  2.640	 48.010	  1.005	  1.493	  0.000
22	  2.640	 50.093	  1.005	  1.493	  0.000
23	  2.640	 52.177	  1.005	  1.493	  0.000
24	  2.640	 54.260	  1.005	  1.493	  0.000
25	  2.640	 56.343	  1.005	  1.493	  0.000
26	  2.640	 58.427	  1.005	  1.493	  0.000
27	  2.640	 60.510	  1.005	  1.493	  0.000
28	  2.640	 62.593	  1.005	  1.493	  0.000
29	  2.640	 64.677	  1.005	  1.493	  0.000
30	  2.640	 66.760	  1.005	  1.493	  0.000
31	  2.640	 68.843	  1.005	  1.493	  0.000
32	  2.640	 70.927	  1.005	  1.493	  0.000
33	  2.640	 73.010	  1.005	  1.493	  0.000
34	  2.640	 75.093	  1.005	  1.493	  0.000
35	  2.640	 77.177	  1.005	  1.493	  0.000
36	  2.640	 79.260	  1.005	  1.493	  0.000
37	  2.640	 81.343	  1.005	  1.493	  0.000
38	  2.640	 83.427	  1.005	  1.493	  0.000
39	  2.640	 85.510	  1.005	  1.493	  0.000
40	  2.640	 87.593	  1.005	  1.493	  0.000
41	  2.640	 89.677	  1.005	  1.493	  0.000
42	  2.640	 91.760	  1.005	  1.493	  0.000
43	  2.640	 93.843	  1.005	  1.493	  0.000
44	  2.640	 95.927	  1.005	  1.493	  0.000
45	  2.640	 98.010	  1.005	  1.493	  0.000
46	  2.640	100.093	  1.005	  1.493	  0.000
47	  2.640	102.177	  1.005	  1.493	  0.000
0	  2.760	  4.439	  1.005	  1.494	  0.000
1	  2.760	  6.522	  1.005	  1.494	  0.000
2	  2.760	  8.606	  1.005	  1.494	  0.000
3	  2.760	 10.689	  1.005	  1.494	  0.000
4	  2.760	 12.772	  1.005	  1.494	  0.000
5	  2.760	 14.856	  1.005	  1.494	  0.000
6	  2.760	 16.939	  1.005	  1.494	  0.000
7	  2.760	 19.022	  1.005	  1.494	  0.000
8	  2.760	 21.106	  1.005	  1.494	  0.000
9	  2.760	 23.189	  1.005	  1.494	  0.000
10	  2.760	 25.272	  1.005	  1.494	  0.000
11	  2.760	 27.356	  1.005	  1.494	  0.000
12	  2.760	 29.439	  1.005	  1.494	  0.000
13	  2.760	 31.522	  1.005	  1.494	  0.000
14	  2.760	 33.606	  1.005	  1.494	  0.000
15	  2.760	 35.689	  1.005	  1.494	  0.000
16	  2.760	 37.772	  1.005	  1.494	  0.000
17	  2.760	 39.856	  1.005	  1.494	  0.000
18	  2.760	 41.939	  1.005	  1.494	  0.000
19	  2.760	 44.022	  1.005	  1.494	  0.000
20	  2.760	 46.106	  1.005	  1.494	  0.000
21	  2.760	 48.189	  1.005	  1.494	  0.000
22	  2.760	 50.272	  1.005	  1.494	  0.000
23	  2.760	 52.356	  1.005	  1.494	  0.000
24	  2.760	 54.439	  1.005	  1.494	  0.000
25	  2.760	 56.522	  1.005	  1.494	  0.000
26	  2.760	 58.606	  1.005	  1.494	  0.000
27	  2.760	 60.689	  1.005	  1.494	  0.000
28	  2.760	 62.772	  1.005	  1.494	  0.000
29	  2.760	 64.856	  1.005	  1.494	  0.000
30	  2.760	 66.939	  1.005	  1.494	  0.000
31	  2.760	 69.022	  1.005	  1.494	  0.000
32	  2.760	 71.106	  1.005	  1.494	  0.000
33	  2.760	 73.189	  1.005	  1.494	  0.000
34	  2.760	 75.272	  1.005	  1.494	  0.000
35	  2.760	 77.356	  1.005	  1.494	  0.000
36	  2.760	 79.439	  1.005	  1.494	  0.000
37	  2.760	 81.522	  1.005	  1.494	  0.000
38	  2.760	 83.606	  1.005	  1.494	  0.000
39	  2.760	 85.689	  1.005	  1.494	  0.000
40	  2.760	 87.772	  1.005	  1.494	  0.000
41	  2.760	 89.856	  1.005	  1.494	  0.000
42	  2.760	 91.939	  1.005	  1.494	  0.000
43	  2.760	 94.022	  1.005	  1.494	  0.000
44	  2.760	 96.106	  1.005	  1.494	  0.000
45	  2.760	 98.189	  1.005	  1.494	  0.000
46	  2.760	100.272	  1.005	  1.494	  0.000
47	  2.760	102.356	  1.005	  1.494	  0.000
0	  2.880	  4.618	  1.005	  1.495	  0.000
1	  2.880	  6.702	  1.005	  1.495	  0.000
2	  2.880	  8.785	  1.005	  1.495	  0.000
3	  2.880	 10.868	  1.005	  1.495	  0.000
4	  2.880	 12.952	  1.005	  1.495	  0.000
5	  2.880	 15.035	  1.005	  1.495	  0.000
6	  2.880	 17.118	  1.005	  1.495	  0.000
7	  2.880	 19.202	  1.005	  1.495	  0.000
8	  2.880	 21.285	  1.005	  1.495	  0.000
9	  2.880	 23.368	  1.005	  1.495	  0.000
10	  2.880	 25.452	  1.005	  1.495	  0.000
11	  2.880	 27.535	  1.005	  1.495	  0.000
12	  2.880	 29.618	  1.005	  1.495	  0.000
13	  2.880	 31.702	  1.005	  1.495	  0.000
14	  2.880	 33.785	  1.005	  1.495	  0.000
15	  2.880	 35.868	  1.005	  1.495	  0.000
16	  2.880	 37.952	  1.005	  1.495	  0.000
17	  2.880	 40.035	  1.005	  1.495	  0.000
18	  2.880	 42.118	  1.005	  1.495	  0.000
19	  2.880	 44.202	  1.005	  1.495	  0.000
20	  2.880	 46.285	  1.005	  1.495	  0.000
21	  2.880	 48.368	  1.005	  1.495	  0.000
22	  2.880	 50.452	  1.005	  1.495	  0.000
23	  2.880	 52.535	  1.005	  1.495	  0.000
24	  2.880	 54.618	  1.005	  1.495	  0.000
25	  2.880	 56.702	  1.005	  1.495	  0.000
26	  2.880	 58.785	  1.005	  1.495	  0.000
27	  2.880	 60.868	  1.005	  1.495	  0.000
28	  2.880	 62.952	  1.005	  1.495	  0.000
29	  2.880	 65.035	  1.005	  1.495	  0.000
30	  2.880	 67.118	  1.005	  1.495	  0.000
31	  2.880	 69.202	  1.005	  1.495	  0.000
32	  2.880	 71.285	  1.005	  1.495	  0.000
33	  2.880	 73.368	  1.005	  1.495	  0.000
34	  2.880	 75.452	  1.005	  1.495	  0.000
35	  2.880	 77.535	  1.005	  1.495	  0.000
36	  2.880	 79.618	  1.005	  1.495	  0.000
37	  2.880	 81.702	  1.005	  1.495	  0.000
38	  2.880	 83.785	  1.005	  1.495	  0.000
39	  2.880	 85.868	  1.005	  1.495	  0.000
40	  2.880	 87.952	  1.005	  1.495	  0.000
41	  2.880	 90.035	  1.005	  1.495	  0.000
42	  2.880	 92.118	  1.005	  1.495	  0.000
43	  2.880	 94.202	  1.005	  1.495	  0.000
44	  2.880	 96.285	  1.005	  1.495	  0.000
45	  2.880	 98.368	  1.005	  1.495	  0.000
46	  2.880	100.452	  1.005	  1.495	  0.000
47	  2.880	102.535	  1.005	  1.495	  0.000
0	  3.000	  4.798	  1.005	  1.496	  0.000
1	  3.000	  6.881	  1.005	  1.496	  0.000
2	  3.000	  8.965	  1.005	  1.496	  0.000
3	  3.000	 11.048	  1.005	  1.496	  0.000
4	  3.000	 13.131	  1.005	  1.496	  0.000
5	  3.000	 15.215	  1.005	  1.496	  0.000
6	  3.000	 17.298	  1.005	  1.496	  0.000
7	  3.000	 19.381	  1.005	  1.496	  0.000
8	  3.000	 21.465	  1.005	  1.496	  0.000
9	  3.000	 23.548	  1.005	  1.496	  0.000
10	  3.000	 25.631	  1.005	  1.496	  0.000
11	  3.000	 27.715	  1.005	  1.496	  0.000
12	  3.000	 29.798	  1.005	  1.496	  0.000
13	  3.000	 31.881	  1.005	  1.496	  0.000
14	  3.000	 33.965	  1.005	  1.496	  0.000
15	  3.000	 36.048	  1.005	  1.496	  0.000
16	  3.000	 38.131	  1.005	  1.496	  0.000
17	  3.000	 40.215	  1.005	  1.496	  0.000
18	  3.000	 42.298	  1.005	  1.496	  0.000
19	  3.000	 44.381	  1.005	  1.496	  0.000
20	  3.000	 46.465	  1.005	  1.496	  0.000
21	  3.000	 48.548	  1.005	  1.496	  0.000
22	  3.000	 50.631	  1.005	  1.496	  0.000
23	  3.000	 52.715	  1.005	  1.496	  0.000
24	  3.000	 54.798	  1.005	  1.496	  0.000
25	  3.000	 56.881	  1.005	  1.496	  0.000
26	  3.000	 58.965	  1.005	  1.496	  0.000
27	  3.000	 61.048	  1.005	  1.496	  0.000
28	  3.000	 63.131	  1.005	  1.496	  0.000
29	  3.000	 65.215	  1.005	  1.496	  0.000
30	  3.000	 67.298	  1.005	  1.496	  0.000
31	  3.000	 69.381	  1.005	  1.496	  0.000
32	  3.000	 71.465	  1.005	  1.496	  0.000
33	  3.000	 73.548	  1.005	  1.496	  0.000
34	  3.000	 75.631	  1.005	  1.496	  0.000
35	  3.000	 77.715	  1.005	  1.496	  0.000
36	  3.000	 79.798	  1.005	  1.496	  0.000
37	  3.000	 81.881	  1.005	  1.496	  0.000
38	  3.000	 83.965	  1.005	  1.496	  0.000
39	  3.000	 86.048	  1.005	  1.496	  0.000
40	  3.000	 88.131	  1.005	  1.496	  0.000
41	  3.000	 90.215	  1.005	  1.496	  0.000
42	  3.000	 92.298	  1.005	  1.496	  0.000
43	  3.000	 94.381	  1.005	  1.496	  0.000
44	  3.000	 96.465	  1.005	  1.496	  0.000
45	  3.000	 98.548	  1.005	  1.496	  0.000
46	  3.000	100.631	  1.005	  1.496	  0.000
47	  3.000	102.715	  1.005	  1.496	  0.000
