# id	 time	 x	 y	 vx	 vy
0	  0.000	  1.190	  1.000	  0.010	  0.010
1	  0.000	  3.571	  1.000	  0.010	  0.010
2	  0.000	  5.952	  1.000	  0.010	  0.010
3	  0.000	  8.333	  1.000	  0.010	  0.010
4	  0.000	 10.714	  1.000	  0.010	  0.010
5	  0.000	 13.095	  1.000	  0.010	  0.010
6	  0.000	 15.476	  1.000	  0.010	  0.010
7	  0.000	 17.857	  1.000	  0.010	  0.010
8	  0.000	 20.238	  1.000	  0.010	  0.010
9	  0.000	 22.619	  1.000	  0.010	  0.010
10	  0.000	 25.000	  1.000	  0.010	  0.010
11	  0.000	 27.381	  1.000	  0.010	  0.010
12	  0.000	 29.762	  1.000	  0.010	  0.010
13	  0.000	 32.143	  1.000	  0.010	  0.010
14	  0.000	 34.524	  1.000	  0.010	  0.010
15	  0.000	 36.905	  1.000	  0.010	  0.010
16	  0.000	 39.286	  1.000	  0.010	  0.010
17	  0.000	 41.667	  1.000	  0.010	  0.010
18	  0.000	 44.048	  1.000	  0.010	  0.010
19	  0.000	 46.429	  1.000	  0.010	  0.010
20	  0.000	 48.810	  1.000	  0.010	  0.010
21	  0.000	 51.190	  1.000	  0.010	  0.010
22	  0.000	 53.571	  1.000	  0.010	  0.010
23	  0.000	 55.952	  1.000	  0.010	  0.010
24	  0.000	 58.333	  1.000	  0.010	  0.010
25	  0.000	 60.714	  1.000	  0.010	  0.010
26	  0.000	 63.095	  1.000	  0.010	  0.010
27	  0.000	 65.476	  1.000	  0.010	  0.010
28	  0.000	 67.857	  1.000	  0.010	  0.010
29	  0.000	 70.238	  1.000	  0.010	  0.010
30	  0.000	 72.619	  1.000	  0.010	  0.010
31	  0.000	 75.000	  1.000	  0.010	  0.010
32	  0.000	 77.381	  1.000	  0.010	  0.010
33	  0.000	 79.762	  1.000	  0.010	  0.010
34	  0.000	 82.143	  1.000	  0.010	  0.010
35	  0.000	 84.524	  1.000	  0.010	  0.010
36	  0.000	 86.905	  1.000	  0.010	  0.010
37	  0.000	 89.286	  1.000	  0.010	  0.010
38	  0.000	 91.667	  1.000	  0.010	  0.010
39	  0.000	 94.048	  1.000	  0.010	  0.010
40	  0.000	 96.429	  1.000	  0.010	  0.010
41	  0.000	 98.810	  1.000	  0.010	  0.010
0	  0.120	  1.210	  1.001	  0.331	  0.008
1	  0.120	  3.591	  1.001	  0.331	  0.008
2	  0.120	  5.972	  1.001	  0.331	  0.008
3	  0.120	  8.353	  1.001	  0.331	  0.008
4	  0.120	 10.734	  1.001	  0.331	  0.008
5	  0.120	 13.115	  1.001	  0.331	  0.008
6	  0.120	 15.496	  1.001	  0.331	  0.008
7	  0.120	 17.877	  1.001	  0.331	  0.008
8	  0.120	 20.258	  1.001	  0.331	  0.008
9	  0.120	 22.639	  1.001	  0.331	  0.008
10	  0.120	 25.020	  1.001	  0.331	  0.008
11	  0.120	 27.401	  1.001	  0.331	  0.008
12	  0.120	 29.782	  1.001	  0.331	  0.008
13	  0.120	 32.162	  1.001	  0.331	  0.008
14	  0.120	 34.543	  1.001	  0.331	  0.008
15	  0.120	 36.924	  1.001	  0.331	  0.008
16	  0.120	 39.305	  1.001	  0.331	  0.008
17	  0.120	 41.686	  1.001	  0.331	  0.008
18	  0.120	 44.067	  1.001	  0.331	  0.008
19	  0.120	 46.448	  1.001	  0.331	  0.008
20	  0.120	 48.829	  1.001	  0.331	  0.008
21	  0.120	 51.210	  1.001	  0.331	  0.008
22	  0.120	 53.591	  1.001	  0.331	  0.008
23	  0.120	 55.972	  1.001	  0.331	  0.008
24	  0.120	 58.353	  1.001	  0.331	  0.008
25	  0.120	 60.734	  1.001	  0.331	  0.008
26	  0.120	 63.115	  1.001	  0.331	  0.008
27	  0.120	 65.496	  1.001	  0.331	  0.008
28	  0.120	 67.877	  1.001	  0.331	  0.008
29	  0.120	 70.258	  1.001	  0.331	  0.008
30	  0.120	 72.639	  1.001	  0.331	  0.008
31	  0.120	 75.020	  1.001	  0.331	  0.008
32	  0.120	 77.401	  1.001	  0.331	  0.008
33	  0.120	 79.782	  1.001	  0.331	  0.008
34	  0.120	 82.162	  1.001	  0.331	  0.008
35	  0.120	 84.543	  1.001	  0.331	  0.008
36	  0.120	 86.924	  1.001	  0.331	  0.008
37	  0.120	 89.305	  1.001	  0.331	  0.008
38	  0.120	 91.686	  1.001	  0.331	  0.008
39	  0.120	 94.067	  1.001	  0.331	  0.008
40	  0.120	 96.448	  1.001	  0.331	  0.008
41	  0.120	 98.829	  1.001	  0.331	  0.008
0	  0.240	  1.264	  1.002	  0.582	  0.006
1	  0.240	  3.645	  1.002	  0.582	  0.006
2	  0.240	  6.026	  1.002	  0.582	  0.006
3	  0.240	  8.407	  1.002	  0.582	  0.006
4	  0.240	 10.788	  1.002	  0.582	  0.006
5	  0.240	 13.169	  1.002	  0.582	  0.006
6	  0.240	 15.550	  1.002	  0.582	  0.006
7	  0.240	 17.931	  1.002	  0.582	  0.006
8	  0.240	 20.312	  1.002	  0.582	  0.006
9	  0.240	 22.693	  1.002	  0.582	  0.006
10	  0.240	 25.074	  1.002	  0.582	  0.006
11	  0.240	 27.455	  1.002	  0.582	  0.006
12	  0.240	 29.836	  1.002	  0.582	  0.006
13	  0.240	 32.217	  1.002	  0.582	  0.006
14	  0.240	 34.598	  1.002	  0.582	  0.006
15	  0.240	 36.979	  1.002	  0.582	  0.006
16	  0.240	 39.359	  1.002	  0.582	  0.006
17	  0.240	 41.740	  1.002	  0.582	  0.006
18	  0.240	 44.121	  1.002	  0.582	  0.006
19	  0.240	 46.502	  1.002	  0.582	  0.006
20	  0.240	 48.883	  1.002	  0.582	  0.006
21	  0.240	 51.264	  1.002	  0.582	  0.006
22	  0.240	 53.645	  1.002	  0.582	  0.006
23	  0.240	 56.026	  1.002	  0.582	  0.006
24	  0.240	 58.407	  1.002	  0.582	  0.006
25	  0.240	 60.788	  1.002	  0.582	  0.006
26	  0.240	 63.169	  1.002	  0.582	  0.006
27	  0.240	 65.550	  1.002	  0.582	  0.006
28	  0.240	 67.931	  1.002	  0.582	  0.006
29	  0.240	 70.312	  1.002	  0.582	  0.006
30	  0.240	 72.693	  1.002	  0.582	  0.006
31	  0.240	 75.074	  1.002	  0.582	  0.006
32	  0.240	 77.455	  1.002	  0.582	  0.006
33	  0.240	 79.836	  1.002	  0.582	  0.006
34	  0.240	 82.217	  1.002	  0.582	  0.006
35	  0.240	 84.598	  1.002	  0.582	  0.006
36	  0.240	 86.979	  1.002	  0.582	  0.006
37	  0.240	 89.359	  1.002	  0.582	  0.006
38	  0.240	 91.740	  1.002	  0.582	  0.006
39	  0.240	 94.121	  1.002	  0.582	  0.006
40	  0.240	 96.502	  1.002	  0.582	  0.006
41	  0.240	 98.883	  1.002	  0.582	  0.006
0	  0.360	  1.345	  1.003	  0.780	  0.005
1	  0.360	  3.726	  1.003	  0.780	  0.005
2	  0.360	  6.107	  1.003	  0.780	  0.005
3	  0.360	  8.488	  1.003	  0.780	  0.005
4	  0.360	 10.869	  1.003	  0.780	  0.005
5	  0.360	 13.250	  1.003	  0.780	  0.005
6	  0.360	 15.631	  1.003	  0.780	  0.005
7	  0.360	 18.012	  1.003	  0.780	  0.005
8	  0.360	 20.393	  1.003	  0.780	  0.005
9	  0.360	 22.774	  1.003	  0.780	  0.005
10	  0.360	 25.155	  1.003	  0.780	  0.005
11	  0.360	 27.536	  1.003	  0.780	  0.005
12	  0.360	 29.917	  1.003	  0.780	  0.005
13	  0.360	 32.298	  1.003	  0.780	  0.005
14	  0.360	 34.679	  1.003	  0.780	  0.005
15	  0.360	 37.060	  1.003	  0.780	  0.005
16	  0.360	 39.441	  1.003	  0.780	  0.005
17	  0.360	 41.822	  1.003	  0.780	  0.005
18	  0.360	 44.203	  1.003	  0.780	  0.005
19	  0.360	 46.584	  1.003	  0.780	  0.005
20	  0.360	 48.965	  1.003	  0.780	  0.005
21	  0.360	 51.345	  1.003	  0.780	  0.005
22	  0.360	 53.726	  1.003	  0.780	  0.005
23	  0.360	 56.107	  1.003	  0.780	  0.005
24	  0.360	 58.488	  1.003	  0.780	  0.005
25	  0.360	 60.869	  1.003	  0.780	  0.005
26	  0.360	 63.250	  1.003	  0.780	  0.005
27	  0.360	 65.631	  1.003	  0.780	  0.005
28	  0.360	 68.012	  1.003	  0.780	  0.005
29	  0.360	 70.393	  1.003	  0.780	  0.005
30	  0.360	 72.774	  1.003	  0.780	  0.005
31	  0.360	 75.155	  1.003	  0.780	  0.005
32	  0.360	 77.536	  1.003	  0.780	  0.005
33	  0.360	 79.917	  1.003	  0.780	  0.005
34	  0.360	 82.298	  1.003	  0.780	  0.005
35	  0.360	 84.679	  1.003	  0.780	  0.005
36	  0.360	 87.060	  1.003	  0.780	  0.005
37	  0.360	 89.441	  1.003	  0.780	  0.005
38	  0.360	 91.822	  1.003	  0.780	  0.005
39	  0.360	 94.203	  1.003	  0.780	  0.005
40	  0.360	 96.584	  1.003	  0.780	  0.005
41	  0.360	 98.965	  1.003	  0.780	  0.005
0	  0.480	  1.448	  1.003	  0.935	  0.004
1	  0.480	  3.829	  1.003	  0.935	  0.004
2	  0.480	  6.210	  1.003	  0.935	  0.004
3	  0.480	  8.591	  1.003	  0.935	  0.004
4	  0.480	 10.972	  1.003	  0.935	  0.004
5	  0.480	 13.353	  1.003	  0.935	  0.004
6	  0.480	 15.734	  1.003	  0.935	  0.004
7	  0.480	 18.115	  1.003	  0.935	  0.004
8	  0.480	 20.496	  1.003	  0.935	  0.004
9	  0.480	 22.877	  1.003	  0.935	  0.004
10	  0.480	 25.257	  1.003	  0.935	  0.004
11	  0.480	 27.638	  1.003	  0.935	  0.004
12	  0.480	 30.019	  1.003	  0.935	  0.004
13	  0.480	 32.400	  1.003	  0.935	  0.004
14	  0.480	 34.781	  1.003	  0.935	  0.004
15	  0.480	 37.162	  1.003	  0.935	  0.004
16	  0.480	 39.543	  1.003	  0.935	  0.004
17	  0.480	 41.924	  1.003	  0.935	  0.004
18	  0.480	 44.305	  1.003	  0.935	  0.004
19	  0.480	 46.686	  1.003	  0.935	  0.004
20	  0.480	 49.067	  1.003	  0.935	  0.004
21	  0.480	 51.448	  1.003	  0.935	  0.004
22	  0.480	 53.829	  1.003	  0.935	  0.004
23	  0.480	 56.210	  1.003	  0.935	  0.004
24	  0.480	 58.591	  1.003	  0.935	  0.004
25	  0.480	 60.972	  1.003	  0.935	  0.004
26	  0.480	 63.353	  1.003	  0.935	  0.004
27	  0.480	 65.734	  1.003	  0.935	  0.004
28	  0.480	 68.115	  1.003	  0.935	  0.004
29	  0.480	 70.496	  1.003	  0.935	  0.004
30	  0.480	 72.877	  1.003	  0.935	  0.004
31	  0.480	 75.257	  1.003	  0.935	  0.004
32	  0.480	 77.638	  1.003	  0.935	  0.004
33	  0.480	 80.019	  1.003	  0.935	  0.004
34	  0.480	 82.400	  1.003	  0.935	  0.004
35	  0.480	 84.781	  1.003	  0.935	  0.004
36	  0.480	 87.162	  1.003	  0.935	  0.004
37	  0.480	 89.543	  1.003	  0.935	  0.004
38	  0.480	 91.924	  1.003	  0.935	  0.004
39	  0.480	 94.305	  1.003	  0.935	  0.004
40	  0.480	 96.686	  1.003	  0.935	  0.004
41	  0.480	 99.067	  1.003	  0.935	  0.004
0	  0.600	  1.567	  1.004	  1.057	  0.003
1	  0.600	  3.948	  1.004	  1.057	  0.003
2	  0.600	  6.329	  1.004	  1.057	  0.003
3	  0.600	  8.710	  1.004	  1.057	  0.003
4	  0.600	 11.091	  1.004	  1.057	  0.003
5	  0.600	 13.472	  1.004	  1.057	  0.003
6	  0.600	 15.853	  1.004	  1.057	  0.003
7	  0.600	 18.234	  1.004	  1.057	  0.003
8	  0.600	 20.615	  1.004	  1.057	  0.003
9	  0.600	 22.996	  1.004	  1.057	  0.003
10	  0.600	 25.377	  1.004	  1.057	  0.003
11	  0.600	 27.758	  1.004	  1.057	  0.003
12	  0.600	 30.139	  1.004	  1.057	  0.003
13	  0.600	 32.520	  1.004	  1.057	  0.003
14	  0.600	 34.900	  1.004	  1.057	  0.003
15	  0.600	 37.281	  1.004	  1.057	  0.003
16	  0.600	 39.662	  1.004	  1.057	  0.003
17	  0.600	 42.043	  1.004	  1.057	  0.003
18	  0.600	 44.424	  1.004	  1.057	  0.003
19	  0.600	 46.805	  1.004	  1.057	  0.003
20	  0.600	 49.186	  1.004	  1.057	  0.003
21	  0.600	 51.567	  1.004	  1.057	  0.003
22	  0.600	 53.948	  1.004	  1.057	  0.003
23	  0.600	 56.329	  1.004	  1.057	  0.003
24	  0.600	 58.710	  1.004	  1.057	  0.003
25	  0.600	 61.091	  1.004	  1.057	  0.003
26	  0.600	 63.472	  1.004	  1.057	  0.003
27	  0.600	 65.853	  1.004	  1.057	  0.003
28	  0.600	 68.234	  1.004	  1.057	  0.003
29	  0.600	 70.615	  1.004	  1.057	  0.003
30	  0.600	 72.996	  1.004	  1.057	  0.003
31	  0.600	 75.377	  1.004	  1.057	  0.003
32	  0.600	 77.758	  1.004	  1.057	  0.003
33	  0.600	 80.139	  1.004	  1.057	  0.003
34	  0.600	 82.520	  1.004	  1.057	  0.003
35	  0.600	 84.900	  1.004	  1.057	  0.003
36	  0.600	 87.281	  1.004	  1.057	  0.003
37	  0.600	 89.662	  1.004	  1.057	  0.003
38	  0.600	 92.043	  1.004	  1.057	  0.003
39	  0.600	 94.424	  1.004	  1.057	  0.003
40	  0.600	 96.805	  1.004	  1.057	  0.003
41	  0.600	 99.186	  1.004	  1.057	  0.003
0	  0.720	  1.699	  1.004	  1.152	  0.002
1	  0.720	  4.080	  1.004	  1.152	  0.002
2	  0.720	  6.461	  1.004	  1.152	  0.002
3	  0.720	  8.842	  1.004	  1.152	  0.002
4	  0.720	 11.223	  1.004	  1.152	  0.002
5	  0.720	 13.604	  1.004	  1.152	  0.002
6	  0.720	 15.985	  1.004	  1.152	  0.002
7	  0.720	 18.366	  1.004	  1.152	  0.002
8	  0.720	 20.747	  1.004	  1.152	  0.002
9	  0.720	 23.128	  1.004	  1.152	  0.002
10	  0.720	 25.509	  1.004	  1.152	  0.002
11	  0.720	 27.890	  1.004	  1.152	  0.002
12	  0.720	 30.271	  1.004	  1.152	  0.002
13	  0.720	 32.652	  1.004	  1.152	  0.002
14	  0.720	 35.033	  1.004	  1.152	  0.002
15	  0.720	 37.414	  1.004	  1.152	  0.002
16	  0.720	 39.795	  1.004	  1.152	  0.002
17	  0.720	 42.176	  1.004	  1.152	  0.002
18	  0.720	 44.557	  1.004	  1.152	  0.002
19	  0.720	 46.938	  1.004	  1.152	  0.002
20	  0.720	 49.318	  1.004	  1.152	  0.002
21	  0.720	 51.699	  1.004	  1.152	  0.002
22	  0.720	 54.080	  1.004	  1.152	  0.002
23	  0.720	 56.461	  1.004	  1.152	  0.002
24	  0.720	 58.842	  1.004	  1.152	  0.002
25	  0.720	 61.223	  1.004	  1.152	  0.002
26	  0.720	 63.604	  1.004	  1.152	  0.002
27	  0.720	 65.985	  1.004	  1.152	  0.002
28	  0.720	 68.366	  1.004	  1.152	  0.002
29	  0.720	 70.747	  1.004	  1.152	  0.002
30	  0.720	 73.128	  1.004	  1.152	  0.002
31	  0.720	 75.509	  1.004	  1.152	  0.002
32	  0.720	 77.890	  1.004	  1.152	  0.002
33	  0.720	 80.271	  1.004	  1.152	  0.002
34	  0.720	 82.652	  1.004	  1.152	  0.002
35	  0.720	 85.033	  1.004	  1.152	  0.002
36	  0.720	 87.414	  1.004	  1.152	  0.002
37	  0.720	 89.795	  1.004	  1.152	  0.002
38	  0.720	 92.176	  1.004	  1.152	  0.002
39	  0.720	 94.557	  1.004	  1.152	  0.002
40	  0.720	 96.938	  1.004	  1.152	  0.002
41	  0.720	 99.318	  1.004	  1.152	  0.002
0	  0.840	  1.842	  1.004	  1.227	  0.002
1	  0.840	  4.223	  1.004	  1.227	  0.002
2	  0.840	  6.604	  1.004	  1.227	  0.002
3	  0.840	  8.985	  1.004	  1.227	  0.002
4	  0.840	 11.366	  1.004	  1.227	  0.002
5	  0.840	 13.747	  1.004	  1.227	  0.002
6	  0.840	 16.128	  1.004	  1.227	  0.002
7	  0.840	 18.509	  1.004	  1.227	  0.002
8	  0.840	 20.890	  1.004	  1.227	  0.002
9	  0.840	 23.271	  1.004	  1.227	  0.002
10	  0.840	 25.652	  1.004	  1.227	  0.002
11	  0.840	 28.032	  1.004	  1.227	  0.002
12	  0.840	 30.413	  1.004	  1.227	  0.002
13	  0.840	 32.794	  1.004	  1.227	  0.002
14	  0.840	 35.175	  1.004	  1.227	  0.002
15	  0.840	 37.556	  1.004	  1.227	  0.002
16	  0.840	 39.937	  1.004	  1.227	  0.002
17	  0.840	 42.318	  1.004	  1.227	  0.002
18	  0.840	 44.699	  1.004	  1.227	  0.002
19	  0.840	 47.080	  1.004	  1.227	  0.002
20	  0.840	 49.461	  1.004	  1.227	  0.002
21	  0.840	 51.842	  1.004	  1.227	  0.002
22	  0.840	 54.223	  1.004	  1.227	  0.002
23	  0.840	 56.604	  1.004	  1.227	  0.002
24	  0.840	 58.985	  1.004	  1.227	  0.002
25	  0.840	 61.366	  1.004	  1.227	  0.002
26	  0.840	 63.747	  1.004	  1.227	  0.002
27	  0.840	 66.128	  1.004	  1.227	  0.002
28	  0.840	 68.509	  1.004	  1.227	  0.002
29	  0.840	 70.890	  1.004	  1.227	  0.002
30	  0.840	 73.271	  1.004	  1.227	  0.002
31	  0.840	 75.652	  1.004	  1.227	  0.002
32	  0.840	 78.032	  1.004	  1.227	  0.002
33	  0.840	 80.413	  1.004	  1.227	  0.002
34	  0.840	 82.794	  1.004	  1.227	  0.002
35	  0.840	 85.175	  1.004	  1.227	  0.002
36	  0.840	 87.556	  1.004	  1.227	  0.002
37	  0.840	 89.937	  1.004	  1.227	  0.002
38	  0.840	 92.318	  1.004	  1.227	  0.002
39	  0.840	 94.699	  1.004	  1.227	  0.002
40	  0.840	 97.080	  1.004	  1.227	  0.002
41	  0.840	 99.461	  1.004	  1.227	  0.002
0	  0.960	  1.993	  1.004	  1.286	  0.001
1	  0.960	  4.374	  1.004	  1.286	  0.001
2	  0.960	  6.754	  1.004	  1.286	  0.001
3	  0.960	  9.135	  1.004	  1.286	  0.001
4	  0.960	 11.516	  1.004	  1.286	  0.001
5	  0.960	 13.897	  1.004	  1.286	  0.001
6	  0.960	 16.278	  1.004	  1.286	  0.001
7	  0.960	 18.659	  1.004	  1.286	  0.001
8	  0.960	 21.040	  1.004	  1.286	  0.001
9	  0.960	 23.421	  1.004	  1.286	  0.001
10	  0.960	 25.802	  1.004	  1.286	  0.001
11	  0.960	 28.183	  1.004	  1.286	  0.001
12	  0.960	 30.564	  1.004	  1.286	  0.001
13	  0.960	 32.945	  1.004	  1.286	  0.001
14	  0.960	 35.326	  1.004	  1.286	  0.001
15	  0.960	 37.707	  1.004	  1.286	  0.001
16	  0.960	 40.088	  1.004	  1.286	  0.001
17	  0.960	 42.469	  1.004	  1.286	  0.001
18	  0.960	 44.850	  1.004	  1.286	  0.001
19	  0.960	 47.231	  1.004	  1.286	  0.001
20	  0.960	 49.612	  1.004	  1.286	  0.001
21	  0.960	 51.993	  1.004	  1.286	  0.001
22	  0.960	 54.374	  1.004	  1.286	  0.001
23	  0.960	 56.754	  1.004	  1.286	  0.001
24	  0.960	 59.135	  1.004	  1.286	  0.001
25	  0.960	 61.516	  1.004	  1.286	  0.001
26	  0.960	 63.897	  1.004	  1.286	  0.001
27	  0.960	 66.278	  1.004	  1.286	  0.001
28	  0.960	 68.659	  1.004	  1.286	  0.001
29	  0.960	 71.040	  1.004	  1.286	  0.001
30	  0.960	 73.421	  1.004	  1.286	  0.001
31	  0.960	 75.802	  1.004	  1.286	  0.001
32	  0.960	 78.183	  1.004	  1.286	  0.001
33	  0.960	 80.564	  1.004	  1.286	  0.001
34	  0.960	 82.945	  1.004	  1.286	  0.001
35	  0.960	 85.326	  1.004	  1.286	  0.001
36	  0.960	 87.707	  1.004	  1.286	  0.001
37	  0.960	 90.088	  1.004	  1.286	  0.001
38	  0.960	 92.469	  1.004	  1.286	  0.001
39	  0.960	 94.850	  1.004	  1.286	  0.001
40	  0.960	 97.231	  1.004	  1.286	  0.001
41	  0.960	 99.612	  1.004	  1.286	  0.001
0	  1.080	  2.150	  1.004	  1.332	  0.001
1	  1.080	  4.530	  1.004	  1.332	  0.001
2	  1.080	  6.911	  1.004	  1.332	  0.001
3	  1.080	  9.292	  1.004	  1.332	  0.001
4	  1.080	 11.673	  1.004	  1.332	  0.001
5	  1.080	 14.054	  1.004	  1.332	  0.001
6	  1.080	 16.435	  1.004	  1.332	  0.001
7	  1.080	 18.816	  1.004	  1.332	  0.001
8	  1.080	 21.197	  1.004	  1.332	  0.001
9	  1.080	 23.578	  1.004	  1.332	  0.001
10	  1.080	 25.959	  1.004	  1.332	  0.001
11	  1.080	 28.340	  1.004	  1.332	  0.001
12	  1.080	 30.721	  1.004	  1.332	  0.001
13	  1.080	 33.102	  1.004	  1.332	  0.001
14	  1.080	 35.483	  1.004	  1.332	  0.001
15	  1.080	 37.864	  1.004	  1.332	  0.001
16	  1.080	 40.245	  1.004	  1.332	  0.001
17	  1.080	 42.626	  1.004	  1.332	  0.001
18	  1.080	 45.007	  1.004	  1.332	  0.001
19	  1.080	 47.388	  1.004	  1.332	  0.001
20	  1.080	 49.769	  1.004	  1.332	  0.001
21	  1.080	 52.150	  1.004	  1.332	  0.001
22	  1.080	 54.530	  1.004	  1.332	  0.001
23	  1.080	 56.911	  1.004	  1.332	  0.001
24	  1.080	 59.292	  1.004	  1.332	  0.001
25	  1.080	 61.673	  1.004	  1.332	  0.001
26	  1.080	 64.054	  1.004	  1.332	  0.001
27	  1.080	 66.435	  1.004	  1.332	  0.001
28	  1.080	 68.816	  1.004	  1.332	  0.001
29	  1.080	 71.197	  1.004	  1.332	  0.001
30	  1.080	 73.578	  1.004	  1.332	  0.001
31	  1.080	 75.959	  1.004	  1.332	  0.001
32	  1.080	 78.340	  1.004	  1.332	  0.001
33	  1.080	 80.721	  1.004	  1.332	  0.001
34	  1.080	 83.102	  1.004	  1.332	  0.001
35	  1.080	 85.483	  1.004	  1.332	  0.001
36	  1.080	 87.864	  1.004	  1.332	  0.001
37	  1.080	 90.245	  1.004	  1.332	  0.001
38	  1.080	 92.626	  1.004	  1.332	  0.001
39	  1.080	 95.007	  1.004	  1.332	  0.001
40	  1.080	 97.388	  1.004	  1.332	  0.001
41	  1.080	 99.769	  1.004	  1.332	  0.001
0	  1.200	  2.311	  1.005	  1.368	  0.001
1	  1.200	  4.692	  1.005	  1.368	  0.001
2	  1.200	  7.073	  1.005	  1.368	  0.001
3	  1.200	  9.454	  1.005	  1.368	  0.001
4	  1.200	 11.835	  1.005	  1.368	  0.001
5	  1.200	 14.216	  1.005	  1.368	  0.001
6	  1.200	 16.597	  1.005	  1.368	  0.001
7	  1.200	 18.978	  1.005	  1.368	  0.001
8	  1.200	 21.359	  1.005	  1.368	  0.001
9	  1.200	 23.740	  1.005	  1.368	  0.001
10	  1.200	 26.121	  1.005	  1.368	  0.001
11	  1.200	 28.502	  1.005	  1.368	  0.001
12	  1.200	 30.883	  1.005	  1.368	  0.001
13	  1.200	 33.264	  1.005	  1.368	  0.001
14	  1.200	 35.645	  1.005	  1.368	  0.001
15	  1.200	 38.026	  1.005	  1.368	  0.001
16	  1.200	 40.407	  1.005	  1.368	  0.001
17	  1.200	 42.788	  1.005	  1.368	  0.001
18	  1.200	 45.169	  1.005	  1.368	  0.001
19	  1.200	 47.550	  1.005	  1.368	  0.001
20	  1.200	 49.930	  1.005	  1.368	  0.001
21	  1.200	 52.311	  1.005	  1.368	  0.001
22	  1.200	 54.692	  1.005	  1.368	  0.001
23	  1.200	 57.073	  1.005	  1.368	  0.001
24	  1.200	 59.454	  1.005	  1.368	  0.001
25	  1.200	 61.835	  1.005	  1.368	  0.001
26	  1.200	 64.216	  1.005	  1.368	  0.001
27	  1.200	 66.597	  1.005	  1.368	  0.001
28	  1.200	 68.978	  1.005	  1.368	  0.001
29	  1.200	 71.359	  1.005	  1.368	  0.001
30	  1.200	 73.740	  1.005	  1.368	  0.001
31	  1.200	 76.121	  1.005	  1.368	  0.001
32	  1.200	 78.502	  1.005	  1.368	  0.001
33	  1.200	 80.883	  1.005	  1.368	  0.001
34	  1.200	 83.264	  1.005	  1.368	  0.001
35	  1.200	 85.645	  1.005	  1.368	  0.001
36	  1.200	 88.026	  1.005	  1.368	  0.001
37	  1.200	 90.407	  1.005	  1.368	  0.001
38	  1.200	 92.788	  1.005	  1.368	  0.001
39	  1.200	 95.169	  1.005	  1.368	  0.001
40	  1.200	 97.550	  1.005	  1.368	  0.001
41	  1.200	 99.930	  1.005	  1.368	  0.001
0	  1.320	  2.477	  1.005	  1.396	  0.001
1	  1.320	  4.858	  1.005	  1.396	  0.001
2	  1.320	  7.239	  1.005	  1.396	  0.001
3	  1.320	  9.620	  1.005	  1.396	  0.001
4	  1.320	 12.001	  1.005	  1.396	  0.001
5	  1.320	 14.382	  1.005	  1.396	  0.001
6	  1.320	 16.763	  1.005	  1.396	  0.001
7	  1.320	 19.144	  1.005	  1.396	  0.001
8	  1.320	 21.525	  1.005	  1.396	  0.001
9	  1.320	 23.906	  1.005	  1.396	  0.001
10	  1.320	 26.287	  1.005	  1.396	  0.001
11	  1.320	 28.668	  1.005	  1.396	  0.001
12	  1.320	 31.049	  1.005	  1.396	  0.001
13	  1.320	 33.430	  1.005	  1.396	  0.001
14	  1.320	 35.811	  1.005	  1.396	  0.001
15	  1.320	 38.192	  1.005	  1.396	  0.001
16	  1.320	 40.572	  1.005	  1.396	  0.001
17	  1.320	 42.953	  1.005	  1.396	  0.001
18	  1.320	 45.334	  1.005	  1.396	  0.001
19	  1.320	 47.715	  1.005	  1.396	  0.001
20	  1.320	 50.096	  1.005	  1.396	  0.001
21	  1.320	 52.477	  1.005	  1.396	  0.001
22	  1.320	 54.858	  1.005	  1.396	  0.001
23	  1.320	 57.239	  1.005	  1.396	  0.001
24	  1.320	 59.620	  1.005	  1.396	  0.001
25	  1.320	 62.001	  1.005	  1.396	  0.001
26	  1.320	 64.382	  1.005	  1.396	  0.001
27	  1.320	 66.763	  1.005	  1.396	  0.001
28	  1.320	 69.144	  1.005	  1.396	  0.001
29	  1.320	 71.525	  1.005	  1.396	  0.001
30	  1.320	 73.906	  1.005	  1.396	  0.001
31	  1.320	 76.287	  1.005	  1.396	  0.001
32	  1.320	 78.668	  1.005	  1.396	  0.001
33	  1.320	 81.049	  1.005	  1.396	  0.001
34	  1.320	 83.430	  1.005	  1.396	  0.001
35	  1.320	 85.811	  1.005	  1.396	  0.001
36	  1.320	 88.192	  1.005	  1.396	  0.001
37	  1.320	 90.572	  1.005	  1.396	  0.001
38	  1.320	 92.953	  1.005	  1.396	  0.001
39	  1.320	 95.334	  1.005	  1.396	  0.001
40	  1.320	 97.715	  1.005	  1.396	  0.001
41	  1.320	100.096	  1.005	  1.396	  0.001
0	  1.440	  2.646	  1.005	  1.419	  0.001
1	  1.440	  5.027	  1.005	  1.419	  0.001
2	  1.440	  7.408	  1.005	  1.419	  0.001
3	  1.440	  9.789	  1.005	  1.419	  0.001
4	  1.440	 12.170	  1.005	  1.419	  0.001
5	  1.440	 14.551	  1.005	  1.419	  0.001
6	  1.440	 16.932	  1.005	  1.419	  0.001
7	  1.440	 19.313	  1.005	  1.419	  0.001
8	  1.440	 21.694	  1.005	  1.419	  0.001
9	  1.440	 24.075	  1.005	  1.419	  0.001
10	  1.440	 26.456	  1.005	  1.419	  0.001
11	  1.440	 28.837	  1.005	  1.419	  0.001
12	  1.440	 31.218	  1.005	  1.419	  0.001
13	  1.440	 33.598	  1.005	  1.419	  0.001
14	  1.440	 35.979	  1.005	  1.419	  0.001
15	  1.440	 38.360	  1.005	  1.419	  0.001
16	  1.440	 40.741	  1.005	  1.419	  0.001
17	  1.440	 43.122	  1.005	  1.419	  0.001
18	  1.440	 45.503	  1.005	  1.419	  0.001
19	  1.440	 47.884	  1.005	  1.419	  0.001
20	  1.440	 50.265	  1.005	  1.419	  0.001
21	  1.440	 52.646	  1.005	  1.419	  0.001
22	  1.440	 55.027	  1.005	  1.419	  0.001
23	  1.440	 57.408	  1.005	  1.419	  0.001
24	  1.440	 59.789	  1.005	  1.419	  0.001
25	  1.440	 62.170	  1.005	  1.419	  0.001
26	  1.440	 64.551	  1.005	  1.419	  0.001
27	  1.440	 66.932	  1.005	  1.419	  0.001
28	  1.440	 69.313	  1.005	  1.419	  0.001
29	  1.440	 71.694	  1.005	  1.419	  0.001
30	  1.440	 74.075	  1.005	  1.419	  0.001
31	  1.440	 76.456	  1.005	  1.419	  0.001
32	  1.440	 78.837	  1.005	  1.419	  0.001
33	  1.440	 81.218	  1.005	  1.419	  0.001
34	  1.440	 83.598	  1.005	  1.419	  0.001
35	  1.440	 85.979	  1.005	  1.419	  0.001
36	  1.440	 88.360	  1.005	  1.419	  0.001
37	  1.440	 90.741	  1.005	  1.419	  0.001
38	  1.440	 93.122	  1.005	  1.419	  0.001
39	  1.440	 95.503	  1.005	  1.419	  0.001
40	  1.440	 97.884	  1.005	  1.419	  0.001
41	  1.440	100.265	  1.005	  1.419	  0.001
0	  1.560	  2.817	  1.005	  1.436	  0.000
1	  1.560	  5.198	  1.005	  1.436	  0.000
2	  1.560	  7.579	  1.005	  1.436	  0.000
3	  1.560	  9.960	  1.005	  1.436	  0.000
4	  1.560	 12.341	  1.005	  1.436	  0.000
5	  1.560	 14.722	  1.005	  1.436	  0.000
6	  1.560	 17.103	  1.005	  1.436	  0.000
7	  1.560	 19.484	  1.005	  1.436	  0.000
8	  1.560	 21.865	  1.005	  1.436	  0.000
9	  1.560	 24.246	  1.005	  1.436	  0.000
10	  1.560	 26.627	  1.005	  1.436	  0.000
11	  1.560	 29.008	  1.005	  1.436	  0.000
12	  1.560	 31.389	  1.005	  1.436	  0.000
13	  1.560	 33.770	  1.005	  1.436	  0.000
14	  1.560	 36.151	  1.005	  1.436	  0.000
15	  1.560	 38.532	  1.005	  1.436	  0.000
16	  1.560	 40.913	  1.005	  1.436	  0.000
17	  1.560	 43.294	  1.005	  1.436	  0.000
18	  1.560	 45.674	  1.005	  1.436	  0.000
19	  1.560	 48.055	  1.005	  1.436	  0.000
20	  1.560	 50.436	  1.005	  1.436	  0.000
21	  1.560	 52.817	  1.005	  1.436	  0.000
22	  1.560	 55.198	  1.005	  1.436	  0.000
23	  1.560	 57.579	  1.005	  1.436	  0.000
24	  1.560	 59.960	  1.005	  1.436	  0.000
25	  1.560	 62.341	  1.005	  1.436	  0.000
26	  1.560	 64.722	  1.005	  1.436	  0.000
27	  1.560	 67.103	  1.005	  1.436	  0.000
28	  1.560	 69.484	  1.005	  1.436	  0.000
29	  1.560	 71.865	  1.005	  1.436	  0.000
30	  1.560	 74.246	  1.005	  1.436	  0.000
31	  1.560	 76.627	  1.005	  1.436	  0.000
32	  1.560	 79.008	  1.005	  1.436	  0.000
33	  1.560	 81.389	  1.005	  1.436	  0.000
34	  1.560	 83.770	  1.005	  1.436	  0.000
35	  1.560	 86.151	  1.005	  1.436	  0.000
36	  1.560	 88.532	  1.005	  1.436	  0.000
37	  1.560	 90.913	  1.005	  1.436	  0.000
38	  1.560	 93.294	  1.005	  1.436	  0.000
39	  1.560	 95.674	  1.005	  1.436	  0.000
40	  1.560	 98.055	  1.005	  1.436	  0.000
41	  1.560	100.436	  1.005	  1.436	  0.000
0	  1.680	  2.990	  1.005	  1.450	  0.000
1	  1.680	  5.371	  1.005	  1.450	  0.000
2	  1.680	  7.752	  1.005	  1.450	  0.000
3	  1.680	 10.133	  1.005	  1.450	  0.000
4	  1.680	 12.514	  1.005	  1.450	  0.000
5	  1.680	 14.895	  1.005	  1.450	  0.000
6	  1.680	 17.276	  1.005	  1.450	  0.000
7	  1.680	 19.657	  1.005	  1.450	  0.000
8	  1.680	 22.038	  1.005	  1.450	  0.000
9	  1.680	 24.419	  1.005	  1.450	  0.000
10	  1.680	 26.800	  1.005	  1.450	  0.000
11	  1.680	 29.181	  1.005	  1.450	  0.000
12	  1.680	 31.562	  1.005	  1.450	  0.000
13	  1.680	 33.943	  1.005	  1.450	  0.000
14	  1.680	 36.324	  1.005	  1.450	  0.000
15	  1.680	 38.705	  1.005	  1.450	  0.000
16	  1.680	 41.086	  1.005	  1.450	  0.000
17	  1.680	 43.467	  1.005	  1.450	  0.000
18	  1.680	 45.848	  1.005	  1.450	  0.000
19	  1.680	 48.229	  1.005	  1.450	  0.000
20	  1.680	 50.610	  1.005	  1.450	  0.000
21	  1.680	 52.990	  1.005	  1.450	  0.000
22	  1.680	 55.371	  1.005	  1.450	  0.000
23	  1.680	 57.752	  1.005	  1.450	  0.000
24	  1.680	 60.133	  1.005	  1.450	  0.000
25	  1.680	 62.514	  1.005	  1.450	  0.000
26	  1.680	 64.895	  1.005	  1.450	  0.000
27	  1.680	 67.276	  1.005	  1.450	  0.000
28	  1.680	 69.657	  1.005	  1.450	  0.000
29	  1.680	 72.038	  1.005	  1.450	  0.000
30	  1.680	 74.419	  1.005	  1.450	  0.000
31	  1.680	 76.800	  1.005	  1.450	  0.000
32	  1.680	 79.181	  1.005	  1.450	  0.000
33	  1.680	 81.562	  1.005	  1.450	  0.000
34	  1.680	 83.943	  1.005	  1.450	  0.000
35	  1.680	 86.324	  1.005	  1.450	  0.000
36	  1.680	 88.705	  1.005	  1.450	  0.000
37	  1.680	 91.086	  1.005	  1.450	  0.000
38	  1.680	 93.467	  1.005	  1.450	  0.000
39	  1.680	 95.848	  1.005	  1.450	  0.000
40	  1.680	 98.229	  1.005	  1.450	  0.000
41	  1.680	100.610	  1.005	  1.450	  0.000
0	  1.800	  3.165	  1.005	  1.461	  0.000
1	  1.800	  5.546	  1.005	  1.461	  0.000
2	  1.800	  7.927	  1.005	  1.461	  0.000
3	  1.800	 10.308	  1.005	  1.461	  0.000
4	  1.800	 12.689	  1.005	  1.461	  0.000
5	  1.800	 15.070	  1.005	  1.461	  0.000
6	  1.800	 17.451	  1.005	  1.461	  0.000
7	  1.800	 19.832	  1.005	  1.461	  0.000
8	  1.800	 22.213	  1.005	  1.461	  0.000
9	  1.800	 24.594	  1.005	  1.461	  0.000
10	  1.800	 26.975	  1.005	  1.461	  0.000
11	  1.800	 29.356	  1.005	  1.461	  0.000
12	  1.800	 31.737	  1.005	  1.461	  0.000
13	  1.800	 34.117	  1.005	  1.461	  0.000
14	  1.800	 36.498	  1.005	  1.461	  0.000
15	  1.800	 38.879	  1.005	  1.461	  0.000
16	  1.800	 41.260	  1.005	  1.461	  0.000
17	  1.800	 43.641	  1.005	  1.461	  0.000
18	  1.800	 46.022	  1.005	  1.461	  0.000
19	  1.800	 48.403	  1.005	  1.461	  0.000
20	  1.800	 50.784	  1.005	  1.461	  0.000
21	  1.800	 53.165	  1.005	  1.461	  0.000
22	  1.800	 55.546	  1.005	  1.461	  0.000
23	  1.800	 57.927	  1.005	  1.461	  0.000
24	  1.800	 60.308	  1.005	  1.461	  0.000
25	  1.800	 62.689	  1.005	  1.461	  0.000
26	  1.800	 65.070	  1.005	  1.461	  0.000
27	  1.800	 67.451	  1.005	  1.461	  0.000
28	  1.800	 69.832	  1.005	  1.461	  0.000
29	  1.800	 72.213	  1.005	  1.461	  0.000
30	  1.800	 74.594	  1.005	  1.461	  0.000
31	  1.800	 76.975	  1.005	  1.461	  0.000
32	  1.800	 79.356	  1.005	  1.461	  0.000
33	  1.800	 81.737	  1.005	  1.461	  0.000
34	  1.800	 84.117	  1.005	  1.461	  0.000
35	  1.800	 86.498	  1.005	  1.461	  0.000
36	  1.800	 88.879	  1.005	  1.461	  0.000
37	  1.800	 91.260	  1.005	  1.461	  0.000
38	  1.800	 93.641	  1.005	  1.461	  0.000
39	  1.800	 96.022	  1.005	  1.461	  0.000
40	  1.800	 98.403	  1.005	  1.461	  0.000
41	  1.800	100.784	  1.005	  1.461	  0.000
0	  1.920	  3.341	  1.005	  1.469	  0.000
1	  1.920	  5.722	  1.005	  1.469	  0.000
2	  1.920	  8.103	  1.005	  1.469	  0.000
3	  1.920	 10.484	  1.005	  1.469	  0.000
4	  1.920	 12.865	  1.005	  1.469	  0.000
5	  1.920	 15.246	  1.005	  1.469	  0.000
6	  1.920	 17.627	  1.005	  1.469	  0.000
7	  1.920	 20.008	  1.005	  1.469	  0.000
8	  1.920	 22.388	  1.005	  1.469	  0.000
9	  1.920	 24.769	  1.005	  1.469	  0.000
10	  1.920	 27.150	  1.005	  1.469	  0.000
11	  1.920	 29.531	  1.005	  1.469	  0.000
12	  1.920	 31.912	  1.005	  1.469	  0.000
13	  1.920	 34.293	  1.005	  1.469	  0.000
14	  1.920	 36.674	  1.005	  1.469	  0.000
15	  1.920	 39.055	  1.005	  1.469	  0.000
16	  1.920	 41.436	  1.005	  1.469	  0.000
17	  1.920	 43.817	  1.005	  1.469	  0.000
18	  1.920	 46.198	  1.005	  1.469	  0.000
19	  1.920	 48.579	  1.005	  1.469	  0.000
20	  1.920	 50.960	  1.005	  1.469	  0.000
21	  1.920	 53.341	  1.005	  1.469	  0.000
22	  1.920	 55.722	  1.005	  1.469	  0.000
23	  1.920	 58.103	  1.005	  1.469	  0.000
24	  1.920	 60.484	  1.005	  1.469	  0.000
25	  1.920	 62.865	  1.005	  1.469	  0.000
26	  1.920	 65.246	  1.005	  1.469	  0.000
27	  1.920	 67.627	  1.005	  1.469	  0.000
28	  1.920	 70.008	  1.005	  1.469	  0.000
29	  1.920	 72.388	  1.005	  1.469	  0.000
30	  1.920	 74.769	  1.005	  1.469	  0.000
31	  1.920	 77.150	  1.005	  1.469	  0.000
32	  1.920	 79.531	  1.005	  1.469	  0.000
33	  1.920	 81.912	  1.005	  1.469	  0.000
34	  1.920	 84.293	  1.005	  1.469	  0.000
35	  1.920	 86.674	  1.005	  1.469	  0.000
36	  1.920	 89.055	  1.005	  1.469	  0.000
37	  1.920	 91.436	  1.005	  1.469	  0.000
38	  1.920	 93.817	  1.005	  1.469	  0.000
39	  1.920	 96.198	  1.005	  1.469	  0.000
40	  1.920	 98.579	  1.005	  1.469	  0.000
41	  1.920	100.960	  1.005	  1.469	  0.000
0	  2.040	  3.518	  1.005	  1.476	  0.000
1	  2.040	  5.899	  1.005	  1.476	  0.000
2	  2.040	  8.279	  1.005	  1.476	  0.000
3	  2.040	 10.660	  1.005	  1.476	  0.000
4	  2.040	 13.041	  1.005	  1.476	  0.000
5	  2.040	 15.422	  1.005	  1.476	  0.000
6	  2.040	 17.803	  1.005	  1.476	  0.000
7	  2.040	 20.184	  1.005	  1.476	  0.000
8	  2.040	 22.565	  1.005	  1.476	  0.000
9	  2.040	 24.946	  1.005	  1.476	  0.000
10	  2.040	 27.327	  1.005	  1.476	  0.000
11	  2.040	 29.708	  1.005	  1.476	  0.000
12	  2.040	 32.089	  1.005	  1.476	  0.000
13	  2.040	 34.470	  1.005	  1.476	  0.000
14	  2.040	 36.851	  1.005	  1.476	  0.000
15	  2.040	 39.232	  1.005	  1.476	  0.000
16	  2.040	 41.613	  1.005	  1.476	  0.000
17	  2.040	 43.994	  1.005	  1.476	  0.000
18	  2.040	 46.375	  1.005	  1.476	  0.000
19	  2.040	 48.756	  1.005	  1.476	  0.000
20	  2.040	 51.137	  1.005	  1.476	  0.000
21	  2.040	 53.518	  1.005	  1.476	  0.000
22	  2.040	 55.899	  1.005	  1.476	  0.000
23	  2.040	 58.279	  1.005	  1.476	  0.000
24	  2.040	 60.660	  1.005	  1.476	  0.000
25	  2.040	 63.041	  1.005	  1.476	  0.000
26	  2.040	 65.422	  1.005	  1.476	  0.000
27	  2.040	 67.803	  1.005	  1.476	  0.000
28	  2.040	 70.184	  1.005	  1.476	  0.000
29	  2.040	 72.565	  1.005	  1.476	  0.000
30	  2.040	 74.946	  1.005	  1.476	  0.000
31	  2.040	 77.327	  1.005	  1.476	  0.000
32	  2.040	 79.708	  1.005	  1.476	  0.000
33	  2.040	 82.089	  1.005	  1.476	  0.000
34	  2.040	 84.470	  1.005	  1.476	  0.000
35	  2.040	 86.851	  1.005	  1.476	  0.000
36	  2.040	 89.232	  1.005	  1.476	  0.000
37	  2.040	 91.613	  1.005	  1.476	  0.000
38	  2.040	 93.994	  1.005	  1.476	  0.000
39	  2.040	 96.375	  1.005	  1.476	  0.000
40	  2.040	 98.756	  1.005	  1.476	  0.000
41	  2.040	101.137	  1.005	  1.476	  0.000
0	  2.160	  3.695	  1.005	  1.481	  0.000
1	  2.160	  6.076	  1.005	  1.481	  0.000
2	  2.160	  8.457	  1.005	  1.481	  0.000
3	  2.160	 10.838	  1.005	  1.481	  0.000
4	  2.160	 13.219	  1.005	  1.481	  0.000
5	  2.160	 15.600	  1.005	  1.481	  0.000
6	  2.160	 17.981	  1.005	  1.481	  0.000
7	  2.160	 20.362	  1.005	  1.481	  0.000
8	  2.160	 22.743	  1.005	  1.481	  0.000
9	  2.160	 25.124	  1.005	  1.481	  0.000
10	  2.160	 27.504	  1.005	  1.481	  0.000
11	  2.160	 29.885	  1.005	  1.481	  0.000
12	  2.160	 32.266	  1.005	  1.481	  0.000
13	  2.160	 34.647	  1.005	  1.481	  0.000
14	  2.160	 37.028	  1.005	  1.481	  0.000
15	  2.160	 39.409	  1.005	  1.481	  0.000
16	  2.160	 41.790	  1.005	  1.481	  0.000
17	  2.160	 44.171	  1.005	  1.481	  0.000
18	  2.160	 46.552	  1.005	  1.481	  0.000
19	  2.160	 48.933	  1.005	  1.481	  0.000
20	  2.160	 51.314	  1.005	  1.481	  0.000
21	  2.160	 53.695	  1.005	  1.481	  0.000
22	  2.160	 56.076	  1.005	  1.481	  0.000
23	  2.160	 58.457	  1.005	  1.481	  0.000
24	  2.160	 60.838	  1.005	  1.481	  0.000
25	  2.160	 63.219	  1.005	  1.481	  0.000
26	  2.160	 65.600	  1.005	  1.481	  0.000
27	  2.160	 67.981	  1.005	  1.481	  0.000
28	  2.160	 70.362	  1.005	  1.481	  0.000
29	  2.160	 72.743	  1.005	  1.481	  0.000
30	  2.160	 75.124	  1.005	  1.481	  0.000
31	  2.160	 77.504	  1.005	  1.481	  0.000
32	  2.160	 79.885	  1.005	  1.481	  0.000
33	  2.160	 82.266	  1.005	  1.481	  0.000
34	  2.160	 84.647	  1.005	  1.481	  0.000
35	  2.160	 87.028	  1.005	  1.481	  0.000
36	  2.160	 89.409	  1.005	  1.481	  0.000
37	  2.160	 91.790	  1.005	  1.481	  0.000
38	  2.160	 94.171	  1.005	  1.481	  0.000
39	  2.160	 96.552	  1.005	  1.481	  0.000
40	  2.160	 98.933	  1.005	  1.481	  0.000
41	  2.160	101.314	  1.005	  1.481	  0.000
0	  2.280	  3.873	  1.005	  1.485	  0.000
1	  2.280	  6.254	  1.005	  1.485	  0.000
2	  2.280	  8.635	  1.005	  1.485	  0.000
3	  2.280	 11.016	  1.005	  1.485	  0.000
4	  2.280	 13.397	  1.005	  1.485	  0.000
5	  2.280	 15.778	  1.005	  1.485	  0.000
6	  2.280	 18.159	  1.005	  1.485	  0.000
7	  2.280	 20.540	  1.005	  1.485	  0.000
8	  2.280	 22.921	  1.005	  1.485	  0.000
9	  2.280	 25.301	  1.005	  1.485	  0.000
10	  2.280	 27.682	  1.005	  1.485	  0.000
11	  2.280	 30.063	  1.005	  1.485	  0.000
12	  2.280	 32.444	  1.005	  1.485	  0.000
13	  2.280	 34.825	  1.005	  1.485	  0.000
14	  2.280	 37.206	  1.005	  1.485	  0.000
15	  2.280	 39.587	  1.005	  1.485	  0.000
16	  2.280	 41.968	  1.005	  1.485	  0.000
17	  2.280	 44.349	  1.005	  1.485	  0.000
18	  2.280	 46.730	  1.005	  1.485	  0.000
19	  2.280	 49.111	  1.005	  1.485	  0.000
20	  2.280	 51.492	  1.005	  1.485	  0.000
21	  2.280	 53.873	  1.005	  1.485	  0.000
22	  2.280	 56.254	  1.005	  1.485	  0.000
23	  2.280	 58.635	  1.005	  1.485	  0.000
24	  2.280	 61.016	  1.005	  1.485	  0.000
25	  2.280	 63.397	  1.005	  1.485	  0.000
26	  2.280	 65.778	  1.005	  1.485	  0.000
27	  2.280	 68.159	  1.005	  1.485	  0.000
28	  2.280	 70.540	  1.005	  1.485	  0.000
29	  2.280	 72.921	  1.005	  1.485	  0.000
30	  2.280	 75.301	  1.005	  1.485	  0.000
31	  2.280	 77.682	  1.005	  1.485	  0.000
32	  2.280	 80.063	  1.005	  1.485	  0.000
33	  2.280	 82.444	  1.005	  1.485	  0.000
34	  2.280	 84.825	  1.005	  1.485	  0.000
35	  2.280	 87.206	  1.005	  1.485	  0.000
36	  2.280	 89.587	  1.005	  1.485	  0.000
37	  2.280	 91.968	  1.005	  1.485	  0.000
38	  2.280	 94.349	  1.005	  1.485	  0.000
39	  2.280	 96.730	  1.005	  1.485	  0.000
40	  2.280	 99.111	  1.005	  1.485	  0.000
41	  2.280	101.492	  1.005	  1.485	  0.000
0	  2.400	  4.051	  1.005	  1.488	  0.000
1	  2.400	  6.432	  1.005	  1.488	  0.000
2	  2.400	  8.813	  1.005	  1.488	  0.000
3	  2.400	 11.194	  1.005	  1.488	  0.000
4	  2.400	 13.575	  1.005	  1.488	  0.000
5	  2.400	 15.956	  1.005	  1.488	  0.000
6	  2.400	 18.337	  1.005	  1.488	  0.000
7	  2.400	 20.718	  1.005	  1.488	  0.000
8	  2.400	 23.099	  1.005	  1.488	  0.000
9	  2.400	 25.480	  1.005	  1.488	  0.000
10	  2.400	 27.861	  1.005	  1.488	  0.000
11	  2.400	 30.242	  1.005	  1.488	  0.000
12	  2.400	 32.623	  1.005	  1.488	  0.000
13	  2.400	 35.004	  1.005	  1.488	  0.000
14	  2.400	 37.385	  1.005	  1.488	  0.000
15	  2.400	 39.766	  1.005	  1.488	  0.000
16	  2.400	 42.147	  1.005	  1.488	  0.000
17	  2.400	 44.527	  1.005	  1.488	  0.000
18	  2.400	 46.908	  1.005	  1.488	  0.000
19	  2.400	 49.289	  1.005	  1.488	  0.000
20	  2.400	 51.670	  1.005	  1.488	  0.000
21	  2.400	 54.051	  1.005	  1.488	  0.000
22	  2.400	 56.432	  1.005	  1.488	  0.000
23	  2.400	 58.813	  1.005	  1.488	  0.000
24	  2.400	 61.194	  1.005	  1.488	  0.000
25	  2.400	 63.575	  1.005	  1.488	  0.000
26	  2.400	 65.956	  1.005	  1.488	  0.000
27	  2.400	 68.337	  1.005	  1.488	  0.000
28	  2.400	 70.718	  1.005	  1.488	  0.000
29	  2.400	 73.099	  1.005	  1.488	  0.000
30	  2.400	 75.480	  1.005	  1.488	  0.000
31	  2.400	 77.861	  1.005	  1.488	  0.000
32	  2.400	 80.242	  1.005	  1.488	  0.000
33	  2.400	 82.623	  1.005	  1.488	  0.000
34	  2.400	 85.004	  1.005	  1.488	  0.000
35	  2.400	 87.385	  1.005	  1.488	  0.000
36	  2.400	 89.766	  1.005	  1.488	  0.000
37	  2.400	 92.147	  1.005	  1.488	  0.000
38	  2.400	 94.527	  1.005	  1.488	  0.000
39	  2.400	 96.908	  1.005	  1.488	  0.000
40	  2.400	 99.289	  1.005	  1.488	  0.000
41	  2.400	101.670	  1.005	  1.488	  0.000
0	  2.520	  4.230	  1.005	  1.491	  0.000
1	  2.520	  6.611	  1.005	  1.491	  0.000
2	  2.520	  8.992	  1.005	  1.491	  0.000
3	  2.520	 11.373	  1.005	  1.491	  0.000
4	  2.520	 13.754	  1.005	  1.491	  0.000
5	  2.520	 16.135	  1.005	  1.491	  0.000
6	  2.520	 18.516	  1.005	  1.491	  0.000
7	  2.520	 20.897	  1.005	  1.491	  0.000
8	  2.520	 23.278	  1.005	  1.491	  0.000
9	  2.520	 25.659	  1.005	  1.491	  0.000
10	  2.520	 28.040	  1.005	  1.491	  0.000
11	  2.520	 30.421	  1.005	  1.491	  0.000
12	  2.520	 32.801	  1.005	  1.491	  0.000
13	  2.520	 35.182	  1.005	  1.491	  0.000
14	  2.520	 37.563	  1.005	  1.491	  0.000
15	  2.520	 39.944	  1.005	  1.491	  0.000
16	  2.520	 42.325	  1.005	  1.491	  0.000
17	  2.520	 44.706	  1.005	  1.491	  0.000
18	  2.520	 47.087	  1.005	  1.491	  0.000
19	  2.520	 49.468	  1.005	  1.491	  0.000
20	  2.520	 51.849	  1.005	  1.491	  0.000
21	  2.520	 54.230	  1.005	  1.491	  0.000
22	  2.520	 56.611	  1.005	  1.491	  0.000
23	  2.520	 58.992	  1.005	  1.491	  0.000
24	  2.520	 61.373	  1.005	  1.491	  0.000
25	  2.520	 63.754	  1.005	  1.491	  0.000
26	  2.520	 66.135	  1.005	  1.491	  0.000
27	  2.520	 68.516	  1.005	  1.491	  0.000
28	  2.520	 70.897	  1.005	  1.491	  0.000
29	  2.520	 73.278	  1.005	  1.491	  0.000
30	  2.520	 75.659	  1.005	  1.491	  0.000
31	  2.520	 78.040	  1.005	  1.491	  0.000
32	  2.520	 80.421	  1.005	  1.491	  0.000
33	  2.520	 82.801	  1.005	  1.491	  0.000
34	  2.520	 85.182	  1.005	  1.491	  0.000
35	  2.520	 87.563	  1.005	  1.491	  0.000
36	  2.520	 89.944	  1.005	  1.491	  0.000
37	  2.520	 92.325	  1.005	  1.491	  0.000
38	  2.520	 94.706	  1.005	  1.491	  0.000
39	  2.520	 97.087	  1.005	  1.491	  0.000
40	  2.520	 99.468	  1.005	  1.491	  0.000
41	  2.520	101.849	  1.005	  1.491	  0.000
0	  2.640	  4.409	  1.005	  1.493	  0.000
1	  2.640	  6.790	  1.005	  1.493	  0.000
2	  2.640	  9.171	  1.005	  1.493	  0.000
3	  2.640	 11.552	  1.005	  1.493	  0.000
4	  2.640	 13.933	  1.005	  1.493	  0.000
5	  2.640	 16.314	  1.005	  1.493	  0.000
6	  2.640	 18.695	  1.005	  1.493	  0.000
7	  2.640	 21.076	  1.005	  1.493	  0.000
8	  2.640	 23.457	  1.005	  1.493	  0.000
9	  2.640	 25.838	  1.005	  1.493	  0.000
10	  2.640	 28.219	  1.005	  1.493	  0.000
11	  2.640	 30.600	  1.005	  1.493	  0.000
12	  2.640	 32.980	  1.005	  1.493	  0.000
13	  2.640	 35.361	  1.005	  1.493	  0.000
14	  2.640	 37.742	  1.005	  1.493	  0.000
15	  2.640	 40.123	  1.005	  1.493	  0.000
16	  2.640	 42.504	  1.005	  1.493	  0.000
17	  2.640	 44.885	  1.005	  1.493	  0.000
18	  2.640	 47.266	  1.005	  1.493	  0.000
19	  2.640	 49.647	  1.005	  1.493	  0.000
20	  2.640	 52.028	  1.005	  1.493	  0.000
21	  2.640	 54.409	  1.005	  1.493	  0.000
22	  2.640	 56.790	  1.005	  1.493	  0.000
23	  2.640	 59.171	  1.005	  1.493	  0.000
24	  2.640	 61.552	  1.005	  1.493	  0.000
25	  2.640	 63.933	  1.005	  1.493	  0.000
26	  2.640	 66.314	  1.005	  1.493	  0.000
27	  2.640	 68.695	  1.005	  1.493	  0.000
28	  2.640	 71.076	  1.005	  1.493	  0.000
29	  2.640	 73.457	  1.005	  1.493	  0.000
30	  2.640	 75.838	  1.005	  1.493	  0.000
31	  2.640	 78.219	  1.005	  1.493	  0.000
32	  2.640	 80.600	  1.005	  1.493	  0.000
33	  2.640	 82.980	  1.005	  1.493	  0.000
34	  2.640	 85.361	  1.005	  1.493	  0.000
35	  2.640	 87.742	  1.005	  1.493	  0.000
36	  2.640	 90.123	  1.005	  1.493	  0.000
37	  2.640	 92.504	  1.005	  1.493	  0.000
38	  2.640	 94.885	  1.005	  1.493	  0.000
39	  2.640	 97.266	  1.005	  1.493	  0.000
40	  2.640	 99.647	  1.005	  1.493	  0.000
41	  2.640	102.028	  1.005	  1.493	  0.000
0	  2.760	  4.588	  1.005	  1.494	  0.000
1	  2.760	  6.969	  1.005	  1.494	  0.000
2	  2.760	  9.350	  1.005	  1.494	  0.000
3	  2.760	 11.731	  1.005	  1.494	  0.000
4	  2.760	 14.112	  1.005	  1.494	  0.000
5	  2.760	 16.493	  1.005	  1.494	  0.000
6	  2.760	 18.874	  1.005	  1.494	  0.000
7	  2.760	 21.255	  1.005	  1.494	  0.000
8	  2.760	 23.636	  1.005	  1.494	  0.000
9	  2.760	 26.017	  1.005	  1.494	  0.000
10	  2.760	 28.398	  1.005	  1.494	  0.000
11	  2.760	 30.779	  1.005	  1.494	  0.000
12	  2.760	 33.160	  1.005	  1.494	  0.000
13	  2.760	 35.541	  1.005	  1.494	  0.000
14	  2.760	 37.922	  1.005	  1.494	  0.000
15	  2.760	 40.303	  1.005	  1.494	  0.000
16	  2.760	 42.684	  1.005	  1.494	  0.000
17	  2.760	 45.064	  1.005	  1.494	  0.000
18	  2.760	 47.445	  1.005	  1.494	  0.000
19	  2.760	 49.826	  1.005	  1.494	  0.000
20	  2.760	 52.207	  1.005	  1.494	  0.000
21	  2.760	 54.588	  1.005	  1.494	  0.000
22	  2.760	 56.969	  1.005	  1.494	  0.000
23	  2.760	 59.350	  1.005	  1.494	  0.000
24	  2.760	 61.731	  1.005	  1.494	  0.000
25	  2.760	 64.112	  1.005	  1.494	  0.000
26	  2.760	 66.493	  1.005	  1.494	  0.000
27	  2.760	 68.874	  1.005	  1.494	  0.000
28	  2.760	 71.255	  1.005	  1.494	  0.000
29	  2.760	 73.636	  1.005	  1.494	  0.000
30	  2.760	 76.017	  1.005	  1.494	  0.000
31	  2.760	 78.398	  1.005	  1.494	  0.000
32	  2.760	 80.779	  1.005	  1.494	  0.000
33	  2.760	 83.160	  1.005	  1.494	  0.000
34	  2.760	 85.541	  1.005	  1.494	  0.000
35	  2.760	 87.922	  1.005	  1.494	  0.000
36	  2.760	 90.303	  1.005	  1.494	  0.000
37	  2.760	 92.684	  1.005	  1.494	  0.000
38	  2.760	 95.064	  1.005	  1.494	  0.000
39	  2.760	 97.445	  1.005	  1.494	  0.000
40	  2.760	 99.826	  1.005	  1.494	  0.000
41	  2.760	102.207	  1.005	  1.494	  0.000
0	  2.880	  4.768	  1.005	  1.496	  0.000
1	  2.880	  7.149	  1.005	  1.496	  0.000
2	  2.880	  9.530	  1.005	  1.496	  0.000
3	  2.880	 11.911	  1.005	  1.496	  0.000
4	  2.880	 14.291	  1.005	  1.496	  0.000
5	  2.880	 16.672	  1.005	  1.496	  0.000
6	  2.880	 19.053	  1.005	  1.496	  0.000
7	  2.880	 21.434	  1.005	  1.496	  0.000
8	  2.880	 23.815	  1.005	  1.496	  0.000
9	  2.880	 26.196	  1.005	  1.496	  0.000
10	  2.880	 28.577	  1.005	  1.496	  0.000
11	  2.880	 30.958	  1.005	  1.496	  0.000
12	  2.880	 33.339	  1.005	  1.496	  0.000
13	  2.880	 35.720	  1.005	  1.496	  0.000
14	  2.880	 38.101	  1.005	  1.496	  0.000
15	  2.880	 40.482	  1.005	  1.496	  0.000
16	  2.880	 42.863	  1.005	  1.496	  0.000
17	  2.880	 45.244	  1.005	  1.496	  0.000
18	  2.880	 47.625	  1.005	  1.496	  0.000
19	  2.880	 50.006	  1.005	  1.496	  0.000
20	  2.880	 52.387	  1.005	  1.496	  0.000
21	  2.880	 54.768	  1.005	  1.496	  0.000
22	  2.880	 57.149	  1.005	  1.496	  0.000
23	  2.880	 59.530	  1.005	  1.496	  0.000
24	  2.880	 61.911	  1.005	  1.496	  0.000
25	  2.880	 64.291	  1.005	  1.496	  0.000
26	  2.880	 66.672	  1.005	  1.496	  0.000
27	  2.880	 69.053	  1.005	  1.496	  0.000
28	  2.880	 71.434	  1.005	  1.496	  0.000
29	  2.880	 73.815	  1.005	  1.496	  0.000
30	  2.880	 76.196	  1.005	  1.496	  0.000
31	  2.880	 78.577	  1.005	  1.496	  0.000
32	  2.880	 80.958	  1.005	  1.496	  0.000
33	  2.880	 83.339	  1.005	  1.496	  0.000
34	  2.880	 85.720	  1.005	  1.496	  0.000
35	  2.880	 88.101	  1.005	  1.496	  0.000
36	  2.880	 90.482	  1.005	  1.496	  0.000
37	  2.880	 92.863	  1.005	  1.496	  0.000
38	  2.880	 95.244	  1.005	  1.496	  0.000
39	  2.880	 97.625	  1.005	  1.496	  0.000
40	  2.880	100.006	  1.005	  1.496	  0.000
41	  2.880	102.387	  1.005	  1.496	  0.000
0	  3.000	  4.947	  1.005	  1.497	  0.000
1	  3.000	  7.328	  1.005	  1.497	  0.000
2	  3.000	  9.709	  1.005	  1.497	  0.000
3	  3.000	 12.090	  1.005	  1.497	  0.000
4	  3.000	 14.471	  1.005	  1.497	  0.000
5	  3.000	 16.852	  1.005	  1.497	  0.000
6	  3.000	 19.233	  1.005	  1.497	  0.000
7	  3.000	 21.614	  1.005	  1.497	  0.000
8	  3.000	 23.995	  1.005	  1.497	  0.000
9	  3.000	 26.376	  1.005	  1.497	  0.000
10	  3.000	 28.757	  1.005	  1.497	  0.000
11	  3.000	 31.138	  1.005	  1.497	  0.000
12	  3.000	 33.519	  1.005	  1.497	  0.000
13	  3.000	 35.900	  1.005	  1.497	  0.000
14	  3.000	 38.281	  1.005	  1.497	  0.000
15	  3.000	 40.661	  1.005	  1.497	  0.000
16	  3.000	 43.042	  1.005	  1.497	  0.000
17	  3.000	 45.423	  1.005	  1.497	  0.000
18	  3.000	 47.804	  1.005	  1.497	  0.000
19	  3.000	 50.185	  1.005	  1.497	  0.000
20	  3.000	 52.566	  1.005	  1.497	  0.000
21	  3.000	 54.947	  1.005	  1.497	  0.000
22	  3.000	 57.328	  1.005	  1.497	  0.000
23	  3.000	 59.709	  1.005	  1.497	  0.000
24	  3.000	 62.090	  1.005	  1.497	  0.000
25	  3.000	 64.471	  1.005	  1.497	  0.000
26	  3.000	 66.852	  1.005	  1.497	  0.000
27	  3.000	 69.233	  1.005	  1.497	  0.000
28	  3.000	 71.614	  1.005	  1.497	  0.000
29	  3.000	 73.995	  1.005	  1.497	  0.000
30	  3.000	 76.376	  1.005	  1.497	  0.000
31	  3.000	 78.757	  1.005	  1.497	  0.000
32	  3.000	 81.138	  1.005	  1.497	  0.000
33	  3.000	 83.519	  1.005	  1.497	  0.000
34	  3.000	 85.900	  1.005	  1.497	  0.000
35	  3.000	 88.281	  1.005	  1.497	  0.000
36	  3.000	 90.661	  1.005	  1.497	  0.000
37	  3.000	 93.042	  1.005	  1.497	  0.000
38	  3.000	 95.423	  1.005	  1.497	  0.000
39	  3.000	 97.804	  1.005	  1.497	  0.000
40	  3.000	100.185	  1.005	  1.497	  0.000
41	  3.000	102.566	  1.005	  1.497	  0.000
