# id	 time	 x	 y	 vx	 vy
0	  0.000	  0.781	  1.000	  0.010	  0.010
1	  0.000	  2.344	  1.000	  0.010	  0.010
2	  0.000	  3.906	  1.000	  0.010	  0.010
3	  0.000	  5.469	  1.000	  0.010	  0.010
4	  0.000	  7.031	  1.000	  0.010	  0.010
5	  0.000	  8.594	  1.000	  0.010	  0.010
6	  0.000	 10.156	  1.000	  0.010	  0.010
7	  0.000	 11.719	  1.000	  0.010	  0.010
8	  0.000	 13.281	  1.000	  0.010	  0.010
9	  0.000	 14.844	  1.000	  0.010	  0.010
10	  0.000	 16.406	  1.000	  0.010	  0.010
11	  0.000	 17.969	  1.000	  0.010	  0.010
12	  0.000	 19.531	  1.000	  0.010	  0.010
13	  0.000	 21.094	  1.000	  0.010	  0.010
14	  0.000	 22.656	  1.000	  0.010	  0.010
15	  0.000	 24.219	  1.000	  0.010	  0.010
16	  0.000	 25.781	  1.000	  0.010	  0.010
17	  0.000	 27.344	  1.000	  0.010	  0.010
18	  0.000	 28.906	  1.000	  0.010	  0.010
19	  0.000	 30.469	  1.000	  0.010	  0.010
20	  0.000	 32.031	  1.000	  0.010	  0.010
21	  0.000	 33.594	  1.000	  0.010	  0.010
22	  0.000	 35.156	  1.000	  0.010	  0.010
23	  0.000	 36.719	  1.000	  0.010	  0.010
24	  0.000	 38.281	  1.000	  0.010	  0.010
25	  0.000	 39.844	  1.000	  0.010	  0.010
26	  0.000	 41.406	  1.000	  0.010	  0.010
27	  0.000	 42.969	  1.000	  0.010	  0.010
28	  0.000	 44.531	  1.000	  0.010	  0.010
29	  0.000	 46.094	  1.000	  0.010	  0.010
30	  0.000	 47.656	  1.000	  0.010	  0.010
31	  0.000	 49.219	  1.000	  0.010	  0.010
32	  0.000	 50.781	  1.000	  0.010	  0.010
33	  0.000	 52.344	  1.000	  0.010	  0.010
34	  0.000	 53.906	  1.000	  0.010	  0.010
35	  0.000	 55.469	  1.000	  0.010	  0.010
36	  0.000	 57.031	  1.000	  0.010	  0.010
37	  0.000	 58.594	  1.000	  0.010	  0.010
38	  0.000	 60.156	  1.000	  0.010	  0.010
39	  0.000	 61.719	  1.000	  0.010	  0.010
40	  0.000	 63.281	  1.000	  0.010	  0.010
41	  0.000	 64.844	  1.000	  0.010	  0.010
42	  0.000	 66.406	  1.000	  0.010	  0.010
43	  0.000	 67.969	  1.000	  0.010	  0.010
44	  0.000	 69.531	  1.000	  0.010	  0.010
45	  0.000	 71.094	  1.000	  0.010	  0.010
46	  0.000	 72.656	  1.000	  0.010	  0.010
47	  0.000	 74.219	  1.000	  0.010	  0.010
48	  0.000	 75.781	  1.000	  0.010	  0.010
49	  0.000	 77.344	  1.000	  0.010	  0.010
50	  0.000	 78.906	  1.000	  0.010	  0.010
51	  0.000	 80.469	  1.000	  0.010	  0.010
52	  0.000	 82.031	  1.000	  0.010	  0.010
53	  0.000	 83.594	  1.000	  0.010	  0.010
54	  0.000	 85.156	  1.000	  0.010	  0.010
55	  0.000	 86.719	  1.000	  0.010	  0.010
56	  0.000	 88.281	  1.000	  0.010	  0.010
57	  0.000	 89.844	  1.000	  0.010	  0.010
58	  0.000	 91.406	  1.000	  0.010	  0.010
59	  0.000	 92.969	  1.000	  0.010	  0.010
60	  0.000	 94.531	  1.000	  0.010	  0.010
61	  0.000	 96.094	  1.000	  0.010	  0.010
62	  0.000	 97.656	  1.000	  0.010	  0.010
63	  0.000	 99.219	  1.000	  0.010	  0.010
0	  0.120	  0.799	  1.001	  0.302	  0.008
1	  0.120	  2.362	  1.001	  0.302	  0.008
2	  0.120	  3.924	  1.001	  0.302	  0.008
3	  0.120	  5.487	  1.001	  0.302	  0.008
4	  0.120	  7.049	  1.001	  0.302	  0.008
5	  0.120	  8.612	  1.001	  0.302	  0.008
6	  0.120	 10.174	  1.001	  0.302	  0.008
7	  0.120	 11.737	  1.001	  0.302	  0.008
8	  0.120	 13.299	  1.001	  0.302	  0.008
9	  0.120	 14.862	  1.001	  0.302	  0.008
10	  0.120	 16.424	  1.001	  0.302	  0.008
11	  0.120	 17.987	  1.001	  0.302	  0.008
12	  0.120	 19.549	  1.001	  0.302	  0.008
13	  0.120	 21.112	  1.001	  0.302	  0.008
14	  0.120	 22.674	  1.001	  0.302	  0.008
15	  0.120	 24.237	  1.001	  0.302	  0.008
16	  0.120	 25.799	  1.001	  0.302	  0.008
17	  0.120	 27.362	  1.001	  0.302	  0.008
18	  0.120	 28.924	  1.001	  0.302	  0.008
19	  0.120	 30.487	  1.001	  0.302	  0.008
20	  0.120	 32.049	  1.001	  0.302	  0.008
21	  0.120	 33.612	  1.001	  0.302	  0.008
22	  0.120	 35.174	  1.001	  0.302	  0.008
23	  0.120	 36.737	  1.001	  0.302	  0.008
24	  0.120	 38.299	  1.001	  0.302	  0.008
25	  0.120	 39.862	  1.001	  0.302	  0.008
26	  0.120	 41.424	  1.001	  0.302	  0.008
27	  0.120	 42.987	  1.001	  0.302	  0.008
28	  0.120	 44.549	  1.001	  0.302	  0.008
29	  0.120	 46.112	  1.001	  0.302	  0.008
30	  0.120	 47.674	  1.001	  0.302	  0.008
31	  0.120	 49.237	  1.001	  0.302	  0.008
32	  0.120	 50.799	  1.001	  0.302	  0.008
33	  0.120	 52.362	  1.001	  0.302	  0.008
34	  0.120	 53.924	  1.001	  0.302	  0.008
35	  0.120	 55.487	  1.001	  0.302	  0.008
36	  0.120	 57.049	  1.001	  0.302	  0.008
37	  0.120	 58.612	  1.001	  0.302	  0.008
38	  0.120	 60.174	  1.001	  0.302	  0.008
39	  0.120	 61.737	  1.001	  0.302	  0.008
40	  0.120	 63.299	  1.001	  0.302	  0.008
41	  0.120	 64.862	  1.001	  0.302	  0.008
42	  0.120	 66.424	  1.001	  0.302	  0.008
43	  0.120	 67.987	  1.001	  0.302	  0.008
44	  0.120	 69.549	  1.001	  0.302	  0.008
45	  0.120	 71.112	  1.001	  0.302	  0.008
46	  0.120	 72.674	  1.001	  0.302	  0.008
47	  0.120	 74.237	  1.001	  0.302	  0.008
48	  0.120	 75.799	  1.001	  0.302	  0.008
49	  0.120	 77.362	  1.001	  0.302	  0.008
50	  0.120	 78.924	  1.001	  0.302	  0.008
51	  0.120	 80.487	  1.001	  0.302	  0.008
52	  0.120	 82.049	  1.001	  0.302	  0.008
53	  0.120	 83.612	  1.001	  0.302	  0.008
54	  0.120	 85.174	  1.001	  0.302	  0.008
55	  0.120	 86.737	  1.001	  0.302	  0.008
56	  0.120	 88.299	  1.001	  0.302	  0.008
57	  0.120	 89.862	  1.001	  0.302	  0.008
58	  0.120	 91.424	  1.001	  0.302	  0.008
59	  0.120	 92.987	  1.001	  0.302	  0.008
60	  0.120	 94.549	  1.001	  0.302	  0.008
61	  0.120	 96.112	  1.001	  0.302	  0.008
62	  0.120	 97.674	  1.001	  0.302	  0.008
63	  0.120	 99.237	  1.001	  0.302	  0.008
0	  0.240	  0.849	  1.002	  0.531	  0.006
1	  0.240	  2.411	  1.002	  0.531	  0.006
2	  0.240	  3.974	  1.002	  0.531	  0.006
3	  0.240	  5.536	  1.002	  0.531	  0.006
4	  0.240	  7.099	  1.002	  0.531	  0.006
5	  0.240	  8.661	  1.002	  0.531	  0.006
6	  0.240	 10.224	  1.002	  0.531	  0.006
7	  0.240	 11.786	  1.002	  0.531	  0.006
8	  0.240	 13.349	  1.002	  0.531	  0.006
9	  0.240	 14.911	  1.002	  0.531	  0.006
10	  0.240	 16.474	  1.002	  0.531	  0.006
11	  0.240	 18.036	  1.002	  0.531	  0.006
12	  0.240	 19.599	  1.002	  0.531	  0.006
13	  0.240	 21.161	  1.002	  0.531	  0.006
14	  0.240	 22.724	  1.002	  0.531	  0.006
15	  0.240	 24.286	  1.002	  0.531	  0.006
16	  0.240	 25.849	  1.002	  0.531	  0.006
17	  0.240	 27.411	  1.002	  0.531	  0.006
18	  0.240	 28.974	  1.002	  0.531	  0.006
19	  0.240	 30.536	  1.002	  0.531	  0.006
20	  0.240	 32.099	  1.002	  0.531	  0.006
21	  0.240	 33.661	  1.002	  0.531	  0.006
22	  0.240	 35.224	  1.002	  0.531	  0.006
23	  0.240	 36.786	  1.002	  0.531	  0.006
24	  0.240	 38.349	  1.002	  0.531	  0.006
25	  0.240	 39.911	  1.002	  0.531	  0.006
26	  0.240	 41.474	  1.002	  0.531	  0.006
27	  0.240	 43.036	  1.002	  0.531	  0.006
28	  0.240	 44.599	  1.002	  0.531	  0.006
29	  0.240	 46.161	  1.002	  0.531	  0.006
30	  0.240	 47.724	  1.002	  0.531	  0.006
31	  0.240	 49.286	  1.002	  0.531	  0.006
32	  0.240	 50.849	  1.002	  0.531	  0.006
33	  0.240	 52.411	  1.002	  0.531	  0.006
34	  0.240	 53.974	  1.002	  0.531	  0.006
35	  0.240	 55.536	  1.002	  0.531	  0.006
36	  0.240	 57.099	  1.002	  0.531	  0.006
37	  0.240	 58.661	  1.002	  0.531	  0.006
38	  0.240	 60.224	  1.002	  0.531	  0.006
39	  0.240	 61.786	  1.002	  0.531	  0.006
40	  0.240	 63.349	  1.002	  0.531	  0.006
41	  0.240	 64.911	  1.002	  0.531	  0.006
42	  0.240	 66.474	  1.002	  0.531	  0.006
43	  0.240	 68.036	  1.002	  0.531	  0.006
44	  0.240	 69.599	  1.002	  0.531	  0.006
45	  0.240	 71.161	  1.002	  0.531	  0.006
46	  0.240	 72.724	  1.002	  0.531	  0.006
47	  0.240	 74.286	  1.002	  0.531	  0.006
48	  0.240	 75.849	  1.002	  0.531	  0.006
49	  0.240	 77.411	  1.002	  0.531	  0.006
50	  0.240	 78.974	  1.002	  0.531	  0.006
51	  0.240	 80.536	  1.002	  0.531	  0.006
52	  0.240	 82.099	  1.002	  0.531	  0.006
53	  0.240	 83.661	  1.002	  0.531	  0.006
54	  0.240	 85.224	  1.002	  0.531	  0.006
55	  0.240	 86.786	  1.002	  0.531	  0.006
56	  0.240	 88.349	  1.002	  0.531	  0.006
57	  0.240	 89.911	  1.002	  0.531	  0.006
58	  0.240	 91.474	  1.002	  0.531	  0.006
59	  0.240	 93.036	  1.002	  0.531	  0.006
60	  0.240	 94.599	  1.002	  0.531	  0.006
61	  0.240	 96.161	  1.002	  0.531	  0.006
62	  0.240	 97.724	  1.002	  0.531	  0.006
63	  0.240	 99.286	  1.002	  0.531	  0.006
0	  0.360	  0.923	  1.003	  0.710	  0.005
1	  0.360	  2.485	  1.003	  0.710	  0.005
2	  0.360	  4.048	  1.003	  0.710	  0.005
3	  0.360	  5.610	  1.003	  0.710	  0.005
4	  0.360	  7.173	  1.003	  0.710	  0.005
5	  0.360	  8.735	  1.003	  0.710	  0.005
6	  0.360	 10.298	  1.003	  0.710	  0.005
7	  0.360	 11.860	  1.003	  0.710	  0.005
8	  0.360	 13.423	  1.003	  0.710	  0.005
9	  0.360	 14.985	  1.003	  0.710	  0.005
10	  0.360	 16.548	  1.003	  0.710	  0.005
11	  0.360	 18.110	  1.003	  0.710	  0.005
12	  0.360	 19.673	  1.003	  0.710	  0.005
13	  0.360	 21.235	  1.003	  0.710	  0.005
14	  0.360	 22.798	  1.003	  0.710	  0.005
15	  0.360	 24.360	  1.003	  0.710	  0.005
16	  0.360	 25.923	  1.003	  0.710	  0.005
17	  0.360	 27.485	  1.003	  0.710	  0.005
18	  0.360	 29.048	  1.003	  0.710	  0.005
19	  0.360	 30.610	  1.003	  0.710	  0.005
20	  0.360	 32.173	  1.003	  0.710	  0.005
21	  0.360	 33.735	  1.003	  0.710	  0.005
22	  0.360	 35.298	  1.003	  0.710	  0.005
23	  0.360	 36.860	  1.003	  0.710	  0.005
24	  0.360	 38.423	  1.003	  0.710	  0.005
25	  0.360	 39.985	  1.003	  0.710	  0.005
26	  0.360	 41.548	  1.003	  0.710	  0.005
27	  0.360	 43.110	  1.003	  0.710	  0.005
28	  0.360	 44.673	  1.003	  0.710	  0.005
29	  0.360	 46.235	  1.003	  0.710	  0.005
30	  0.360	 47.798	  1.003	  0.710	  0.005
31	  0.360	 49.360	  1.003	  0.710	  0.005
32	  0.360	 50.923	  1.003	  0.710	  0.005
33	  0.360	 52.485	  1.003	  0.710	  0.005
34	  0.360	 54.048	  1.003	  0.710	  0.005
35	  0.360	 55.610	  1.003	  0.710	  0.005
36	  0.360	 57.173	  1.003	  0.710	  0.005
37	  0.360	 58.735	  1.003	  0.710	  0.005
38	  0.360	 60.298	  1.003	  0.710	  0.005
39	  0.360	 61.860	  1.003	  0.710	  0.005
40	  0.360	 63.423	  1.003	  0.710	  0.005
41	  0.360	 64.985	  1.003	  0.710	  0.005
42	  0.360	 66.548	  1.003	  0.710	  0.005
43	  0.360	 68.110	  1.003	  0.710	  0.005
44	  0.360	 69.673	  1.003	  0.710	  0.005
45	  0.360	 71.235	  1.003	  0.710	  0.005
46	  0.360	 72.798	  1.003	  0.710	  0.005
47	  0.360	 74.360	  1.003	  0.710	  0.005
48	  0.360	 75.923	  1.003	  0.710	  0.005
49	  0.360	 77.485	  1.003	  0.710	  0.005
50	  0.360	 79.048	  1.003	  0.710	  0.005
51	  0.360	 80.610	  1.003	  0.710	  0.005
52	  0.360	 82.173	  1.003	  0.710	  0.005
53	  0.360	 83.735	  1.003	  0.710	  0.005
54	  0.360	 85.298	  1.003	  0.710	  0.005
55	  0.360	 86.860	  1.003	  0.710	  0.005
56	  0.360	 88.423	  1.003	  0.710	  0.005
57	  0.360	 89.985	  1.003	  0.710	  0.005
58	  0.360	 91.548	  1.003	  0.710	  0.005
59	  0.360	 93.110	  1.003	  0.710	  0.005
60	  0.360	 94.673	  1.003	  0.710	  0.005
61	  0.360	 96.235	  1.003	  0.710	  0.005
62	  0.360	 97.798	  1.003	  0.710	  0.005
63	  0.360	 99.360	  1.003	  0.710	  0.005
0	  0.480	  1.016	  1.003	  0.851	  0.004
1	  0.480	  2.578	  1.003	  0.851	  0.004
2	  0.480	  4.141	  1.003	  0.851	  0.004
3	  0.480	  5.703	  1.003	  0.851	  0.004
4	  0.480	  7.266	  1.003	  0.851	  0.004
5	  0.480	  8.828	  1.003	  0.851	  0.004
6	  0.480	 10.391	  1.003	  0.851	  0.004
7	  0.480	 11.953	  1.003	  0.851	  0.004
8	  0.480	 13.516	  1.003	  0.851	  0.004
9	  0.480	 15.078	  1.003	  0.851	  0.004
10	  0.480	 16.641	  1.003	  0.851	  0.004
11	  0.480	 18.203	  1.003	  0.851	  0.004
12	  0.480	 19.766	  1.003	  0.851	  0.004
13	  0.480	 21.328	  1.003	  0.851	  0.004
14	  0.480	 22.891	  1.003	  0.851	  0.004
15	  0.480	 24.453	  1.003	  0.851	  0.004
16	  0.480	 26.016	  1.003	  0.851	  0.004
17	  0.480	 27.578	  1.003	  0.851	  0.004
18	  0.480	 29.141	  1.003	  0.851	  0.004
19	  0.480	 30.703	  1.003	  0.851	  0.004
20	  0.480	 32.266	  1.003	  0.851	  0.004
21	  0.480	 33.828	  1.003	  0.851	  0.004
22	  0.480	 35.391	  1.003	  0.851	  0.004
23	  0.480	 36.953	  1.003	  0.851	  0.004
24	  0.480	 38.516	  1.003	  0.851	  0.004
25	  0.480	 40.078	  1.003	  0.851	  0.004
26	  0.480	 41.641	  1.003	  0.851	  0.004
27	  0.480	 43.203	  1.003	  0.851	  0.004
28	  0.480	 44.766	  1.003	  0.851	  0.004
29	  0.480	 46.328	  1.003	  0.851	  0.004
30	  0.480	 47.891	  1.003	  0.851	  0.004
31	  0.480	 49.453	  1.003	  0.851	  0.004
32	  0.480	 51.016	  1.003	  0.851	  0.004
33	  0.480	 52.578	  1.003	  0.851	  0.004
34	  0.480	 54.141	  1.003	  0.851	  0.004
35	  0.480	 55.703	  1.003	  0.851	  0.004
36	  0.480	 57.266	  1.003	  0.851	  0.004
37	  0.480	 58.828	  1.003	  0.851	  0.004
38	  0.480	 60.391	  1.003	  0.851	  0.004
39	  0.480	 61.953	  1.003	  0.851	  0.004
40	  0.480	 63.516	  1.003	  0.851	  0.004
41	  0.480	 65.078	  1.003	  0.851	  0.004
42	  0.480	 66.641	  1.003	  0.851	  0.004
43	  0.480	 68.203	  1.003	  0.851	  0.004
44	  0.480	 69.766	  1.003	  0.851	  0.004
45	  0.480	 71.328	  1.003	  0.851	  0.004
46	  0.480	 72.891	  1.003	  0.851	  0.004
47	  0.480	 74.453	  1.003	  0.851	  0.004
48	  0.480	 76.016	  1.003	  0.851	  0.004
49	  0.480	 77.578	  1.003	  0.851	  0.004
50	  0.480	 79.141	  1.003	  0.851	  0.004
51	  0.480	 80.703	  1.003	  0.851	  0.004
52	  0.480	 82.266	  1.003	  0.851	  0.004
53	  0.480	 83.828	  1.003	  0.851	  0.004
54	  0.480	 85.391	  1.003	  0.851	  0.004
55	  0.480	 86.953	  1.003	  0.851	  0.004
56	  0.480	 88.516	  1.003	  0.851	  0.004
57	  0.480	 90.078	  1.003	  0.851	  0.004
58	  0.480	 91.641	  1.003	  0.851	  0.004
59	  0.480	 93.203	  1.003	  0.851	  0.004
60	  0.480	 94.766	  1.003	  0.851	  0.004
61	  0.480	 96.328	  1.003	  0.851	  0.004
62	  0.480	 97.891	  1.003	  0.851	  0.004
63	  0.480	 99.453	  1.003	  0.851	  0.004
0	  0.600	  1.124	  1.004	  0.962	  0.003
1	  0.600	  2.687	  1.004	  0.962	  0.003
2	  0.600	  4.249	  1.004	  0.962	  0.003
3	  0.600	  5.812	  1.004	  0.962	  0.003
4	  0.600	  7.374	  1.004	  0.962	  0.003
5	  0.600	  8.937	  1.004	  0.962	  0.003
6	  0.600	 10.499	  1.004	  0.962	  0.003
7	  0.600	 12.062	  1.004	  0.962	  0.003
8	  0.600	 13.624	  1.004	  0.962	  0.003
9	  0.600	 15.187	  1.004	  0.962	  0.003
10	  0.600	 16.749	  1.004	  0.962	  0.003
11	  0.600	 18.312	  1.004	  0.962	  0.003
12	  0.600	 19.874	  1.004	  0.962	  0.003
13	  0.600	 21.437	  1.004	  0.962	  0.003
14	  0.600	 22.999	  1.004	  0.962	  0.003
15	  0.600	 24.562	  1.004	  0.962	  0.003
16	  0.600	 26.124	  1.004	  0.962	  0.003
17	  0.600	 27.687	  1.004	  0.962	  0.003
18	  0.600	 29.249	  1.004	  0.962	  0.003
19	  0.600	 30.812	  1.004	  0.962	  0.003
20	  0.600	 32.374	  1.004	  0.962	  0.003
21	  0.600	 33.937	  1.004	  0.962	  0.003
22	  0.600	 35.499	  1.004	  0.962	  0.003
23	  0.600	 37.062	  1.004	  0.962	  0.003
24	  0.600	 38.624	  1.004	  0.962	  0.003
25	  0.600	 40.187	  1.004	  0.962	  0.003
26	  0.600	 41.749	  1.004	  0.962	  0.003
27	  0.600	 43.312	  1.004	  0.962	  0.003
28	  0.600	 44.874	  1.004	  0.962	  0.003
29	  0.600	 46.437	  1.004	  0.962	  0.003
30	  0.600	 47.999	  1.004	  0.962	  0.003
31	  0.600	 49.562	  1.004	  0.962	  0.003
32	  0.600	 51.124	  1.004	  0.962	  0.003
33	  0.600	 52.687	  1.004	  0.962	  0.003
34	  0.600	 54.249	  1.004	  0.962	  0.003
35	  0.600	 55.812	  1.004	  0.962	  0.003
36	  0.600	 57.374	  1.004	  0.962	  0.003
37	  0.600	 58.937	  1.004	  0.962	  0.003
38	  0.600	 60.499	  1.004	  0.962	  0.003
39	  0.600	 62.062	  1.004	  0.962	  0.003
40	  0.600	 63.624	  1.004	  0.962	  0.003
41	  0.600	 65.187	  1.004	  0.962	  0.003
42	  0.600	 66.749	  1.004	  0.962	  0.003
43	  0.600	 68.312	  1.004	  0.962	  0.003
44	  0.600	 69.874	  1.004	  0.962	  0.003
45	  0.600	 71.437	  1.004	  0.962	  0.003
46	  0.600	 72.999	  1.004	  0.962	  0.003
47	  0.600	 74.562	  1.004	  0.962	  0.003
48	  0.600	 76.124	  1.004	  0.962	  0.003
49	  0.600	 77.687	  1.004	  0.962	  0.003
50	  0.600	 79.249	  1.004	  0.962	  0.003
51	  0.600	 80.812	  1.004	  0.962	  0.003
52	  0.600	 82.374	  1.004	  0.962	  0.003
53	  0.600	 83.937	  1.004	  0.962	  0.003
54	  0.600	 85.499	  1.004	  0.962	  0.003
55	  0.600	 87.062	  1.004	  0.962	  0.003
56	  0.600	 88.624	  1.004	  0.962	  0.003
57	  0.600	 90.187	  1.004	  0.962	  0.003
58	  0.600	 91.749	  1.004	  0.962	  0.003
59	  0.600	 93.312	  1.004	  0.962	  0.003
60	  0.600	 94.874	  1.004	  0.962	  0.003
61	  0.600	 96.437	  1.004	  0.962	  0.003
62	  0.600	 97.999	  1.004	  0.962	  0.003
63	  0.600	 99.562	  1.004	  0.962	  0.003
0	  0.720	  1.245	  1.004	  1.049	  0.002
1	  0.720	  2.807	  1.004	  1.049	  0.002
2	  0.720	  4.370	  1.004	  1.049	  0.002
3	  0.720	  5.932	  1.004	  1.049	  0.002
4	  0.720	  7.495	  1.004	  1.049	  0.002
5	  0.720	  9.057	  1.004	  1.049	  0.002
6	  0.720	 10.620	  1.004	  1.049	  0.002
7	  0.720	 12.182	  1.004	  1.049	  0.002
8	  0.720	 13.745	  1.004	  1.049	  0.002
9	  0.720	 15.307	  1.004	  1.049	  0.002
10	  0.720	 16.870	  1.004	  1.049	  0.002
11	  0.720	 18.432	  1.004	  1.049	  0.002
12	  0.720	 19.995	  1.004	  1.049	  0.002
13	  0.720	 21.557	  1.004	  1.049	  0.002
14	  0.720	 23.120	  1.004	  1.049	  0.002
15	  0.720	 24.682	  1.004	  1.049	  0.002
16	  0.720	 26.245	  1.004	  1.049	  0.002
17	  0.720	 27.807	  1.004	  1.049	  0.002
18	  0.720	 29.370	  1.004	  1.049	  0.002
19	  0.720	 30.932	  1.004	  1.049	  0.002
20	  0.720	 32.495	  1.004	  1.049	  0.002
21	  0.720	 34.057	  1.004	  1.049	  0.002
22	  0.720	 35.620	  1.004	  1.049	  0.002
23	  0.720	 37.182	  1.004	  1.049	  0.002
24	  0.720	 38.745	  1.004	  1.049	  0.002
25	  0.720	 40.307	  1.004	  1.049	  0.002
26	  0.720	 41.870	  1.004	  1.049	  0.002
27	  0.720	 43.432	  1.004	  1.049	  0.002
28	  0.720	 44.995	  1.004	  1.049	  0.002
29	  0.720	 46.557	  1.004	  1.049	  0.002
30	  0.720	 48.120	  1.004	  1.049	  0.002
31	  0.720	 49.682	  1.004	  1.049	  0.002
32	  0.720	 51.245	  1.004	  1.049	  0.002
33	  0.720	 52.807	  1.004	  1.049	  0.002
34	  0.720	 54.370	  1.004	  1.049	  0.002
35	  0.720	 55.932	  1.004	  1.049	  0.002
36	  0.720	 57.495	  1.004	  1.049	  0.002
37	  0.720	 59.057	  1.004	  1.049	  0.002
38	  0.720	 60.620	  1.004	  1.049	  0.002
39	  0.720	 62.182	  1.004	  1.049	  0.002
40	  0.720	 63.745	  1.004	  1.049	  0.002
41	  0.720	 65.307	  1.004	  1.049	  0.002
42	  0.720	 66.870	  1.004	  1.049	  0.002
43	  0.720	 68.432	  1.004	  1.049	  0.002
44	  0.720	 69.995	  1.004	  1.049	  0.002
45	  0.720	 71.557	  1.004	  1.049	  0.002
46	  0.720	 73.120	  1.004	  1.049	  0.002
47	  0.720	 74.682	  1.004	  1.049	  0.002
48	  0.720	 76.245	  1.004	  1.049	  0.002
49	  0.720	 77.807	  1.004	  1.049	  0.002
50	  0.720	 79.370	  1.004	  1.049	  0.002
51	  0.720	 80.932	  1.004	  1.049	  0.002
52	  0.720	 82.495	  1.004	  1.049	  0.002
53	  0.720	 84.057	  1.004	  1.049	  0.002
54	  0.720	 85.620	  1.004	  1.049	  0.002
55	  0.720	 87.182	  1.004	  1.049	  0.002
56	  0.720	 88.745	  1.004	  1.049	  0.002
57	  0.720	 90.307	  1.004	  1.049	  0.002
58	  0.720	 91.870	  1.004	  1.049	  0.002
59	  0.720	 93.432	  1.004	  1.049	  0.002
60	  0.720	 94.995	  1.004	  1.049	  0.002
61	  0.720	 96.557	  1.004	  1.049	  0.002
62	  0.720	 98.120	  1.004	  1.049	  0.002
63	  0.720	 99.682	  1.004	  1.049	  0.002
0	  0.840	  1.375	  1.004	  1.117	  0.002
1	  0.840	  2.937	  1.004	  1.117	  0.002
2	  0.840	  4.500	  1.004	  1.117	  0.002
3	  0.840	  6.062	  1.004	  1.117	  0.002
4	  0.840	  7.625	  1.004	  1.117	  0.002
5	  0.840	  9.187	  1.004	  1.117	  0.002
6	  0.840	 10.750	  1.004	  1.117	  0.002
7	  0.840	 12.312	  1.004	  1.117	  0.002
8	  0.840	 13.875	  1.004	  1.117	  0.002
9	  0.840	 15.437	  1.004	  1.117	  0.002
10	  0.840	 17.000	  1.004	  1.117	  0.002
11	  0.840	 18.562	  1.004	  1.117	  0.002
12	  0.840	 20.125	  1.004	  1.117	  0.002
13	  0.840	 21.687	  1.004	  1.117	  0.002
14	  0.840	 23.250	  1.004	  1.117	  0.002
15	  0.840	 24.812	  1.004	  1.117	  0.002
16	  0.840	 26.375	  1.004	  1.117	  0.002
17	  0.840	 27.937	  1.004	  1.117	  0.002
18	  0.840	 29.500	  1.004	  1.117	  0.002
19	  0.840	 31.062	  1.004	  1.117	  0.002
20	  0.840	 32.625	  1.004	  1.117	  0.002
21	  0.840	 34.187	  1.004	  1.117	  0.002
22	  0.840	 35.750	  1.004	  1.117	  0.002
23	  0.840	 37.312	  1.004	  1.117	  0.002
24	  0.840	 38.875	  1.004	  1.117	  0.002
25	  0.840	 40.437	  1.004	  1.117	  0.002
26	  0.840	 42.000	  1.004	  1.117	  0.002
27	  0.840	 43.562	  1.004	  1.117	  0.002
28	  0.840	 45.125	  1.004	  1.117	  0.002
29	  0.840	 46.687	  1.004	  1.117	  0.002
30	  0.840	 48.250	  1.004	  1.117	  0.002
31	  0.840	 49.812	  1.004	  1.117	  0.002
32	  0.840	 51.375	  1.004	  1.117	  0.002
33	  0.840	 52.937	  1.004	  1.117	  0.002
34	  0.840	 54.500	  1.004	  1.117	  0.002
35	  0.840	 56.062	  1.004	  1.117	  0.002
36	  0.840	 57.625	  1.004	  1.117	  0.002
37	  0.840	 59.187	  1.004	  1.117	  0.002
38	  0.840	 60.750	  1.004	  1.117	  0.002
39	  0.840	 62.312	  1.004	  1.117	  0.002
40	  0.840	 63.875	  1.004	  1.117	  0.002
41	  0.840	 65.437	  1.004	  1.117	  0.002
42	  0.840	 67.000	  1.004	  1.117	  0.002
43	  0.840	 68.562	  1.004	  1.117	  0.002
44	  0.840	 70.125	  1.004	  1.117	  0.002
45	  0.840	 71.687	  1.004	  1.117	  0.002
46	  0.840	 73.250	  1.004	  1.117	  0.002
47	  0.840	 74.812	  1.004	  1.117	  0.002
48	  0.840	 76.375	  1.004	  1.117	  0.002
49	  0.840	 77.937	  1.004	  1.117	  0.002
50	  0.840	 79.500	  1.004	  1.117	  0.002
51	  0.840	 81.062	  1.004	  1.117	  0.002
52	  0.840	 82.625	  1.004	  1.117	  0.002
53	  0.840	 84.187	  1.004	  1.117	  0.002
54	  0.840	 85.750	  1.004	  1.117	  0.002
55	  0.840	 87.312	  1.004	  1.117	  0.002
56	  0.840	 88.875	  1.004	  1.117	  0.002
57	  0.840	 90.437	  1.004	  1.117	  0.002
58	  0.840	 92.000	  1.004	  1.117	  0.002
59	  0.840	 93.562	  1.004	  1.117	  0.002
60	  0.840	 95.125	  1.004	  1.117	  0.002
61	  0.840	 96.687	  1.004	  1.117	  0.002
62	  0.840	 98.250	  1.004	  1.117	  0.002
63	  0.840	 99.812	  1.004	  1.117	  0.002
0	  0.960	  1.512	  1.004	  1.171	  0.001
1	  0.960	  3.074	  1.004	  1.171	  0.001
2	  0.960	  4.637	  1.004	  1.171	  0.001
3	  0.960	  6.199	  1.004	  1.171	  0.001
4	  0.960	  7.762	  1.004	  1.171	  0.001
5	  0.960	  9.324	  1.004	  1.171	  0.001
6	  0.960	 10.887	  1.004	  1.171	  0.001
7	  0.960	 12.449	  1.004	  1.171	  0.001
8	  0.960	 14.012	  1.004	  1.171	  0.001
9	  0.960	 15.574	  1.004	  1.171	  0.001
10	  0.960	 17.137	  1.004	  1.171	  0.001
11	  0.960	 18.699	  1.004	  1.171	  0.001
12	  0.960	 20.262	  1.004	  1.171	  0.001
13	  0.960	 21.824	  1.004	  1.171	  0.001
14	  0.960	 23.387	  1.004	  1.171	  0.001
15	  0.960	 24.949	  1.004	  1.171	  0.001
16	  0.960	 26.512	  1.004	  1.171	  0.001
17	  0.960	 28.074	  1.004	  1.171	  0.001
18	  0.960	 29.637	  1.004	  1.171	  0.001
19	  0.960	 31.199	  1.004	  1.171	  0.001
20	  0.960	 32.762	  1.004	  1.171	  0.001
21	  0.960	 34.324	  1.004	  1.171	  0.001
22	  0.960	 35.887	  1.004	  1.171	  0.001
23	  0.960	 37.449	  1.004	  1.171	  0.001
24	  0.960	 39.012	  1.004	  1.171	  0.001
25	  0.960	 40.574	  1.004	  1.171	  0.001
26	  0.960	 42.137	  1.004	  1.171	  0.001
27	  0.960	 43.699	  1.004	  1.171	  0.001
28	  0.960	 45.262	  1.004	  1.171	  0.001
29	  0.960	 46.824	  1.004	  1.171	  0.001
30	  0.960	 48.387	  1.004	  1.171	  0.001
31	  0.960	 49.949	  1.004	  1.171	  0.001
32	  0.960	 51.512	  1.004	  1.171	  0.001
33	  0.960	 53.074	  1.004	  1.171	  0.001
34	  0.960	 54.637	  1.004	  1.171	  0.001
35	  0.960	 56.199	  1.004	  1.171	  0.001
36	  0.960	 57.762	  1.004	  1.171	  0.001
37	  0.960	 59.324	  1.004	  1.171	  0.001
38	  0.960	 60.887	  1.004	  1.171	  0.001
39	  0.960	 62.449	  1.004	  1.171	  0.001
40	  0.960	 64.012	  1.004	  1.171	  0.001
41	  0.960	 65.574	  1.004	  1.171	  0.001
42	  0.960	 67.137	  1.004	  1.171	  0.001
43	  0.960	 68.699	  1.004	  1.171	  0.001
44	  0.960	 70.262	  1.004	  1.171	  0.001
45	  0.960	 71.824	  1.004	  1.171	  0.001
46	  0.960	 73.387	  1.004	  1.171	  0.001
47	  0.960	 74.949	  1.004	  1.171	  0.001
48	  0.960	 76.512	  1.004	  1.171	  0.001
49	  0.960	 78.074	  1.004	  1.171	  0.001
50	  0.960	 79.637	  1.004	  1.171	  0.001
51	  0.960	 81.199	  1.004	  1.171	  0.001
52	  0.960	 82.762	  1.004	  1.171	  0.001
53	  0.960	 84.324	  1.004	  1.171	  0.001
54	  0.960	 85.887	  1.004	  1.171	  0.001
55	  0.960	 87.449	  1.004	  1.171	  0.001
56	  0.960	 89.012	  1.004	  1.171	  0.001
57	  0.960	 90.574	  1.004	  1.171	  0.001
58	  0.960	 92.137	  1.004	  1.171	  0.001
59	  0.960	 93.699	  1.004	  1.171	  0.001
60	  0.960	 95.262	  1.004	  1.171	  0.001
61	  0.960	 96.824	  1.004	  1.171	  0.001
62	  0.960	 98.387	  1.004	  1.171	  0.001
63	  0.960	 99.949	  1.004	  1.171	  0.001
0	  1.080	  1.655	  1.004	  1.212	  0.001
1	  1.080	  3.217	  1.004	  1.212	  0.001
2	  1.080	  4.780	  1.004	  1.212	  0.001
3	  1.080	  6.342	  1.004	  1.212	  0.001
4	  1.080	  7.905	  1.004	  1.212	  0.001
5	  1.080	  9.467	  1.004	  1.212	  0.001
6	  1.080	 11.030	  1.004	  1.212	  0.001
7	  1.080	 12.592	  1.004	  1.212	  0.001
8	  1.080	 14.155	  1.004	  1.212	  0.001
9	  1.080	 15.717	  1.004	  1.212	  0.001
10	  1.080	 17.280	  1.004	  1.212	  0.001
11	  1.080	 18.842	  1.004	  1.212	  0.001
12	  1.080	 20.405	  1.004	  1.212	  0.001
13	  1.080	 21.967	  1.004	  1.212	  0.001
14	  1.080	 23.530	  1.004	  1.212	  0.001
15	  1.080	 25.092	  1.004	  1.212	  0.001
16	  1.080	 26.655	  1.004	  1.212	  0.001
17	  1.080	 28.217	  1.004	  1.212	  0.001
18	  1.080	 29.780	  1.004	  1.212	  0.001
19	  1.080	 31.342	  1.004	  1.212	  0.001
20	  1.080	 32.905	  1.004	  1.212	  0.001
21	  1.080	 34.467	  1.004	  1.212	  0.001
22	  1.080	 36.030	  1.004	  1.212	  0.001
23	  1.080	 37.592	  1.004	  1.212	  0.001
24	  1.080	 39.155	  1.004	  1.212	  0.001
25	  1.080	 40.717	  1.004	  1.212	  0.001
26	  1.080	 42.280	  1.004	  1.212	  0.001
27	  1.080	 43.842	  1.004	  1.212	  0.001
28	  1.080	 45.405	  1.004	  1.212	  0.001
29	  1.080	 46.967	  1.004	  1.212	  0.001
30	  1.080	 48.530	  1.004	  1.212	  0.001
31	  1.080	 50.092	  1.004	  1.212	  0.001
32	  1.080	 51.655	  1.004	  1.212	  0.001
33	  1.080	 53.217	  1.004	  1.212	  0.001
34	  1.080	 54.780	  1.004	  1.212	  0.001
35	  1.080	 56.342	  1.004	  1.212	  0.001
36	  1.080	 57.905	  1.004	  1.212	  0.001
37	  1.080	 59.467	  1.004	  1.212	  0.001
38	  1.080	 61.030	  1.004	  1.212	  0.001
39	  1.080	 62.592	  1.004	  1.212	  0.001
40	  1.080	 64.155	  1.004	  1.212	  0.001
41	  1.080	 65.717	  1.004	  1.212	  0.001
42	  1.080	 67.280	  1.004	  1.212	  0.001
43	  1.080	 68.842	  1.004	  1.212	  0.001
44	  1.080	 70.405	  1.004	  1.212	  0.001
45	  1.080	 71.967	  1.004	  1.212	  0.001
46	  1.080	 73.530	  1.004	  1.212	  0.001
47	  1.080	 75.092	  1.004	  1.212	  0.001
48	  1.080	 76.655	  1.004	  1.212	  0.001
49	  1.080	 78.217	  1.004	  1.212	  0.001
50	  1.080	 79.780	  1.004	  1.212	  0.001
51	  1.080	 81.342	  1.004	  1.212	  0.001
52	  1.080	 82.905	  1.004	  1.212	  0.001
53	  1.080	 84.467	  1.004	  1.212	  0.001
54	  1.080	 86.030	  1.004	  1.212	  0.001
55	  1.080	 87.592	  1.004	  1.212	  0.001
56	  1.080	 89.155	  1.004	  1.212	  0.001
57	  1.080	 90.717	  1.004	  1.212	  0.001
58	  1.080	 92.280	  1.004	  1.212	  0.001
59	  1.080	 93.842	  1.004	  1.212	  0.001
60	  1.080	 95.405	  1.004	  1.212	  0.001
61	  1.080	 96.967	  1.004	  1.212	  0.001
62	  1.080	 98.530	  1.004	  1.212	  0.001
63	  1.080	100.092	  1.004	  1.212	  0.001
0	  1.200	  1.802	  1.005	  1.245	  0.001
1	  1.200	  3.365	  1.005	  1.245	  0.001
2	  1.200	  4.927	  1.005	  1.245	  0.001
3	  1.200	  6.490	  1.005	  1.245	  0.001
4	  1.200	  8.052	  1.005	  1.245	  0.001
5	  1.200	  9.615	  1.005	  1.245	  0.001
6	  1.200	 11.177	  1.005	  1.245	  0.001
7	  1.200	 12.740	  1.005	  1.245	  0.001
8	  1.200	 14.302	  1.005	  1.245	  0.001
9	  1.200	 15.865	  1.005	  1.245	  0.001
10	  1.200	 17.427	  1.005	  1.245	  0.001
11	  1.200	 18.990	  1.005	  1.245	  0.001
12	  1.200	 20.552	  1.005	  1.245	  0.001
13	  1.200	 22.115	  1.005	  1.245	  0.001
14	  1.200	 23.677	  1.005	  1.245	  0.001
15	  1.200	 25.240	  1.005	  1.245	  0.001
16	  1.200	 26.802	  1.005	  1.245	  0.001
17	  1.200	 28.365	  1.005	  1.245	  0.001
18	  1.200	 29.927	  1.005	  1.245	  0.001
19	  1.200	 31.490	  1.005	  1.245	  0.001
20	  1.200	 33.052	  1.005	  1.245	  0.001
21	  1.200	 34.615	  1.005	  1.245	  0.001
22	  1.200	 36.177	  1.005	  1.245	  0.001
23	  1.200	 37.740	  1.005	  1.245	  0.001
24	  1.200	 39.302	  1.005	  1.245	  0.001
25	  1.200	 40.865	  1.005	  1.245	  0.001
26	  1.200	 42.427	  1.005	  1.245	  0.001
27	  1.200	 43.990	  1.005	  1.245	  0.001
28	  1.200	 45.552	  1.005	  1.245	  0.001
29	  1.200	 47.115	  1.005	  1.245	  0.001
30	  1.200	 48.677	  1.005	  1.245	  0.001
31	  1.200	 50.240	  1.005	  1.245	  0.001
32	  1.200	 51.802	  1.005	  1.245	  0.001
33	  1.200	 53.365	  1.005	  1.245	  0.001
34	  1.200	 54.927	  1.005	  1.245	  0.001
35	  1.200	 56.490	  1.005	  1.245	  0.001
36	  1.200	 58.052	  1.005	  1.245	  0.001
37	  1.200	 59.615	  1.005	  1.245	  0.001
38	  1.200	 61.177	  1.005	  1.245	  0.001
39	  1.200	 62.740	  1.005	  1.245	  0.001
40	  1.200	 64.302	  1.005	  1.245	  0.001
41	  1.200	 65.865	  1.005	  1.245	  0.001
42	  1.200	 67.427	  1.005	  1.245	  0.001
43	  1.200	 68.990	  1.005	  1.245	  0.001
44	  1.200	 70.552	  1.005	  1.245	  0.001
45	  1.200	 72.115	  1.005	  1.245	  0.001
46	  1.200	 73.677	  1.005	  1.245	  0.001
47	  1.200	 75.240	  1.005	  1.245	  0.001
48	  1.200	 76.802	  1.005	  1.245	  0.001
49	  1.200	 78.365	  1.005	  1.245	  0.001
50	  1.200	 79.927	  1.005	  1.245	  0.001
51	  1.200	 81.490	  1.005	  1.245	  0.001
52	  1.200	 83.052	  1.005	  1.245	  0.001
53	  1.200	 84.615	  1.005	  1.245	  0.001
54	  1.200	 86.177	  1.005	  1.245	  0.001
55	  1.200	 87.740	  1.005	  1.245	  0.001
56	  1.200	 89.302	  1.005	  1.245	  0.001
57	  1.200	 90.865	  1.005	  1.245	  0.001
58	  1.200	 92.427	  1.005	  1.245	  0.001
59	  1.200	 93.990	  1.005	  1.245	  0.001
60	  1.200	 95.552	  1.005	  1.245	  0.001
61	  1.200	 97.115	  1.005	  1.245	  0.001
62	  1.200	 98.677	  1.005	  1.245	  0.001
63	  1.200	100.240	  1.005	  1.245	  0.001
0	  1.320	  1.953	  1.005	  1.271	  0.001
1	  1.320	  3.515	  1.005	  1.271	  0.001
2	  1.320	  5.078	  1.005	  1.271	  0.001
3	  1.320	  6.640	  1.005	  1.271	  0.001
4	  1.320	  8.203	  1.005	  1.271	  0.001
5	  1.320	  9.765	  1.005	  1.271	  0.001
6	  1.320	 11.328	  1.005	  1.271	  0.001
7	  1.320	 12.890	  1.005	  1.271	  0.001
8	  1.320	 14.453	  1.005	  1.271	  0.001
9	  1.320	 16.015	  1.005	  1.271	  0.001
10	  1.320	 17.578	  1.005	  1.271	  0.001
11	  1.320	 19.140	  1.005	  1.271	  0.001
12	  1.320	 20.703	  1.005	  1.271	  0.001
13	  1.320	 22.265	  1.005	  1.271	  0.001
14	  1.320	 23.828	  1.005	  1.271	  0.001
15	  1.320	 25.390	  1.005	  1.271	  0.001
16	  1.320	 26.953	  1.005	  1.271	  0.001
17	  1.320	 28.515	  1.005	  1.271	  0.001
18	  1.320	 30.078	  1.005	  1.271	  0.001
19	  1.320	 31.640	  1.005	  1.271	  0.001
20	  1.320	 33.203	  1.005	  1.271	  0.001
21	  1.320	 34.765	  1.005	  1.271	  0.001
22	  1.320	 36.328	  1.005	  1.271	  0.001
23	  1.320	 37.890	  1.005	  1.271	  0.001
24	  1.320	 39.453	  1.005	  1.271	  0.001
25	  1.320	 41.015	  1.005	  1.271	  0.001
26	  1.320	 42.578	  1.005	  1.271	  0.001
27	  1.320	 44.140	  1.005	  1.271	  0.001
28	  1.320	 45.703	  1.005	  1.271	  0.001
29	  1.320	 47.265	  1.005	  1.271	  0.001
30	  1.320	 48.828	  1.005	  1.271	  0.001
31	  1.320	 50.390	  1.005	  1.271	  0.001
32	  1.320	 51.953	  1.005	  1.271	  0.001
33	  1.320	 53.515	  1.005	  1.271	  0.001
34	  1.320	 55.078	  1.005	  1.271	  0.001
35	  1.320	 56.640	  1.005	  1.271	  0.001
36	  1.320	 58.203	  1.005	  1.271	  0.001
37	  1.320	 59.765	  1.005	  1.271	  0.001
38	  1.320	 61.328	  1.005	  1.271	  0.001
39	  1.320	 62.890	  1.005	  1.271	  0.001
40	  1.320	 64.453	  1.005	  1.271	  0.001
41	  1.320	 66.015	  1.005	  1.271	  0.001
42	  1.320	 67.578	  1.005	  1.271	  0.001
43	  1.320	 69.140	  1.005	  1.271	  0.001
44	  1.320	 70.703	  1.005	  1.271	  0.001
45	  1.320	 72.265	  1.005	  1.271	  0.001
46	  1.320	 73.828	  1.005	  1.271	  0.001
47	  1.320	 75.390	  1.005	  1.271	  0.001
48	  1.320	 76.953	  1.005	  1.271	  0.001
49	  1.320	 78.515	  1.005	  1.271	  0.001
50	  1.320	 80.078	  1.005	  1.271	  0.001
51	  1.320	 81.640	  1.005	  1.271	  0.001
52	  1.320	 83.203	  1.005	  1.271	  0.001
53	  1.320	 84.765	  1.005	  1.271	  0.001
54	  1.320	 86.328	  1.005	  1.271	  0.001
55	  1.320	 87.890	  1.005	  1.271	  0.001
56	  1.320	 89.453	  1.005	  1.271	  0.001
57	  1.320	 91.015	  1.005	  1.271	  0.001
58	  1.320	 92.578	  1.005	  1.271	  0.001
59	  1.320	 94.140	  1.005	  1.271	  0.001
60	  1.320	 95.703	  1.005	  1.271	  0.001
61	  1.320	 97.265	  1.005	  1.271	  0.001
62	  1.320	 98.828	  1.005	  1.271	  0.001
63	  1.320	100.390	  1.005	  1.271	  0.001
0	  1.440	  2.107	  1.005	  1.292	  0.001
1	  1.440	  3.669	  1.005	  1.292	  0.001
2	  1.440	  5.232	  1.005	  1.292	  0.001
3	  1.440	  6.794	  1.005	  1.292	  0.001
4	  1.440	  8.357	  1.005	  1.292	  0.001
5	  1.440	  9.919	  1.005	  1.292	  0.001
6	  1.440	 11.482	  1.005	  1.292	  0.001
7	  1.440	 13.044	  1.005	  1.292	  0.001
8	  1.440	 14.607	  1.005	  1.292	  0.001
9	  1.440	 16.169	  1.005	  1.292	  0.001
10	  1.440	 17.732	  1.005	  1.292	  0.001
11	  1.440	 19.294	  1.005	  1.292	  0.001
12	  1.440	 20.857	  1.005	  1.292	  0.001
13	  1.440	 22.419	  1.005	  1.292	  0.001
14	  1.440	 23.982	  1.005	  1.292	  0.001
15	  1.440	 25.544	  1.005	  1.292	  0.001
16	  1.440	 27.107	  1.005	  1.292	  0.001
17	  1.440	 28.669	  1.005	  1.292	  0.001
18	  1.440	 30.232	  1.005	  1.292	  0.001
19	  1.440	 31.794	  1.005	  1.292	  0.001
20	  1.440	 33.357	  1.005	  1.292	  0.001
21	  1.440	 34.919	  1.005	  1.292	  0.001
22	  1.440	 36.482	  1.005	  1.292	  0.001
23	  1.440	 38.044	  1.005	  1.292	  0.001
24	  1.440	 39.607	  1.005	  1.292	  0.001
25	  1.440	 41.169	  1.005	  1.292	  0.001
26	  1.440	 42.732	  1.005	  1.292	  0.001
27	  1.440	 44.294	  1.005	  1.292	  0.001
28	  1.440	 45.857	  1.005	  1.292	  0.001
29	  1.440	 47.419	  1.005	  1.292	  0.001
30	  1.440	 48.982	  1.005	  1.292	  0.001
31	  1.440	 50.544	  1.005	  1.292	  0.001
32	  1.440	 52.107	  1.005	  1.292	  0.001
33	  1.440	 53.669	  1.005	  1.292	  0.001
34	  1.440	 55.232	  1.005	  1.292	  0.001
35	  1.440	 56.794	  1.005	  1.292	  0.001
36	  1.440	 58.357	  1.005	  1.292	  0.001
37	  1.440	 59.919	  1.005	  1.292	  0.001
38	  1.440	 61.482	  1.005	  1.292	  0.001
39	  1.440	 63.044	  1.005	  1.292	  0.001
40	  1.440	 64.607	  1.005	  1.292	  0.001
41	  1.440	 66.169	  1.005	  1.292	  0.001
42	  1.440	 67.732	  1.005	  1.292	  0.001
43	  1.440	 69.294	  1.005	  1.292	  0.001
44	  1.440	 70.857	  1.005	  1.292	  0.001
45	  1.440	 72.419	  1.005	  1.292	  0.001
46	  1.440	 73.982	  1.005	  1.292	  0.001
47	  1.440	 75.544	  1.005	  1.292	  0.001
48	  1.440	 77.107	  1.005	  1.292	  0.001
49	  1.440	 78.669	  1.005	  1.292	  0.001
50	  1.440	 80.232	  1.005	  1.292	  0.001
51	  1.440	 81.794	  1.005	  1.292	  0.001
52	  1.440	 83.357	  1.005	  1.292	  0.001
53	  1.440	 84.919	  1.005	  1.292	  0.001
54	  1.440	 86.482	  1.005	  1.292	  0.001
55	  1.440	 88.044	  1.005	  1.292	  0.001
56	  1.440	 89.607	  1.005	  1.292	  0.001
57	  1.440	 91.169	  1.005	  1.292	  0.001
58	  1.440	 92.732	  1.005	  1.292	  0.001
59	  1.440	 94.294	  1.005	  1.292	  0.001
60	  1.440	 95.857	  1.005	  1.292	  0.001
61	  1.440	 97.419	  1.005	  1.292	  0.001
62	  1.440	 98.982	  1.005	  1.292	  0.001
63	  1.440	100.544	  1.005	  1.292	  0.001
0	  1.560	  2.263	  1.005	  1.307	  0.000
1	  1.560	  3.825	  1.005	  1.307	  0.000
2	  1.560	  5.388	  1.005	  1.307	  0.000
3	  1.560	  6.950	  1.005	  1.307	  0.000
4	  1.560	  8.513	  1.005	  1.307	  0.000
5	  1.560	 10.075	  1.005	  1.307	  0.000
6	  1.560	 11.638	  1.005	  1.307	  0.000
7	  1.560	 13.200	  1.005	  1.307	  0.000
8	  1.560	 14.763	  1.005	  1.307	  0.000
9	  1.560	 16.325	  1.005	  1.307	  0.000
10	  1.560	 17.888	  1.005	  1.307	  0.000
11	  1.560	 19.450	  1.005	  1.307	  0.000
12	  1.560	 21.013	  1.005	  1.307	  0.000
13	  1.560	 22.575	  1.005	  1.307	  0.000
14	  1.560	 24.138	  1.005	  1.307	  0.000
15	  1.560	 25.700	  1.005	  1.307	  0.000
16	  1.560	 27.263	  1.005	  1.307	  0.000
17	  1.560	 28.825	  1.005	  1.307	  0.000
18	  1.560	 30.388	  1.005	  1.307	  0.000
19	  1.560	 31.950	  1.005	  1.307	  0.000
20	  1.560	 33.513	  1.005	  1.307	  0.000
21	  1.560	 35.075	  1.005	  1.307	  0.000
22	  1.560	 36.638	  1.005	  1.307	  0.000
23	  1.560	 38.200	  1.005	  1.307	  0.000
24	  1.560	 39.763	  1.005	  1.307	  0.000
25	  1.560	 41.325	  1.005	  1.307	  0.000
26	  1.560	 42.888	  1.005	  1.307	  0.000
27	  1.560	 44.450	  1.005	  1.307	  0.000
28	  1.560	 46.013	  1.005	  1.307	  0.000
29	  1.560	 47.575	  1.005	  1.307	  0.000
30	  1.560	 49.138	  1.005	  1.307	  0.000
31	  1.560	 50.700	  1.005	  1.307	  0.000
32	  1.560	 52.263	  1.005	  1.307	  0.000
33	  1.560	 53.825	  1.005	  1.307	  0.000
34	  1.560	 55.388	  1.005	  1.307	  0.000
35	  1.560	 56.950	  1.005	  1.307	  0.000
36	  1.560	 58.513	  1.005	  1.307	  0.000
37	  1.560	 60.075	  1.005	  1.307	  0.000
38	  1.560	 61.638	  1.005	  1.307	  0.000
39	  1.560	 63.200	  1.005	  1.307	  0.000
40	  1.560	 64.763	  1.005	  1.307	  0.000
41	  1.560	 66.325	  1.005	  1.307	  0.000
42	  1.560	 67.888	  1.005	  1.307	  0.000
43	  1.560	 69.450	  1.005	  1.307	  0.000
44	  1.560	 71.013	  1.005	  1.307	  0.000
45	  1.560	 72.575	  1.005	  1.307	  0.000
46	  1.560	 74.138	  1.005	  1.307	  0.000
47	  1.560	 75.700	  1.005	  1.307	  0.000
48	  1.560	 77.263	  1.005	  1.307	  0.000
49	  1.560	 78.825	  1.005	  1.307	  0.000
50	  1.560	 80.388	  1.005	  1.307	  0.000
51	  1.560	 81.950	  1.005	  1.307	  0.000
52	  1.560	 83.513	  1.005	  1.307	  0.000
53	  1.560	 85.075	  1.005	  1.307	  0.000
54	  1.560	 86.638	  1.005	  1.307	  0.000
55	  1.560	 88.200	  1.005	  1.307	  0.000
56	  1.560	 89.763	  1.005	  1.307	  0.000
57	  1.560	 91.325	  1.005	  1.307	  0.000
58	  1.560	 92.888	  1.005	  1.307	  0.000
59	  1.560	 94.450	  1.005	  1.307	  0.000
60	  1.560	 96.013	  1.005	  1.307	  0.000
61	  1.560	 97.575	  1.005	  1.307	  0.000
62	  1.560	 99.138	  1.005	  1.307	  0.000
63	  1.560	100.700	  1.005	  1.307	  0.000
0	  1.680	  2.420	  1.005	  1.320	  0.000
1	  1.680	  3.983	  1.005	  1.320	  0.000
2	  1.680	  5.545	  1.005	  1.320	  0.000
3	  1.680	  7.108	  1.005	  1.320	  0.000
4	  1.680	  8.670	  1.005	  1.320	  0.000
5	  1.680	 10.233	  1.005	  1.320	  0.000
6	  1.680	 11.795	  1.005	  1.320	  0.000
7	  1.680	 13.358	  1.005	  1.320	  0.000
8	  1.680	 14.920	  1.005	  1.320	  0.000
9	  1.680	 16.483	  1.005	  1.320	  0.000
10	  1.680	 18.045	  1.005	  1.320	  0.000
11	  1.680	 19.608	  1.005	  1.320	  0.000
12	  1.680	 21.170	  1.005	  1.320	  0.000
13	  1.680	 22.733	  1.005	  1.320	  0.000
14	  1.680	 24.295	  1.005	  1.320	  0.000
15	  1.680	 25.858	  1.005	  1.320	  0.000
16	  1.680	 27.420	  1.005	  1.320	  0.000
17	  1.680	 28.983	  1.005	  1.320	  0.000
18	  1.680	 30.545	  1.005	  1.320	  0.000
19	  1.680	 32.108	  1.005	  1.320	  0.000
20	  1.680	 33.670	  1.005	  1.320	  0.000
21	  1.680	 35.233	  1.005	  1.320	  0.000
22	  1.680	 36.795	  1.005	  1.320	  0.000
23	  1.680	 38.358	  1.005	  1.320	  0.000
24	  1.680	 39.920	  1.005	  1.320	  0.000
25	  1.680	 41.483	  1.005	  1.320	  0.000
26	  1.680	 43.045	  1.005	  1.320	  0.000
27	  1.680	 44.608	  1.005	  1.320	  0.000
28	  1.680	 46.170	  1.005	  1.320	  0.000
29	  1.680	 47.733	  1.005	  1.320	  0.000
30	  1.680	 49.295	  1.005	  1.320	  0.000
31	  1.680	 50.858	  1.005	  1.320	  0.000
32	  1.680	 52.420	  1.005	  1.320	  0.000
33	  1.680	 53.983	  1.005	  1.320	  0.000
34	  1.680	 55.545	  1.005	  1.320	  0.000
35	  1.680	 57.108	  1.005	  1.320	  0.000
36	  1.680	 58.670	  1.005	  1.320	  0.000
37	  1.680	 60.233	  1.005	  1.320	  0.000
38	  1.680	 61.795	  1.005	  1.320	  0.000
39	  1.680	 63.358	  1.005	  1.320	  0.000
40	  1.680	 64.920	  1.005	  1.320	  0.000
41	  1.680	 66.483	  1.005	  1.320	  0.000
42	  1.680	 68.045	  1.005	  1.320	  0.000
43	  1.680	 69.608	  1.005	  1.320	  0.000
44	  1.680	 71.170	  1.005	  1.320	  0.000
45	  1.680	 72.733	  1.005	  1.320	  0.000
46	  1.680	 74.295	  1.005	  1.320	  0.000
47	  1.680	 75.858	  1.005	  1.320	  0.000
48	  1.680	 77.420	  1.005	  1.320	  0.000
49	  1.680	 78.983	  1.005	  1.320	  0.000
50	  1.680	 80.545	  1.005	  1.320	  0.000
51	  1.680	 82.108	  1.005	  1.320	  0.000
52	  1.680	 83.670	  1.005	  1.320	  0.000
53	  1.680	 85.233	  1.005	  1.320	  0.000
54	  1.680	 86.795	  1.005	  1.320	  0.000
55	  1.680	 88.358	  1.005	  1.320	  0.000
56	  1.680	 89.920	  1.005	  1.320	  0.000
57	  1.680	 91.483	  1.005	  1.320	  0.000
58	  1.680	 93.045	  1.005	  1.320	  0.000
59	  1.680	 94.608	  1.005	  1.320	  0.000
60	  1.680	 96.170	  1.005	  1.320	  0.000
61	  1.680	 97.733	  1.005	  1.320	  0.000
62	  1.680	 99.295	  1.005	  1.320	  0.000
63	  1.680	100.858	  1.005	  1.320	  0.000
0	  1.800	  2.579	  1.005	  1.330	  0.000
1	  1.800	  4.142	  1.005	  1.330	  0.000
2	  1.800	  5.704	  1.005	  1.330	  0.000
3	  1.800	  7.267	  1.005	  1.330	  0.000
4	  1.800	  8.829	  1.005	  1.330	  0.000
5	  1.800	 10.392	  1.005	  1.330	  0.000
6	  1.800	 11.954	  1.005	  1.330	  0.000
7	  1.800	 13.517	  1.005	  1.330	  0.000
8	  1.800	 15.079	  1.005	  1.330	  0.000
9	  1.800	 16.642	  1.005	  1.330	  0.000
10	  1.800	 18.204	  1.005	  1.330	  0.000
11	  1.800	 19.767	  1.005	  1.330	  0.000
12	  1.800	 21.329	  1.005	  1.330	  0.000
13	  1.800	 22.892	  1.005	  1.330	  0.000
14	  1.800	 24.454	  1.005	  1.330	  0.000
15	  1.800	 26.017	  1.005	  1.330	  0.000
16	  1.800	 27.579	  1.005	  1.330	  0.000
17	  1.800	 29.142	  1.005	  1.330	  0.000
18	  1.800	 30.704	  1.005	  1.330	  0.000
19	  1.800	 32.267	  1.005	  1.330	  0.000
20	  1.800	 33.829	  1.005	  1.330	  0.000
21	  1.800	 35.392	  1.005	  1.330	  0.000
22	  1.800	 36.954	  1.005	  1.330	  0.000
23	  1.800	 38.517	  1.005	  1.330	  0.000
24	  1.800	 40.079	  1.005	  1.330	  0.000
25	  1.800	 41.642	  1.005	  1.330	  0.000
26	  1.800	 43.204	  1.005	  1.330	  0.000
27	  1.800	 44.767	  1.005	  1.330	  0.000
28	  1.800	 46.329	  1.005	  1.330	  0.000
29	  1.800	 47.892	  1.005	  1.330	  0.000
30	  1.800	 49.454	  1.005	  1.330	  0.000
31	  1.800	 51.017	  1.005	  1.330	  0.000
32	  1.800	 52.579	  1.005	  1.330	  0.000
33	  1.800	 54.142	  1.005	  1.330	  0.000
34	  1.800	 55.704	  1.005	  1.330	  0.000
35	  1.800	 57.267	  1.005	  1.330	  0.000
36	  1.800	 58.829	  1.005	  1.330	  0.000
37	  1.800	 60.392	  1.005	  1.330	  0.000
38	  1.800	 61.954	  1.005	  1.330	  0.000
39	  1.800	 63.517	  1.005	  1.330	  0.000
40	  1.800	 65.079	  1.005	  1.330	  0.000
41	  1.800	 66.642	  1.005	  1.330	  0.000
42	  1.800	 68.204	  1.005	  1.330	  0.000
43	  1.800	 69.767	  1.005	  1.330	  0.000
44	  1.800	 71.329	  1.005	  1.330	  0.000
45	  1.800	 72.892	  1.005	  1.330	  0.000
46	  1.800	 74.454	  1.005	  1.330	  0.000
47	  1.800	 76.017	  1.005	  1.330	  0.000
48	  1.800	 77.579	  1.005	  1.330	  0.000
49	  1.800	 79.142	  1.005	  1.330	  0.000
50	  1.800	 80.704	  1.005	  1.330	  0.000
51	  1.800	 82.267	  1.005	  1.330	  0.000
52	  1.800	 83.829	  1.005	  1.330	  0.000
53	  1.800	 85.392	  1.005	  1.330	  0.000
54	  1.800	 86.954	  1.005	  1.330	  0.000
55	  1.800	 88.517	  1.005	  1.330	  0.000
56	  1.800	 90.079	  1.005	  1.330	  0.000
57	  1.800	 91.642	  1.005	  1.330	  0.000
58	  1.800	 93.204	  1.005	  1.330	  0.000
59	  1.800	 94.767	  1.005	  1.330	  0.000
60	  1.800	 96.329	  1.005	  1.330	  0.000
61	  1.800	 97.892	  1.005	  1.330	  0.000
62	  1.800	 99.454	  1.005	  1.330	  0.000
63	  1.800	101.017	  1.005	  1.330	  0.000
0	  1.920	  2.739	  1.005	  1.337	  0.000
1	  1.920	  4.302	  1.005	  1.337	  0.000
2	  1.920	  5.864	  1.005	  1.337	  0.000
3	  1.920	  7.427	  1.005	  1.337	  0.000
4	  1.920	  8.989	  1.005	  1.337	  0.000
5	  1.920	 10.552	  1.005	  1.337	  0.000
6	  1.920	 12.114	  1.005	  1.337	  0.000
7	  1.920	 13.677	  1.005	  1.337	  0.000
8	  1.920	 15.239	  1.005	  1.337	  0.000
9	  1.920	 16.802	  1.005	  1.337	  0.000
10	  1.920	 18.364	  1.005	  1.337	  0.000
11	  1.920	 19.927	  1.005	  1.337	  0.000
12	  1.920	 21.489	  1.005	  1.337	  0.000
13	  1.920	 23.052	  1.005	  1.337	  0.000
14	  1.920	 24.614	  1.005	  1.337	  0.000
15	  1.920	 26.177	  1.005	  1.337	  0.000
16	  1.920	 27.739	  1.005	  1.337	  0.000
17	  1.920	 29.302	  1.005	  1.337	  0.000
18	  1.920	 30.864	  1.005	  1.337	  0.000
19	  1.920	 32.427	  1.005	  1.337	  0.000
20	  1.920	 33.989	  1.005	  1.337	  0.000
21	  1.920	 35.552	  1.005	  1.337	  0.000
22	  1.920	 37.114	  1.005	  1.337	  0.000
23	  1.920	 38.677	  1.005	  1.337	  0.000
24	  1.920	 40.239	  1.005	  1.337	  0.000
25	  1.920	 41.802	  1.005	  1.337	  0.000
26	  1.920	 43.364	  1.005	  1.337	  0.000
27	  1.920	 44.927	  1.005	  1.337	  0.000
28	  1.920	 46.489	  1.005	  1.337	  0.000
29	  1.920	 48.052	  1.005	  1.337	  0.000
30	  1.920	 49.614	  1.005	  1.337	  0.000
31	  1.920	 51.177	  1.005	  1.337	  0.000
32	  1.920	 52.739	  1.005	  1.337	  0.000
33	  1.920	 54.302	  1.005	  1.337	  0.000
34	  1.920	 55.864	  1.005	  1.337	  0.000
35	  1.920	 57.427	  1.005	  1.337	  0.000
36	  1.920	 58.989	  1.005	  1.337	  0.000
37	  1.920	 60.552	  1.005	  1.337	  0.000
38	  1.920	 62.114	  1.005	  1.337	  0.000
39	  1.920	 63.677	  1.005	  1.337	  0.000
40	  1.920	 65.239	  1.005	  1.337	  0.000
41	  1.920	 66.802	  1.005	  1.337	  0.000
42	  1.920	 68.364	  1.005	  1.337	  0.000
43	  1.920	 69.927	  1.005	  1.337	  0.000
44	  1.920	 71.489	  1.005	  1.337	  0.000
45	  1.920	 73.052	  1.005	  1.337	  0.000
46	  1.920	 74.614	  1.005	  1.337	  0.000
47	  1.920	 76.177	  1.005	  1.337	  0.000
48	  1.920	 77.739	  1.005	  1.337	  0.000
49	  1.920	 79.302	  1.005	  1.337	  0.000
50	  1.920	 80.864	  1.005	  1.337	  0.000
51	  1.920	 82.427	  1.005	  1.337	  0.000
52	  1.920	 83.989	  1.005	  1.337	  0.000
53	  1.920	 85.552	  1.005	  1.337	  0.000
54	  1.920	 87.114	  1.005	  1.337	  0.000
55	  1.920	 88.677	  1.005	  1.337	  0.000
56	  1.920	 90.239	  1.005	  1.337	  0.000
57	  1.920	 91.802	  1.005	  1.337	  0.000
58	  1.920	 93.364	  1.005	  1.337	  0.000
59	  1.920	 94.927	  1.005	  1.337	  0.000
60	  1.920	 96.489	  1.005	  1.337	  0.000
61	  1.920	 98.052	  1.005	  1.337	  0.000
62	  1.920	 99.614	  1.005	  1.337	  0.000
63	  1.920	101.177	  1.005	  1.337	  0.000
0	  2.040	  2.900	  1.005	  1.343	  0.000
1	  2.040	  4.462	  1.005	  1.343	  0.000
2	  2.040	  6.025	  1.005	  1.343	  0.000
3	  2.040	  7.587	  1.005	  1.343	  0.000
4	  2.040	  9.150	  1.005	  1.343	  0.000
5	  2.040	 10.712	  1.005	  1.343	  0.000
6	  2.040	 12.275	  1.005	  1.343	  0.000
7	  2.040	 13.837	  1.005	  1.343	  0.000
8	  2.040	 15.400	  1.005	  1.343	  0.000
9	  2.040	 16.962	  1.005	  1.343	  0.000
10	  2.040	 18.525	  1.005	  1.343	  0.000
11	  2.040	 20.087	  1.005	  1.343	  0.000
12	  2.040	 21.650	  1.005	  1.343	  0.000
13	  2.040	 23.212	  1.005	  1.343	  0.000
14	  2.040	 24.775	  1.005	  1.343	  0.000
15	  2.040	 26.337	  1.005	  1.343	  0.000
16	  2.040	 27.900	  1.005	  1.343	  0.000
17	  2.040	 29.462	  1.005	  1.343	  0.000
18	  2.040	 31.025	  1.005	  1.343	  0.000
19	  2.040	 32.587	  1.005	  1.343	  0.000
20	  2.040	 34.150	  1.005	  1.343	  0.000
21	  2.040	 35.712	  1.005	  1.343	  0.000
22	  2.040	 37.275	  1.005	  1.343	  0.000
23	  2.040	 38.837	  1.005	  1.343	  0.000
24	  2.040	 40.400	  1.005	  1.343	  0.000
25	  2.040	 41.962	  1.005	  1.343	  0.000
26	  2.040	 43.525	  1.005	  1.343	  0.000
27	  2.040	 45.087	  1.005	  1.343	  0.000
28	  2.040	 46.650	  1.005	  1.343	  0.000
29	  2.040	 48.212	  1.005	  1.343	  0.000
30	  2.040	 49.775	  1.005	  1.343	  0.000
31	  2.040	 51.337	  1.005	  1.343	  0.000
32	  2.040	 52.900	  1.005	  1.343	  0.000
33	  2.040	 54.462	  1.005	  1.343	  0.000
34	  2.040	 56.025	  1.005	  1.343	  0.000
35	  2.040	 57.587	  1.005	  1.343	  0.000
36	  2.040	 59.150	  1.005	  1.343	  0.000
37	  2.040	 60.712	  1.005	  1.343	  0.000
38	  2.040	 62.275	  1.005	  1.343	  0.000
39	  2.040	 63.837	  1.005	  1.343	  0.000
40	  2.040	 65.400	  1.005	  1.343	  0.000
41	  2.040	 66.962	  1.005	  1.343	  0.000
42	  2.040	 68.525	  1.005	  1.343	  0.000
43	  2.040	 70.087	  1.005	  1.343	  0.000
44	  2.040	 71.650	  1.005	  1.343	  0.000
45	  2.040	 73.212	  1.005	  1.343	  0.000
46	  2.040	 74.775	  1.005	  1.343	  0.000
47	  2.040	 76.337	  1.005	  1.343	  0.000
48	  2.040	 77.900	  1.005	  1.343	  0.000
49	  2.040	 79.462	  1.005	  1.343	  0.000
50	  2.040	 81.025	  1.005	  1.343	  0.000
51	  2.040	 82.587	  1.005	  1.343	  0.000
52	  2.040	 84.150	  1.005	  1.343	  0.000
53	  2.040	 85.712	  1.005	  1.343	  0.000
54	  2.040	 87.275	  1.005	  1.343	  0.000
55	  2.040	 88.837	  1.005	  1.343	  0.000
56	  2.040	 90.400	  1.005	  1.343	  0.000
57	  2.040	 91.962	  1.005	  1.343	  0.000
58	  2.040	 93.525	  1.005	  1.343	  0.000
59	  2.040	 95.087	  1.005	  1.343	  0.000
60	  2.040	 96.650	  1.005	  1.343	  0.000
61	  2.040	 98.212	  1.005	  1.343	  0.000
62	  2.040	 99.775	  1.005	  1.343	  0.000
63	  2.040	101.337	  1.005	  1.343	  0.000
0	  2.160	  3.061	  1.005	  1.348	  0.000
1	  2.160	  4.624	  1.005	  1.348	  0.000
2	  2.160	  6.186	  1.005	  1.348	  0.000
3	  2.160	  7.749	  1.005	  1.348	  0.000
4	  2.160	  9.311	  1.005	  1.348	  0.000
5	  2.160	 10.874	  1.005	  1.348	  0.000
6	  2.160	 12.436	  1.005	  1.348	  0.000
7	  2.160	 13.999	  1.005	  1.348	  0.000
8	  2.160	 15.561	  1.005	  1.348	  0.000
9	  2.160	 17.124	  1.005	  1.348	  0.000
10	  2.160	 18.686	  1.005	  1.348	  0.000
11	  2.160	 20.249	  1.005	  1.348	  0.000
12	  2.160	 21.811	  1.005	  1.348	  0.000
13	  2.160	 23.374	  1.005	  1.348	  0.000
14	  2.160	 24.936	  1.005	  1.348	  0.000
15	  2.160	 26.499	  1.005	  1.348	  0.000
16	  2.160	 28.061	  1.005	  1.348	  0.000
17	  2.160	 29.624	  1.005	  1.348	  0.000
18	  2.160	 31.186	  1.005	  1.348	  0.000
19	  2.160	 32.749	  1.005	  1.348	  0.000
20	  2.160	 34.311	  1.005	  1.348	  0.000
21	  2.160	 35.874	  1.005	  1.348	  0.000
22	  2.160	 37.436	  1.005	  1.348	  0.000
23	  2.160	 38.999	  1.005	  1.348	  0.000
24	  2.160	 40.561	  1.005	  1.348	  0.000
25	  2.160	 42.124	  1.005	  1.348	  0.000
26	  2.160	 43.686	  1.005	  1.348	  0.000
27	  2.160	 45.249	  1.005	  1.348	  0.000
28	  2.160	 46.811	  1.005	  1.348	  0.000
29	  2.160	 48.374	  1.005	  1.348	  0.000
30	  2.160	 49.936	  1.005	  1.348	  0.000
31	  2.160	 51.499	  1.005	  1.348	  0.000
32	  2.160	 53.061	  1.005	  1.348	  0.000
33	  2.160	 54.624	  1.005	  1.348	  0.000
34	  2.160	 56.186	  1.005	  1.348	  0.000
35	  2.160	 57.749	  1.005	  1.348	  0.000
36	  2.160	 59.311	  1.005	  1.348	  0.000
37	  2.160	 60.874	  1.005	  1.348	  0.000
38	  2.160	 62.436	  1.005	  1.348	  0.000
39	  2.160	 63.999	  1.005	  1.348	  0.000
40	  2.160	 65.561	  1.005	  1.348	  0.000
41	  2.160	 67.124	  1.005	  1.348	  0.000
42	  2.160	 68.686	  1.005	  1.348	  0.000
43	  2.160	 70.249	  1.005	  1.348	  0.000
44	  2.160	 71.811	  1.005	  1.348	  0.000
45	  2.160	 73.374	  1.005	  1.348	  0.000
46	  2.160	 74.936	  1.005	  1.348	  0.000
47	  2.160	 76.499	  1.005	  1.348	  0.000
48	  2.160	 78.061	  1.005	  1.348	  0.000
49	  2.160	 79.624	  1.005	  1.348	  0.000
50	  2.160	 81.186	  1.005	  1.348	  0.000
51	  2.160	 82.749	  1.005	  1.348	  0.000
52	  2.160	 84.311	  1.005	  1.348	  0.000
53	  2.160	 85.874	  1.005	  1.348	  0.000
54	  2.160	 87.436	  1.005	  1.348	  0.000
55	  2.160	 88.999	  1.005	  1.348	  0.000
56	  2.160	 90.561	  1.005	  1.348	  0.000
57	  2.160	 92.124	  1.005	  1.348	  0.000
58	  2.160	 93.686	  1.005	  1.348	  0.000
59	  2.160	 95.249	  1.005	  1.348	  0.000
60	  2.160	 96.811	  1.005	  1.348	  0.000
61	  2.160	 98.374	  1.005	  1.348	  0.000
62	  2.160	 99.936	  1.005	  1.348	  0.000
63	  2.160	101.499	  1.005	  1.348	  0.000
0	  2.280	  3.223	  1.005	  1.352	  0.000
1	  2.280	  4.786	  1.005	  1.352	  0.000
2	  2.280	  6.348	  1.005	  1.352	  0.000
3	  2.280	  7.911	  1.005	  1.352	  0.000
4	  2.280	  9.473	  1.005	  1.352	  0.000
5	  2.280	 11.036	  1.005	  1.352	  0.000
6	  2.280	 12.598	  1.005	  1.352	  0.000
7	  2.280	 14.161	  1.005	  1.352	  0.000
8	  2.280	 15.723	  1.005	  1.352	  0.000
9	  2.280	 17.286	  1.005	  1.352	  0.000
10	  2.280	 18.848	  1.005	  1.352	  0.000
11	  2.280	 20.411	  1.005	  1.352	  0.000
12	  2.280	 21.973	  1.005	  1.352	  0.000
13	  2.280	 23.536	  1.005	  1.352	  0.000
14	  2.280	 25.098	  1.005	  1.352	  0.000
15	  2.280	 26.661	  1.005	  1.352	  0.000
16	  2.280	 28.223	  1.005	  1.352	  0.000
17	  2.280	 29.786	  1.005	  1.352	  0.000
18	  2.280	 31.348	  1.005	  1.352	  0.000
19	  2.280	 32.911	  1.005	  1.352	  0.000
20	  2.280	 34.473	  1.005	  1.352	  0.000
21	  2.280	 36.036	  1.005	  1.352	  0.000
22	  2.280	 37.598	  1.005	  1.352	  0.000
23	  2.280	 39.161	  1.005	  1.352	  0.000
24	  2.280	 40.723	  1.005	  1.352	  0.000
25	  2.280	 42.286	  1.005	  1.352	  0.000
26	  2.280	 43.848	  1.005	  1.352	  0.000
27	  2.280	 45.411	  1.005	  1.352	  0.000
28	  2.280	 46.973	  1.005	  1.352	  0.000
29	  2.280	 48.536	  1.005	  1.352	  0.000
30	  2.280	 50.098	  1.005	  1.352	  0.000
31	  2.280	 51.661	  1.005	  1.352	  0.000
32	  2.280	 53.223	  1.005	  1.352	  0.000
33	  2.280	 54.786	  1.005	  1.352	  0.000
34	  2.280	 56.348	  1.005	  1.352	  0.000
35	  2.280	 57.911	  1.005	  1.352	  0.000
36	  2.280	 59.473	  1.005	  1.352	  0.000
37	  2.280	 61.036	  1.005	  1.352	  0.000
38	  2.280	 62.598	  1.005	  1.352	  0.000
39	  2.280	 64.161	  1.005	  1.352	  0.000
40	  2.280	 65.723	  1.005	  1.352	  0.000
41	  2.280	 67.286	  1.005	  1.352	  0.000
42	  2.280	 68.848	  1.005	  1.352	  0.000
43	  2.280	 70.411	  1.005	  1.352	  0.000
44	  2.280	 71.973	  1.005	  1.352	  0.000
45	  2.280	 73.536	  1.005	  1.352	  0.000
46	  2.280	 75.098	  1.005	  1.352	  0.000
47	  2.280	 76.661	  1.005	  1.352	  0.000
48	  2.280	 78.223	  1.005	  1.352	  0.000
49	  2.280	 79.786	  1.005	  1.352	  0.000
50	  2.280	 81.348	  1.005	  1.352	  0.000
51	  2.280	 82.911	  1.005	  1.352	  0.000
52	  2.280	 84.473	  1.005	  1.352	  0.000
53	  2.280	 86.036	  1.005	  1.352	  0.000
54	  2.280	 87.598	  1.005	  1.352	  0.000
55	  2.280	 89.161	  1.005	  1.352	  0.000
56	  2.280	 90.723	  1.005	  1.352	  0.000
57	  2.280	 92.286	  1.005	  1.352	  0.000
58	  2.280	 93.848	  1.005	  1.352	  0.000
59	  2.280	 95.411	  1.005	  1.352	  0.000
60	  2.280	 96.973	  1.005	  1.352	  0.000
61	  2.280	 98.536	  1.005	  1.352	  0.000
62	  2.280	100.098	  1.005	  1.352	  0.000
63	  2.280	101.661	  1.005	  1.352	  0.000
0	  2.400	  3.386	  1.005	  1.355	  0.000
1	  2.400	  4.948	  1.005	  1.355	  0.000
2	  2.400	  6.511	  1.005	  1.355	  0.000
3	  2.400	  8.073	  1.005	  1.355	  0.000
4	  2.400	  9.636	  1.005	  1.355	  0.000
5	  2.400	 11.198	  1.005	  1.355	  0.000
6	  2.400	 12.761	  1.005	  1.355	  0.000
7	  2.400	 14.323	  1.005	  1.355	  0.000
8	  2.400	 15.886	  1.005	  1.355	  0.000
9	  2.400	 17.448	  1.005	  1.355	  0.000
10	  2.400	 19.011	  1.005	  1.355	  0.000
11	  2.400	 20.573	  1.005	  1.355	  0.000
12	  2.400	 22.136	  1.005	  1.355	  0.000
13	  2.400	 23.698	  1.005	  1.355	  0.000
14	  2.400	 25.261	  1.005	  1.355	  0.000
15	  2.400	 26.823	  1.005	  1.355	  0.000
16	  2.400	 28.386	  1.005	  1.355	  0.000
17	  2.400	 29.948	  1.005	  1.355	  0.000
18	  2.400	 31.511	  1.005	  1.355	  0.000
19	  2.400	 33.073	  1.005	  1.355	  0.000
20	  2.400	 34.636	  1.005	  1.355	  0.000
21	  2.400	 36.198	  1.005	  1.355	  0.000
22	  2.400	 37.761	  1.005	  1.355	  0.000
23	  2.400	 39.323	  1.005	  1.355	  0.000
24	  2.400	 40.886	  1.005	  1.355	  0.000
25	  2.400	 42.448	  1.005	  1.355	  0.000
26	  2.400	 44.011	  1.005	  1.355	  0.000
27	  2.400	 45.573	  1.005	  1.355	  0.000
28	  2.400	 47.136	  1.005	  1.355	  0.000
29	  2.400	 48.698	  1.005	  1.355	  0.000
30	  2.400	 50.261	  1.005	  1.355	  0.000
31	  2.400	 51.823	  1.005	  1.355	  0.000
32	  2.400	 53.386	  1.005	  1.355	  0.000
33	  2.400	 54.948	  1.005	  1.355	  0.000
34	  2.400	 56.511	  1.005	  1.355	  0.000
35	  2.400	 58.073	  1.005	  1.355	  0.000
36	  2.400	 59.636	  1.005	  1.355	  0.000
37	  2.400	 61.198	  1.005	  1.355	  0.000
38	  2.400	 62.761	  1.005	  1.355	  0.000
39	  2.400	 64.323	  1.005	  1.355	  0.000
40	  2.400	 65.886	  1.005	  1.355	  0.000
41	  2.400	 67.448	  1.005	  1.355	  0.000
42	  2.400	 69.011	  1.005	  1.355	  0.000
43	  2.400	 70.573	  1.005	  1.355	  0.000
44	  2.400	 72.136	  1.005	  1.355	  0.000
45	  2.400	 73.698	  1.005	  1.355	  0.000
46	  2.400	 75.261	  1.005	  1.355	  0.000
47	  2.400	 76.823	  1.005	  1.355	  0.000
48	  2.400	 78.386	  1.005	  1.355	  0.000
49	  2.400	 79.948	  1.005	  1.355	  0.000
50	  2.400	 81.511	  1.005	  1.355	  0.000
51	  2.400	 83.073	  1.005	  1.355	  0.000
52	  2.400	 84.636	  1.005	  1.355	  0.000
53	  2.400	 86.198	  1.005	  1.355	  0.000
54	  2.400	 87.761	  1.005	  1.355	  0.000
55	  2.400	 89.323	  1.005	  1.355	  0.000
56	  2.400	 90.886	  1.005	  1.355	  0.000
57	  2.400	 92.448	  1.005	  1.355	  0.000
58	  2.400	 94.011	  1.005	  1.355	  0.000
59	  2.400	 95.573	  1.005	  1.355	  0.000
60	  2.400	 97.136	  1.005	  1.355	  0.000
61	  2.400	 98.698	  1.005	  1.355	  0.000
62	  2.400	100.261	  1.005	  1.355	  0.000
63	  2.400	101.823	  1.005	  1.355	  0.000
0	  2.520	  3.549	  1.005	  1.357	  0.000
1	  2.520	  5.111	  1.005	  1.357	  0.000
2	  2.520	  6.674	  1.005	  1.357	  0.000
3	  2.520	  8.236	  1.005	  1.357	  0.000
4	  2.520	  9.799	  1.005	  1.357	  0.000
5	  2.520	 11.361	  1.005	  1.357	  0.000
6	  2.520	 12.924	  1.005	  1.357	  0.000
7	  2.520	 14.486	  1.005	  1.357	  0.000
8	  2.520	 16.049	  1.005	  1.357	  0.000
9	  2.520	 17.611	  1.005	  1.357	  0.000
10	  2.520	 19.174	  1.005	  1.357	  0.000
11	  2.520	 20.736	  1.005	  1.357	  0.000
12	  2.520	 22.299	  1.005	  1.357	  0.000
13	  2.520	 23.861	  1.005	  1.357	  0.000
14	  2.520	 25.424	  1.005	  1.357	  0.000
15	  2.520	 26.986	  1.005	  1.357	  0.000
16	  2.520	 28.549	  1.005	  1.357	  0.000
17	  2.520	 30.111	  1.005	  1.357	  0.000
18	  2.520	 31.674	  1.005	  1.357	  0.000
19	  2.520	 33.236	  1.005	  1.357	  0.000
20	  2.520	 34.799	  1.005	  1.357	  0.000
21	  2.520	 36.361	  1.005	  1.357	  0.000
22	  2.520	 37.924	  1.005	  1.357	  0.000
23	  2.520	 39.486	  1.005	  1.357	  0.000
24	  2.520	 41.049	  1.005	  1.357	  0.000
25	  2.520	 42.611	  1.005	  1.357	  0.000
26	  2.520	 44.174	  1.005	  1.357	  0.000
27	  2.520	 45.736	  1.005	  1.357	  0.000
28	  2.520	 47.299	  1.005	  1.357	  0.000
29	  2.520	 48.861	  1.005	  1.357	  0.000
30	  2.520	 50.424	  1.005	  1.357	  0.000
31	  2.520	 51.986	  1.005	  1.357	  0.000
32	  2.520	 53.549	  1.005	  1.357	  0.000
33	  2.520	 55.111	  1.005	  1.357	  0.000
34	  2.520	 56.674	  1.005	  1.357	  0.000
35	  2.520	 58.236	  1.005	  1.357	  0.000
36	  2.520	 59.799	  1.005	  1.357	  0.000
37	  2.520	 61.361	  1.005	  1.357	  0.000
38	  2.520	 62.924	  1.005	  1.357	  0.000
39	  2.520	 64.486	  1.005	  1.357	  0.000
40	  2.520	 66.049	  1.005	  1.357	  0.000
41	  2.520	 67.611	  1.005	  1.357	  0.000
42	  2.520	 69.174	  1.005	  1.357	  0.000
43	  2.520	 70.736	  1.005	  1.357	  0.000
44	  2.520	 72.299	  1.005	  1.357	  0.000
45	  2.520	 73.861	  1.005	  1.357	  0.000
46	  2.520	 75.424	  1.005	  1.357	  0.000
47	  2.520	 76.986	  1.005	  1.357	  0.000
48	  2.520	 78.549	  1.005	  1.357	  0.000
49	  2.520	 80.111	  1.005	  1.357	  0.000
50	  2.520	 81.674	  1.005	  1.357	  0.000
51	  2.520	 83.236	  1.005	  1.357	  0.000
52	  2.520	 84.799	  1.005	  1.357	  0.000
53	  2.520	 86.361	  1.005	  1.357	  0.000
54	  2.520	 87.924	  1.005	  1.357	  0.000
55	  2.520	 89.486	  1.005	  1.357	  0.000
56	  2.520	 91.049	  1.005	  1.357	  0.000
57	  2.520	 92.611	  1.005	  1.357	  0.000
58	  2.520	 94.174	  1.005	  1.357	  0.000
59	  2.520	 95.736	  1.005	  1.357	  0.000
60	  2.520	 97.299	  1.005	  1.357	  0.000
61	  2.520	 98.861	  1.005	  1.357	  0.000
62	  2.520	100.424	  1.005	  1.357	  0.000
63	  2.520	101.986	  1.005	  1.357	  0.000
0	  2.640	  3.711	  1.005	  1.359	  0.000
1	  2.640	  5.274	  1.005	  1.359	  0.000
2	  2.640	  6.836	  1.005	  1.359	  0.000
3	  2.640	  8.399	  1.005	  1.359	  0.000
4	  2.640	  9.961	  1.005	  1.359	  0.000
5	  2.640	 11.524	  1.005	  1.359	  0.000
6	  2.640	 13.086	  1.005	  1.359	  0.000
7	  2.640	 14.649	  1.005	  1.359	  0.000
8	  2.640	 16.211	  1.005	  1.359	  0.000
9	  2.640	 17.774	  1.005	  1.359	  0.000
10	  2.640	 19.336	  1.005	  1.359	  0.000
11	  2.640	 20.899	  1.005	  1.359	  0.000
12	  2.640	 22.461	  1.005	  1.359	  0.000
13	  2.640	 24.024	  1.005	  1.359	  0.000
14	  2.640	 25.586	  1.005	  1.359	  0.000
15	  2.640	 27.149	  1.005	  1.359	  0.000
16	  2.640	 28.711	  1.005	  1.359	  0.000
17	  2.640	 30.274	  1.005	  1.359	  0.000
18	  2.640	 31.836	  1.005	  1.359	  0.000
19	  2.640	 33.399	  1.005	  1.359	  0.000
20	  2.640	 34.961	  1.005	  1.359	  0.000
21	  2.640	 36.524	  1.005	  1.359	  0.000
22	  2.640	 38.086	  1.005	  1.359	  0.000
23	  2.640	 39.649	  1.005	  1.359	  0.000
24	  2.640	 41.211	  1.005	  1.359	  0.000
25	  2.640	 42.774	  1.005	  1.359	  0.000
26	  2.640	 44.336	  1.005	  1.359	  0.000
27	  2.640	 45.899	  1.005	  1.359	  0.000
28	  2.640	 47.461	  1.005	  1.359	  0.000
29	  2.640	 49.024	  1.005	  1.359	  0.000
30	  2.640	 50.586	  1.005	  1.359	  0.000
31	  2.640	 52.149	  1.005	  1.359	  0.000
32	  2.640	 53.711	  1.005	  1.359	  0.000
33	  2.640	 55.274	  1.005	  1.359	  0.000
34	  2.640	 56.836	  1.005	  1.359	  0.000
35	  2.640	 58.399	  1.005	  1.359	  0.000
36	  2.640	 59.961	  1.005	  1.359	  0.000
37	  2.640	 61.524	  1.005	  1.359	  0.000
38	  2.640	 63.086	  1.005	  1.359	  0.000
39	  2.640	 64.649	  1.005	  1.359	  0.000
40	  2.640	 66.211	  1.005	  1.359	  0.000
41	  2.640	 67.774	  1.005	  1.359	  0.000
42	  2.640	 69.336	  1.005	  1.359	  0.000
43	  2.640	 70.899	  1.005	  1.359	  0.000
44	  2.640	 72.461	  1.005	  1.359	  0.000
45	  2.640	 74.024	  1.005	  1.359	  0.000
46	  2.640	 75.586	  1.005	  1.359	  0.000
47	  2.640	 77.149	  1.005	  1.359	  0.000
48	  2.640	 78.711	  1.005	  1.359	  0.000
49	  2.640	 80.274	  1.005	  1.359	  0.000
50	  2.640	 81.836	  1.005	  1.359	  0.000
51	  2.640	 83.399	  1.005	  1.359	  0.000
52	  2.640	 84.961	  1.005	  1.359	  0.000
53	  2.640	 86.524	  1.005	  1.359	  0.000
54	  2.640	 88.086	  1.005	  1.359	  0.000
55	  2.640	 89.649	  1.005	  1.359	  0.000
56	  2.640	 91.211	  1.005	  1.359	  0.000
57	  2.640	 92.774	  1.005	  1.359	  0.000
58	  2.640	 94.336	  1.005	  1.359	  0.000
59	  2.640	 95.899	  1.005	  1.359	  0.000
60	  2.640	 97.461	  1.005	  1.359	  0.000
61	  2.640	 99.024	  1.005	  1.359	  0.000
62	  2.640	100.586	  1.005	  1.359	  0.000
63	  2.640	102.149	  1.005	  1.359	  0.000
0	  2.760	  3.875	  1.005	  1.360	  0.000
1	  2.760	  5.437	  1.005	  1.360	  0.000
2	  2.760	  7.000	  1.005	  1.360	  0.000
3	  2.760	  8.562	  1.005	  1.360	  0.000
4	  2.760	 10.125	  1.005	  1.360	  0.000
5	  2.760	 11.687	  1.005	  1.360	  0.000
6	  2.760	 13.250	  1.005	  1.360	  0.000
7	  2.760	 14.812	  1.005	  1.360	  0.000
8	  2.760	 16.375	  1.005	  1.360	  0.000
9	  2.760	 17.937	  1.005	  1.360	  0.000
10	  2.760	 19.500	  1.005	  1.360	  0.000
11	  2.760	 21.062	  1.005	  1.360	  0.000
12	  2.760	 22.625	  1.005	  1.360	  0.000
13	  2.760	 24.187	  1.005	  1.360	  0.000
14	  2.760	 25.750	  1.005	  1.360	  0.000
15	  2.760	 27.312	  1.005	  1.360	  0.000
16	  2.760	 28.875	  1.005	  1.360	  0.000
17	  2.760	 30.437	  1.005	  1.360	  0.000
18	  2.760	 32.000	  1.005	  1.360	  0.000
19	  2.760	 33.562	  1.005	  1.360	  0.000
20	  2.760	 35.125	  1.005	  1.360	  0.000
21	  2.760	 36.687	  1.005	  1.360	  0.000
22	  2.760	 38.250	  1.005	  1.360	  0.000
23	  2.760	 39.812	  1.005	  1.360	  0.000
24	  2.760	 41.375	  1.005	  1.360	  0.000
25	  2.760	 42.937	  1.005	  1.360	  0.000
26	  2.760	 44.500	  1.005	  1.360	  0.000
27	  2.760	 46.062	  1.005	  1.360	  0.000
28	  2.760	 47.625	  1.005	  1.360	  0.000
29	  2.760	 49.187	  1.005	  1.360	  0.000
30	  2.760	 50.750	  1.005	  1.360	  0.000
31	  2.760	 52.312	  1.005	  1.360	  0.000
32	  2.760	 53.875	  1.005	  1.360	  0.000
33	  2.760	 55.437	  1.005	  1.360	  0.000
34	  2.760	 57.000	  1.005	  1.360	  0.000
35	  2.760	 58.562	  1.005	  1.360	  0.000
36	  2.760	 60.125	  1.005	  1.360	  0.000
37	  2.760	 61.687	  1.005	  1.360	  0.000
38	  2.760	 63.250	  1.005	  1.360	  0.000
39	  2.760	 64.812	  1.005	  1.360	  0.000
40	  2.760	 66.375	  1.005	  1.360	  0.000
41	  2.760	 67.937	  1.005	  1.360	  0.000
42	  2.760	 69.500	  1.005	  1.360	  0.000
43	  2.760	 71.062	  1.005	  1.360	  0.000
44	  2.760	 72.625	  1.005	  1.360	  0.000
45	  2.760	 74.187	  1.005	  1.360	  0.000
46	  2.760	 75.750	  1.005	  1.360	  0.000
47	  2.760	 77.312	  1.005	  1.360	  0.000
48	  2.760	 78.875	  1.005	  1.360	  0.000
49	  2.760	 80.437	  1.005	  1.360	  0.000
50	  2.760	 82.000	  1.005	  1.360	  0.000
51	  2.760	 83.562	  1.005	  1.360	  0.000
52	  2.760	 85.125	  1.005	  1.360	  0.000
53	  2.760	 86.687	  1.005	  1.360	  0.000
54	  2.760	 88.250	  1.005	  1.360	  0.000
55	  2.760	 89.812	  1.005	  1.360	  0.000
56	  2.760	 91.375	  1.005	  1.360	  0.000
57	  2.760	 92.937	  1.005	  1.360	  0.000
58	  2.760	 94.500	  1.005	  1.360	  0.000
59	  2.760	 96.062	  1.005	  1.360	  0.000
60	  2.760	 97.625	  1.005	  1.360	  0.000
61	  2.760	 99.187	  1.005	  1.360	  0.000
62	  2.760	100.750	  1.005	  1.360	  0.000
63	  2.760	102.312	  1.005	  1.360	  0.000
0	  2.880	  4.038	  1.005	  1.361	  0.000
1	  2.880	  5.600	  1.005	  1.361	  0.000
2	  2.880	  7.163	  1.005	  1.361	  0.000
3	  2.880	  8.725	  1.005	  1.361	  0.000
4	  2.880	 10.288	  1.005	  1.361	  0.000
5	  2.880	 11.850	  1.005	  1.361	  0.000
6	  2.880	 13.413	  1.005	  1.361	  0.000
7	  2.880	 14.975	  1.005	  1.361	  0.000
8	  2.880	 16.538	  1.005	  1.361	  0.000
9	  2.880	 18.100	  1.005	  1.361	  0.000
10	  2.880	 19.663	  1.005	  1.361	  0.000
11	  2.880	 21.225	  1.005	  1.361	  0.000
12	  2.880	 22.788	  1.005	  1.361	  0.000
13	  2.880	 24.350	  1.005	  1.361	  0.000
14	  2.880	 25.913	  1.005	  1.361	  0.000
15	  2.880	 27.475	  1.005	  1.361	  0.000
16	  2.880	 29.038	  1.005	  1.361	  0.000
17	  2.880	 30.600	  1.005	  1.361	  0.000
18	  2.880	 32.163	  1.005	  1.361	  0.000
19	  2.880	 33.725	  1.005	  1.361	  0.000
20	  2.880	 35.288	  1.005	  1.361	  0.000
21	  2.880	 36.850	  1.005	  1.361	  0.000
22	  2.880	 38.413	  1.005	  1.361	  0.000
23	  2.880	 39.975	  1.005	  1.361	  0.000
24	  2.880	 41.538	  1.005	  1.361	  0.000
25	  2.880	 43.100	  1.005	  1.361	  0.000
26	  2.880	 44.663	  1.005	  1.361	  0.000
27	  2.880	 46.225	  1.005	  1.361	  0.000
28	  2.880	 47.788	  1.005	  1.361	  0.000
29	  2.880	 49.350	  1.005	  1.361	  0.000
30	  2.880	 50.913	  1.005	  1.361	  0.000
31	  2.880	 52.475	  1.005	  1.361	  0.000
32	  2.880	 54.038	  1.005	  1.361	  0.000
33	  2.880	 55.600	  1.005	  1.361	  0.000
34	  2.880	 57.163	  1.005	  1.361	  0.000
35	  2.880	 58.725	  1.005	  1.361	  0.000
36	  2.880	 60.288	  1.005	  1.361	  0.000
37	  2.880	 61.850	  1.005	  1.361	  0.000
38	  2.880	 63.413	  1.005	  1.361	  0.000
39	  2.880	 64.975	  1.005	  1.361	  0.000
40	  2.880	 66.538	  1.005	  1.361	  0.000
41	  2.880	 68.100	  1.005	  1.361	  0.000
42	  2.880	 69.663	  1.005	  1.361	  0.000
43	  2.880	 71.225	  1.005	  1.361	  0.000
44	  2.880	 72.788	  1.005	  1.361	  0.000
45	  2.880	 74.350	  1.005	  1.361	  0.000
46	  2.880	 75.913	  1.005	  1.361	  0.000
47	  2.880	 77.475	  1.005	  1.361	  0.000
48	  2.880	 79.038	  1.005	  1.361	  0.000
49	  2.880	 80.600	  1.005	  1.361	  0.000
50	  2.880	 82.163	  1.005	  1.361	  0.000
51	  2.880	 83.725	  1.005	  1.361	  0.000
52	  2.880	 85.288	  1.005	  1.361	  0.000
53	  2.880	 86.850	  1.005	  1.361	  0.000
54	  2.880	 88.413	  1.005	  1.361	  0.000
55	  2.880	 89.975	  1.005	  1.361	  0.000
56	  2.880	 91.538	  1.005	  1.361	  0.000
57	  2.880	 93.100	  1.005	  1.361	  0.000
58	  2.880	 94.663	  1.005	  1.361	  0.000
59	  2.880	 96.225	  1.005	  1.361	  0.000
60	  2.880	 97.788	  1.005	  1.361	  0.000
61	  2.880	 99.350	  1.005	  1.361	  0.000
62	  2.880	100.913	  1.005	  1.361	  0.000
63	  2.880	102.475	  1.005	  1.361	  0.000
0	  3.000	  4.201	  1.005	  1.362	  0.000
1	  3.000	  5.764	  1.005	  1.362	  0.000
2	  3.000	  7.326	  1.005	  1.362	  0.000
3	  3.000	  8.889	  1.005	  1.362	  0.000
4	  3.000	 10.451	  1.005	  1.362	  0.000
5	  3.000	 12.014	  1.005	  1.362	  0.000
6	  3.000	 13.576	  1.005	  1.362	  0.000
7	  3.000	 15.139	  1.005	  1.362	  0.000
8	  3.000	 16.701	  1.005	  1.362	  0.000
9	  3.000	 18.264	  1.005	  1.362	  0.000
10	  3.000	 19.826	  1.005	  1.362	  0.000
11	  3.000	 21.389	  1.005	  1.362	  0.000
12	  3.000	 22.951	  1.005	  1.362	  0.000
13	  3.000	 24.514	  1.005	  1.362	  0.000
14	  3.000	 26.076	  1.005	  1.362	  0.000
15	  3.000	 27.639	  1.005	  1.362	  0.000
16	  3.000	 29.201	  1.005	  1.362	  0.000
17	  3.000	 30.764	  1.005	  1.362	  0.000
18	  3.000	 32.326	  1.005	  1.362	  0.000
19	  3.000	 33.889	  1.005	  1.362	  0.000
20	  3.000	 35.451	  1.005	  1.362	  0.000
21	  3.000	 37.014	  1.005	  1.362	  0.000
22	  3.000	 38.576	  1.005	  1.362	  0.000
23	  3.000	 40.139	  1.005	  1.362	  0.000
24	  3.000	 41.701	  1.005	  1.362	  0.000
25	  3.000	 43.264	  1.005	  1.362	  0.000
26	  3.000	 44.826	  1.005	  1.362	  0.000
27	  3.000	 46.389	  1.005	  1.362	  0.000
28	  3.000	 47.951	  1.005	  1.362	  0.000
29	  3.000	 49.514	  1.005	  1.362	  0.000
30	  3.000	 51.076	  1.005	  1.362	  0.000
31	  3.000	 52.639	  1.005	  1.362	  0.000
32	  3.000	 54.201	  1.005	  1.362	  0.000
33	  3.000	 55.764	  1.005	  1.362	  0.000
34	  3.000	 57.326	  1.005	  1.362	  0.000
35	  3.000	 58.889	  1.005	  1.362	  0.000
36	  3.000	 60.451	  1.005	  1.362	  0.000
37	  3.000	 62.014	  1.005	  1.362	  0.000
38	  3.000	 63.576	  1.005	  1.362	  0.000
39	  3.000	 65.139	  1.005	  1.362	  0.000
40	  3.000	 66.701	  1.005	  1.362	  0.000
41	  3.000	 68.264	  1.005	  1.362	  0.000
42	  3.000	 69.826	  1.005	  1.362	  0.000
43	  3.000	 71.389	  1.005	  1.362	  0.000
44	  3.000	 72.951	  1.005	  1.362	  0.000
45	  3.000	 74.514	  1.005	  1.362	  0.000
46	  3.000	 76.076	  1.005	  1.362	  0.000
47	  3.000	 77.639	  1.005	  1.362	  0.000
48	  3.000	 79.201	  1.005	  1.362	  0.000
49	  3.000	 80.764	  1.005	  1.362	  0.000
50	  3.000	 82.326	  1.005	  1.362	  0.000
51	  3.000	 83.889	  1.005	  1.362	  0.000
52	  3.000	 85.451	  1.005	  1.362	  0.000
53	  3.000	 87.014	  1.005	  1.362	  0.000
54	  3.000	 88.576	  1.005	  1.362	  0.000
55	  3.000	 90.139	  1.005	  1.362	  0.000
56	  3.000	 91.701	  1.005	  1.362	  0.000
57	  3.000	 93.264	  1.005	  1.362	  0.000
58	  3.000	 94.826	  1.005	  1.362	  0.000
59	  3.000	 96.389	  1.005	  1.362	  0.000
60	  3.000	 97.951	  1.005	  1.362	  0.000
61	  3.000	 99.514	  1.005	  1.362	  0.000
62	  3.000	101.076	  1.005	  1.362	  0.000
63	  3.000	102.639	  1.005	  1.362	  0.000
