# id	 time	 x	 y	 vx	 vy
0	  0.000	  0.694	  1.000	  0.010	  0.010
1	  0.000	  2.083	  1.000	  0.010	  0.010
2	  0.000	  3.472	  1.000	  0.010	  0.010
3	  0.000	  4.861	  1.000	  0.010	  0.010
4	  0.000	  6.250	  1.000	  0.010	  0.010
5	  0.000	  7.639	  1.000	  0.010	  0.010
6	  0.000	  9.028	  1.000	  0.010	  0.010
7	  0.000	 10.417	  1.000	  0.010	  0.010
8	  0.000	 11.806	  1.000	  0.010	  0.010
9	  0.000	 13.194	  1.000	  0.010	  0.010
10	  0.000	 14.583	  1.000	  0.010	  0.010
11	  0.000	 15.972	  1.000	  0.010	  0.010
12	  0.000	 17.361	  1.000	  0.010	  0.010
13	  0.000	 18.750	  1.000	  0.010	  0.010
14	  0.000	 20.139	  1.000	  0.010	  0.010
15	  0.000	 21.528	  1.000	  0.010	  0.010
16	  0.000	 22.917	  1.000	  0.010	  0.010
17	  0.000	 24.306	  1.000	  0.010	  0.010
18	  0.000	 25.694	  1.000	  0.010	  0.010
19	  0.000	 27.083	  1.000	  0.010	  0.010
20	  0.000	 28.472	  1.000	  0.010	  0.010
21	  0.000	 29.861	  1.000	  0.010	  0.010
22	  0.000	 31.250	  1.000	  0.010	  0.010
23	  0.000	 32.639	  1.000	  0.010	  0.010
24	  0.000	 34.028	  1.000	  0.010	  0.010
25	  0.000	 35.417	  1.000	  0.010	  0.010
26	  0.000	 36.806	  1.000	  0.010	  0.010
27	  0.000	 38.194	  1.000	  0.010	  0.010
28	  0.000	 39.583	  1.000	  0.010	  0.010
29	  0.000	 40.972	  1.000	  0.010	  0.010
30	  0.000	 42.361	  1.000	  0.010	  0.010
31	  0.000	 43.750	  1.000	  0.010	  0.010
32	  0.000	 45.139	  1.000	  0.010	  0.010
33	  0.000	 46.528	  1.000	  0.010	  0.010
34	  0.000	 47.917	  1.000	  0.010	  0.010
35	  0.000	 49.306	  1.000	  0.010	  0.010
36	  0.000	 50.694	  1.000	  0.010	  0.010
37	  0.000	 52.083	  1.000	  0.010	  0.010
38	  0.000	 53.472	  1.000	  0.010	  0.010
39	  0.000	 54.861	  1.000	  0.010	  0.010
40	  0.000	 56.250	  1.000	  0.010	  0.010
41	  0.000	 57.639	  1.000	  0.010	  0.010
42	  0.000	 59.028	  1.000	  0.010	  0.010
43	  0.000	 60.417	  1.000	  0.010	  0.010
44	  0.000	 61.806	  1.000	  0.010	  0.010
45	  0.000	 63.194	  1.000	  0.010	  0.010
46	  0.000	 64.583	  1.000	  0.010	  0.010
47	  0.000	 65.972	  1.000	  0.010	  0.010
48	  0.000	 67.361	  1.000	  0.010	  0.010
49	  0.000	 68.750	  1.000	  0.010	  0.010
50	  0.000	 70.139	  1.000	  0.010	  0.010
51	  0.000	 71.528	  1.000	  0.010	  0.010
52	  0.000	 72.917	  1.000	  0.010	  0.010
53	  0.000	 74.306	  1.000	  0.010	  0.010
54	  0.000	 75.694	  1.000	  0.010	  0.010
55	  0.000	 77.083	  1.000	  0.010	  0.010
56	  0.000	 78.472	  1.000	  0.010	  0.010
57	  0.000	 79.861	  1.000	  0.010	  0.010
58	  0.000	 81.250	  1.000	  0.010	  0.010
59	  0.000	 82.639	  1.000	  0.010	  0.010
60	  0.000	 84.028	  1.000	  0.010	  0.010
61	  0.000	 85.417	  1.000	  0.010	  0.010
62	  0.000	 86.806	  1.000	  0.010	  0.010
63	  0.000	 88.194	  1.000	  0.010	  0.010
64	  0.000	 89.583	  1.000	  0.010	  0.010
65	  0.000	 90.972	  1.000	  0.010	  0.010
66	  0.000	 92.361	  1.000	  0.010	  0.010
67	  0.000	 93.750	  1.000	  0.010	  0.010
68	  0.000	 95.139	  1.000	  0.010	  0.010
69	  0.000	 96.528	  1.000	  0.010	  0.010
70	  0.000	 97.917	  1.000	  0.010	  0.010
71	  0.000	 99.306	  1.000	  0.010	  0.010
0	  0.120	  0.699	  1.001	  0.077	  0.008
1	  0.120	  2.088	  1.001	  0.077	  0.008
2	  0.120	  3.477	  1.001	  0.077	  0.008
3	  0.120	  4.866	  1.001	  0.077	  0.008
4	  0.120	  6.255	  1.001	  0.077	  0.008
5	  0.120	  7.644	  1.001	  0.077	  0.008
6	  0.120	  9.033	  1.001	  0.077	  0.008
7	  0.120	 10.422	  1.001	  0.077	  0.008
8	  0.120	 11.811	  1.001	  0.077	  0.008
9	  0.120	 13.199	  1.001	  0.077	  0.008
10	  0.120	 14.588	  1.001	  0.077	  0.008
11	  0.120	 15.977	  1.001	  0.077	  0.008
12	  0.120	 17.366	  1.001	  0.077	  0.008
13	  0.120	 18.755	  1.001	  0.077	  0.008
14	  0.120	 20.144	  1.001	  0.077	  0.008
15	  0.120	 21.533	  1.001	  0.077	  0.008
16	  0.120	 22.922	  1.001	  0.077	  0.008
17	  0.120	 24.311	  1.001	  0.077	  0.008
18	  0.120	 25.699	  1.001	  0.077	  0.008
19	  0.120	 27.088	  1.001	  0.077	  0.008
20	  0.120	 28.477	  1.001	  0.077	  0.008
21	  0.120	 29.866	  1.001	  0.077	  0.008
22	  0.120	 31.255	  1.001	  0.077	  0.008
23	  0.120	 32.644	  1.001	  0.077	  0.008
24	  0.120	 34.033	  1.001	  0.077	  0.008
25	  0.120	 35.422	  1.001	  0.077	  0.008
26	  0.120	 36.811	  1.001	  0.077	  0.008
27	  0.120	 38.199	  1.001	  0.077	  0.008
28	  0.120	 39.588	  1.001	  0.077	  0.008
29	  0.120	 40.977	  1.001	  0.077	  0.008
30	  0.120	 42.366	  1.001	  0.077	  0.008
31	  0.120	 43.755	  1.001	  0.077	  0.008
32	  0.120	 45.144	  1.001	  0.077	  0.008
33	  0.120	 46.533	  1.001	  0.077	  0.008
34	  0.120	 47.922	  1.001	  0.077	  0.008
35	  0.120	 49.311	  1.001	  0.077	  0.008
36	  0.120	 50.699	  1.001	  0.077	  0.008
37	  0.120	 52.088	  1.001	  0.077	  0.008
38	  0.120	 53.477	  1.001	  0.077	  0.008
39	  0.120	 54.866	  1.001	  0.077	  0.008
40	  0.120	 56.255	  1.001	  0.077	  0.008
41	  0.120	 57.644	  1.001	  0.077	  0.008
42	  0.120	 59.033	  1.001	  0.077	  0.008
43	  0.120	 60.422	  1.001	  0.077	  0.008
44	  0.120	 61.811	  1.001	  0.077	  0.008
45	  0.120	 63.199	  1.001	  0.077	  0.008
46	  0.120	 64.588	  1.001	  0.077	  0.008
47	  0.120	 65.977	  1.001	  0.077	  0.008
48	  0.120	 67.366	  1.001	  0.077	  0.008
49	  0.120	 68.755	  1.001	  0.077	  0.008
50	  0.120	 70.144	  1.001	  0.077	  0.008
51	  0.120	 71.533	  1.001	  0.077	  0.008
52	  0.120	 72.922	  1.001	  0.077	  0.008
53	  0.120	 74.311	  1.001	  0.077	  0.008
54	  0.120	 75.699	  1.001	  0.077	  0.008
55	  0.120	 77.088	  1.001	  0.077	  0.008
56	  0.120	 78.477	  1.001	  0.077	  0.008
57	  0.120	 79.866	  1.001	  0.077	  0.008
58	  0.120	 81.255	  1.001	  0.077	  0.008
59	  0.120	 82.644	  1.001	  0.077	  0.008
60	  0.120	 84.033	  1.001	  0.077	  0.008
61	  0.120	 85.422	  1.001	  0.077	  0.008
62	  0.120	 86.811	  1.001	  0.077	  0.008
63	  0.120	 88.199	  1.001	  0.077	  0.008
64	  0.120	 89.588	  1.001	  0.077	  0.008
65	  0.120	 90.977	  1.001	  0.077	  0.008
66	  0.120	 92.366	  1.001	  0.077	  0.008
67	  0.120	 93.755	  1.001	  0.077	  0.008
68	  0.120	 95.144	  1.001	  0.077	  0.008
69	  0.120	 96.533	  1.001	  0.077	  0.008
70	  0.120	 97.922	  1.001	  0.077	  0.008
71	  0.120	 99.311	  1.001	  0.077	  0.008
0	  0.240	  0.712	  1.002	  0.130	  0.006
1	  0.240	  2.101	  1.002	  0.130	  0.006
2	  0.240	  3.490	  1.002	  0.130	  0.006
3	  0.240	  4.878	  1.002	  0.130	  0.006
4	  0.240	  6.267	  1.002	  0.130	  0.006
5	  0.240	  7.656	  1.002	  0.130	  0.006
6	  0.240	  9.045	  1.002	  0.130	  0.006
7	  0.240	 10.434	  1.002	  0.130	  0.006
8	  0.240	 11.823	  1.002	  0.130	  0.006
9	  0.240	 13.212	  1.002	  0.130	  0.006
10	  0.240	 14.601	  1.002	  0.130	  0.006
11	  0.240	 15.990	  1.002	  0.130	  0.006
12	  0.240	 17.378	  1.002	  0.130	  0.006
13	  0.240	 18.767	  1.002	  0.130	  0.006
14	  0.240	 20.156	  1.002	  0.130	  0.006
15	  0.240	 21.545	  1.002	  0.130	  0.006
16	  0.240	 22.934	  1.002	  0.130	  0.006
17	  0.240	 24.323	  1.002	  0.130	  0.006
18	  0.240	 25.712	  1.002	  0.130	  0.006
19	  0.240	 27.101	  1.002	  0.130	  0.006
20	  0.240	 28.490	  1.002	  0.130	  0.006
21	  0.240	 29.878	  1.002	  0.130	  0.006
22	  0.240	 31.267	  1.002	  0.130	  0.006
23	  0.240	 32.656	  1.002	  0.130	  0.006
24	  0.240	 34.045	  1.002	  0.130	  0.006
25	  0.240	 35.434	  1.002	  0.130	  0.006
26	  0.240	 36.823	  1.002	  0.130	  0.006
27	  0.240	 38.212	  1.002	  0.130	  0.006
28	  0.240	 39.601	  1.002	  0.130	  0.006
29	  0.240	 40.990	  1.002	  0.130	  0.006
30	  0.240	 42.378	  1.002	  0.130	  0.006
31	  0.240	 43.767	  1.002	  0.130	  0.006
32	  0.240	 45.156	  1.002	  0.130	  0.006
33	  0.240	 46.545	  1.002	  0.130	  0.006
34	  0.240	 47.934	  1.002	  0.130	  0.006
35	  0.240	 49.323	  1.002	  0.130	  0.006
36	  0.240	 50.712	  1.002	  0.130	  0.006
37	  0.240	 52.101	  1.002	  0.130	  0.006
38	  0.240	 53.490	  1.002	  0.130	  0.006
39	  0.240	 54.878	  1.002	  0.130	  0.006
40	  0.240	 56.267	  1.002	  0.130	  0.006
41	  0.240	 57.656	  1.002	  0.130	  0.006
42	  0.240	 59.045	  1.002	  0.130	  0.006
43	  0.240	 60.434	  1.002	  0.130	  0.006
44	  0.240	 61.823	  1.002	  0.130	  0.006
45	  0.240	 63.212	  1.002	  0.130	  0.006
46	  0.240	 64.601	  1.002	  0.130	  0.006
47	  0.240	 65.990	  1.002	  0.130	  0.006
48	  0.240	 67.378	  1.002	  0.130	  0.006
49	  0.240	 68.767	  1.002	  0.130	  0.006
50	  0.240	 70.156	  1.002	  0.130	  0.006
51	  0.240	 71.545	  1.002	  0.130	  0.006
52	  0.240	 72.934	  1.002	  0.130	  0.006
53	  0.240	 74.323	  1.002	  0.130	  0.006
54	  0.240	 75.712	  1.002	  0.130	  0.006
55	  0.240	 77.101	  1.002	  0.130	  0.006
56	  0.240	 78.490	  1.002	  0.130	  0.006
57	  0.240	 79.878	  1.002	  0.130	  0.006
58	  0.240	 81.267	  1.002	  0.130	  0.006
59	  0.240	 82.656	  1.002	  0.130	  0.006
60	  0.240	 84.045	  1.002	  0.130	  0.006
61	  0.240	 85.434	  1.002	  0.130	  0.006
62	  0.240	 86.823	  1.002	  0.130	  0.006
63	  0.240	 88.212	  1.002	  0.130	  0.006
64	  0.240	 89.601	  1.002	  0.130	  0.006
65	  0.240	 90.990	  1.002	  0.130	  0.006
66	  0.240	 92.378	  1.002	  0.130	  0.006
67	  0.240	 93.767	  1.002	  0.130	  0.006
68	  0.240	 95.156	  1.002	  0.130	  0.006
69	  0.240	 96.545	  1.002	  0.130	  0.006
70	  0.240	 97.934	  1.002	  0.130	  0.006
71	  0.240	 99.323	  1.002	  0.130	  0.006
0	  0.360	  0.730	  1.003	  0.171	  0.005
1	  0.360	  2.119	  1.003	  0.171	  0.005
2	  0.360	  3.507	  1.003	  0.171	  0.005
3	  0.360	  4.896	  1.003	  0.171	  0.005
4	  0.360	  6.285	  1.003	  0.171	  0.005
5	  0.360	  7.674	  1.003	  0.171	  0.005
6	  0.360	  9.063	  1.003	  0.171	  0.005
7	  0.360	 10.452	  1.003	  0.171	  0.005
8	  0.360	 11.841	  1.003	  0.171	  0.005
9	  0.360	 13.230	  1.003	  0.171	  0.005
10	  0.360	 14.619	  1.003	  0.171	  0.005
11	  0.360	 16.007	  1.003	  0.171	  0.005
12	  0.360	 17.396	  1.003	  0.171	  0.005
13	  0.360	 18.785	  1.003	  0.171	  0.005
14	  0.360	 20.174	  1.003	  0.171	  0.005
15	  0.360	 21.563	  1.003	  0.171	  0.005
16	  0.360	 22.952	  1.003	  0.171	  0.005
17	  0.360	 24.341	  1.003	  0.171	  0.005
18	  0.360	 25.730	  1.003	  0.171	  0.005
19	  0.360	 27.119	  1.003	  0.171	  0.005
20	  0.360	 28.507	  1.003	  0.171	  0.005
21	  0.360	 29.896	  1.003	  0.171	  0.005
22	  0.360	 31.285	  1.003	  0.171	  0.005
23	  0.360	 32.674	  1.003	  0.171	  0.005
24	  0.360	 34.063	  1.003	  0.171	  0.005
25	  0.360	 35.452	  1.003	  0.171	  0.005
26	  0.360	 36.841	  1.003	  0.171	  0.005
27	  0.360	 38.230	  1.003	  0.171	  0.005
28	  0.360	 39.619	  1.003	  0.171	  0.005
29	  0.360	 41.007	  1.003	  0.171	  0.005
30	  0.360	 42.396	  1.003	  0.171	  0.005
31	  0.360	 43.785	  1.003	  0.171	  0.005
32	  0.360	 45.174	  1.003	  0.171	  0.005
33	  0.360	 46.563	  1.003	  0.171	  0.005
34	  0.360	 47.952	  1.003	  0.171	  0.005
35	  0.360	 49.341	  1.003	  0.171	  0.005
36	  0.360	 50.730	  1.003	  0.171	  0.005
37	  0.360	 52.119	  1.003	  0.171	  0.005
38	  0.360	 53.507	  1.003	  0.171	  0.005
39	  0.360	 54.896	  1.003	  0.171	  0.005
40	  0.360	 56.285	  1.003	  0.171	  0.005
41	  0.360	 57.674	  1.003	  0.171	  0.005
42	  0.360	 59.063	  1.003	  0.171	  0.005
43	  0.360	 60.452	  1.003	  0.171	  0.005
44	  0.360	 61.841	  1.003	  0.171	  0.005
45	  0.360	 63.230	  1.003	  0.171	  0.005
46	  0.360	 64.619	  1.003	  0.171	  0.005
47	  0.360	 66.007	  1.003	  0.171	  0.005
48	  0.360	 67.396	  1.003	  0.171	  0.005
49	  0.360	 68.785	  1.003	  0.171	  0.005
50	  0.360	 70.174	  1.003	  0.171	  0.005
51	  0.360	 71.563	  1.003	  0.171	  0.005
52	  0.360	 72.952	  1.003	  0.171	  0.005
53	  0.360	 74.341	  1.003	  0.171	  0.005
54	  0.360	 75.730	  1.003	  0.171	  0.005
55	  0.360	 77.119	  1.003	  0.171	  0.005
56	  0.360	 78.507	  1.003	  0.171	  0.005
57	  0.360	 79.896	  1.003	  0.171	  0.005
58	  0.360	 81.285	  1.003	  0.171	  0.005
59	  0.360	 82.674	  1.003	  0.171	  0.005
60	  0.360	 84.063	  1.003	  0.171	  0.005
61	  0.360	 85.452	  1.003	  0.171	  0.005
62	  0.360	 86.841	  1.003	  0.171	  0.005
63	  0.360	 88.230	  1.003	  0.171	  0.005
64	  0.360	 89.619	  1.003	  0.171	  0.005
65	  0.360	 91.007	  1.003	  0.171	  0.005
66	  0.360	 92.396	  1.003	  0.171	  0.005
67	  0.360	 93.785	  1.003	  0.171	  0.005
68	  0.360	 95.174	  1.003	  0.171	  0.005
69	  0.360	 96.563	  1.003	  0.171	  0.005
70	  0.360	 97.952	  1.003	  0.171	  0.005
71	  0.360	 99.341	  1.003	  0.171	  0.005
0	  0.480	  0.752	  1.003	  0.203	  0.004
1	  0.480	  2.141	  1.003	  0.203	  0.004
2	  0.480	  3.530	  1.003	  0.203	  0.004
3	  0.480	  4.919	  1.003	  0.203	  0.004
4	  0.480	  6.308	  1.003	  0.203	  0.004
5	  0.480	  7.696	  1.003	  0.203	  0.004
6	  0.480	  9.085	  1.003	  0.203	  0.004
7	  0.480	 10.474	  1.003	  0.203	  0.004
8	  0.480	 11.863	  1.003	  0.203	  0.004
9	  0.480	 13.252	  1.003	  0.203	  0.004
10	  0.480	 14.641	  1.003	  0.203	  0.004
11	  0.480	 16.030	  1.003	  0.203	  0.004
12	  0.480	 17.419	  1.003	  0.203	  0.004
13	  0.480	 18.808	  1.003	  0.203	  0.004
14	  0.480	 20.196	  1.003	  0.203	  0.004
15	  0.480	 21.585	  1.003	  0.203	  0.004
16	  0.480	 22.974	  1.003	  0.203	  0.004
17	  0.480	 24.363	  1.003	  0.203	  0.004
18	  0.480	 25.752	  1.003	  0.203	  0.004
19	  0.480	 27.141	  1.003	  0.203	  0.004
20	  0.480	 28.530	  1.003	  0.203	  0.004
21	  0.480	 29.919	  1.003	  0.203	  0.004
22	  0.480	 31.308	  1.003	  0.203	  0.004
23	  0.480	 32.696	  1.003	  0.203	  0.004
24	  0.480	 34.085	  1.003	  0.203	  0.004
25	  0.480	 35.474	  1.003	  0.203	  0.004
26	  0.480	 36.863	  1.003	  0.203	  0.004
27	  0.480	 38.252	  1.003	  0.203	  0.004
28	  0.480	 39.641	  1.003	  0.203	  0.004
29	  0.480	 41.030	  1.003	  0.203	  0.004
30	  0.480	 42.419	  1.003	  0.203	  0.004
31	  0.480	 43.808	  1.003	  0.203	  0.004
32	  0.480	 45.196	  1.003	  0.203	  0.004
33	  0.480	 46.585	  1.003	  0.203	  0.004
34	  0.480	 47.974	  1.003	  0.203	  0.004
35	  0.480	 49.363	  1.003	  0.203	  0.004
36	  0.480	 50.752	  1.003	  0.203	  0.004
37	  0.480	 52.141	  1.003	  0.203	  0.004
38	  0.480	 53.530	  1.003	  0.203	  0.004
39	  0.480	 54.919	  1.003	  0.203	  0.004
40	  0.480	 56.308	  1.003	  0.203	  0.004
41	  0.480	 57.696	  1.003	  0.203	  0.004
42	  0.480	 59.085	  1.003	  0.203	  0.004
43	  0.480	 60.474	  1.003	  0.203	  0.004
44	  0.480	 61.863	  1.003	  0.203	  0.004
45	  0.480	 63.252	  1.003	  0.203	  0.004
46	  0.480	 64.641	  1.003	  0.203	  0.004
47	  0.480	 66.030	  1.003	  0.203	  0.004
48	  0.480	 67.419	  1.003	  0.203	  0.004
49	  0.480	 68.808	  1.003	  0.203	  0.004
50	  0.480	 70.196	  1.003	  0.203	  0.004
51	  0.480	 71.585	  1.003	  0.203	  0.004
52	  0.480	 72.974	  1.003	  0.203	  0.004
53	  0.480	 74.363	  1.003	  0.203	  0.004
54	  0.480	 75.752	  1.003	  0.203	  0.004
55	  0.480	 77.141	  1.003	  0.203	  0.004
56	  0.480	 78.530	  1.003	  0.203	  0.004
57	  0.480	 79.919	  1.003	  0.203	  0.004
58	  0.480	 81.308	  1.003	  0.203	  0.004
59	  0.480	 82.696	  1.003	  0.203	  0.004
60	  0.480	 84.085	  1.003	  0.203	  0.004
61	  0.480	 85.474	  1.003	  0.203	  0.004
62	  0.480	 86.863	  1.003	  0.203	  0.004
63	  0.480	 88.252	  1.003	  0.203	  0.004
64	  0.480	 89.641	  1.003	  0.203	  0.004
65	  0.480	 91.030	  1.003	  0.203	  0.004
66	  0.480	 92.419	  1.003	  0.203	  0.004
67	  0.480	 93.808	  1.003	  0.203	  0.004
68	  0.480	 95.196	  1.003	  0.203	  0.004
69	  0.480	 96.585	  1.003	  0.203	  0.004
70	  0.480	 97.974	  1.003	  0.203	  0.004
71	  0.480	 99.363	  1.003	  0.203	  0.004
0	  0.600	  0.778	  1.004	  0.229	  0.003
1	  0.600	  2.167	  1.004	  0.229	  0.003
2	  0.600	  3.556	  1.004	  0.229	  0.003
3	  0.600	  4.944	  1.004	  0.229	  0.003
4	  0.600	  6.333	  1.004	  0.229	  0.003
5	  0.600	  7.722	  1.004	  0.229	  0.003
6	  0.600	  9.111	  1.004	  0.229	  0.003
7	  0.600	 10.500	  1.004	  0.229	  0.003
8	  0.600	 11.889	  1.004	  0.229	  0.003
9	  0.600	 13.278	  1.004	  0.229	  0.003
10	  0.600	 14.667	  1.004	  0.229	  0.003
11	  0.600	 16.056	  1.004	  0.229	  0.003
12	  0.600	 17.444	  1.004	  0.229	  0.003
13	  0.600	 18.833	  1.004	  0.229	  0.003
14	  0.600	 20.222	  1.004	  0.229	  0.003
15	  0.600	 21.611	  1.004	  0.229	  0.003
16	  0.600	 23.000	  1.004	  0.229	  0.003
17	  0.600	 24.389	  1.004	  0.229	  0.003
18	  0.600	 25.778	  1.004	  0.229	  0.003
19	  0.600	 27.167	  1.004	  0.229	  0.003
20	  0.600	 28.556	  1.004	  0.229	  0.003
21	  0.600	 29.944	  1.004	  0.229	  0.003
22	  0.600	 31.333	  1.004	  0.229	  0.003
23	  0.600	 32.722	  1.004	  0.229	  0.003
24	  0.600	 34.111	  1.004	  0.229	  0.003
25	  0.600	 35.500	  1.004	  0.229	  0.003
26	  0.600	 36.889	  1.004	  0.229	  0.003
27	  0.600	 38.278	  1.004	  0.229	  0.003
28	  0.600	 39.667	  1.004	  0.229	  0.003
29	  0.600	 41.056	  1.004	  0.229	  0.003
30	  0.600	 42.444	  1.004	  0.229	  0.003
31	  0.600	 43.833	  1.004	  0.229	  0.003
32	  0.600	 45.222	  1.004	  0.229	  0.003
33	  0.600	 46.611	  1.004	  0.229	  0.003
34	  0.600	 48.000	  1.004	  0.229	  0.003
35	  0.600	 49.389	  1.004	  0.229	  0.003
36	  0.600	 50.778	  1.004	  0.229	  0.003
37	  0.600	 52.167	  1.004	  0.229	  0.003
38	  0.600	 53.556	  1.004	  0.229	  0.003
39	  0.600	 54.944	  1.004	  0.229	  0.003
40	  0.600	 56.333	  1.004	  0.229	  0.003
41	  0.600	 57.722	  1.004	  0.229	  0.003
42	  0.600	 59.111	  1.004	  0.229	  0.003
43	  0.600	 60.500	  1.004	  0.229	  0.003
44	  0.600	 61.889	  1.004	  0.229	  0.003
45	  0.600	 63.278	  1.004	  0.229	  0.003
46	  0.600	 64.667	  1.004	  0.229	  0.003
47	  0.600	 66.056	  1.004	  0.229	  0.003
48	  0.600	 67.444	  1.004	  0.229	  0.003
49	  0.600	 68.833	  1.004	  0.229	  0.003
50	  0.600	 70.222	  1.004	  0.229	  0.003
51	  0.600	 71.611	  1.004	  0.229	  0.003
52	  0.600	 73.000	  1.004	  0.229	  0.003
53	  0.600	 74.389	  1.004	  0.229	  0.003
54	  0.600	 75.778	  1.004	  0.229	  0.003
55	  0.600	 77.167	  1.004	  0.229	  0.003
56	  0.600	 78.556	  1.004	  0.229	  0.003
57	  0.600	 79.944	  1.004	  0.229	  0.003
58	  0.600	 81.333	  1.004	  0.229	  0.003
59	  0.600	 82.722	  1.004	  0.229	  0.003
60	  0.600	 84.111	  1.004	  0.229	  0.003
61	  0.600	 85.500	  1.004	  0.229	  0.003
62	  0.600	 86.889	  1.004	  0.229	  0.003
63	  0.600	 88.278	  1.004	  0.229	  0.003
64	  0.600	 89.667	  1.004	  0.229	  0.003
65	  0.600	 91.056	  1.004	  0.229	  0.003
66	  0.600	 92.444	  1.004	  0.229	  0.003
67	  0.600	 93.833	  1.004	  0.229	  0.003
68	  0.600	 95.222	  1.004	  0.229	  0.003
69	  0.600	 96.611	  1.004	  0.229	  0.003
70	  0.600	 98.000	  1.004	  0.229	  0.003
71	  0.600	 99.389	  1.004	  0.229	  0.003
0	  0.720	  0.806	  1.004	  0.248	  0.002
1	  0.720	  2.195	  1.004	  0.248	  0.002
2	  0.720	  3.584	  1.004	  0.248	  0.002
3	  0.720	  4.973	  1.004	  0.248	  0.002
4	  0.720	  6.362	  1.004	  0.248	  0.002
5	  0.720	  7.751	  1.004	  0.248	  0.002
6	  0.720	  9.140	  1.004	  0.248	  0.002
7	  0.720	 10.529	  1.004	  0.248	  0.002
8	  0.720	 11.918	  1.004	  0.248	  0.002
9	  0.720	 13.306	  1.004	  0.248	  0.002
10	  0.720	 14.695	  1.004	  0.248	  0.002
11	  0.720	 16.084	  1.004	  0.248	  0.002
12	  0.720	 17.473	  1.004	  0.248	  0.002
13	  0.720	 18.862	  1.004	  0.248	  0.002
14	  0.720	 20.251	  1.004	  0.248	  0.002
15	  0.720	 21.640	  1.004	  0.248	  0.002
16	  0.720	 23.029	  1.004	  0.248	  0.002
17	  0.720	 24.418	  1.004	  0.248	  0.002
18	  0.720	 25.806	  1.004	  0.248	  0.002
19	  0.720	 27.195	  1.004	  0.248	  0.002
20	  0.720	 28.584	  1.004	  0.248	  0.002
21	  0.720	 29.973	  1.004	  0.248	  0.002
22	  0.720	 31.362	  1.004	  0.248	  0.002
23	  0.720	 32.751	  1.004	  0.248	  0.002
24	  0.720	 34.140	  1.004	  0.248	  0.002
25	  0.720	 35.529	  1.004	  0.248	  0.002
26	  0.720	 36.918	  1.004	  0.248	  0.002
27	  0.720	 38.306	  1.004	  0.248	  0.002
28	  0.720	 39.695	  1.004	  0.248	  0.002
29	  0.720	 41.084	  1.004	  0.248	  0.002
30	  0.720	 42.473	  1.004	  0.248	  0.002
31	  0.720	 43.862	  1.004	  0.248	  0.002
32	  0.720	 45.251	  1.004	  0.248	  0.002
33	  0.720	 46.640	  1.004	  0.248	  0.002
34	  0.720	 48.029	  1.004	  0.248	  0.002
35	  0.720	 49.418	  1.004	  0.248	  0.002
36	  0.720	 50.806	  1.004	  0.248	  0.002
37	  0.720	 52.195	  1.004	  0.248	  0.002
38	  0.720	 53.584	  1.004	  0.248	  0.002
39	  0.720	 54.973	  1.004	  0.248	  0.002
40	  0.720	 56.362	  1.004	  0.248	  0.002
41	  0.720	 57.751	  1.004	  0.248	  0.002
42	  0.720	 59.140	  1.004	  0.248	  0.002
43	  0.720	 60.529	  1.004	  0.248	  0.002
44	  0.720	 61.918	  1.004	  0.248	  0.002
45	  0.720	 63.306	  1.004	  0.248	  0.002
46	  0.720	 64.695	  1.004	  0.248	  0.002
47	  0.720	 66.084	  1.004	  0.248	  0.002
48	  0.720	 67.473	  1.004	  0.248	  0.002
49	  0.720	 68.862	  1.004	  0.248	  0.002
50	  0.720	 70.251	  1.004	  0.248	  0.002
51	  0.720	 71.640	  1.004	  0.248	  0.002
52	  0.720	 73.029	  1.004	  0.248	  0.002
53	  0.720	 74.418	  1.004	  0.248	  0.002
54	  0.720	 75.806	  1.004	  0.248	  0.002
55	  0.720	 77.195	  1.004	  0.248	  0.002
56	  0.720	 78.584	  1.004	  0.248	  0.002
57	  0.720	 79.973	  1.004	  0.248	  0.002
58	  0.720	 81.362	  1.004	  0.248	  0.002
59	  0.720	 82.751	  1.004	  0.248	  0.002
60	  0.720	 84.140	  1.004	  0.248	  0.002
61	  0.720	 85.529	  1.004	  0.248	  0.002
62	  0.720	 86.918	  1.004	  0.248	  0.002
63	  0.720	 88.306	  1.004	  0.248	  0.002
64	  0.720	 89.695	  1.004	  0.248	  0.002
65	  0.720	 91.084	  1.004	  0.248	  0.002
66	  0.720	 92.473	  1.004	  0.248	  0.002
67	  0.720	 93.862	  1.004	  0.248	  0.002
68	  0.720	 95.251	  1.004	  0.248	  0.002
69	  0.720	 96.640	  1.004	  0.248	  0.002
70	  0.720	 98.029	  1.004	  0.248	  0.002
71	  0.720	 99.418	  1.004	  0.248	  0.002
0	  0.840	  0.837	  1.004	  0.264	  0.002
1	  0.840	  2.226	  1.004	  0.264	  0.002
2	  0.840	  3.615	  1.004	  0.264	  0.002
3	  0.840	  5.004	  1.004	  0.264	  0.002
4	  0.840	  6.393	  1.004	  0.264	  0.002
5	  0.840	  7.782	  1.004	  0.264	  0.002
6	  0.840	  9.170	  1.004	  0.264	  0.002
7	  0.840	 10.559	  1.004	  0.264	  0.002
8	  0.840	 11.948	  1.004	  0.264	  0.002
9	  0.840	 13.337	  1.004	  0.264	  0.002
10	  0.840	 14.726	  1.004	  0.264	  0.002
11	  0.840	 16.115	  1.004	  0.264	  0.002
12	  0.840	 17.504	  1.004	  0.264	  0.002
13	  0.840	 18.893	  1.004	  0.264	  0.002
14	  0.840	 20.282	  1.004	  0.264	  0.002
15	  0.840	 21.670	  1.004	  0.264	  0.002
16	  0.840	 23.059	  1.004	  0.264	  0.002
17	  0.840	 24.448	  1.004	  0.264	  0.002
18	  0.840	 25.837	  1.004	  0.264	  0.002
19	  0.840	 27.226	  1.004	  0.264	  0.002
20	  0.840	 28.615	  1.004	  0.264	  0.002
21	  0.840	 30.004	  1.004	  0.264	  0.002
22	  0.840	 31.393	  1.004	  0.264	  0.002
23	  0.840	 32.782	  1.004	  0.264	  0.002
24	  0.840	 34.170	  1.004	  0.264	  0.002
25	  0.840	 35.559	  1.004	  0.264	  0.002
26	  0.840	 36.948	  1.004	  0.264	  0.002
27	  0.840	 38.337	  1.004	  0.264	  0.002
28	  0.840	 39.726	  1.004	  0.264	  0.002
29	  0.840	 41.115	  1.004	  0.264	  0.002
30	  0.840	 42.504	  1.004	  0.264	  0.002
31	  0.840	 43.893	  1.004	  0.264	  0.002
32	  0.840	 45.282	  1.004	  0.264	  0.002
33	  0.840	 46.670	  1.004	  0.264	  0.002
34	  0.840	 48.059	  1.004	  0.264	  0.002
35	  0.840	 49.448	  1.004	  0.264	  0.002
36	  0.840	 50.837	  1.004	  0.264	  0.002
37	  0.840	 52.226	  1.004	  0.264	  0.002
38	  0.840	 53.615	  1.004	  0.264	  0.002
39	  0.840	 55.004	  1.004	  0.264	  0.002
40	  0.840	 56.393	  1.004	  0.264	  0.002
41	  0.840	 57.782	  1.004	  0.264	  0.002
42	  0.840	 59.170	  1.004	  0.264	  0.002
43	  0.840	 60.559	  1.004	  0.264	  0.002
44	  0.840	 61.948	  1.004	  0.264	  0.002
45	  0.840	 63.337	  1.004	  0.264	  0.002
46	  0.840	 64.726	  1.004	  0.264	  0.002
47	  0.840	 66.115	  1.004	  0.264	  0.002
48	  0.840	 67.504	  1.004	  0.264	  0.002
49	  0.840	 68.893	  1.004	  0.264	  0.002
50	  0.840	 70.282	  1.004	  0.264	  0.002
51	  0.840	 71.670	  1.004	  0.264	  0.002
52	  0.840	 73.059	  1.004	  0.264	  0.002
53	  0.840	 74.448	  1.004	  0.264	  0.002
54	  0.840	 75.837	  1.004	  0.264	  0.002
55	  0.840	 77.226	  1.004	  0.264	  0.002
56	  0.840	 78.615	  1.004	  0.264	  0.002
57	  0.840	 80.004	  1.004	  0.264	  0.002
58	  0.840	 81.393	  1.004	  0.264	  0.002
59	  0.840	 82.782	  1.004	  0.264	  0.002
60	  0.840	 84.170	  1.004	  0.264	  0.002
61	  0.840	 85.559	  1.004	  0.264	  0.002
62	  0.840	 86.948	  1.004	  0.264	  0.002
63	  0.840	 88.337	  1.004	  0.264	  0.002
64	  0.840	 89.726	  1.004	  0.264	  0.002
65	  0.840	 91.115	  1.004	  0.264	  0.002
66	  0.840	 92.504	  1.004	  0.264	  0.002
67	  0.840	 93.893	  1.004	  0.264	  0.002
68	  0.840	 95.282	  1.004	  0.264	  0.002
69	  0.840	 96.670	  1.004	  0.264	  0.002
70	  0.840	 98.059	  1.004	  0.264	  0.002
71	  0.840	 99.448	  1.004	  0.264	  0.002
0	  0.960	  0.869	  1.004	  0.276	  0.001
1	  0.960	  2.258	  1.004	  0.276	  0.001
2	  0.960	  3.647	  1.004	  0.276	  0.001
3	  0.960	  5.036	  1.004	  0.276	  0.001
4	  0.960	  6.425	  1.004	  0.276	  0.001
5	  0.960	  7.814	  1.004	  0.276	  0.001
6	  0.960	  9.203	  1.004	  0.276	  0.001
7	  0.960	 10.592	  1.004	  0.276	  0.001
8	  0.960	 11.981	  1.004	  0.276	  0.001
9	  0.960	 13.369	  1.004	  0.276	  0.001
10	  0.960	 14.758	  1.004	  0.276	  0.001
11	  0.960	 16.147	  1.004	  0.276	  0.001
12	  0.960	 17.536	  1.004	  0.276	  0.001
13	  0.960	 18.925	  1.004	  0.276	  0.001
14	  0.960	 20.314	  1.004	  0.276	  0.001
15	  0.960	 21.703	  1.004	  0.276	  0.001
16	  0.960	 23.092	  1.004	  0.276	  0.001
17	  0.960	 24.481	  1.004	  0.276	  0.001
18	  0.960	 25.869	  1.004	  0.276	  0.001
19	  0.960	 27.258	  1.004	  0.276	  0.001
20	  0.960	 28.647	  1.004	  0.276	  0.001
21	  0.960	 30.036	  1.004	  0.276	  0.001
22	  0.960	 31.425	  1.004	  0.276	  0.001
23	  0.960	 32.814	  1.004	  0.276	  0.001
24	  0.960	 34.203	  1.004	  0.276	  0.001
25	  0.960	 35.592	  1.004	  0.276	  0.001
26	  0.960	 36.981	  1.004	  0.276	  0.001
27	  0.960	 38.369	  1.004	  0.276	  0.001
28	  0.960	 39.758	  1.004	  0.276	  0.001
29	  0.960	 41.147	  1.004	  0.276	  0.001
30	  0.960	 42.536	  1.004	  0.276	  0.001
31	  0.960	 43.925	  1.004	  0.276	  0.001
32	  0.960	 45.314	  1.004	  0.276	  0.001
33	  0.960	 46.703	  1.004	  0.276	  0.001
34	  0.960	 48.092	  1.004	  0.276	  0.001
35	  0.960	 49.481	  1.004	  0.276	  0.001
36	  0.960	 50.869	  1.004	  0.276	  0.001
37	  0.960	 52.258	  1.004	  0.276	  0.001
38	  0.960	 53.647	  1.004	  0.276	  0.001
39	  0.960	 55.036	  1.004	  0.276	  0.001
40	  0.960	 56.425	  1.004	  0.276	  0.001
41	  0.960	 57.814	  1.004	  0.276	  0.001
42	  0.960	 59.203	  1.004	  0.276	  0.001
43	  0.960	 60.592	  1.004	  0.276	  0.001
44	  0.960	 61.981	  1.004	  0.276	  0.001
45	  0.960	 63.369	  1.004	  0.276	  0.001
46	  0.960	 64.758	  1.004	  0.276	  0.001
47	  0.960	 66.147	  1.004	  0.276	  0.001
48	  0.960	 67.536	  1.004	  0.276	  0.001
49	  0.960	 68.925	  1.004	  0.276	  0.001
50	  0.960	 70.314	  1.004	  0.276	  0.001
51	  0.960	 71.703	  1.004	  0.276	  0.001
52	  0.960	 73.092	  1.004	  0.276	  0.001
53	  0.960	 74.481	  1.004	  0.276	  0.001
54	  0.960	 75.869	  1.004	  0.276	  0.001
55	  0.960	 77.258	  1.004	  0.276	  0.001
56	  0.960	 78.647	  1.004	  0.276	  0.001
57	  0.960	 80.036	  1.004	  0.276	  0.001
58	  0.960	 81.425	  1.004	  0.276	  0.001
59	  0.960	 82.814	  1.004	  0.276	  0.001
60	  0.960	 84.203	  1.004	  0.276	  0.001
61	  0.960	 85.592	  1.004	  0.276	  0.001
62	  0.960	 86.981	  1.004	  0.276	  0.001
63	  0.960	 88.369	  1.004	  0.276	  0.001
64	  0.960	 89.758	  1.004	  0.276	  0.001
65	  0.960	 91.147	  1.004	  0.276	  0.001
66	  0.960	 92.536	  1.004	  0.276	  0.001
67	  0.960	 93.925	  1.004	  0.276	  0.001
68	  0.960	 95.314	  1.004	  0.276	  0.001
69	  0.960	 96.703	  1.004	  0.276	  0.001
70	  0.960	 98.092	  1.004	  0.276	  0.001
71	  0.960	 99.481	  1.004	  0.276	  0.001
0	  1.080	  0.903	  1.004	  0.286	  0.001
1	  1.080	  2.292	  1.004	  0.286	  0.001
2	  1.080	  3.681	  1.004	  0.286	  0.001
3	  1.080	  5.070	  1.004	  0.286	  0.001
4	  1.080	  6.459	  1.004	  0.286	  0.001
5	  1.080	  7.848	  1.004	  0.286	  0.001
6	  1.080	  9.237	  1.004	  0.286	  0.001
7	  1.080	 10.625	  1.004	  0.286	  0.001
8	  1.080	 12.014	  1.004	  0.286	  0.001
9	  1.080	 13.403	  1.004	  0.286	  0.001
10	  1.080	 14.792	  1.004	  0.286	  0.001
11	  1.080	 16.181	  1.004	  0.286	  0.001
12	  1.080	 17.570	  1.004	  0.286	  0.001
13	  1.080	 18.959	  1.004	  0.286	  0.001
14	  1.080	 20.348	  1.004	  0.286	  0.001
15	  1.080	 21.737	  1.004	  0.286	  0.001
16	  1.080	 23.125	  1.004	  0.286	  0.001
17	  1.080	 24.514	  1.004	  0.286	  0.001
18	  1.080	 25.903	  1.004	  0.286	  0.001
19	  1.080	 27.292	  1.004	  0.286	  0.001
20	  1.080	 28.681	  1.004	  0.286	  0.001
21	  1.080	 30.070	  1.004	  0.286	  0.001
22	  1.080	 31.459	  1.004	  0.286	  0.001
23	  1.080	 32.848	  1.004	  0.286	  0.001
24	  1.080	 34.237	  1.004	  0.286	  0.001
25	  1.080	 35.625	  1.004	  0.286	  0.001
26	  1.080	 37.014	  1.004	  0.286	  0.001
27	  1.080	 38.403	  1.004	  0.286	  0.001
28	  1.080	 39.792	  1.004	  0.286	  0.001
29	  1.080	 41.181	  1.004	  0.286	  0.001
30	  1.080	 42.570	  1.004	  0.286	  0.001
31	  1.080	 43.959	  1.004	  0.286	  0.001
32	  1.080	 45.348	  1.004	  0.286	  0.001
33	  1.080	 46.737	  1.004	  0.286	  0.001
34	  1.080	 48.125	  1.004	  0.286	  0.001
35	  1.080	 49.514	  1.004	  0.286	  0.001
36	  1.080	 50.903	  1.004	  0.286	  0.001
37	  1.080	 52.292	  1.004	  0.286	  0.001
38	  1.080	 53.681	  1.004	  0.286	  0.001
39	  1.080	 55.070	  1.004	  0.286	  0.001
40	  1.080	 56.459	  1.004	  0.286	  0.001
41	  1.080	 57.848	  1.004	  0.286	  0.001
42	  1.080	 59.237	  1.004	  0.286	  0.001
43	  1.080	 60.625	  1.004	  0.286	  0.001
44	  1.080	 62.014	  1.004	  0.286	  0.001
45	  1.080	 63.403	  1.004	  0.286	  0.001
46	  1.080	 64.792	  1.004	  0.286	  0.001
47	  1.080	 66.181	  1.004	  0.286	  0.001
48	  1.080	 67.570	  1.004	  0.286	  0.001
49	  1.080	 68.959	  1.004	  0.286	  0.001
50	  1.080	 70.348	  1.004	  0.286	  0.001
51	  1.080	 71.737	  1.004	  0.286	  0.001
52	  1.080	 73.125	  1.004	  0.286	  0.001
53	  1.080	 74.514	  1.004	  0.286	  0.001
54	  1.080	 75.903	  1.004	  0.286	  0.001
55	  1.080	 77.292	  1.004	  0.286	  0.001
56	  1.080	 78.681	  1.004	  0.286	  0.001
57	  1.080	 80.070	  1.004	  0.286	  0.001
58	  1.080	 81.459	  1.004	  0.286	  0.001
59	  1.080	 82.848	  1.004	  0.286	  0.001
60	  1.080	 84.237	  1.004	  0.286	  0.001
61	  1.080	 85.625	  1.004	  0.286	  0.001
62	  1.080	 87.014	  1.004	  0.286	  0.001
63	  1.080	 88.403	  1.004	  0.286	  0.001
64	  1.080	 89.792	  1.004	  0.286	  0.001
65	  1.080	 91.181	  1.004	  0.286	  0.001
66	  1.080	 92.570	  1.004	  0.286	  0.001
67	  1.080	 93.959	  1.004	  0.286	  0.001
68	  1.080	 95.348	  1.004	  0.286	  0.001
69	  1.080	 96.737	  1.004	  0.286	  0.001
70	  1.080	 98.125	  1.004	  0.286	  0.001
71	  1.080	 99.514	  1.004	  0.286	  0.001
0	  1.200	  0.938	  1.005	  0.294	  0.001
1	  1.200	  2.327	  1.005	  0.294	  0.001
2	  1.200	  3.716	  1.005	  0.294	  0.001
3	  1.200	  5.105	  1.005	  0.294	  0.001
4	  1.200	  6.494	  1.005	  0.294	  0.001
5	  1.200	  7.882	  1.005	  0.294	  0.001
6	  1.200	  9.271	  1.005	  0.294	  0.001
7	  1.200	 10.660	  1.005	  0.294	  0.001
8	  1.200	 12.049	  1.005	  0.294	  0.001
9	  1.200	 13.438	  1.005	  0.294	  0.001
10	  1.200	 14.827	  1.005	  0.294	  0.001
11	  1.200	 16.216	  1.005	  0.294	  0.001
12	  1.200	 17.605	  1.005	  0.294	  0.001
13	  1.200	 18.994	  1.005	  0.294	  0.001
14	  1.200	 20.382	  1.005	  0.294	  0.001
15	  1.200	 21.771	  1.005	  0.294	  0.001
16	  1.200	 23.160	  1.005	  0.294	  0.001
17	  1.200	 24.549	  1.005	  0.294	  0.001
18	  1.200	 25.938	  1.005	  0.294	  0.001
19	  1.200	 27.327	  1.005	  0.294	  0.001
20	  1.200	 28.716	  1.005	  0.294	  0.001
21	  1.200	 30.105	  1.005	  0.294	  0.001
22	  1.200	 31.494	  1.005	  0.294	  0.001
23	  1.200	 32.882	  1.005	  0.294	  0.001
24	  1.200	 34.271	  1.005	  0.294	  0.001
25	  1.200	 35.660	  1.005	  0.294	  0.001
26	  1.200	 37.049	  1.005	  0.294	  0.001
27	  1.200	 38.438	  1.005	  0.294	  0.001
28	  1.200	 39.827	  1.005	  0.294	  0.001
29	  1.200	 41.216	  1.005	  0.294	  0.001
30	  1.200	 42.605	  1.005	  0.294	  0.001
31	  1.200	 43.994	  1.005	  0.294	  0.001
32	  1.200	 45.382	  1.005	  0.294	  0.001
33	  1.200	 46.771	  1.005	  0.294	  0.001
34	  1.200	 48.160	  1.005	  0.294	  0.001
35	  1.200	 49.549	  1.005	  0.294	  0.001
36	  1.200	 50.938	  1.005	  0.294	  0.001
37	  1.200	 52.327	  1.005	  0.294	  0.001
38	  1.200	 53.716	  1.005	  0.294	  0.001
39	  1.200	 55.105	  1.005	  0.294	  0.001
40	  1.200	 56.494	  1.005	  0.294	  0.001
41	  1.200	 57.882	  1.005	  0.294	  0.001
42	  1.200	 59.271	  1.005	  0.294	  0.001
43	  1.200	 60.660	  1.005	  0.294	  0.001
44	  1.200	 62.049	  1.005	  0.294	  0.001
45	  1.200	 63.438	  1.005	  0.294	  0.001
46	  1.200	 64.827	  1.005	  0.294	  0.001
47	  1.200	 66.216	  1.005	  0.294	  0.001
48	  1.200	 67.605	  1.005	  0.294	  0.001
49	  1.200	 68.994	  1.005	  0.294	  0.001
50	  1.200	 70.382	  1.005	  0.294	  0.001
51	  1.200	 71.771	  1.005	  0.294	  0.001
52	  1.200	 73.160	  1.005	  0.294	  0.001
53	  1.200	 74.549	  1.005	  0.294	  0.001
54	  1.200	 75.938	  1.005	  0.294	  0.001
55	  1.200	 77.327	  1.005	  0.294	  0.001
56	  1.200	 78.716	  1.005	  0.294	  0.001
57	  1.200	 80.105	  1.005	  0.294	  0.001
58	  1.200	 81.494	  1.005	  0.294	  0.001
59	  1.200	 82.882	  1.005	  0.294	  0.001
60	  1.200	 84.271	  1.005	  0.294	  0.001
61	  1.200	 85.660	  1.005	  0.294	  0.001
62	  1.200	 87.049	  1.005	  0.294	  0.001
63	  1.200	 88.438	  1.005	  0.294	  0.001
64	  1.200	 89.827	  1.005	  0.294	  0.001
65	  1.200	 91.216	  1.005	  0.294	  0.001
66	  1.200	 92.605	  1.005	  0.294	  0.001
67	  1.200	 93.994	  1.005	  0.294	  0.001
68	  1.200	 95.382	  1.005	  0.294	  0.001
69	  1.200	 96.771	  1.005	  0.294	  0.001
70	  1.200	 98.160	  1.005	  0.294	  0.001
71	  1.200	 99.549	  1.005	  0.294	  0.001
0	  1.320	  0.974	  1.005	  0.299	  0.001
1	  1.320	  2.362	  1.005	  0.299	  0.001
2	  1.320	  3.751	  1.005	  0.299	  0.001
3	  1.320	  5.140	  1.005	  0.299	  0.001
4	  1.320	  6.529	  1.005	  0.299	  0.001
5	  1.320	  7.918	  1.005	  0.299	  0.001
6	  1.320	  9.307	  1.005	  0.299	  0.001
7	  1.320	 10.696	  1.005	  0.299	  0.001
8	  1.320	 12.085	  1.005	  0.299	  0.001
9	  1.320	 13.474	  1.005	  0.299	  0.001
10	  1.320	 14.862	  1.005	  0.299	  0.001
11	  1.320	 16.251	  1.005	  0.299	  0.001
12	  1.320	 17.640	  1.005	  0.299	  0.001
13	  1.320	 19.029	  1.005	  0.299	  0.001
14	  1.320	 20.418	  1.005	  0.299	  0.001
15	  1.320	 21.807	  1.005	  0.299	  0.001
16	  1.320	 23.196	  1.005	  0.299	  0.001
17	  1.320	 24.585	  1.005	  0.299	  0.001
18	  1.320	 25.974	  1.005	  0.299	  0.001
19	  1.320	 27.362	  1.005	  0.299	  0.001
20	  1.320	 28.751	  1.005	  0.299	  0.001
21	  1.320	 30.140	  1.005	  0.299	  0.001
22	  1.320	 31.529	  1.005	  0.299	  0.001
23	  1.320	 32.918	  1.005	  0.299	  0.001
24	  1.320	 34.307	  1.005	  0.299	  0.001
25	  1.320	 35.696	  1.005	  0.299	  0.001
26	  1.320	 37.085	  1.005	  0.299	  0.001
27	  1.320	 38.474	  1.005	  0.299	  0.001
28	  1.320	 39.862	  1.005	  0.299	  0.001
29	  1.320	 41.251	  1.005	  0.299	  0.001
30	  1.320	 42.640	  1.005	  0.299	  0.001
31	  1.320	 44.029	  1.005	  0.299	  0.001
32	  1.320	 45.418	  1.005	  0.299	  0.001
33	  1.320	 46.807	  1.005	  0.299	  0.001
34	  1.320	 48.196	  1.005	  0.299	  0.001
35	  1.320	 49.585	  1.005	  0.299	  0.001
36	  1.320	 50.974	  1.005	  0.299	  0.001
37	  1.320	 52.362	  1.005	  0.299	  0.001
38	  1.320	 53.751	  1.005	  0.299	  0.001
39	  1.320	 55.140	  1.005	  0.299	  0.001
40	  1.320	 56.529	  1.005	  0.299	  0.001
41	  1.320	 57.918	  1.005	  0.299	  0.001
42	  1.320	 59.307	  1.005	  0.299	  0.001
43	  1.320	 60.696	  1.005	  0.299	  0.001
44	  1.320	 62.085	  1.005	  0.299	  0.001
45	  1.320	 63.474	  1.005	  0.299	  0.001
46	  1.320	 64.862	  1.005	  0.299	  0.001
47	  1.320	 66.251	  1.005	  0.299	  0.001
48	  1.320	 67.640	  1.005	  0.299	  0.001
49	  1.320	 69.029	  1.005	  0.299	  0.001
50	  1.320	 70.418	  1.005	  0.299	  0.001
51	  1.320	 71.807	  1.005	  0.299	  0.001
52	  1.320	 73.196	  1.005	  0.299	  0.001
53	  1.320	 74.585	  1.005	  0.299	  0.001
54	  1.320	 75.974	  1.005	  0.299	  0.001
55	  1.320	 77.362	  1.005	  0.299	  0.001
56	  1.320	 78.751	  1.005	  0.299	  0.001
57	  1.320	 80.140	  1.005	  0.299	  0.001
58	  1.320	 81.529	  1.005	  0.299	  0.001
59	  1.320	 82.918	  1.005	  0.299	  0.001
60	  1.320	 84.307	  1.005	  0.299	  0.001
61	  1.320	 85.696	  1.005	  0.299	  0.001
62	  1.320	 87.085	  1.005	  0.299	  0.001
63	  1.320	 88.474	  1.005	  0.299	  0.001
64	  1.320	 89.862	  1.005	  0.299	  0.001
65	  1.320	 91.251	  1.005	  0.299	  0.001
66	  1.320	 92.640	  1.005	  0.299	  0.001
67	  1.320	 94.029	  1.005	  0.299	  0.001
68	  1.320	 95.418	  1.005	  0.299	  0.001
69	  1.320	 96.807	  1.005	  0.299	  0.001
70	  1.320	 98.196	  1.005	  0.299	  0.001
71	  1.320	 99.585	  1.005	  0.299	  0.001
0	  1.440	  1.010	  1.005	  0.304	  0.001
1	  1.440	  2.399	  1.005	  0.304	  0.001
2	  1.440	  3.787	  1.005	  0.304	  0.001
3	  1.440	  5.176	  1.005	  0.304	  0.001
4	  1.440	  6.565	  1.005	  0.304	  0.001
5	  1.440	  7.954	  1.005	  0.304	  0.001
6	  1.440	  9.343	  1.005	  0.304	  0.001
7	  1.440	 10.732	  1.005	  0.304	  0.001
8	  1.440	 12.121	  1.005	  0.304	  0.001
9	  1.440	 13.510	  1.005	  0.304	  0.001
10	  1.440	 14.899	  1.005	  0.304	  0.001
11	  1.440	 16.287	  1.005	  0.304	  0.001
12	  1.440	 17.676	  1.005	  0.304	  0.001
13	  1.440	 19.065	  1.005	  0.304	  0.001
14	  1.440	 20.454	  1.005	  0.304	  0.001
15	  1.440	 21.843	  1.005	  0.304	  0.001
16	  1.440	 23.232	  1.005	  0.304	  0.001
17	  1.440	 24.621	  1.005	  0.304	  0.001
18	  1.440	 26.010	  1.005	  0.304	  0.001
19	  1.440	 27.399	  1.005	  0.304	  0.001
20	  1.440	 28.787	  1.005	  0.304	  0.001
21	  1.440	 30.176	  1.005	  0.304	  0.001
22	  1.440	 31.565	  1.005	  0.304	  0.001
23	  1.440	 32.954	  1.005	  0.304	  0.001
24	  1.440	 34.343	  1.005	  0.304	  0.001
25	  1.440	 35.732	  1.005	  0.304	  0.001
26	  1.440	 37.121	  1.005	  0.304	  0.001
27	  1.440	 38.510	  1.005	  0.304	  0.001
28	  1.440	 39.899	  1.005	  0.304	  0.001
29	  1.440	 41.287	  1.005	  0.304	  0.001
30	  1.440	 42.676	  1.005	  0.304	  0.001
31	  1.440	 44.065	  1.005	  0.304	  0.001
32	  1.440	 45.454	  1.005	  0.304	  0.001
33	  1.440	 46.843	  1.005	  0.304	  0.001
34	  1.440	 48.232	  1.005	  0.304	  0.001
35	  1.440	 49.621	  1.005	  0.304	  0.001
36	  1.440	 51.010	  1.005	  0.304	  0.001
37	  1.440	 52.399	  1.005	  0.304	  0.001
38	  1.440	 53.787	  1.005	  0.304	  0.001
39	  1.440	 55.176	  1.005	  0.304	  0.001
40	  1.440	 56.565	  1.005	  0.304	  0.001
41	  1.440	 57.954	  1.005	  0.304	  0.001
42	  1.440	 59.343	  1.005	  0.304	  0.001
43	  1.440	 60.732	  1.005	  0.304	  0.001
44	  1.440	 62.121	  1.005	  0.304	  0.001
45	  1.440	 63.510	  1.005	  0.304	  0.001
46	  1.440	 64.899	  1.005	  0.304	  0.001
47	  1.440	 66.287	  1.005	  0.304	  0.001
48	  1.440	 67.676	  1.005	  0.304	  0.001
49	  1.440	 69.065	  1.005	  0.304	  0.001
50	  1.440	 70.454	  1.005	  0.304	  0.001
51	  1.440	 71.843	  1.005	  0.304	  0.001
52	  1.440	 73.232	  1.005	  0.304	  0.001
53	  1.440	 74.621	  1.005	  0.304	  0.001
54	  1.440	 76.010	  1.005	  0.304	  0.001
55	  1.440	 77.399	  1.005	  0.304	  0.001
56	  1.440	 78.787	  1.005	  0.304	  0.001
57	  1.440	 80.176	  1.005	  0.304	  0.001
58	  1.440	 81.565	  1.005	  0.304	  0.001
59	  1.440	 82.954	  1.005	  0.304	  0.001
60	  1.440	 84.343	  1.005	  0.304	  0.001
61	  1.440	 85.732	  1.005	  0.304	  0.001
62	  1.440	 87.121	  1.005	  0.304	  0.001
63	  1.440	 88.510	  1.005	  0.304	  0.001
64	  1.440	 89.899	  1.005	  0.304	  0.001
65	  1.440	 91.287	  1.005	  0.304	  0.001
66	  1.440	 92.676	  1.005	  0.304	  0.001
67	  1.440	 94.065	  1.005	  0.304	  0.001
68	  1.440	 95.454	  1.005	  0.304	  0.001
69	  1.440	 96.843	  1.005	  0.304	  0.001
70	  1.440	 98.232	  1.005	  0.304	  0.001
71	  1.440	 99.621	  1.005	  0.304	  0.001
0	  1.560	  1.046	  1.005	  0.308	  0.000
1	  1.560	  2.435	  1.005	  0.308	  0.000
2	  1.560	  3.824	  1.005	  0.308	  0.000
3	  1.560	  5.213	  1.005	  0.308	  0.000
4	  1.560	  6.602	  1.005	  0.308	  0.000
5	  1.560	  7.991	  1.005	  0.308	  0.000
6	  1.560	  9.380	  1.005	  0.308	  0.000
7	  1.560	 10.769	  1.005	  0.308	  0.000
8	  1.560	 12.158	  1.005	  0.308	  0.000
9	  1.560	 13.546	  1.005	  0.308	  0.000
10	  1.560	 14.935	  1.005	  0.308	  0.000
11	  1.560	 16.324	  1.005	  0.308	  0.000
12	  1.560	 17.713	  1.005	  0.308	  0.000
13	  1.560	 19.102	  1.005	  0.308	  0.000
14	  1.560	 20.491	  1.005	  0.308	  0.000
15	  1.560	 21.880	  1.005	  0.308	  0.000
16	  1.560	 23.269	  1.005	  0.308	  0.000
17	  1.560	 24.658	  1.005	  0.308	  0.000
18	  1.560	 26.046	  1.005	  0.308	  0.000
19	  1.560	 27.435	  1.005	  0.308	  0.000
20	  1.560	 28.824	  1.005	  0.308	  0.000
21	  1.560	 30.213	  1.005	  0.308	  0.000
22	  1.560	 31.602	  1.005	  0.308	  0.000
23	  1.560	 32.991	  1.005	  0.308	  0.000
24	  1.560	 34.380	  1.005	  0.308	  0.000
25	  1.560	 35.769	  1.005	  0.308	  0.000
26	  1.560	 37.158	  1.005	  0.308	  0.000
27	  1.560	 38.546	  1.005	  0.308	  0.000
28	  1.560	 39.935	  1.005	  0.308	  0.000
29	  1.560	 41.324	  1.005	  0.308	  0.000
30	  1.560	 42.713	  1.005	  0.308	  0.000
31	  1.560	 44.102	  1.005	  0.308	  0.000
32	  1.560	 45.491	  1.005	  0.308	  0.000
33	  1.560	 46.880	  1.005	  0.308	  0.000
34	  1.560	 48.269	  1.005	  0.308	  0.000
35	  1.560	 49.658	  1.005	  0.308	  0.000
36	  1.560	 51.046	  1.005	  0.308	  0.000
37	  1.560	 52.435	  1.005	  0.308	  0.000
38	  1.560	 53.824	  1.005	  0.308	  0.000
39	  1.560	 55.213	  1.005	  0.308	  0.000
40	  1.560	 56.602	  1.005	  0.308	  0.000
41	  1.560	 57.991	  1.005	  0.308	  0.000
42	  1.560	 59.380	  1.005	  0.308	  0.000
43	  1.560	 60.769	  1.005	  0.308	  0.000
44	  1.560	 62.158	  1.005	  0.308	  0.000
45	  1.560	 63.546	  1.005	  0.308	  0.000
46	  1.560	 64.935	  1.005	  0.308	  0.000
47	  1.560	 66.324	  1.005	  0.308	  0.000
48	  1.560	 67.713	  1.005	  0.308	  0.000
49	  1.560	 69.102	  1.005	  0.308	  0.000
50	  1.560	 70.491	  1.005	  0.308	  0.000
51	  1.560	 71.880	  1.005	  0.308	  0.000
52	  1.560	 73.269	  1.005	  0.308	  0.000
53	  1.560	 74.658	  1.005	  0.308	  0.000
54	  1.560	 76.046	  1.005	  0.308	  0.000
55	  1.560	 77.435	  1.005	  0.308	  0.000
56	  1.560	 78.824	  1.005	  0.308	  0.000
57	  1.560	 80.213	  1.005	  0.308	  0.000
58	  1.560	 81.602	  1.005	  0.308	  0.000
59	  1.560	 82.991	  1.005	  0.308	  0.000
60	  1.560	 84.380	  1.005	  0.308	  0.000
61	  1.560	 85.769	  1.005	  0.308	  0.000
62	  1.560	 87.158	  1.005	  0.308	  0.000
63	  1.560	 88.546	  1.005	  0.308	  0.000
64	  1.560	 89.935	  1.005	  0.308	  0.000
65	  1.560	 91.324	  1.005	  0.308	  0.000
66	  1.560	 92.713	  1.005	  0.308	  0.000
67	  1.560	 94.102	  1.005	  0.308	  0.000
68	  1.560	 95.491	  1.005	  0.308	  0.000
69	  1.560	 96.880	  1.005	  0.308	  0.000
70	  1.560	 98.269	  1.005	  0.308	  0.000
71	  1.560	 99.658	  1.005	  0.308	  0.000
0	  1.680	  1.084	  1.005	  0.311	  0.000
1	  1.680	  2.472	  1.005	  0.311	  0.000
2	  1.680	  3.861	  1.005	  0.311	  0.000
3	  1.680	  5.250	  1.005	  0.311	  0.000
4	  1.680	  6.639	  1.005	  0.311	  0.000
5	  1.680	  8.028	  1.005	  0.311	  0.000
6	  1.680	  9.417	  1.005	  0.311	  0.000
7	  1.680	 10.806	  1.005	  0.311	  0.000
8	  1.680	 12.195	  1.005	  0.311	  0.000
9	  1.680	 13.584	  1.005	  0.311	  0.000
10	  1.680	 14.972	  1.005	  0.311	  0.000
11	  1.680	 16.361	  1.005	  0.311	  0.000
12	  1.680	 17.750	  1.005	  0.311	  0.000
13	  1.680	 19.139	  1.005	  0.311	  0.000
14	  1.680	 20.528	  1.005	  0.311	  0.000
15	  1.680	 21.917	  1.005	  0.311	  0.000
16	  1.680	 23.306	  1.005	  0.311	  0.000
17	  1.680	 24.695	  1.005	  0.311	  0.000
18	  1.680	 26.084	  1.005	  0.311	  0.000
19	  1.680	 27.472	  1.005	  0.311	  0.000
20	  1.680	 28.861	  1.005	  0.311	  0.000
21	  1.680	 30.250	  1.005	  0.311	  0.000
22	  1.680	 31.639	  1.005	  0.311	  0.000
23	  1.680	 33.028	  1.005	  0.311	  0.000
24	  1.680	 34.417	  1.005	  0.311	  0.000
25	  1.680	 35.806	  1.005	  0.311	  0.000
26	  1.680	 37.195	  1.005	  0.311	  0.000
27	  1.680	 38.584	  1.005	  0.311	  0.000
28	  1.680	 39.972	  1.005	  0.311	  0.000
29	  1.680	 41.361	  1.005	  0.311	  0.000
30	  1.680	 42.750	  1.005	  0.311	  0.000
31	  1.680	 44.139	  1.005	  0.311	  0.000
32	  1.680	 45.528	  1.005	  0.311	  0.000
33	  1.680	 46.917	  1.005	  0.311	  0.000
34	  1.680	 48.306	  1.005	  0.311	  0.000
35	  1.680	 49.695	  1.005	  0.311	  0.000
36	  1.680	 51.084	  1.005	  0.311	  0.000
37	  1.680	 52.472	  1.005	  0.311	  0.000
38	  1.680	 53.861	  1.005	  0.311	  0.000
39	  1.680	 55.250	  1.005	  0.311	  0.000
40	  1.680	 56.639	  1.005	  0.311	  0.000
41	  1.680	 58.028	  1.005	  0.311	  0.000
42	  1.680	 59.417	  1.005	  0.311	  0.000
43	  1.680	 60.806	  1.005	  0.311	  0.000
44	  1.680	 62.195	  1.005	  0.311	  0.000
45	  1.680	 63.584	  1.005	  0.311	  0.000
46	  1.680	 64.972	  1.005	  0.311	  0.000
47	  1.680	 66.361	  1.005	  0.311	  0.000
48	  1.680	 67.750	  1.005	  0.311	  0.000
49	  1.680	 69.139	  1.005	  0.311	  0.000
50	  1.680	 70.528	  1.005	  0.311	  0.000
51	  1.680	 71.917	  1.005	  0.311	  0.000
52	  1.680	 73.306	  1.005	  0.311	  0.000
53	  1.680	 74.695	  1.005	  0.311	  0.000
54	  1.680	 76.084	  1.005	  0.311	  0.000
55	  1.680	 77.472	  1.005	  0.311	  0.000
56	  1.680	 78.861	  1.005	  0.311	  0.000
57	  1.680	 80.250	  1.005	  0.311	  0.000
58	  1.680	 81.639	  1.005	  0.311	  0.000
59	  1.680	 83.028	  1.005	  0.311	  0.000
60	  1.680	 84.417	  1.005	  0.311	  0.000
61	  1.680	 85.806	  1.005	  0.311	  0.000
62	  1.680	 87.195	  1.005	  0.311	  0.000
63	  1.680	 88.584	  1.005	  0.311	  0.000
64	  1.680	 89.972	  1.005	  0.311	  0.000
65	  1.680	 91.361	  1.005	  0.311	  0.000
66	  1.680	 92.750	  1.005	  0.311	  0.000
67	  1.680	 94.139	  1.005	  0.311	  0.000
68	  1.680	 95.528	  1.005	  0.311	  0.000
69	  1.680	 96.917	  1.005	  0.311	  0.000
70	  1.680	 98.306	  1.005	  0.311	  0.000
71	  1.680	 99.695	  1.005	  0.311	  0.000
0	  1.800	  1.121	  1.005	  0.313	  0.000
1	  1.800	  2.510	  1.005	  0.313	  0.000
2	  1.800	  3.899	  1.005	  0.313	  0.000
3	  1.800	  5.288	  1.005	  0.313	  0.000
4	  1.800	  6.676	  1.005	  0.313	  0.000
5	  1.800	  8.065	  1.005	  0.313	  0.000
6	  1.800	  9.454	  1.005	  0.313	  0.000
7	  1.800	 10.843	  1.005	  0.313	  0.000
8	  1.800	 12.232	  1.005	  0.313	  0.000
9	  1.800	 13.621	  1.005	  0.313	  0.000
10	  1.800	 15.010	  1.005	  0.313	  0.000
11	  1.800	 16.399	  1.005	  0.313	  0.000
12	  1.800	 17.788	  1.005	  0.313	  0.000
13	  1.800	 19.176	  1.005	  0.313	  0.000
14	  1.800	 20.565	  1.005	  0.313	  0.000
15	  1.800	 21.954	  1.005	  0.313	  0.000
16	  1.800	 23.343	  1.005	  0.313	  0.000
17	  1.800	 24.732	  1.005	  0.313	  0.000
18	  1.800	 26.121	  1.005	  0.313	  0.000
19	  1.800	 27.510	  1.005	  0.313	  0.000
20	  1.800	 28.899	  1.005	  0.313	  0.000
21	  1.800	 30.288	  1.005	  0.313	  0.000
22	  1.800	 31.676	  1.005	  0.313	  0.000
23	  1.800	 33.065	  1.005	  0.313	  0.000
24	  1.800	 34.454	  1.005	  0.313	  0.000
25	  1.800	 35.843	  1.005	  0.313	  0.000
26	  1.800	 37.232	  1.005	  0.313	  0.000
27	  1.800	 38.621	  1.005	  0.313	  0.000
28	  1.800	 40.010	  1.005	  0.313	  0.000
29	  1.800	 41.399	  1.005	  0.313	  0.000
30	  1.800	 42.788	  1.005	  0.313	  0.000
31	  1.800	 44.176	  1.005	  0.313	  0.000
32	  1.800	 45.565	  1.005	  0.313	  0.000
33	  1.800	 46.954	  1.005	  0.313	  0.000
34	  1.800	 48.343	  1.005	  0.313	  0.000
35	  1.800	 49.732	  1.005	  0.313	  0.000
36	  1.800	 51.121	  1.005	  0.313	  0.000
37	  1.800	 52.510	  1.005	  0.313	  0.000
38	  1.800	 53.899	  1.005	  0.313	  0.000
39	  1.800	 55.288	  1.005	  0.313	  0.000
40	  1.800	 56.676	  1.005	  0.313	  0.000
41	  1.800	 58.065	  1.005	  0.313	  0.000
42	  1.800	 59.454	  1.005	  0.313	  0.000
43	  1.800	 60.843	  1.005	  0.313	  0.000
44	  1.800	 62.232	  1.005	  0.313	  0.000
45	  1.800	 63.621	  1.005	  0.313	  0.000
46	  1.800	 65.010	  1.005	  0.313	  0.000
47	  1.800	 66.399	  1.005	  0.313	  0.000
48	  1.800	 67.788	  1.005	  0.313	  0.000
49	  1.800	 69.176	  1.005	  0.313	  0.000
50	  1.800	 70.565	  1.005	  0.313	  0.000
51	  1.800	 71.954	  1.005	  0.313	  0.000
52	  1.800	 73.343	  1.005	  0.313	  0.000
53	  1.800	 74.732	  1.005	  0.313	  0.000
54	  1.800	 76.121	  1.005	  0.313	  0.000
55	  1.800	 77.510	  1.005	  0.313	  0.000
56	  1.800	 78.899	  1.005	  0.313	  0.000
57	  1.800	 80.288	  1.005	  0.313	  0.000
58	  1.800	 81.676	  1.005	  0.313	  0.000
59	  1.800	 83.065	  1.005	  0.313	  0.000
60	  1.800	 84.454	  1.005	  0.313	  0.000
61	  1.800	 85.843	  1.005	  0.313	  0.000
62	  1.800	 87.232	  1.005	  0.313	  0.000
63	  1.800	 88.621	  1.005	  0.313	  0.000
64	  1.800	 90.010	  1.005	  0.313	  0.000
65	  1.800	 91.399	  1.005	  0.313	  0.000
66	  1.800	 92.788	  1.005	  0.313	  0.000
67	  1.800	 94.176	  1.005	  0.313	  0.000
68	  1.800	 95.565	  1.005	  0.313	  0.000
69	  1.800	 96.954	  1.005	  0.313	  0.000
70	  1.800	 98.343	  1.005	  0.313	  0.000
71	  1.800	 99.732	  1.005	  0.313	  0.000
0	  1.920	  1.159	  1.005	  0.315	  0.000
1	  1.920	  2.547	  1.005	  0.315	  0.000
2	  1.920	  3.936	  1.005	  0.315	  0.000
3	  1.920	  5.325	  1.005	  0.315	  0.000
4	  1.920	  6.714	  1.005	  0.315	  0.000
5	  1.920	  8.103	  1.005	  0.315	  0.000
6	  1.920	  9.492	  1.005	  0.315	  0.000
7	  1.920	 10.881	  1.005	  0.315	  0.000
8	  1.920	 12.270	  1.005	  0.315	  0.000
9	  1.920	 13.659	  1.005	  0.315	  0.000
10	  1.920	 15.047	  1.005	  0.315	  0.000
11	  1.920	 16.436	  1.005	  0.315	  0.000
12	  1.920	 17.825	  1.005	  0.315	  0.000
13	  1.920	 19.214	  1.005	  0.315	  0.000
14	  1.920	 20.603	  1.005	  0.315	  0.000
15	  1.920	 21.992	  1.005	  0.315	  0.000
16	  1.920	 23.381	  1.005	  0.315	  0.000
17	  1.920	 24.770	  1.005	  0.315	  0.000
18	  1.920	 26.159	  1.005	  0.315	  0.000
19	  1.920	 27.547	  1.005	  0.315	  0.000
20	  1.920	 28.936	  1.005	  0.315	  0.000
21	  1.920	 30.325	  1.005	  0.315	  0.000
22	  1.920	 31.714	  1.005	  0.315	  0.000
23	  1.920	 33.103	  1.005	  0.315	  0.000
24	  1.920	 34.492	  1.005	  0.315	  0.000
25	  1.920	 35.881	  1.005	  0.315	  0.000
26	  1.920	 37.270	  1.005	  0.315	  0.000
27	  1.920	 38.659	  1.005	  0.315	  0.000
28	  1.920	 40.047	  1.005	  0.315	  0.000
29	  1.920	 41.436	  1.005	  0.315	  0.000
30	  1.920	 42.825	  1.005	  0.315	  0.000
31	  1.920	 44.214	  1.005	  0.315	  0.000
32	  1.920	 45.603	  1.005	  0.315	  0.000
33	  1.920	 46.992	  1.005	  0.315	  0.000
34	  1.920	 48.381	  1.005	  0.315	  0.000
35	  1.920	 49.770	  1.005	  0.315	  0.000
36	  1.920	 51.159	  1.005	  0.315	  0.000
37	  1.920	 52.547	  1.005	  0.315	  0.000
38	  1.920	 53.936	  1.005	  0.315	  0.000
39	  1.920	 55.325	  1.005	  0.315	  0.000
40	  1.920	 56.714	  1.005	  0.315	  0.000
41	  1.920	 58.103	  1.005	  0.315	  0.000
42	  1.920	 59.492	  1.005	  0.315	  0.000
43	  1.920	 60.881	  1.005	  0.315	  0.000
44	  1.920	 62.270	  1.005	  0.315	  0.000
45	  1.920	 63.659	  1.005	  0.315	  0.000
46	  1.920	 65.047	  1.005	  0.315	  0.000
47	  1.920	 66.436	  1.005	  0.315	  0.000
48	  1.920	 67.825	  1.005	  0.315	  0.000
49	  1.920	 69.214	  1.005	  0.315	  0.000
50	  1.920	 70.603	  1.005	  0.315	  0.000
51	  1.920	 71.992	  1.005	  0.315	  0.000
52	  1.920	 73.381	  1.005	  0.315	  0.000
53	  1.920	 74.770	  1.005	  0.315	  0.000
54	  1.920	 76.159	  1.005	  0.315	  0.000
55	  1.920	 77.547	  1.005	  0.315	  0.000
56	  1.920	 78.936	  1.005	  0.315	  0.000
57	  1.920	 80.325	  1.005	  0.315	  0.000
58	  1.920	 81.714	  1.005	  0.315	  0.000
59	  1.920	 83.103	  1.005	  0.315	  0.000
60	  1.920	 84.492	  1.005	  0.315	  0.000
61	  1.920	 85.881	  1.005	  0.315	  0.000
62	  1.920	 87.270	  1.005	  0.315	  0.000
63	  1.920	 88.659	  1.005	  0.315	  0.000
64	  1.920	 90.047	  1.005	  0.315	  0.000
65	  1.920	 91.436	  1.005	  0.315	  0.000
66	  1.920	 92.825	  1.005	  0.315	  0.000
67	  1.920	 94.214	  1.005	  0.315	  0.000
68	  1.920	 95.603	  1.005	  0.315	  0.000
69	  1.920	 96.992	  1.005	  0.315	  0.000
70	  1.920	 98.381	  1.005	  0.315	  0.000
71	  1.920	 99.770	  1.005	  0.315	  0.000
0	  2.040	  1.196	  1.005	  0.316	  0.000
1	  2.040	  2.585	  1.005	  0.316	  0.000
2	  2.040	  3.974	  1.005	  0.316	  0.000
3	  2.040	  5.363	  1.005	  0.316	  0.000
4	  2.040	  6.752	  1.005	  0.316	  0.000
5	  2.040	  8.141	  1.005	  0.316	  0.000
6	  2.040	  9.530	  1.005	  0.316	  0.000
7	  2.040	 10.919	  1.005	  0.316	  0.000
8	  2.040	 12.308	  1.005	  0.316	  0.000
9	  2.040	 13.696	  1.005	  0.316	  0.000
10	  2.040	 15.085	  1.005	  0.316	  0.000
11	  2.040	 16.474	  1.005	  0.316	  0.000
12	  2.040	 17.863	  1.005	  0.316	  0.000
13	  2.040	 19.252	  1.005	  0.316	  0.000
14	  2.040	 20.641	  1.005	  0.316	  0.000
15	  2.040	 22.030	  1.005	  0.316	  0.000
16	  2.040	 23.419	  1.005	  0.316	  0.000
17	  2.040	 24.808	  1.005	  0.316	  0.000
18	  2.040	 26.196	  1.005	  0.316	  0.000
19	  2.040	 27.585	  1.005	  0.316	  0.000
20	  2.040	 28.974	  1.005	  0.316	  0.000
21	  2.040	 30.363	  1.005	  0.316	  0.000
22	  2.040	 31.752	  1.005	  0.316	  0.000
23	  2.040	 33.141	  1.005	  0.316	  0.000
24	  2.040	 34.530	  1.005	  0.316	  0.000
25	  2.040	 35.919	  1.005	  0.316	  0.000
26	  2.040	 37.308	  1.005	  0.316	  0.000
27	  2.040	 38.696	  1.005	  0.316	  0.000
28	  2.040	 40.085	  1.005	  0.316	  0.000
29	  2.040	 41.474	  1.005	  0.316	  0.000
30	  2.040	 42.863	  1.005	  0.316	  0.000
31	  2.040	 44.252	  1.005	  0.316	  0.000
32	  2.040	 45.641	  1.005	  0.316	  0.000
33	  2.040	 47.030	  1.005	  0.316	  0.000
34	  2.040	 48.419	  1.005	  0.316	  0.000
35	  2.040	 49.808	  1.005	  0.316	  0.000
36	  2.040	 51.196	  1.005	  0.316	  0.000
37	  2.040	 52.585	  1.005	  0.316	  0.000
38	  2.040	 53.974	  1.005	  0.316	  0.000
39	  2.040	 55.363	  1.005	  0.316	  0.000
40	  2.040	 56.752	  1.005	  0.316	  0.000
41	  2.040	 58.141	  1.005	  0.316	  0.000
42	  2.040	 59.530	  1.005	  0.316	  0.000
43	  2.040	 60.919	  1.005	  0.316	  0.000
44	  2.040	 62.308	  1.005	  0.316	  0.000
45	  2.040	 63.696	  1.005	  0.316	  0.000
46	  2.040	 65.085	  1.005	  0.316	  0.000
47	  2.040	 66.474	  1.005	  0.316	  0.000
48	  2.040	 67.863	  1.005	  0.316	  0.000
49	  2.040	 69.252	  1.005	  0.316	  0.000
50	  2.040	 70.641	  1.005	  0.316	  0.000
51	  2.040	 72.030	  1.005	  0.316	  0.000
52	  2.040	 73.419	  1.005	  0.316	  0.000
53	  2.040	 74.808	  1.005	  0.316	  0.000
54	  2.040	 76.196	  1.005	  0.316	  0.000
55	  2.040	 77.585	  1.005	  0.316	  0.000
56	  2.040	 78.974	  1.005	  0.316	  0.000
57	  2.040	 80.363	  1.005	  0.316	  0.000
58	  2.040	 81.752	  1.005	  0.316	  0.000
59	  2.040	 83.141	  1.005	  0.316	  0.000
60	  2.040	 84.530	  1.005	  0.316	  0.000
61	  2.040	 85.919	  1.005	  0.316	  0.000
62	  2.040	 87.308	  1.005	  0.316	  0.000
63	  2.040	 88.696	  1.005	  0.316	  0.000
64	  2.040	 90.085	  1.005	  0.316	  0.000
65	  2.040	 91.474	  1.005	  0.316	  0.000
66	  2.040	 92.863	  1.005	  0.316	  0.000
67	  2.040	 94.252	  1.005	  0.316	  0.000
68	  2.040	 95.641	  1.005	  0.316	  0.000
69	  2.040	 97.030	  1.005	  0.316	  0.000
70	  2.040	 98.419	  1.005	  0.316	  0.000
71	  2.040	 99.808	  1.005	  0.316	  0.000
0	  2.160	  1.234	  1.005	  0.317	  0.000
1	  2.160	  2.623	  1.005	  0.317	  0.000
2	  2.160	  4.012	  1.005	  0.317	  0.000
3	  2.160	  5.401	  1.005	  0.317	  0.000
4	  2.160	  6.790	  1.005	  0.317	  0.000
5	  2.160	  8.179	  1.005	  0.317	  0.000
6	  2.160	  9.568	  1.005	  0.317	  0.000
7	  2.160	 10.957	  1.005	  0.317	  0.000
8	  2.160	 12.345	  1.005	  0.317	  0.000
9	  2.160	 13.734	  1.005	  0.317	  0.000
10	  2.160	 15.123	  1.005	  0.317	  0.000
11	  2.160	 16.512	  1.005	  0.317	  0.000
12	  2.160	 17.901	  1.005	  0.317	  0.000
13	  2.160	 19.290	  1.005	  0.317	  0.000
14	  2.160	 20.679	  1.005	  0.317	  0.000
15	  2.160	 22.068	  1.005	  0.317	  0.000
16	  2.160	 23.457	  1.005	  0.317	  0.000
17	  2.160	 24.845	  1.005	  0.317	  0.000
18	  2.160	 26.234	  1.005	  0.317	  0.000
19	  2.160	 27.623	  1.005	  0.317	  0.000
20	  2.160	 29.012	  1.005	  0.317	  0.000
21	  2.160	 30.401	  1.005	  0.317	  0.000
22	  2.160	 31.790	  1.005	  0.317	  0.000
23	  2.160	 33.179	  1.005	  0.317	  0.000
24	  2.160	 34.568	  1.005	  0.317	  0.000
25	  2.160	 35.957	  1.005	  0.317	  0.000
26	  2.160	 37.345	  1.005	  0.317	  0.000
27	  2.160	 38.734	  1.005	  0.317	  0.000
28	  2.160	 40.123	  1.005	  0.317	  0.000
29	  2.160	 41.512	  1.005	  0.317	  0.000
30	  2.160	 42.901	  1.005	  0.317	  0.000
31	  2.160	 44.290	  1.005	  0.317	  0.000
32	  2.160	 45.679	  1.005	  0.317	  0.000
33	  2.160	 47.068	  1.005	  0.317	  0.000
34	  2.160	 48.457	  1.005	  0.317	  0.000
35	  2.160	 49.845	  1.005	  0.317	  0.000
36	  2.160	 51.234	  1.005	  0.317	  0.000
37	  2.160	 52.623	  1.005	  0.317	  0.000
38	  2.160	 54.012	  1.005	  0.317	  0.000
39	  2.160	 55.401	  1.005	  0.317	  0.000
40	  2.160	 56.790	  1.005	  0.317	  0.000
41	  2.160	 58.179	  1.005	  0.317	  0.000
42	  2.160	 59.568	  1.005	  0.317	  0.000
43	  2.160	 60.957	  1.005	  0.317	  0.000
44	  2.160	 62.345	  1.005	  0.317	  0.000
45	  2.160	 63.734	  1.005	  0.317	  0.000
46	  2.160	 65.123	  1.005	  0.317	  0.000
47	  2.160	 66.512	  1.005	  0.317	  0.000
48	  2.160	 67.901	  1.005	  0.317	  0.000
49	  2.160	 69.290	  1.005	  0.317	  0.000
50	  2.160	 70.679	  1.005	  0.317	  0.000
51	  2.160	 72.068	  1.005	  0.317	  0.000
52	  2.160	 73.457	  1.005	  0.317	  0.000
53	  2.160	 74.845	  1.005	  0.317	  0.000
54	  2.160	 76.234	  1.005	  0.317	  0.000
55	  2.160	 77.623	  1.005	  0.317	  0.000
56	  2.160	 79.012	  1.005	  0.317	  0.000
57	  2.160	 80.401	  1.005	  0.317	  0.000
58	  2.160	 81.790	  1.005	  0.317	  0.000
59	  2.160	 83.179	  1.005	  0.317	  0.000
60	  2.160	 84.568	  1.005	  0.317	  0.000
61	  2.160	 85.957	  1.005	  0.317	  0.000
62	  2.160	 87.345	  1.005	  0.317	  0.000
63	  2.160	 88.734	  1.005	  0.317	  0.000
64	  2.160	 90.123	  1.005	  0.317	  0.000
65	  2.160	 91.512	  1.005	  0.317	  0.000
66	  2.160	 92.901	  1.005	  0.317	  0.000
67	  2.160	 94.290	  1.005	  0.317	  0.000
68	  2.160	 95.679	  1.005	  0.317	  0.000
69	  2.160	 97.068	  1.005	  0.317	  0.000
70	  2.160	 98.457	  1.005	  0.317	  0.000
71	  2.160	 99.845	  1.005	  0.317	  0.000
0	  2.280	  1.272	  1.005	  0.318	  0.000
1	  2.280	  2.661	  1.005	  0.318	  0.000
2	  2.280	  4.050	  1.005	  0.318	  0.000
3	  2.280	  5.439	  1.005	  0.318	  0.000
4	  2.280	  6.828	  1.005	  0.318	  0.000
5	  2.280	  8.217	  1.005	  0.318	  0.000
6	  2.280	  9.606	  1.005	  0.318	  0.000
7	  2.280	 10.995	  1.005	  0.318	  0.000
8	  2.280	 12.384	  1.005	  0.318	  0.000
9	  2.280	 13.772	  1.005	  0.318	  0.000
10	  2.280	 15.161	  1.005	  0.318	  0.000
11	  2.280	 16.550	  1.005	  0.318	  0.000
12	  2.280	 17.939	  1.005	  0.318	  0.000
13	  2.280	 19.328	  1.005	  0.318	  0.000
14	  2.280	 20.717	  1.005	  0.318	  0.000
15	  2.280	 22.106	  1.005	  0.318	  0.000
16	  2.280	 23.495	  1.005	  0.318	  0.000
17	  2.280	 24.884	  1.005	  0.318	  0.000
18	  2.280	 26.272	  1.005	  0.318	  0.000
19	  2.280	 27.661	  1.005	  0.318	  0.000
20	  2.280	 29.050	  1.005	  0.318	  0.000
21	  2.280	 30.439	  1.005	  0.318	  0.000
22	  2.280	 31.828	  1.005	  0.318	  0.000
23	  2.280	 33.217	  1.005	  0.318	  0.000
24	  2.280	 34.606	  1.005	  0.318	  0.000
25	  2.280	 35.995	  1.005	  0.318	  0.000
26	  2.280	 37.384	  1.005	  0.318	  0.000
27	  2.280	 38.772	  1.005	  0.318	  0.000
28	  2.280	 40.161	  1.005	  0.318	  0.000
29	  2.280	 41.550	  1.005	  0.318	  0.000
30	  2.280	 42.939	  1.005	  0.318	  0.000
31	  2.280	 44.328	  1.005	  0.318	  0.000
32	  2.280	 45.717	  1.005	  0.318	  0.000
33	  2.280	 47.106	  1.005	  0.318	  0.000
34	  2.280	 48.495	  1.005	  0.318	  0.000
35	  2.280	 49.884	  1.005	  0.318	  0.000
36	  2.280	 51.272	  1.005	  0.318	  0.000
37	  2.280	 52.661	  1.005	  0.318	  0.000
38	  2.280	 54.050	  1.005	  0.318	  0.000
39	  2.280	 55.439	  1.005	  0.318	  0.000
40	  2.280	 56.828	  1.005	  0.318	  0.000
41	  2.280	 58.217	  1.005	  0.318	  0.000
42	  2.280	 59.606	  1.005	  0.318	  0.000
43	  2.280	 60.995	  1.005	  0.318	  0.000
44	  2.280	 62.384	  1.005	  0.318	  0.000
45	  2.280	 63.772	  1.005	  0.318	  0.000
46	  2.280	 65.161	  1.005	  0.318	  0.000
47	  2.280	 66.550	  1.005	  0.318	  0.000
48	  2.280	 67.939	  1.005	  0.318	  0.000
49	  2.280	 69.328	  1.005	  0.318	  0.000
50	  2.280	 70.717	  1.005	  0.318	  0.000
51	  2.280	 72.106	  1.005	  0.318	  0.000
52	  2.280	 73.495	  1.005	  0.318	  0.000
53	  2.280	 74.884	  1.005	  0.318	  0.000
54	  2.280	 76.272	  1.005	  0.318	  0.000
55	  2.280	 77.661	  1.005	  0.318	  0.000
56	  2.280	 79.050	  1.005	  0.318	  0.000
57	  2.280	 80.439	  1.005	  0.318	  0.000
58	  2.280	 81.828	  1.005	  0.318	  0.000
59	  2.280	 83.217	  1.005	  0.318	  0.000
60	  2.280	 84.606	  1.005	  0.318	  0.000
61	  2.280	 85.995	  1.005	  0.318	  0.000
62	  2.280	 87.384	  1.005	  0.318	  0.000
63	  2.280	 88.772	  1.005	  0.318	  0.000
64	  2.280	 90.161	  1.005	  0.318	  0.000
65	  2.280	 91.550	  1.005	  0.318	  0.000
66	  2.280	 92.939	  1.005	  0.318	  0.000
67	  2.280	 94.328	  1.005	  0.318	  0.000
68	  2.280	 95.717	  1.005	  0.318	  0.000
69	  2.280	 97.106	  1.005	  0.318	  0.000
70	  2.280	 98.495	  1.005	  0.318	  0.000
71	  2.280	 99.884	  1.005	  0.318	  0.000
0	  2.400	  1.311	  1.005	  0.319	  0.000
1	  2.400	  2.700	  1.005	  0.319	  0.000
2	  2.400	  4.088	  1.005	  0.319	  0.000
3	  2.400	  5.477	  1.005	  0.319	  0.000
4	  2.400	  6.866	  1.005	  0.318	  0.000
5	  2.400	  8.255	  1.005	  0.319	  0.000
6	  2.400	  9.644	  1.005	  0.318	  0.000
7	  2.400	 11.033	  1.005	  0.319	  0.000
8	  2.400	 12.422	  1.005	  0.319	  0.000
9	  2.400	 13.811	  1.005	  0.319	  0.000
10	  2.400	 15.200	  1.005	  0.319	  0.000
11	  2.400	 16.588	  1.005	  0.319	  0.000
12	  2.400	 17.977	  1.005	  0.319	  0.000
13	  2.400	 19.366	  1.005	  0.318	  0.000
14	  2.400	 20.755	  1.005	  0.319	  0.000
15	  2.400	 22.144	  1.005	  0.318	  0.000
16	  2.400	 23.533	  1.005	  0.319	  0.000
17	  2.400	 24.922	  1.005	  0.319	  0.000
18	  2.400	 26.311	  1.005	  0.319	  0.000
19	  2.400	 27.700	  1.005	  0.319	  0.000
20	  2.400	 29.088	  1.005	  0.319	  0.000
21	  2.400	 30.477	  1.005	  0.319	  0.000
22	  2.400	 31.866	  1.005	  0.318	  0.000
23	  2.400	 33.255	  1.005	  0.319	  0.000
24	  2.400	 34.644	  1.005	  0.318	  0.000
25	  2.400	 36.033	  1.005	  0.319	  0.000
26	  2.400	 37.422	  1.005	  0.319	  0.000
27	  2.400	 38.811	  1.005	  0.319	  0.000
28	  2.400	 40.200	  1.005	  0.319	  0.000
29	  2.400	 41.588	  1.005	  0.319	  0.000
30	  2.400	 42.977	  1.005	  0.319	  0.000
31	  2.400	 44.366	  1.005	  0.318	  0.000
32	  2.400	 45.755	  1.005	  0.319	  0.000
33	  2.400	 47.144	  1.005	  0.318	  0.000
34	  2.400	 48.533	  1.005	  0.319	  0.000
35	  2.400	 49.922	  1.005	  0.319	  0.000
36	  2.400	 51.311	  1.005	  0.319	  0.000
37	  2.400	 52.700	  1.005	  0.319	  0.000
38	  2.400	 54.088	  1.005	  0.319	  0.000
39	  2.400	 55.477	  1.005	  0.319	  0.000
40	  2.400	 56.866	  1.005	  0.318	  0.000
41	  2.400	 58.255	  1.005	  0.319	  0.000
42	  2.400	 59.644	  1.005	  0.318	  0.000
43	  2.400	 61.033	  1.005	  0.319	  0.000
44	  2.400	 62.422	  1.005	  0.319	  0.000
45	  2.400	 63.811	  1.005	  0.319	  0.000
46	  2.400	 65.200	  1.005	  0.319	  0.000
47	  2.400	 66.588	  1.005	  0.319	  0.000
48	  2.400	 67.977	  1.005	  0.319	  0.000
49	  2.400	 69.366	  1.005	  0.318	  0.000
50	  2.400	 70.755	  1.005	  0.319	  0.000
51	  2.400	 72.144	  1.005	  0.318	  0.000
52	  2.400	 73.533	  1.005	  0.319	  0.000
53	  2.400	 74.922	  1.005	  0.319	  0.000
54	  2.400	 76.311	  1.005	  0.319	  0.000
55	  2.400	 77.700	  1.005	  0.319	  0.000
56	  2.400	 79.088	  1.005	  0.319	  0.000
57	  2.400	 80.477	  1.005	  0.319	  0.000
58	  2.400	 81.866	  1.005	  0.318	  0.000
59	  2.400	 83.255	  1.005	  0.319	  0.000
60	  2.400	 84.644	  1.005	  0.318	  0.000
61	  2.400	 86.033	  1.005	  0.319	  0.000
62	  2.400	 87.422	  1.005	  0.319	  0.000
63	  2.400	 88.811	  1.005	  0.319	  0.000
64	  2.400	 90.200	  1.005	  0.319	  0.000
65	  2.400	 91.588	  1.005	  0.319	  0.000
66	  2.400	 92.977	  1.005	  0.319	  0.000
67	  2.400	 94.366	  1.005	  0.318	  0.000
68	  2.400	 95.755	  1.005	  0.319	  0.000
69	  2.400	 97.144	  1.005	  0.318	  0.000
70	  2.400	 98.533	  1.005	  0.319	  0.000
71	  2.400	 99.922	  1.005	  0.319	  0.000
0	  2.520	  1.349	  1.005	  0.319	  0.000
1	  2.520	  2.738	  1.005	  0.319	  0.000
2	  2.520	  4.127	  1.005	  0.319	  0.000
3	  2.520	  5.516	  1.005	  0.319	  0.000
4	  2.520	  6.904	  1.005	  0.319	  0.000
5	  2.520	  8.293	  1.005	  0.320	  0.000
6	  2.520	  9.682	  1.005	  0.319	  0.000
7	  2.520	 11.071	  1.005	  0.319	  0.000
8	  2.520	 12.460	  1.005	  0.319	  0.000
9	  2.520	 13.849	  1.005	  0.319	  0.000
10	  2.520	 15.238	  1.005	  0.319	  0.000
11	  2.520	 16.627	  1.005	  0.319	  0.000
12	  2.520	 18.016	  1.005	  0.319	  0.000
13	  2.520	 19.404	  1.005	  0.319	  0.000
14	  2.520	 20.793	  1.005	  0.320	  0.000
15	  2.520	 22.182	  1.005	  0.319	  0.000
16	  2.520	 23.571	  1.005	  0.319	  0.000
17	  2.520	 24.960	  1.005	  0.319	  0.000
18	  2.520	 26.349	  1.005	  0.319	  0.000
19	  2.520	 27.738	  1.005	  0.319	  0.000
20	  2.520	 29.127	  1.005	  0.319	  0.000
21	  2.520	 30.516	  1.005	  0.319	  0.000
22	  2.520	 31.904	  1.005	  0.319	  0.000
23	  2.520	 33.293	  1.005	  0.320	  0.000
24	  2.520	 34.682	  1.005	  0.319	  0.000
25	  2.520	 36.071	  1.005	  0.319	  0.000
26	  2.520	 37.460	  1.005	  0.319	  0.000
27	  2.520	 38.849	  1.005	  0.319	  0.000
28	  2.520	 40.238	  1.005	  0.319	  0.000
29	  2.520	 41.627	  1.005	  0.319	  0.000
30	  2.520	 43.016	  1.005	  0.319	  0.000
31	  2.520	 44.404	  1.005	  0.319	  0.000
32	  2.520	 45.793	  1.005	  0.320	  0.000
33	  2.520	 47.182	  1.005	  0.319	  0.000
34	  2.520	 48.571	  1.005	  0.319	  0.000
35	  2.520	 49.960	  1.005	  0.319	  0.000
36	  2.520	 51.349	  1.005	  0.319	  0.000
37	  2.520	 52.738	  1.005	  0.319	  0.000
38	  2.520	 54.127	  1.005	  0.319	  0.000
39	  2.520	 55.516	  1.005	  0.319	  0.000
40	  2.520	 56.904	  1.005	  0.319	  0.000
41	  2.520	 58.293	  1.005	  0.320	  0.000
42	  2.520	 59.682	  1.005	  0.319	  0.000
43	  2.520	 61.071	  1.005	  0.319	  0.000
44	  2.520	 62.460	  1.005	  0.319	  0.000
45	  2.520	 63.849	  1.005	  0.319	  0.000
46	  2.520	 65.238	  1.005	  0.319	  0.000
47	  2.520	 66.627	  1.005	  0.319	  0.000
48	  2.520	 68.016	  1.005	  0.319	  0.000
49	  2.520	 69.404	  1.005	  0.319	  0.000
50	  2.520	 70.793	  1.005	  0.320	  0.000
51	  2.520	 72.182	  1.005	  0.319	  0.000
52	  2.520	 73.571	  1.005	  0.319	  0.000
53	  2.520	 74.960	  1.005	  0.319	  0.000
54	  2.520	 76.349	  1.005	  0.319	  0.000
55	  2.520	 77.738	  1.005	  0.319	  0.000
56	  2.520	 79.127	  1.005	  0.319	  0.000
57	  2.520	 80.516	  1.005	  0.319	  0.000
58	  2.520	 81.904	  1.005	  0.319	  0.000
59	  2.520	 83.293	  1.005	  0.320	  0.000
60	  2.520	 84.682	  1.005	  0.319	  0.000
61	  2.520	 86.071	  1.005	  0.319	  0.000
62	  2.520	 87.460	  1.005	  0.319	  0.000
63	  2.520	 88.849	  1.005	  0.319	  0.000
64	  2.520	 90.238	  1.005	  0.319	  0.000
65	  2.520	 91.627	  1.005	  0.319	  0.000
66	  2.520	 93.016	  1.005	  0.319	  0.000
67	  2.520	 94.404	  1.005	  0.319	  0.000
68	  2.520	 95.793	  1.005	  0.320	  0.000
69	  2.520	 97.182	  1.005	  0.319	  0.000
70	  2.520	 98.571	  1.005	  0.319	  0.000
71	  2.520	 99.960	  1.005	  0.319	  0.000
0	  2.640	  1.387	  1.005	  0.319	  0.000
1	  2.640	  2.776	  1.005	  0.320	  0.000
2	  2.640	  4.165	  1.005	  0.319	  0.000
3	  2.640	  5.554	  1.005	  0.320	  0.000
4	  2.640	  6.943	  1.005	  0.318	  0.000
5	  2.640	  8.332	  1.005	  0.321	  0.000
6	  2.640	  9.720	  1.005	  0.319	  0.000
7	  2.640	 11.110	  1.005	  0.320	  0.000
8	  2.640	 12.498	  1.005	  0.320	  0.000
9	  2.640	 13.887	  1.005	  0.319	  0.000
10	  2.640	 15.276	  1.005	  0.320	  0.000
11	  2.640	 16.665	  1.005	  0.319	  0.000
12	  2.640	 18.054	  1.005	  0.320	  0.000
13	  2.640	 19.443	  1.005	  0.318	  0.000
14	  2.640	 20.832	  1.005	  0.321	  0.000
15	  2.640	 22.220	  1.005	  0.319	  0.000
16	  2.640	 23.610	  1.005	  0.320	  0.000
17	  2.640	 24.998	  1.005	  0.320	  0.000
18	  2.640	 26.387	  1.005	  0.319	  0.000
19	  2.640	 27.776	  1.005	  0.320	  0.000
20	  2.640	 29.165	  1.005	  0.319	  0.000
21	  2.640	 30.554	  1.005	  0.320	  0.000
22	  2.640	 31.943	  1.005	  0.318	  0.000
23	  2.640	 33.332	  1.005	  0.321	  0.000
24	  2.640	 34.720	  1.005	  0.319	  0.000
25	  2.640	 36.110	  1.005	  0.320	  0.000
26	  2.640	 37.498	  1.005	  0.320	  0.000
27	  2.640	 38.887	  1.005	  0.319	  0.000
28	  2.640	 40.276	  1.005	  0.320	  0.000
29	  2.640	 41.665	  1.005	  0.319	  0.000
30	  2.640	 43.054	  1.005	  0.320	  0.000
31	  2.640	 44.443	  1.005	  0.318	  0.000
32	  2.640	 45.832	  1.005	  0.321	  0.000
33	  2.640	 47.220	  1.005	  0.319	  0.000
34	  2.640	 48.610	  1.005	  0.320	  0.000
35	  2.640	 49.998	  1.005	  0.320	  0.000
36	  2.640	 51.387	  1.005	  0.319	  0.000
37	  2.640	 52.776	  1.005	  0.320	  0.000
38	  2.640	 54.165	  1.005	  0.319	  0.000
39	  2.640	 55.554	  1.005	  0.320	  0.000
40	  2.640	 56.943	  1.005	  0.318	  0.000
41	  2.640	 58.332	  1.005	  0.321	  0.000
42	  2.640	 59.720	  1.005	  0.319	  0.000
43	  2.640	 61.110	  1.005	  0.320	  0.000
44	  2.640	 62.498	  1.005	  0.320	  0.000
45	  2.640	 63.887	  1.005	  0.319	  0.000
46	  2.640	 65.276	  1.005	  0.320	  0.000
47	  2.640	 66.665	  1.005	  0.319	  0.000
48	  2.640	 68.054	  1.005	  0.320	  0.000
49	  2.640	 69.443	  1.005	  0.318	  0.000
50	  2.640	 70.832	  1.005	  0.321	  0.000
51	  2.640	 72.220	  1.005	  0.319	  0.000
52	  2.640	 73.610	  1.005	  0.320	  0.000
53	  2.640	 74.998	  1.005	  0.320	  0.000
54	  2.640	 76.387	  1.005	  0.319	  0.000
55	  2.640	 77.776	  1.005	  0.320	  0.000
56	  2.640	 79.165	  1.005	  0.319	  0.000
57	  2.640	 80.554	  1.005	  0.320	  0.000
58	  2.640	 81.943	  1.005	  0.318	  0.000
59	  2.640	 83.332	  1.005	  0.321	  0.000
60	  2.640	 84.720	  1.005	  0.319	  0.000
61	  2.640	 86.110	  1.005	  0.320	  0.000
62	  2.640	 87.498	  1.005	  0.320	  0.000
63	  2.640	 88.887	  1.005	  0.319	  0.000
64	  2.640	 90.276	  1.005	  0.320	  0.000
65	  2.640	 91.665	  1.005	  0.319	  0.000
66	  2.640	 93.054	  1.005	  0.320	  0.000
67	  2.640	 94.443	  1.005	  0.318	  0.000
68	  2.640	 95.832	  1.005	  0.321	  0.000
69	  2.640	 97.220	  1.005	  0.319	  0.000
70	  2.640	 98.610	  1.005	  0.320	  0.000
71	  2.640	 99.998	  1.005	  0.320	  0.000
0	  2.760	  1.426	  1.005	  0.319	  0.000
1	  2.760	  2.815	  1.005	  0.320	  0.000
2	  2.760	  4.203	  1.005	  0.320	  0.000
3	  2.760	  5.592	  1.005	  0.321	  0.000
4	  2.760	  6.981	  1.005	  0.318	  0.000
5	  2.760	  8.370	  1.005	  0.323	  0.000
6	  2.760	  9.759	  1.005	  0.318	  0.000
7	  2.760	 11.148	  1.005	  0.321	  0.000
8	  2.760	 12.537	  1.005	  0.320	  0.000
9	  2.760	 13.926	  1.005	  0.319	  0.000
10	  2.760	 15.315	  1.005	  0.320	  0.000
11	  2.760	 16.703	  1.005	  0.320	  0.000
12	  2.760	 18.092	  1.005	  0.321	  0.000
13	  2.760	 19.481	  1.005	  0.318	  0.000
14	  2.760	 20.870	  1.005	  0.323	  0.000
15	  2.760	 22.259	  1.005	  0.317	  0.000
16	  2.760	 23.648	  1.005	  0.321	  0.000
17	  2.760	 25.037	  1.005	  0.320	  0.000
18	  2.760	 26.426	  1.005	  0.319	  0.000
19	  2.760	 27.815	  1.005	  0.320	  0.000
20	  2.760	 29.203	  1.005	  0.320	  0.000
21	  2.760	 30.592	  1.005	  0.321	  0.000
22	  2.760	 31.981	  1.005	  0.318	  0.000
23	  2.760	 33.370	  1.005	  0.323	  0.000
24	  2.760	 34.759	  1.005	  0.317	  0.000
25	  2.760	 36.148	  1.005	  0.321	  0.000
26	  2.760	 37.537	  1.005	  0.320	  0.000
27	  2.760	 38.926	  1.005	  0.319	  0.000
28	  2.760	 40.315	  1.005	  0.320	  0.000
29	  2.760	 41.703	  1.005	  0.320	  0.000
30	  2.760	 43.092	  1.005	  0.321	  0.000
31	  2.760	 44.481	  1.005	  0.318	  0.000
32	  2.760	 45.870	  1.005	  0.323	  0.000
33	  2.760	 47.259	  1.005	  0.317	  0.000
34	  2.760	 48.648	  1.005	  0.321	  0.000
35	  2.760	 50.037	  1.005	  0.320	  0.000
36	  2.760	 51.426	  1.005	  0.319	  0.000
37	  2.760	 52.815	  1.005	  0.320	  0.000
38	  2.760	 54.203	  1.005	  0.320	  0.000
39	  2.760	 55.592	  1.005	  0.321	  0.000
40	  2.760	 56.981	  1.005	  0.318	  0.000
41	  2.760	 58.370	  1.005	  0.323	  0.000
42	  2.760	 59.759	  1.005	  0.317	  0.000
43	  2.760	 61.148	  1.005	  0.321	  0.000
44	  2.760	 62.537	  1.005	  0.320	  0.000
45	  2.760	 63.926	  1.005	  0.319	  0.000
46	  2.760	 65.315	  1.005	  0.320	  0.000
47	  2.760	 66.703	  1.005	  0.320	  0.000
48	  2.760	 68.092	  1.005	  0.321	  0.000
49	  2.760	 69.481	  1.005	  0.318	  0.000
50	  2.760	 70.870	  1.005	  0.323	  0.000
51	  2.760	 72.259	  1.005	  0.318	  0.000
52	  2.760	 73.648	  1.005	  0.321	  0.000
53	  2.760	 75.037	  1.005	  0.320	  0.000
54	  2.760	 76.426	  1.005	  0.319	  0.000
55	  2.760	 77.815	  1.005	  0.320	  0.000
56	  2.760	 79.203	  1.005	  0.320	  0.000
57	  2.760	 80.592	  1.005	  0.321	  0.000
58	  2.760	 81.981	  1.005	  0.318	  0.000
59	  2.760	 83.370	  1.005	  0.323	  0.000
60	  2.760	 84.759	  1.005	  0.318	  0.000
61	  2.760	 86.148	  1.005	  0.321	  0.000
62	  2.760	 87.537	  1.005	  0.320	  0.000
63	  2.760	 88.926	  1.005	  0.319	  0.000
64	  2.760	 90.315	  1.005	  0.320	  0.000
65	  2.760	 91.703	  1.005	  0.320	  0.000
66	  2.760	 93.092	  1.005	  0.321	  0.000
67	  2.760	 94.481	  1.005	  0.318	  0.000
68	  2.760	 95.870	  1.005	  0.323	  0.000
69	  2.760	 97.259	  1.005	  0.318	  0.000
70	  2.760	 98.648	  1.005	  0.321	  0.000
71	  2.760	100.037	  1.005	  0.320	  0.000
0	  2.880	  1.464	  1.005	  0.319	  0.000
1	  2.880	  2.853	  1.005	  0.321	  0.000
2	  2.880	  4.242	  1.005	  0.319	  0.000
3	  2.880	  5.631	  1.005	  0.322	  0.000
4	  2.880	  7.019	  1.005	  0.316	  0.000
5	  2.880	  8.409	  1.005	  0.326	  0.000
6	  2.880	  9.797	  1.005	  0.315	  0.000
7	  2.880	 11.187	  1.005	  0.323	  0.000
8	  2.880	 12.575	  1.005	  0.319	  0.000
9	  2.880	 13.964	  1.005	  0.319	  0.000
10	  2.880	 15.353	  1.005	  0.321	  0.000
11	  2.880	 16.742	  1.005	  0.319	  0.000
12	  2.880	 18.131	  1.005	  0.322	  0.000
13	  2.880	 19.519	  1.005	  0.316	  0.000
14	  2.880	 20.909	  1.005	  0.326	  0.000
15	  2.880	 22.297	  1.005	  0.315	  0.000
16	  2.880	 23.687	  1.005	  0.323	  0.000
17	  2.880	 25.075	  1.005	  0.319	  0.000
18	  2.880	 26.464	  1.005	  0.319	  0.000
19	  2.880	 27.853	  1.005	  0.321	  0.000
20	  2.880	 29.242	  1.005	  0.319	  0.000
21	  2.880	 30.631	  1.005	  0.322	  0.000
22	  2.880	 32.019	  1.005	  0.316	  0.000
23	  2.880	 33.409	  1.005	  0.326	  0.000
24	  2.880	 34.797	  1.005	  0.315	  0.000
25	  2.880	 36.187	  1.005	  0.323	  0.000
26	  2.880	 37.575	  1.005	  0.319	  0.000
27	  2.880	 38.964	  1.005	  0.319	  0.000
28	  2.880	 40.353	  1.005	  0.321	  0.000
29	  2.880	 41.742	  1.005	  0.319	  0.000
30	  2.880	 43.131	  1.005	  0.322	  0.000
31	  2.880	 44.519	  1.005	  0.316	  0.000
32	  2.880	 45.909	  1.005	  0.326	  0.000
33	  2.880	 47.297	  1.005	  0.315	  0.000
34	  2.880	 48.687	  1.005	  0.323	  0.000
35	  2.880	 50.075	  1.005	  0.319	  0.000
36	  2.880	 51.464	  1.005	  0.319	  0.000
37	  2.880	 52.853	  1.005	  0.321	  0.000
38	  2.880	 54.242	  1.005	  0.319	  0.000
39	  2.880	 55.631	  1.005	  0.322	  0.000
40	  2.880	 57.019	  1.005	  0.316	  0.000
41	  2.880	 58.409	  1.005	  0.326	  0.000
42	  2.880	 59.797	  1.005	  0.315	  0.000
43	  2.880	 61.187	  1.005	  0.323	  0.000
44	  2.880	 62.575	  1.005	  0.319	  0.000
45	  2.880	 63.964	  1.005	  0.319	  0.000
46	  2.880	 65.353	  1.005	  0.321	  0.000
47	  2.880	 66.742	  1.005	  0.319	  0.000
48	  2.880	 68.131	  1.005	  0.322	  0.000
49	  2.880	 69.519	  1.005	  0.316	  0.000
50	  2.880	 70.909	  1.005	  0.326	  0.000
51	  2.880	 72.297	  1.005	  0.315	  0.000
52	  2.880	 73.687	  1.005	  0.323	  0.000
53	  2.880	 75.075	  1.005	  0.319	  0.000
54	  2.880	 76.464	  1.005	  0.319	  0.000
55	  2.880	 77.853	  1.005	  0.321	  0.000
56	  2.880	 79.242	  1.005	  0.319	  0.000
57	  2.880	 80.631	  1.005	  0.322	  0.000
58	  2.880	 82.019	  1.005	  0.316	  0.000
59	  2.880	 83.409	  1.005	  0.326	  0.000
60	  2.880	 84.797	  1.005	  0.315	  0.000
61	  2.880	 86.187	  1.005	  0.323	  0.000
62	  2.880	 87.575	  1.005	  0.319	  0.000
63	  2.880	 88.964	  1.005	  0.319	  0.000
64	  2.880	 90.353	  1.005	  0.321	  0.000
65	  2.880	 91.742	  1.005	  0.319	  0.000
66	  2.880	 93.131	  1.005	  0.322	  0.000
67	  2.880	 94.519	  1.005	  0.316	  0.000
68	  2.880	 95.909	  1.005	  0.326	  0.000
69	  2.880	 97.297	  1.005	  0.315	  0.000
70	  2.880	 98.687	  1.005	  0.323	  0.000
71	  2.880	100.075	  1.005	  0.319	  0.000
0	  3.000	  1.502	  1.005	  0.319	  0.000
1	  3.000	  2.892	  1.005	  0.322	  0.000
2	  3.000	  4.280	  1.005	  0.319	  0.000
3	  3.000	  5.670	  1.005	  0.324	  0.000
4	  3.000	  7.057	  1.005	  0.313	  0.000
5	  3.000	  8.449	  1.005	  0.332	  0.000
6	  3.000	  9.834	  1.005	  0.308	  0.000
7	  3.000	 11.226	  1.005	  0.328	  0.000
8	  3.000	 12.613	  1.005	  0.318	  0.000
9	  3.000	 14.002	  1.005	  0.319	  0.000
10	  3.000	 15.392	  1.005	  0.322	  0.000
11	  3.000	 16.780	  1.005	  0.319	  0.000
12	  3.000	 18.170	  1.005	  0.324	  0.000
13	  3.000	 19.557	  1.005	  0.313	  0.000
14	  3.000	 20.949	  1.005	  0.332	  0.000
15	  3.000	 22.334	  1.005	  0.308	  0.000
16	  3.000	 23.726	  1.005	  0.328	  0.000
17	  3.000	 25.113	  1.005	  0.317	  0.000
18	  3.000	 26.502	  1.005	  0.319	  0.000
19	  3.000	 27.892	  1.005	  0.322	  0.000
20	  3.000	 29.280	  1.005	  0.319	  0.000
21	  3.000	 30.670	  1.005	  0.324	  0.000
22	  3.000	 32.057	  1.005	  0.313	  0.000
23	  3.000	 33.449	  1.005	  0.332	  0.000
24	  3.000	 34.834	  1.005	  0.308	  0.000
25	  3.000	 36.226	  1.005	  0.328	  0.000
26	  3.000	 37.613	  1.005	  0.317	  0.000
27	  3.000	 39.002	  1.005	  0.319	  0.000
28	  3.000	 40.392	  1.005	  0.322	  0.000
29	  3.000	 41.780	  1.005	  0.319	  0.000
30	  3.000	 43.170	  1.005	  0.324	  0.000
31	  3.000	 44.557	  1.005	  0.313	  0.000
32	  3.000	 45.949	  1.005	  0.332	  0.000
33	  3.000	 47.334	  1.005	  0.308	  0.000
34	  3.000	 48.726	  1.005	  0.328	  0.000
35	  3.000	 50.113	  1.005	  0.317	  0.000
36	  3.000	 51.502	  1.005	  0.319	  0.000
37	  3.000	 52.892	  1.005	  0.322	  0.000
38	  3.000	 54.280	  1.005	  0.319	  0.000
39	  3.000	 55.670	  1.005	  0.324	  0.000
40	  3.000	 57.057	  1.005	  0.313	  0.000
41	  3.000	 58.449	  1.005	  0.332	  0.000
42	  3.000	 59.834	  1.005	  0.308	  0.000
43	  3.000	 61.226	  1.005	  0.328	  0.000
44	  3.000	 62.613	  1.005	  0.317	  0.000
45	  3.000	 64.002	  1.005	  0.319	  0.000
46	  3.000	 65.392	  1.005	  0.322	  0.000
47	  3.000	 66.780	  1.005	  0.319	  0.000
48	  3.000	 68.170	  1.005	  0.324	  0.000
49	  3.000	 69.557	  1.005	  0.313	  0.000
50	  3.000	 70.949	  1.005	  0.332	  0.000
51	  3.000	 72.334	  1.005	  0.308	  0.000
52	  3.000	 73.726	  1.005	  0.328	  0.000
53	  3.000	 75.113	  1.005	  0.318	  0.000
54	  3.000	 76.502	  1.005	  0.319	  0.000
55	  3.000	 77.892	  1.005	  0.322	  0.000
56	  3.000	 79.280	  1.005	  0.319	  0.000
57	  3.000	 80.670	  1.005	  0.324	  0.000
58	  3.000	 82.057	  1.005	  0.313	  0.000
59	  3.000	 83.449	  1.005	  0.332	  0.000
60	  3.000	 84.834	  1.005	  0.308	  0.000
61	  3.000	 86.226	  1.005	  0.328	  0.000
62	  3.000	 87.613	  1.005	  0.318	  0.000
63	  3.000	 89.002	  1.005	  0.319	  0.000
64	  3.000	 90.392	  1.005	  0.322	  0.000
65	  3.000	 91.780	  1.005	  0.319	  0.000
66	  3.000	 93.170	  1.005	  0.324	  0.000
67	  3.000	 94.557	  1.005	  0.313	  0.000
68	  3.000	 95.949	  1.005	  0.332	  0.000
69	  3.000	 97.334	  1.005	  0.308	  0.000
70	  3.000	 98.726	  1.005	  0.328	  0.000
71	  3.000	100.113	  1.005	  0.318	  0.000
