# id	 time	 x	 y	 vx	 vy
0	  0.000	  7.143	  1.000	  0.010	  0.010
1	  0.000	 21.429	  1.000	  0.010	  0.010
2	  0.000	 35.714	  1.000	  0.010	  0.010
3	  0.000	 50.000	  1.000	  0.010	  0.010
4	  0.000	 64.286	  1.000	  0.010	  0.010
5	  0.000	 78.571	  1.000	  0.010	  0.010
6	  0.000	 92.857	  1.000	  0.010	  0.010
0	  0.120	  7.162	  1.001	  0.331	  0.008
1	  0.120	 21.448	  1.001	  0.331	  0.008
2	  0.120	 35.734	  1.001	  0.331	  0.008
3	  0.120	 50.020	  1.001	  0.331	  0.008
4	  0.120	 64.305	  1.001	  0.331	  0.008
5	  0.120	 78.591	  1.001	  0.331	  0.008
6	  0.120	 92.877	  1.001	  0.331	  0.008
0	  0.240	  7.217	  1.002	  0.582	  0.006
1	  0.240	 21.502	  1.002	  0.582	  0.006
2	  0.240	 35.788	  1.002	  0.582	  0.006
3	  0.240	 50.074	  1.002	  0.582	  0.006
4	  0.240	 64.359	  1.002	  0.582	  0.006
5	  0.240	 78.645	  1.002	  0.582	  0.006
6	  0.240	 92.931	  1.002	  0.582	  0.006
0	  0.360	  7.298	  1.003	  0.780	  0.005
1	  0.360	 21.584	  1.003	  0.780	  0.005
2	  0.360	 35.869	  1.003	  0.780	  0.005
3	  0.360	 50.155	  1.003	  0.780	  0.005
4	  0.360	 64.441	  1.003	  0.780	  0.005
5	  0.360	 78.726	  1.003	  0.780	  0.005
6	  0.360	 93.012	  1.003	  0.780	  0.005
0	  0.480	  7.400	  1.003	  0.935	  0.004
1	  0.480	 21.686	  1.003	  0.935	  0.004
2	  0.480	 35.972	  1.003	  0.935	  0.004
3	  0.480	 50.257	  1.003	  0.935	  0.004
4	  0.480	 64.543	  1.003	  0.935	  0.004
5	  0.480	 78.829	  1.003	  0.935	  0.004
6	  0.480	 93.115	  1.003	  0.935	  0.004
0	  0.600	  7.520	  1.004	  1.057	  0.003
1	  0.600	 21.805	  1.004	  1.057	  0.003
2	  0.600	 36.091	  1.004	  1.057	  0.003
3	  0.600	 50.377	  1.004	  1.057	  0.003
4	  0.600	 64.662	  1.004	  1.057	  0.003
5	  0.600	 78.948	  1.004	  1.057	  0.003
6	  0.600	 93.234	  1.004	  1.057	  0.003
0	  0.720	  7.652	  1.004	  1.152	  0.002
1	  0.720	 21.938	  1.004	  1.152	  0.002
2	  0.720	 36.223	  1.004	  1.152	  0.002
3	  0.720	 50.509	  1.004	  1.152	  0.002
4	  0.720	 64.795	  1.004	  1.152	  0.002
5	  0.720	 79.080	  1.004	  1.152	  0.002
6	  0.720	 93.366	  1.004	  1.152	  0.002
0	  0.840	  7.794	  1.004	  1.227	  0.002
1	  0.840	 22.080	  1.004	  1.227	  0.002
2	  0.840	 36.366	  1.004	  1.227	  0.002
3	  0.840	 50.652	  1.004	  1.227	  0.002
4	  0.840	 64.937	  1.004	  1.227	  0.002
5	  0.840	 79.223	  1.004	  1.227	  0.002
6	  0.840	 93.509	  1.004	  1.227	  0.002
0	  0.960	  7.945	  1.004	  1.286	  0.001
1	  0.960	 22.231	  1.004	  1.286	  0.001
2	  0.960	 36.516	  1.004	  1.286	  0.001
3	  0.960	 50.802	  1.004	  1.286	  0.001
4	  0.960	 65.088	  1.004	  1.286	  0.001
5	  0.960	 79.374	  1.004	  1.286	  0.001
6	  0.960	 93.659	  1.004	  1.286	  0.001
0	  1.080	  8.102	  1.004	  1.332	  0.001
1	  1.080	 22.388	  1.004	  1.332	  0.001
2	  1.080	 36.673	  1.004	  1.332	  0.001
3	  1.080	 50.959	  1.004	  1.332	  0.001
4	  1.080	 65.245	  1.004	  1.332	  0.001
5	  1.080	 79.530	  1.004	  1.332	  0.001
6	  1.080	 93.816	  1.004	  1.332	  0.001
0	  1.200	  8.264	  1.005	  1.368	  0.001
1	  1.200	 22.550	  1.005	  1.368	  0.001
2	  1.200	 36.835	  1.005	  1.368	  0.001
3	  1.200	 51.121	  1.005	  1.368	  0.001
4	  1.200	 65.407	  1.005	  1.368	  0.001
5	  1.200	 79.692	  1.005	  1.368	  0.001
6	  1.200	 93.978	  1.005	  1.368	  0.001
0	  1.320	  8.430	  1.005	  1.396	  0.001
1	  1.320	 22.715	  1.005	  1.396	  0.001
2	  1.320	 37.001	  1.005	  1.396	  0.001
3	  1.320	 51.287	  1.005	  1.396	  0.001
4	  1.320	 65.572	  1.005	  1.396	  0.001
5	  1.320	 79.858	  1.005	  1.396	  0.001
6	  1.320	 94.144	  1.005	  1.396	  0.001
0	  1.440	  8.598	  1.005	  1.419	  0.001
1	  1.440	 22.884	  1.005	  1.419	  0.001
2	  1.440	 37.170	  1.005	  1.419	  0.001
3	  1.440	 51.456	  1.005	  1.419	  0.001
4	  1.440	 65.741	  1.005	  1.419	  0.001
5	  1.440	 80.027	  1.005	  1.419	  0.001
6	  1.440	 94.313	  1.005	  1.419	  0.001
0	  1.560	  8.770	  1.005	  1.436	  0.000
1	  1.560	 23.055	  1.005	  1.436	  0.000
2	  1.560	 37.341	  1.005	  1.436	  0.000
3	  1.560	 51.627	  1.005	  1.436	  0.000
4	  1.560	 65.913	  1.005	  1.436	  0.000
5	  1.560	 80.198	  1.005	  1.436	  0.000
6	  1.560	 94.484	  1.005	  1.436	  0.000
0	  1.680	  8.943	  1.005	  1.450	  0.000
1	  1.680	 23.229	  1.005	  1.450	  0.000
2	  1.680	 37.514	  1.005	  1.450	  0.000
3	  1.680	 51.800	  1.005	  1.450	  0.000
4	  1.680	 66.086	  1.005	  1.450	  0.000
5	  1.680	 80.371	  1.005	  1.450	  0.000
6	  1.680	 94.657	  1.005	  1.450	  0.000
0	  1.800	  9.117	  1.005	  1.461	  0.000
1	  1.800	 23.403	  1.005	  1.461	  0.000
2	  1.800	 37.689	  1.005	  1.461	  0.000
3	  1.800	 51.975	  1.005	  1.461	  0.000
4	  1.800	 66.260	  1.005	  1.461	  0.000
5	  1.800	 80.546	  1.005	  1.461	  0.000
6	  1.800	 94.832	  1.005	  1.461	  0.000
0	  1.920	  9.293	  1.005	  1.469	  0.000
1	  1.920	 23.579	  1.005	  1.469	  0.000
2	  1.920	 37.865	  1.005	  1.469	  0.000
3	  1.920	 52.150	  1.005	  1.469	  0.000
4	  1.920	 66.436	  1.005	  1.469	  0.000
5	  1.920	 80.722	  1.005	  1.469	  0.000
6	  1.920	 95.008	  1.005	  1.469	  0.000
0	  2.040	  9.470	  1.005	  1.476	  0.000
1	  2.040	 23.756	  1.005	  1.476	  0.000
2	  2.040	 38.041	  1.005	  1.476	  0.000
3	  2.040	 52.327	  1.005	  1.476	  0.000
4	  2.040	 66.613	  1.005	  1.476	  0.000
5	  2.040	 80.899	  1.005	  1.476	  0.000
6	  2.040	 95.184	  1.005	  1.476	  0.000
0	  2.160	  9.647	  1.005	  1.481	  0.000
1	  2.160	 23.933	  1.005	  1.481	  0.000
2	  2.160	 38.219	  1.005	  1.481	  0.000
3	  2.160	 52.504	  1.005	  1.481	  0.000
4	  2.160	 66.790	  1.005	  1.481	  0.000
5	  2.160	 81.076	  1.005	  1.481	  0.000
6	  2.160	 95.362	  1.005	  1.481	  0.000
0	  2.280	  9.825	  1.005	  1.485	  0.000
1	  2.280	 24.111	  1.005	  1.485	  0.000
2	  2.280	 38.397	  1.005	  1.485	  0.000
3	  2.280	 52.682	  1.005	  1.485	  0.000
4	  2.280	 66.968	  1.005	  1.485	  0.000
5	  2.280	 81.254	  1.005	  1.485	  0.000
6	  2.280	 95.540	  1.005	  1.485	  0.000
0	  2.400	 10.004	  1.005	  1.488	  0.000
1	  2.400	 24.289	  1.005	  1.488	  0.000
2	  2.400	 38.575	  1.005	  1.488	  0.000
3	  2.400	 52.861	  1.005	  1.488	  0.000
4	  2.400	 67.147	  1.005	  1.488	  0.000
5	  2.400	 81.432	  1.005	  1.488	  0.000
6	  2.400	 95.718	  1.005	  1.488	  0.000
0	  2.520	 10.182	  1.005	  1.491	  0.000
1	  2.520	 24.468	  1.005	  1.491	  0.000
2	  2.520	 38.754	  1.005	  1.491	  0.000
3	  2.520	 53.040	  1.005	  1.491	  0.000
4	  2.520	 67.325	  1.005	  1.491	  0.000
5	  2.520	 81.611	  1.005	  1.491	  0.000
6	  2.520	 95.897	  1.005	  1.491	  0.000
0	  2.640	 10.361	  1.005	  1.493	  0.000
1	  2.640	 24.647	  1.005	  1.493	  0.000
2	  2.640	 38.933	  1.005	  1.493	  0.000
3	  2.640	 53.219	  1.005	  1.493	  0.000
4	  2.640	 67.504	  1.005	  1.493	  0.000
5	  2.640	 81.790	  1.005	  1.493	  0.000
6	  2.640	 96.076	  1.005	  1.493	  0.000
0	  2.760	 10.541	  1.005	  1.494	  0.000
1	  2.760	 24.826	  1.005	  1.494	  0.000
2	  2.760	 39.112	  1.005	  1.494	  0.000
3	  2.760	 53.398	  1.005	  1.494	  0.000
4	  2.760	 67.684	  1.005	  1.494	  0.000
5	  2.760	 81.969	  1.005	  1.494	  0.000
6	  2.760	 96.255	  1.005	  1.494	  0.000
0	  2.880	 10.720	  1.005	  1.496	  0.000
1	  2.880	 25.006	  1.005	  1.496	  0.000
2	  2.880	 39.292	  1.005	  1.496	  0.000
3	  2.880	 53.577	  1.005	  1.496	  0.000
4	  2.880	 67.863	  1.005	  1.496	  0.000
5	  2.880	 82.149	  1.005	  1.496	  0.000
6	  2.880	 96.434	  1.005	  1.496	  0.000
0	  3.000	 10.900	  1.005	  1.497	  0.000
1	  3.000	 25.185	  1.005	  1.497	  0.000
2	  3.000	 39.471	  1.005	  1.497	  0.000
3	  3.000	 53.757	  1.005	  1.497	  0.000
4	  3.000	 68.042	  1.005	  1.497	  0.000
5	  3.000	 82.328	  1.005	  1.497	  0.000
6	  3.000	 96.614	  1.005	  1.497	  0.000
