# id	 time	 x	 y	 vx	 vy
0	  0.000	  1.250	  1.000	  0.010	  0.010
1	  0.000	  3.750	  1.000	  0.010	  0.010
2	  0.000	  6.250	  1.000	  0.010	  0.010
3	  0.000	  8.750	  1.000	  0.010	  0.010
4	  0.000	 11.250	  1.000	  0.010	  0.010
5	  0.000	 13.750	  1.000	  0.010	  0.010
6	  0.000	 16.250	  1.000	  0.010	  0.010
7	  0.000	 18.750	  1.000	  0.010	  0.010
8	  0.000	 21.250	  1.000	  0.010	  0.010
9	  0.000	 23.750	  1.000	  0.010	  0.010
10	  0.000	 26.250	  1.000	  0.010	  0.010
11	  0.000	 28.750	  1.000	  0.010	  0.010
12	  0.000	 31.250	  1.000	  0.010	  0.010
13	  0.000	 33.750	  1.000	  0.010	  0.010
14	  0.000	 36.250	  1.000	  0.010	  0.010
15	  0.000	 38.750	  1.000	  0.010	  0.010
16	  0.000	 41.250	  1.000	  0.010	  0.010
17	  0.000	 43.750	  1.000	  0.010	  0.010
18	  0.000	 46.250	  1.000	  0.010	  0.010
19	  0.000	 48.750	  1.000	  0.010	  0.010
20	  0.000	 51.250	  1.000	  0.010	  0.010
21	  0.000	 53.750	  1.000	  0.010	  0.010
22	  0.000	 56.250	  1.000	  0.010	  0.010
23	  0.000	 58.750	  1.000	  0.010	  0.010
24	  0.000	 61.250	  1.000	  0.010	  0.010
25	  0.000	 63.750	  1.000	  0.010	  0.010
26	  0.000	 66.250	  1.000	  0.010	  0.010
27	  0.000	 68.750	  1.000	  0.010	  0.010
28	  0.000	 71.250	  1.000	  0.010	  0.010
29	  0.000	 73.750	  1.000	  0.010	  0.010
30	  0.000	 76.250	  1.000	  0.010	  0.010
31	  0.000	 78.750	  1.000	  0.010	  0.010
32	  0.000	 81.250	  1.000	  0.010	  0.010
33	  0.000	 83.750	  1.000	  0.010	  0.010
34	  0.000	 86.250	  1.000	  0.010	  0.010
35	  0.000	 88.750	  1.000	  0.010	  0.010
36	  0.000	 91.250	  1.000	  0.010	  0.010
37	  0.000	 93.750	  1.000	  0.010	  0.010
38	  0.000	 96.250	  1.000	  0.010	  0.010
39	  0.000	 98.750	  1.000	  0.010	  0.010
0	  0.120	  1.270	  1.001	  0.331	  0.008
1	  0.120	  3.770	  1.001	  0.331	  0.008
2	  0.120	  6.270	  1.001	  0.331	  0.008
3	  0.120	  8.770	  1.001	  0.331	  0.008
4	  0.120	 11.270	  1.001	  0.331	  0.008
5	  0.120	 13.770	  1.001	  0.331	  0.008
6	  0.120	 16.270	  1.001	  0.331	  0.008
7	  0.120	 18.770	  1.001	  0.331	  0.008
8	  0.120	 21.270	  1.001	  0.331	  0.008
9	  0.120	 23.770	  1.001	  0.331	  0.008
10	  0.120	 26.270	  1.001	  0.331	  0.008
11	  0.120	 28.770	  1.001	  0.331	  0.008
12	  0.120	 31.270	  1.001	  0.331	  0.008
13	  0.120	 33.770	  1.001	  0.331	  0.008
14	  0.120	 36.270	  1.001	  0.331	  0.008
15	  0.120	 38.770	  1.001	  0.331	  0.008
16	  0.120	 41.270	  1.001	  0.331	  0.008
17	  0.120	 43.770	  1.001	  0.331	  0.008
18	  0.120	 46.270	  1.001	  0.331	  0.008
19	  0.120	 48.770	  1.001	  0.331	  0.008
20	  0.120	 51.270	  1.001	  0.331	  0.008
21	  0.120	 53.770	  1.001	  0.331	  0.008
22	  0.120	 56.270	  1.001	  0.331	  0.008
23	  0.120	 58.770	  1.001	  0.331	  0.008
24	  0.120	 61.270	  1.001	  0.331	  0.008
25	  0.120	 63.770	  1.001	  0.331	  0.008
26	  0.120	 66.270	  1.001	  0.331	  0.008
27	  0.120	 68.770	  1.001	  0.331	  0.008
28	  0.120	 71.270	  1.001	  0.331	  0.008
29	  0.120	 73.770	  1.001	  0.331	  0.008
30	  0.120	 76.270	  1.001	  0.331	  0.008
31	  0.120	 78.770	  1.001	  0.331	  0.008
32	  0.120	 81.270	  1.001	  0.331	  0.008
33	  0.120	 83.770	  1.001	  0.331	  0.008
34	  0.120	 86.270	  1.001	  0.331	  0.008
35	  0.120	 88.770	  1.001	  0.331	  0.008
36	  0.120	 91.270	  1.001	  0.331	  0.008
37	  0.120	 93.770	  1.001	  0.331	  0.008
38	  0.120	 96.270	  1.001	  0.331	  0.008
39	  0.120	 98.770	  1.001	  0.331	  0.008
0	  0.240	  1.324	  1.002	  0.582	  0.006
1	  0.240	  3.824	  1.002	  0.582	  0.006
2	  0.240	  6.324	  1.002	  0.582	  0.006
3	  0.240	  8.824	  1.002	  0.582	  0.006
4	  0.240	 11.324	  1.002	  0.582	  0.006
5	  0.240	 13.824	  1.002	  0.582	  0.006
6	  0.240	 16.324	  1.002	  0.582	  0.006
7	  0.240	 18.824	  1.002	  0.582	  0.006
8	  0.240	 21.324	  1.002	  0.582	  0.006
9	  0.240	 23.824	  1.002	  0.582	  0.006
10	  0.240	 26.324	  1.002	  0.582	  0.006
11	  0.240	 28.824	  1.002	  0.582	  0.006
12	  0.240	 31.324	  1.002	  0.582	  0.006
13	  0.240	 33.824	  1.002	  0.582	  0.006
14	  0.240	 36.324	  1.002	  0.582	  0.006
15	  0.240	 38.824	  1.002	  0.582	  0.006
16	  0.240	 41.324	  1.002	  0.582	  0.006
17	  0.240	 43.824	  1.002	  0.582	  0.006
18	  0.240	 46.324	  1.002	  0.582	  0.006
19	  0.240	 48.824	  1.002	  0.582	  0.006
20	  0.240	 51.324	  1.002	  0.582	  0.006
21	  0.240	 53.824	  1.002	  0.582	  0.006
22	  0.240	 56.324	  1.002	  0.582	  0.006
23	  0.240	 58.824	  1.002	  0.582	  0.006
24	  0.240	 61.324	  1.002	  0.582	  0.006
25	  0.240	 63.824	  1.002	  0.582	  0.006
26	  0.240	 66.324	  1.002	  0.582	  0.006
27	  0.240	 68.824	  1.002	  0.582	  0.006
28	  0.240	 71.324	  1.002	  0.582	  0.006
29	  0.240	 73.824	  1.002	  0.582	  0.006
30	  0.240	 76.324	  1.002	  0.582	  0.006
31	  0.240	 78.824	  1.002	  0.582	  0.006
32	  0.240	 81.324	  1.002	  0.582	  0.006
33	  0.240	 83.824	  1.002	  0.582	  0.006
34	  0.240	 86.324	  1.002	  0.582	  0.006
35	  0.240	 88.824	  1.002	  0.582	  0.006
36	  0.240	 91.324	  1.002	  0.582	  0.006
37	  0.240	 93.824	  1.002	  0.582	  0.006
38	  0.240	 96.324	  1.002	  0.582	  0.006
39	  0.240	 98.824	  1.002	  0.582	  0.006
0	  0.360	  1.405	  1.003	  0.780	  0.005
1	  0.360	  3.905	  1.003	  0.780	  0.005
2	  0.360	  6.405	  1.003	  0.780	  0.005
3	  0.360	  8.905	  1.003	  0.780	  0.005
4	  0.360	 11.405	  1.003	  0.780	  0.005
5	  0.360	 13.905	  1.003	  0.780	  0.005
6	  0.360	 16.405	  1.003	  0.780	  0.005
7	  0.360	 18.905	  1.003	  0.780	  0.005
8	  0.360	 21.405	  1.003	  0.780	  0.005
9	  0.360	 23.905	  1.003	  0.780	  0.005
10	  0.360	 26.405	  1.003	  0.780	  0.005
11	  0.360	 28.905	  1.003	  0.780	  0.005
12	  0.360	 31.405	  1.003	  0.780	  0.005
13	  0.360	 33.905	  1.003	  0.780	  0.005
14	  0.360	 36.405	  1.003	  0.780	  0.005
15	  0.360	 38.905	  1.003	  0.780	  0.005
16	  0.360	 41.405	  1.003	  0.780	  0.005
17	  0.360	 43.905	  1.003	  0.780	  0.005
18	  0.360	 46.405	  1.003	  0.780	  0.005
19	  0.360	 48.905	  1.003	  0.780	  0.005
20	  0.360	 51.405	  1.003	  0.780	  0.005
21	  0.360	 53.905	  1.003	  0.780	  0.005
22	  0.360	 56.405	  1.003	  0.780	  0.005
23	  0.360	 58.905	  1.003	  0.780	  0.005
24	  0.360	 61.405	  1.003	  0.780	  0.005
25	  0.360	 63.905	  1.003	  0.780	  0.005
26	  0.360	 66.405	  1.003	  0.780	  0.005
27	  0.360	 68.905	  1.003	  0.780	  0.005
28	  0.360	 71.405	  1.003	  0.780	  0.005
29	  0.360	 73.905	  1.003	  0.780	  0.005
30	  0.360	 76.405	  1.003	  0.780	  0.005
31	  0.360	 78.905	  1.003	  0.780	  0.005
32	  0.360	 81.405	  1.003	  0.780	  0.005
33	  0.360	 83.905	  1.003	  0.780	  0.005
34	  0.360	 86.405	  1.003	  0.780	  0.005
35	  0.360	 88.905	  1.003	  0.780	  0.005
36	  0.360	 91.405	  1.003	  0.780	  0.005
37	  0.360	 93.905	  1.003	  0.780	  0.005
38	  0.360	 96.405	  1.003	  0.780	  0.005
39	  0.360	 98.905	  1.003	  0.780	  0.005
0	  0.480	  1.507	  1.003	  0.935	  0.004
1	  0.480	  4.007	  1.003	  0.935	  0.004
2	  0.480	  6.507	  1.003	  0.935	  0.004
3	  0.480	  9.007	  1.003	  0.935	  0.004
4	  0.480	 11.507	  1.003	  0.935	  0.004
5	  0.480	 14.007	  1.003	  0.935	  0.004
6	  0.480	 16.507	  1.003	  0.935	  0.004
7	  0.480	 19.007	  1.003	  0.935	  0.004
8	  0.480	 21.507	  1.003	  0.935	  0.004
9	  0.480	 24.007	  1.003	  0.935	  0.004
10	  0.480	 26.507	  1.003	  0.935	  0.004
11	  0.480	 29.007	  1.003	  0.935	  0.004
12	  0.480	 31.507	  1.003	  0.935	  0.004
13	  0.480	 34.007	  1.003	  0.935	  0.004
14	  0.480	 36.507	  1.003	  0.935	  0.004
15	  0.480	 39.007	  1.003	  0.935	  0.004
16	  0.480	 41.507	  1.003	  0.935	  0.004
17	  0.480	 44.007	  1.003	  0.935	  0.004
18	  0.480	 46.507	  1.003	  0.935	  0.004
19	  0.480	 49.007	  1.003	  0.935	  0.004
20	  0.480	 51.507	  1.003	  0.935	  0.004
21	  0.480	 54.007	  1.003	  0.935	  0.004
22	  0.480	 56.507	  1.003	  0.935	  0.004
23	  0.480	 59.007	  1.003	  0.935	  0.004
24	  0.480	 61.507	  1.003	  0.935	  0.004
25	  0.480	 64.007	  1.003	  0.935	  0.004
26	  0.480	 66.507	  1.003	  0.935	  0.004
27	  0.480	 69.007	  1.003	  0.935	  0.004
28	  0.480	 71.507	  1.003	  0.935	  0.004
29	  0.480	 74.007	  1.003	  0.935	  0.004
30	  0.480	 76.507	  1.003	  0.935	  0.004
31	  0.480	 79.007	  1.003	  0.935	  0.004
32	  0.480	 81.507	  1.003	  0.935	  0.004
33	  0.480	 84.007	  1.003	  0.935	  0.004
34	  0.480	 86.507	  1.003	  0.935	  0.004
35	  0.480	 89.007	  1.003	  0.935	  0.004
36	  0.480	 91.507	  1.003	  0.935	  0.004
37	  0.480	 94.007	  1.003	  0.935	  0.004
38	  0.480	 96.507	  1.003	  0.935	  0.004
39	  0.480	 99.007	  1.003	  0.935	  0.004
0	  0.600	  1.627	  1.004	  1.057	  0.003
1	  0.600	  4.127	  1.004	  1.057	  0.003
2	  0.600	  6.627	  1.004	  1.057	  0.003
3	  0.600	  9.127	  1.004	  1.057	  0.003
4	  0.600	 11.627	  1.004	  1.057	  0.003
5	  0.600	 14.127	  1.004	  1.057	  0.003
6	  0.600	 16.627	  1.004	  1.057	  0.003
7	  0.600	 19.127	  1.004	  1.057	  0.003
8	  0.600	 21.627	  1.004	  1.057	  0.003
9	  0.600	 24.127	  1.004	  1.057	  0.003
10	  0.600	 26.627	  1.004	  1.057	  0.003
11	  0.600	 29.127	  1.004	  1.057	  0.003
12	  0.600	 31.627	  1.004	  1.057	  0.003
13	  0.600	 34.127	  1.004	  1.057	  0.003
14	  0.600	 36.627	  1.004	  1.057	  0.003
15	  0.600	 39.127	  1.004	  1.057	  0.003
16	  0.600	 41.627	  1.004	  1.057	  0.003
17	  0.600	 44.127	  1.004	  1.057	  0.003
18	  0.600	 46.627	  1.004	  1.057	  0.003
19	  0.600	 49.127	  1.004	  1.057	  0.003
20	  0.600	 51.627	  1.004	  1.057	  0.003
21	  0.600	 54.127	  1.004	  1.057	  0.003
22	  0.600	 56.627	  1.004	  1.057	  0.003
23	  0.600	 59.127	  1.004	  1.057	  0.003
24	  0.600	 61.627	  1.004	  1.057	  0.003
25	  0.600	 64.127	  1.004	  1.057	  0.003
26	  0.600	 66.627	  1.004	  1.057	  0.003
27	  0.600	 69.127	  1.004	  1.057	  0.003
28	  0.600	 71.627	  1.004	  1.057	  0.003
29	  0.600	 74.127	  1.004	  1.057	  0.003
30	  0.600	 76.627	  1.004	  1.057	  0.003
31	  0.600	 79.127	  1.004	  1.057	  0.003
32	  0.600	 81.627	  1.004	  1.057	  0.003
33	  0.600	 84.127	  1.004	  1.057	  0.003
34	  0.600	 86.627	  1.004	  1.057	  0.003
35	  0.600	 89.127	  1.004	  1.057	  0.003
36	  0.600	 91.627	  1.004	  1.057	  0.003
37	  0.600	 94.127	  1.004	  1.057	  0.003
38	  0.600	 96.627	  1.004	  1.057	  0.003
39	  0.600	 99.127	  1.004	  1.057	  0.003
0	  0.720	  1.759	  1.004	  1.152	  0.002
1	  0.720	  4.259	  1.004	  1.152	  0.002
2	  0.720	  6.759	  1.004	  1.152	  0.002
3	  0.720	  9.259	  1.004	  1.152	  0.002
4	  0.720	 11.759	  1.004	  1.152	  0.002
5	  0.720	 14.259	  1.004	  1.152	  0.002
6	  0.720	 16.759	  1.004	  1.152	  0.002
7	  0.720	 19.259	  1.004	  1.152	  0.002
8	  0.720	 21.759	  1.004	  1.152	  0.002
9	  0.720	 24.259	  1.004	  1.152	  0.002
10	  0.720	 26.759	  1.004	  1.152	  0.002
11	  0.720	 29.259	  1.004	  1.152	  0.002
12	  0.720	 31.759	  1.004	  1.152	  0.002
13	  0.720	 34.259	  1.004	  1.152	  0.002
14	  0.720	 36.759	  1.004	  1.152	  0.002
15	  0.720	 39.259	  1.004	  1.152	  0.002
16	  0.720	 41.759	  1.004	  1.152	  0.002
17	  0.720	 44.259	  1.004	  1.152	  0.002
18	  0.720	 46.759	  1.004	  1.152	  0.002
19	  0.720	 49.259	  1.004	  1.152	  0.002
20	  0.720	 51.759	  1.004	  1.152	  0.002
21	  0.720	 54.259	  1.004	  1.152	  0.002
22	  0.720	 56.759	  1.004	  1.152	  0.002
23	  0.720	 59.259	  1.004	  1.152	  0.002
24	  0.720	 61.759	  1.004	  1.152	  0.002
25	  0.720	 64.259	  1.004	  1.152	  0.002
26	  0.720	 66.759	  1.004	  1.152	  0.002
27	  0.720	 69.259	  1.004	  1.152	  0.002
28	  0.720	 71.759	  1.004	  1.152	  0.002
29	  0.720	 74.259	  1.004	  1.152	  0.002
30	  0.720	 76.759	  1.004	  1.152	  0.002
31	  0.720	 79.259	  1.004	  1.152	  0.002
32	  0.720	 81.759	  1.004	  1.152	  0.002
33	  0.720	 84.259	  1.004	  1.152	  0.002
34	  0.720	 86.759	  1.004	  1.152	  0.002
35	  0.720	 89.259	  1.004	  1.152	  0.002
36	  0.720	 91.759	  1.004	  1.152	  0.002
37	  0.720	 94.259	  1.004	  1.152	  0.002
38	  0.720	 96.759	  1.004	  1.152	  0.002
39	  0.720	 99.259	  1.004	  1.152	  0.002
0	  0.840	  1.902	  1.004	  1.227	  0.002
1	  0.840	  4.402	  1.004	  1.227	  0.002
2	  0.840	  6.902	  1.004	  1.227	  0.002
3	  0.840	  9.402	  1.004	  1.227	  0.002
4	  0.840	 11.902	  1.004	  1.227	  0.002
5	  0.840	 14.402	  1.004	  1.227	  0.002
6	  0.840	 16.902	  1.004	  1.227	  0.002
7	  0.840	 19.402	  1.004	  1.227	  0.002
8	  0.840	 21.902	  1.004	  1.227	  0.002
9	  0.840	 24.402	  1.004	  1.227	  0.002
10	  0.840	 26.902	  1.004	  1.227	  0.002
11	  0.840	 29.402	  1.004	  1.227	  0.002
12	  0.840	 31.902	  1.004	  1.227	  0.002
13	  0.840	 34.402	  1.004	  1.227	  0.002
14	  0.840	 36.902	  1.004	  1.227	  0.002
15	  0.840	 39.402	  1.004	  1.227	  0.002
16	  0.840	 41.902	  1.004	  1.227	  0.002
17	  0.840	 44.402	  1.004	  1.227	  0.002
18	  0.840	 46.902	  1.004	  1.227	  0.002
19	  0.840	 49.402	  1.004	  1.227	  0.002
20	  0.840	 51.902	  1.004	  1.227	  0.002
21	  0.840	 54.402	  1.004	  1.227	  0.002
22	  0.840	 56.902	  1.004	  1.227	  0.002
23	  0.840	 59.402	  1.004	  1.227	  0.002
24	  0.840	 61.902	  1.004	  1.227	  0.002
25	  0.840	 64.402	  1.004	  1.227	  0.002
26	  0.840	 66.902	  1.004	  1.227	  0.002
27	  0.840	 69.402	  1.004	  1.227	  0.002
28	  0.840	 71.902	  1.004	  1.227	  0.002
29	  0.840	 74.402	  1.004	  1.227	  0.002
30	  0.840	 76.902	  1.004	  1.227	  0.002
31	  0.840	 79.402	  1.004	  1.227	  0.002
32	  0.840	 81.902	  1.004	  1.227	  0.002
33	  0.840	 84.402	  1.004	  1.227	  0.002
34	  0.840	 86.902	  1.004	  1.227	  0.002
35	  0.840	 89.402	  1.004	  1.227	  0.002
36	  0.840	 91.902	  1.004	  1.227	  0.002
37	  0.840	 94.402	  1.004	  1.227	  0.002
38	  0.840	 96.902	  1.004	  1.227	  0.002
39	  0.840	 99.402	  1.004	  1.227	  0.002
0	  0.960	  2.052	  1.004	  1.286	  0.001
1	  0.960	  4.552	  1.004	  1.286	  0.001
2	  0.960	  7.052	  1.004	  1.286	  0.001
3	  0.960	  9.552	  1.004	  1.286	  0.001
4	  0.960	 12.052	  1.004	  1.286	  0.001
5	  0.960	 14.552	  1.004	  1.286	  0.001
6	  0.960	 17.052	  1.004	  1.286	  0.001
7	  0.960	 19.552	  1.004	  1.286	  0.001
8	  0.960	 22.052	  1.004	  1.286	  0.001
9	  0.960	 24.552	  1.004	  1.286	  0.001
10	  0.960	 27.052	  1.004	  1.286	  0.001
11	  0.960	 29.552	  1.004	  1.286	  0.001
12	  0.960	 32.052	  1.004	  1.286	  0.001
13	  0.960	 34.552	  1.004	  1.286	  0.001
14	  0.960	 37.052	  1.004	  1.286	  0.001
15	  0.960	 39.552	  1.004	  1.286	  0.001
16	  0.960	 42.052	  1.004	  1.286	  0.001
17	  0.960	 44.552	  1.004	  1.286	  0.001
18	  0.960	 47.052	  1.004	  1.286	  0.001
19	  0.960	 49.552	  1.004	  1.286	  0.001
20	  0.960	 52.052	  1.004	  1.286	  0.001
21	  0.960	 54.552	  1.004	  1.286	  0.001
22	  0.960	 57.052	  1.004	  1.286	  0.001
23	  0.960	 59.552	  1.004	  1.286	  0.001
24	  0.960	 62.052	  1.004	  1.286	  0.001
25	  0.960	 64.552	  1.004	  1.286	  0.001
26	  0.960	 67.052	  1.004	  1.286	  0.001
27	  0.960	 69.552	  1.004	  1.286	  0.001
28	  0.960	 72.052	  1.004	  1.286	  0.001
29	  0.960	 74.552	  1.004	  1.286	  0.001
30	  0.960	 77.052	  1.004	  1.286	  0.001
31	  0.960	 79.552	  1.004	  1.286	  0.001
32	  0.960	 82.052	  1.004	  1.286	  0.001
33	  0.960	 84.552	  1.004	  1.286	  0.001
34	  0.960	 87.052	  1.004	  1.286	  0.001
35	  0.960	 89.552	  1.004	  1.286	  0.001
36	  0.960	 92.052	  1.004	  1.286	  0.001
37	  0.960	 94.552	  1.004	  1.286	  0.001
38	  0.960	 97.052	  1.004	  1.286	  0.001
39	  0.960	 99.552	  1.004	  1.286	  0.001
0	  1.080	  2.209	  1.004	  1.332	  0.001
1	  1.080	  4.709	  1.004	  1.332	  0.001
2	  1.080	  7.209	  1.004	  1.332	  0.001
3	  1.080	  9.709	  1.004	  1.332	  0.001
4	  1.080	 12.209	  1.004	  1.332	  0.001
5	  1.080	 14.709	  1.004	  1.332	  0.001
6	  1.080	 17.209	  1.004	  1.332	  0.001
7	  1.080	 19.709	  1.004	  1.332	  0.001
8	  1.080	 22.209	  1.004	  1.332	  0.001
9	  1.080	 24.709	  1.004	  1.332	  0.001
10	  1.080	 27.209	  1.004	  1.332	  0.001
11	  1.080	 29.709	  1.004	  1.332	  0.001
12	  1.080	 32.209	  1.004	  1.332	  0.001
13	  1.080	 34.709	  1.004	  1.332	  0.001
14	  1.080	 37.209	  1.004	  1.332	  0.001
15	  1.080	 39.709	  1.004	  1.332	  0.001
16	  1.080	 42.209	  1.004	  1.332	  0.001
17	  1.080	 44.709	  1.004	  1.332	  0.001
18	  1.080	 47.209	  1.004	  1.332	  0.001
19	  1.080	 49.709	  1.004	  1.332	  0.001
20	  1.080	 52.209	  1.004	  1.332	  0.001
21	  1.080	 54.709	  1.004	  1.332	  0.001
22	  1.080	 57.209	  1.004	  1.332	  0.001
23	  1.080	 59.709	  1.004	  1.332	  0.001
24	  1.080	 62.209	  1.004	  1.332	  0.001
25	  1.080	 64.709	  1.004	  1.332	  0.001
26	  1.080	 67.209	  1.004	  1.332	  0.001
27	  1.080	 69.709	  1.004	  1.332	  0.001
28	  1.080	 72.209	  1.004	  1.332	  0.001
29	  1.080	 74.709	  1.004	  1.332	  0.001
30	  1.080	 77.209	  1.004	  1.332	  0.001
31	  1.080	 79.709	  1.004	  1.332	  0.001
32	  1.080	 82.209	  1.004	  1.332	  0.001
33	  1.080	 84.709	  1.004	  1.332	  0.001
34	  1.080	 87.209	  1.004	  1.332	  0.001
35	  1.080	 89.709	  1.004	  1.332	  0.001
36	  1.080	 92.209	  1.004	  1.332	  0.001
37	  1.080	 94.709	  1.004	  1.332	  0.001
38	  1.080	 97.209	  1.004	  1.332	  0.001
39	  1.080	 99.709	  1.004	  1.332	  0.001
0	  1.200	  2.371	  1.005	  1.368	  0.001
1	  1.200	  4.871	  1.005	  1.368	  0.001
2	  1.200	  7.371	  1.005	  1.368	  0.001
3	  1.200	  9.871	  1.005	  1.368	  0.001
4	  1.200	 12.371	  1.005	  1.368	  0.001
5	  1.200	 14.871	  1.005	  1.368	  0.001
6	  1.200	 17.371	  1.005	  1.368	  0.001
7	  1.200	 19.871	  1.005	  1.368	  0.001
8	  1.200	 22.371	  1.005	  1.368	  0.001
9	  1.200	 24.871	  1.005	  1.368	  0.001
10	  1.200	 27.371	  1.005	  1.368	  0.001
11	  1.200	 29.871	  1.005	  1.368	  0.001
12	  1.200	 32.371	  1.005	  1.368	  0.001
13	  1.200	 34.871	  1.005	  1.368	  0.001
14	  1.200	 37.371	  1.005	  1.368	  0.001
15	  1.200	 39.871	  1.005	  1.368	  0.001
16	  1.200	 42.371	  1.005	  1.368	  0.001
17	  1.200	 44.871	  1.005	  1.368	  0.001
18	  1.200	 47.371	  1.005	  1.368	  0.001
19	  1.200	 49.871	  1.005	  1.368	  0.001
20	  1.200	 52.371	  1.005	  1.368	  0.001
21	  1.200	 54.871	  1.005	  1.368	  0.001
22	  1.200	 57.371	  1.005	  1.368	  0.001
23	  1.200	 59.871	  1.005	  1.368	  0.001
24	  1.200	 62.371	  1.005	  1.368	  0.001
25	  1.200	 64.871	  1.005	  1.368	  0.001
26	  1.200	 67.371	  1.005	  1.368	  0.001
27	  1.200	 69.871	  1.005	  1.368	  0.001
28	  1.200	 72.371	  1.005	  1.368	  0.001
29	  1.200	 74.871	  1.005	  1.368	  0.001
30	  1.200	 77.371	  1.005	  1.368	  0.001
31	  1.200	 79.871	  1.005	  1.368	  0.001
32	  1.200	 82.371	  1.005	  1.368	  0.001
33	  1.200	 84.871	  1.005	  1.368	  0.001
34	  1.200	 87.371	  1.005	  1.368	  0.001
35	  1.200	 89.871	  1.005	  1.368	  0.001
36	  1.200	 92.371	  1.005	  1.368	  0.001
37	  1.200	 94.871	  1.005	  1.368	  0.001
38	  1.200	 97.371	  1.005	  1.368	  0.001
39	  1.200	 99.871	  1.005	  1.368	  0.001
0	  1.320	  2.537	  1.005	  1.396	  0.001
1	  1.320	  5.037	  1.005	  1.396	  0.001
2	  1.320	  7.537	  1.005	  1.396	  0.001
3	  1.320	 10.037	  1.005	  1.396	  0.001
4	  1.320	 12.537	  1.005	  1.396	  0.001
5	  1.320	 15.037	  1.005	  1.396	  0.001
6	  1.320	 17.537	  1.005	  1.396	  0.001
7	  1.320	 20.037	  1.005	  1.396	  0.001
8	  1.320	 22.537	  1.005	  1.396	  0.001
9	  1.320	 25.037	  1.005	  1.396	  0.001
10	  1.320	 27.537	  1.005	  1.396	  0.001
11	  1.320	 30.037	  1.005	  1.396	  0.001
12	  1.320	 32.537	  1.005	  1.396	  0.001
13	  1.320	 35.037	  1.005	  1.396	  0.001
14	  1.320	 37.537	  1.005	  1.396	  0.001
15	  1.320	 40.037	  1.005	  1.396	  0.001
16	  1.320	 42.537	  1.005	  1.396	  0.001
17	  1.320	 45.037	  1.005	  1.396	  0.001
18	  1.320	 47.537	  1.005	  1.396	  0.001
19	  1.320	 50.037	  1.005	  1.396	  0.001
20	  1.320	 52.537	  1.005	  1.396	  0.001
21	  1.320	 55.037	  1.005	  1.396	  0.001
22	  1.320	 57.537	  1.005	  1.396	  0.001
23	  1.320	 60.037	  1.005	  1.396	  0.001
24	  1.320	 62.537	  1.005	  1.396	  0.001
25	  1.320	 65.037	  1.005	  1.396	  0.001
26	  1.320	 67.537	  1.005	  1.396	  0.001
27	  1.320	 70.037	  1.005	  1.396	  0.001
28	  1.320	 72.537	  1.005	  1.396	  0.001
29	  1.320	 75.037	  1.005	  1.396	  0.001
30	  1.320	 77.537	  1.005	  1.396	  0.001
31	  1.320	 80.037	  1.005	  1.396	  0.001
32	  1.320	 82.537	  1.005	  1.396	  0.001
33	  1.320	 85.037	  1.005	  1.396	  0.001
34	  1.320	 87.537	  1.005	  1.396	  0.001
35	  1.320	 90.037	  1.005	  1.396	  0.001
36	  1.320	 92.537	  1.005	  1.396	  0.001
37	  1.320	 95.037	  1.005	  1.396	  0.001
38	  1.320	 97.537	  1.005	  1.396	  0.001
39	  1.320	100.037	  1.005	  1.396	  0.001
0	  1.440	  2.706	  1.005	  1.419	  0.001
1	  1.440	  5.206	  1.005	  1.419	  0.001
2	  1.440	  7.706	  1.005	  1.419	  0.001
3	  1.440	 10.206	  1.005	  1.419	  0.001
4	  1.440	 12.706	  1.005	  1.419	  0.001
5	  1.440	 15.206	  1.005	  1.419	  0.001
6	  1.440	 17.706	  1.005	  1.419	  0.001
7	  1.440	 20.206	  1.005	  1.419	  0.001
8	  1.440	 22.706	  1.005	  1.419	  0.001
9	  1.440	 25.206	  1.005	  1.419	  0.001
10	  1.440	 27.706	  1.005	  1.419	  0.001
11	  1.440	 30.206	  1.005	  1.419	  0.001
12	  1.440	 32.706	  1.005	  1.419	  0.001
13	  1.440	 35.206	  1.005	  1.419	  0.001
14	  1.440	 37.706	  1.005	  1.419	  0.001
15	  1.440	 40.206	  1.005	  1.419	  0.001
16	  1.440	 42.706	  1.005	  1.419	  0.001
17	  1.440	 45.206	  1.005	  1.419	  0.001
18	  1.440	 47.706	  1.005	  1.419	  0.001
19	  1.440	 50.206	  1.005	  1.419	  0.001
20	  1.440	 52.706	  1.005	  1.419	  0.001
21	  1.440	 55.206	  1.005	  1.419	  0.001
22	  1.440	 57.706	  1.005	  1.419	  0.001
23	  1.440	 60.206	  1.005	  1.419	  0.001
24	  1.440	 62.706	  1.005	  1.419	  0.001
25	  1.440	 65.206	  1.005	  1.419	  0.001
26	  1.440	 67.706	  1.005	  1.419	  0.001
27	  1.440	 70.206	  1.005	  1.419	  0.001
28	  1.440	 72.706	  1.005	  1.419	  0.001
29	  1.440	 75.206	  1.005	  1.419	  0.001
30	  1.440	 77.706	  1.005	  1.419	  0.001
31	  1.440	 80.206	  1.005	  1.419	  0.001
32	  1.440	 82.706	  1.005	  1.419	  0.001
33	  1.440	 85.206	  1.005	  1.419	  0.001
34	  1.440	 87.706	  1.005	  1.419	  0.001
35	  1.440	 90.206	  1.005	  1.419	  0.001
36	  1.440	 92.706	  1.005	  1.419	  0.001
37	  1.440	 95.206	  1.005	  1.419	  0.001
38	  1.440	 97.706	  1.005	  1.419	  0.001
39	  1.440	100.206	  1.005	  1.419	  0.001
0	  1.560	  2.877	  1.005	  1.436	  0.000
1	  1.560	  5.377	  1.005	  1.436	  0.000
2	  1.560	  7.877	  1.005	  1.436	  0.000
3	  1.560	 10.377	  1.005	  1.436	  0.000
4	  1.560	 12.877	  1.005	  1.436	  0.000
5	  1.560	 15.377	  1.005	  1.436	  0.000
6	  1.560	 17.877	  1.005	  1.436	  0.000
7	  1.560	 20.377	  1.005	  1.436	  0.000
8	  1.560	 22.877	  1.005	  1.436	  0.000
9	  1.560	 25.377	  1.005	  1.436	  0.000
10	  1.560	 27.877	  1.005	  1.436	  0.000
11	  1.560	 30.377	  1.005	  1.436	  0.000
12	  1.560	 32.877	  1.005	  1.436	  0.000
13	  1.560	 35.377	  1.005	  1.436	  0.000
14	  1.560	 37.877	  1.005	  1.436	  0.000
15	  1.560	 40.377	  1.005	  1.436	  0.000
16	  1.560	 42.877	  1.005	  1.436	  0.000
17	  1.560	 45.377	  1.005	  1.436	  0.000
18	  1.560	 47.877	  1.005	  1.436	  0.000
19	  1.560	 50.377	  1.005	  1.436	  0.000
20	  1.560	 52.877	  1.005	  1.436	  0.000
21	  1.560	 55.377	  1.005	  1.436	  0.000
22	  1.560	 57.877	  1.005	  1.436	  0.000
23	  1.560	 60.377	  1.005	  1.436	  0.000
24	  1.560	 62.877	  1.005	  1.436	  0.000
25	  1.560	 65.377	  1.005	  1.436	  0.000
26	  1.560	 67.877	  1.005	  1.436	  0.000
27	  1.560	 70.377	  1.005	  1.436	  0.000
28	  1.560	 72.877	  1.005	  1.436	  0.000
29	  1.560	 75.377	  1.005	  1.436	  0.000
30	  1.560	 77.877	  1.005	  1.436	  0.000
31	  1.560	 80.377	  1.005	  1.436	  0.000
32	  1.560	 82.877	  1.005	  1.436	  0.000
33	  1.560	 85.377	  1.005	  1.436	  0.000
34	  1.560	 87.877	  1.005	  1.436	  0.000
35	  1.560	 90.377	  1.005	  1.436	  0.000
36	  1.560	 92.877	  1.005	  1.436	  0.000
37	  1.560	 95.377	  1.005	  1.436	  0.000
38	  1.560	 97.877	  1.005	  1.436	  0.000
39	  1.560	100.377	  1.005	  1.436	  0.000
0	  1.680	  3.050	  1.005	  1.450	  0.000
1	  1.680	  5.550	  1.005	  1.450	  0.000
2	  1.680	  8.050	  1.005	  1.450	  0.000
3	  1.680	 10.550	  1.005	  1.450	  0.000
4	  1.680	 13.050	  1.005	  1.450	  0.000
5	  1.680	 15.550	  1.005	  1.450	  0.000
6	  1.680	 18.050	  1.005	  1.450	  0.000
7	  1.680	 20.550	  1.005	  1.450	  0.000
8	  1.680	 23.050	  1.005	  1.450	  0.000
9	  1.680	 25.550	  1.005	  1.450	  0.000
10	  1.680	 28.050	  1.005	  1.450	  0.000
11	  1.680	 30.550	  1.005	  1.450	  0.000
12	  1.680	 33.050	  1.005	  1.450	  0.000
13	  1.680	 35.550	  1.005	  1.450	  0.000
14	  1.680	 38.050	  1.005	  1.450	  0.000
15	  1.680	 40.550	  1.005	  1.450	  0.000
16	  1.680	 43.050	  1.005	  1.450	  0.000
17	  1.680	 45.550	  1.005	  1.450	  0.000
18	  1.680	 48.050	  1.005	  1.450	  0.000
19	  1.680	 50.550	  1.005	  1.450	  0.000
20	  1.680	 53.050	  1.005	  1.450	  0.000
21	  1.680	 55.550	  1.005	  1.450	  0.000
22	  1.680	 58.050	  1.005	  1.450	  0.000
23	  1.680	 60.550	  1.005	  1.450	  0.000
24	  1.680	 63.050	  1.005	  1.450	  0.000
25	  1.680	 65.550	  1.005	  1.450	  0.000
26	  1.680	 68.050	  1.005	  1.450	  0.000
27	  1.680	 70.550	  1.005	  1.450	  0.000
28	  1.680	 73.050	  1.005	  1.450	  0.000
29	  1.680	 75.550	  1.005	  1.450	  0.000
30	  1.680	 78.050	  1.005	  1.450	  0.000
31	  1.680	 80.550	  1.005	  1.450	  0.000
32	  1.680	 83.050	  1.005	  1.450	  0.000
33	  1.680	 85.550	  1.005	  1.450	  0.000
34	  1.680	 88.050	  1.005	  1.450	  0.000
35	  1.680	 90.550	  1.005	  1.450	  0.000
36	  1.680	 93.050	  1.005	  1.450	  0.000
37	  1.680	 95.550	  1.005	  1.450	  0.000
38	  1.680	 98.050	  1.005	  1.450	  0.000
39	  1.680	100.550	  1.005	  1.450	  0.000
0	  1.800	  3.225	  1.005	  1.461	  0.000
1	  1.800	  5.725	  1.005	  1.461	  0.000
2	  1.800	  8.225	  1.005	  1.461	  0.000
3	  1.800	 10.725	  1.005	  1.461	  0.000
4	  1.800	 13.225	  1.005	  1.461	  0.000
5	  1.800	 15.725	  1.005	  1.461	  0.000
6	  1.800	 18.225	  1.005	  1.461	  0.000
7	  1.800	 20.725	  1.005	  1.461	  0.000
8	  1.800	 23.225	  1.005	  1.461	  0.000
9	  1.800	 25.725	  1.005	  1.461	  0.000
10	  1.800	 28.225	  1.005	  1.461	  0.000
11	  1.800	 30.725	  1.005	  1.461	  0.000
12	  1.800	 33.225	  1.005	  1.461	  0.000
13	  1.800	 35.725	  1.005	  1.461	  0.000
14	  1.800	 38.225	  1.005	  1.461	  0.000
15	  1.800	 40.725	  1.005	  1.461	  0.000
16	  1.800	 43.225	  1.005	  1.461	  0.000
17	  1.800	 45.725	  1.005	  1.461	  0.000
18	  1.800	 48.225	  1.005	  1.461	  0.000
19	  1.800	 50.725	  1.005	  1.461	  0.000
20	  1.800	 53.225	  1.005	  1.461	  0.000
21	  1.800	 55.725	  1.005	  1.461	  0.000
22	  1.800	 58.225	  1.005	  1.461	  0.000
23	  1.800	 60.725	  1.005	  1.461	  0.000
24	  1.800	 63.225	  1.005	  1.461	  0.000
25	  1.800	 65.725	  1.005	  1.461	  0.000
26	  1.800	 68.225	  1.005	  1.461	  0.000
27	  1.800	 70.725	  1.005	  1.461	  0.000
28	  1.800	 73.225	  1.005	  1.461	  0.000
29	  1.800	 75.725	  1.005	  1.461	  0.000
30	  1.800	 78.225	  1.005	  1.461	  0.000
31	  1.800	 80.725	  1.005	  1.461	  0.000
32	  1.800	 83.225	  1.005	  1.461	  0.000
33	  1.800	 85.725	  1.005	  1.461	  0.000
34	  1.800	 88.225	  1.005	  1.461	  0.000
35	  1.800	 90.725	  1.005	  1.461	  0.000
36	  1.800	 93.225	  1.005	  1.461	  0.000
37	  1.800	 95.725	  1.005	  1.461	  0.000
38	  1.800	 98.225	  1.005	  1.461	  0.000
39	  1.800	100.725	  1.005	  1.461	  0.000
0	  1.920	  3.400	  1.005	  1.469	  0.000
1	  1.920	  5.900	  1.005	  1.469	  0.000
2	  1.920	  8.400	  1.005	  1.469	  0.000
3	  1.920	 10.900	  1.005	  1.469	  0.000
4	  1.920	 13.400	  1.005	  1.469	  0.000
5	  1.920	 15.900	  1.005	  1.469	  0.000
6	  1.920	 18.400	  1.005	  1.469	  0.000
7	  1.920	 20.900	  1.005	  1.469	  0.000
8	  1.920	 23.400	  1.005	  1.469	  0.000
9	  1.920	 25.900	  1.005	  1.469	  0.000
10	  1.920	 28.400	  1.005	  1.469	  0.000
11	  1.920	 30.900	  1.005	  1.469	  0.000
12	  1.920	 33.400	  1.005	  1.469	  0.000
13	  1.920	 35.900	  1.005	  1.469	  0.000
14	  1.920	 38.400	  1.005	  1.469	  0.000
15	  1.920	 40.900	  1.005	  1.469	  0.000
16	  1.920	 43.400	  1.005	  1.469	  0.000
17	  1.920	 45.900	  1.005	  1.469	  0.000
18	  1.920	 48.400	  1.005	  1.469	  0.000
19	  1.920	 50.900	  1.005	  1.469	  0.000
20	  1.920	 53.400	  1.005	  1.469	  0.000
21	  1.920	 55.900	  1.005	  1.469	  0.000
22	  1.920	 58.400	  1.005	  1.469	  0.000
23	  1.920	 60.900	  1.005	  1.469	  0.000
24	  1.920	 63.400	  1.005	  1.469	  0.000
25	  1.920	 65.900	  1.005	  1.469	  0.000
26	  1.920	 68.400	  1.005	  1.469	  0.000
27	  1.920	 70.900	  1.005	  1.469	  0.000
28	  1.920	 73.400	  1.005	  1.469	  0.000
29	  1.920	 75.900	  1.005	  1.469	  0.000
30	  1.920	 78.400	  1.005	  1.469	  0.000
31	  1.920	 80.900	  1.005	  1.469	  0.000
32	  1.920	 83.400	  1.005	  1.469	  0.000
33	  1.920	 85.900	  1.005	  1.469	  0.000
34	  1.920	 88.400	  1.005	  1.469	  0.000
35	  1.920	 90.900	  1.005	  1.469	  0.000
36	  1.920	 93.400	  1.005	  1.469	  0.000
37	  1.920	 95.900	  1.005	  1.469	  0.000
38	  1.920	 98.400	  1.005	  1.469	  0.000
39	  1.920	100.900	  1.005	  1.469	  0.000
0	  2.040	  3.577	  1.005	  1.476	  0.000
1	  2.040	  6.077	  1.005	  1.476	  0.000
2	  2.040	  8.577	  1.005	  1.476	  0.000
3	  2.040	 11.077	  1.005	  1.476	  0.000
4	  2.040	 13.577	  1.005	  1.476	  0.000
5	  2.040	 16.077	  1.005	  1.476	  0.000
6	  2.040	 18.577	  1.005	  1.476	  0.000
7	  2.040	 21.077	  1.005	  1.476	  0.000
8	  2.040	 23.577	  1.005	  1.476	  0.000
9	  2.040	 26.077	  1.005	  1.476	  0.000
10	  2.040	 28.577	  1.005	  1.476	  0.000
11	  2.040	 31.077	  1.005	  1.476	  0.000
12	  2.040	 33.577	  1.005	  1.476	  0.000
13	  2.040	 36.077	  1.005	  1.476	  0.000
14	  2.040	 38.577	  1.005	  1.476	  0.000
15	  2.040	 41.077	  1.005	  1.476	  0.000
16	  2.040	 43.577	  1.005	  1.476	  0.000
17	  2.040	 46.077	  1.005	  1.476	  0.000
18	  2.040	 48.577	  1.005	  1.476	  0.000
19	  2.040	 51.077	  1.005	  1.476	  0.000
20	  2.040	 53.577	  1.005	  1.476	  0.000
21	  2.040	 56.077	  1.005	  1.476	  0.000
22	  2.040	 58.577	  1.005	  1.476	  0.000
23	  2.040	 61.077	  1.005	  1.476	  0.000
24	  2.040	 63.577	  1.005	  1.476	  0.000
25	  2.040	 66.077	  1.005	  1.476	  0.000
26	  2.040	 68.577	  1.005	  1.476	  0.000
27	  2.040	 71.077	  1.005	  1.476	  0.000
28	  2.040	 73.577	  1.005	  1.476	  0.000
29	  2.040	 76.077	  1.005	  1.476	  0.000
30	  2.040	 78.577	  1.005	  1.476	  0.000
31	  2.040	 81.077	  1.005	  1.476	  0.000
32	  2.040	 83.577	  1.005	  1.476	  0.000
33	  2.040	 86.077	  1.005	  1.476	  0.000
34	  2.040	 88.577	  1.005	  1.476	  0.000
35	  2.040	 91.077	  1.005	  1.476	  0.000
36	  2.040	 93.577	  1.005	  1.476	  0.000
37	  2.040	 96.077	  1.005	  1.476	  0.000
38	  2.040	 98.577	  1.005	  1.476	  0.000
39	  2.040	101.077	  1.005	  1.476	  0.000
0	  2.160	  3.754	  1.005	  1.481	  0.000
1	  2.160	  6.254	  1.005	  1.481	  0.000
2	  2.160	  8.754	  1.005	  1.481	  0.000
3	  2.160	 11.254	  1.005	  1.481	  0.000
4	  2.160	 13.754	  1.005	  1.481	  0.000
5	  2.160	 16.254	  1.005	  1.481	  0.000
6	  2.160	 18.754	  1.005	  1.481	  0.000
7	  2.160	 21.254	  1.005	  1.481	  0.000
8	  2.160	 23.754	  1.005	  1.481	  0.000
9	  2.160	 26.254	  1.005	  1.481	  0.000
10	  2.160	 28.754	  1.005	  1.481	  0.000
11	  2.160	 31.254	  1.005	  1.481	  0.000
12	  2.160	 33.754	  1.005	  1.481	  0.000
13	  2.160	 36.254	  1.005	  1.481	  0.000
14	  2.160	 38.754	  1.005	  1.481	  0.000
15	  2.160	 41.254	  1.005	  1.481	  0.000
16	  2.160	 43.754	  1.005	  1.481	  0.000
17	  2.160	 46.254	  1.005	  1.481	  0.000
18	  2.160	 48.754	  1.005	  1.481	  0.000
19	  2.160	 51.254	  1.005	  1.481	  0.000
20	  2.160	 53.754	  1.005	  1.481	  0.000
21	  2.160	 56.254	  1.005	  1.481	  0.000
22	  2.160	 58.754	  1.005	  1.481	  0.000
23	  2.160	 61.254	  1.005	  1.481	  0.000
24	  2.160	 63.754	  1.005	  1.481	  0.000
25	  2.160	 66.254	  1.005	  1.481	  0.000
26	  2.160	 68.754	  1.005	  1.481	  0.000
27	  2.160	 71.254	  1.005	  1.481	  0.000
28	  2.160	 73.754	  1.005	  1.481	  0.000
29	  2.160	 76.254	  1.005	  1.481	  0.000
30	  2.160	 78.754	  1.005	  1.481	  0.000
31	  2.160	 81.254	  1.005	  1.481	  0.000
32	  2.160	 83.754	  1.005	  1.481	  0.000
33	  2.160	 86.254	  1.005	  1.481	  0.000
34	  2.160	 88.754	  1.005	  1.481	  0.000
35	  2.160	 91.254	  1.005	  1.481	  0.000
36	  2.160	 93.754	  1.005	  1.481	  0.000
37	  2.160	 96.254	  1.005	  1.481	  0.000
38	  2.160	 98.754	  1.005	  1.481	  0.000
39	  2.160	101.254	  1.005	  1.481	  0.000
0	  2.280	  3.932	  1.005	  1.485	  0.000
1	  2.280	  6.432	  1.005	  1.485	  0.000
2	  2.280	  8.932	  1.005	  1.485	  0.000
3	  2.280	 11.432	  1.005	  1.485	  0.000
4	  2.280	 13.932	  1.005	  1.485	  0.000
5	  2.280	 16.432	  1.005	  1.485	  0.000
6	  2.280	 18.932	  1.005	  1.485	  0.000
7	  2.280	 21.432	  1.005	  1.485	  0.000
8	  2.280	 23.932	  1.005	  1.485	  0.000
9	  2.280	 26.432	  1.005	  1.485	  0.000
10	  2.280	 28.932	  1.005	  1.485	  0.000
11	  2.280	 31.432	  1.005	  1.485	  0.000
12	  2.280	 33.932	  1.005	  1.485	  0.000
13	  2.280	 36.432	  1.005	  1.485	  0.000
14	  2.280	 38.932	  1.005	  1.485	  0.000
15	  2.280	 41.432	  1.005	  1.485	  0.000
16	  2.280	 43.932	  1.005	  1.485	  0.000
17	  2.280	 46.432	  1.005	  1.485	  0.000
18	  2.280	 48.932	  1.005	  1.485	  0.000
19	  2.280	 51.432	  1.005	  1.485	  0.000
20	  2.280	 53.932	  1.005	  1.485	  0.000
21	  2.280	 56.432	  1.005	  1.485	  0.000
22	  2.280	 58.932	  1.005	  1.485	  0.000
23	  2.280	 61.432	  1.005	  1.485	  0.000
24	  2.280	 63.932	  1.005	  1.485	  0.000
25	  2.280	 66.432	  1.005	  1.485	  0.000
26	  2.280	 68.932	  1.005	  1.485	  0.000
27	  2.280	 71.432	  1.005	  1.485	  0.000
28	  2.280	 73.932	  1.005	  1.485	  0.000
29	  2.280	 76.432	  1.005	  1.485	  0.000
30	  2.280	 78.932	  1.005	  1.485	  0.000
31	  2.280	 81.432	  1.005	  1.485	  0.000
32	  2.280	 83.932	  1.005	  1.485	  0.000
33	  2.280	 86.432	  1.005	  1.485	  0.000
34	  2.280	 88.932	  1.005	  1.485	  0.000
35	  2.280	 91.432	  1.005	  1.485	  0.000
36	  2.280	 93.932	  1.005	  1.485	  0.000
37	  2.280	 96.432	  1.005	  1.485	  0.000
38	  2.280	 98.932	  1.005	  1.485	  0.000
39	  2.280	101.432	  1.005	  1.485	  0.000
0	  2.400	  4.111	  1.005	  1.488	  0.000
1	  2.400	  6.611	  1.005	  1.488	  0.000
2	  2.400	  9.111	  1.005	  1.488	  0.000
3	  2.400	 11.611	  1.005	  1.488	  0.000
4	  2.400	 14.111	  1.005	  1.488	  0.000
5	  2.400	 16.611	  1.005	  1.488	  0.000
6	  2.400	 19.111	  1.005	  1.488	  0.000
7	  2.400	 21.611	  1.005	  1.488	  0.000
8	  2.400	 24.111	  1.005	  1.488	  0.000
9	  2.400	 26.611	  1.005	  1.488	  0.000
10	  2.400	 29.111	  1.005	  1.488	  0.000
11	  2.400	 31.611	  1.005	  1.488	  0.000
12	  2.400	 34.111	  1.005	  1.488	  0.000
13	  2.400	 36.611	  1.005	  1.488	  0.000
14	  2.400	 39.111	  1.005	  1.488	  0.000
15	  2.400	 41.611	  1.005	  1.488	  0.000
16	  2.400	 44.111	  1.005	  1.488	  0.000
17	  2.400	 46.611	  1.005	  1.488	  0.000
18	  2.400	 49.111	  1.005	  1.488	  0.000
19	  2.400	 51.611	  1.005	  1.488	  0.000
20	  2.400	 54.111	  1.005	  1.488	  0.000
21	  2.400	 56.611	  1.005	  1.488	  0.000
22	  2.400	 59.111	  1.005	  1.488	  0.000
23	  2.400	 61.611	  1.005	  1.488	  0.000
24	  2.400	 64.111	  1.005	  1.488	  0.000
25	  2.400	 66.611	  1.005	  1.488	  0.000
26	  2.400	 69.111	  1.005	  1.488	  0.000
27	  2.400	 71.611	  1.005	  1.488	  0.000
28	  2.400	 74.111	  1.005	  1.488	  0.000
29	  2.400	 76.611	  1.005	  1.488	  0.000
30	  2.400	 79.111	  1.005	  1.488	  0.000
31	  2.400	 81.611	  1.005	  1.488	  0.000
32	  2.400	 84.111	  1.005	  1.488	  0.000
33	  2.400	 86.611	  1.005	  1.488	  0.000
34	  2.400	 89.111	  1.005	  1.488	  0.000
35	  2.400	 91.611	  1.005	  1.488	  0.000
36	  2.400	 94.111	  1.005	  1.488	  0.000
37	  2.400	 96.611	  1.005	  1.488	  0.000
38	  2.400	 99.111	  1.005	  1.488	  0.000
39	  2.400	101.611	  1.005	  1.488	  0.000
0	  2.520	  4.290	  1.005	  1.491	  0.000
1	  2.520	  6.790	  1.005	  1.491	  0.000
2	  2.520	  9.290	  1.005	  1.491	  0.000
3	  2.520	 11.790	  1.005	  1.491	  0.000
4	  2.520	 14.290	  1.005	  1.491	  0.000
5	  2.520	 16.790	  1.005	  1.491	  0.000
6	  2.520	 19.290	  1.005	  1.491	  0.000
7	  2.520	 21.790	  1.005	  1.491	  0.000
8	  2.520	 24.290	  1.005	  1.491	  0.000
9	  2.520	 26.790	  1.005	  1.491	  0.000
10	  2.520	 29.290	  1.005	  1.491	  0.000
11	  2.520	 31.790	  1.005	  1.491	  0.000
12	  2.520	 34.290	  1.005	  1.491	  0.000
13	  2.520	 36.790	  1.005	  1.491	  0.000
14	  2.520	 39.290	  1.005	  1.491	  0.000
15	  2.520	 41.790	  1.005	  1.491	  0.000
16	  2.520	 44.290	  1.005	  1.491	  0.000
17	  2.520	 46.790	  1.005	  1.491	  0.000
18	  2.520	 49.290	  1.005	  1.491	  0.000
19	  2.520	 51.790	  1.005	  1.491	  0.000
20	  2.520	 54.290	  1.005	  1.491	  0.000
21	  2.520	 56.790	  1.005	  1.491	  0.000
22	  2.520	 59.290	  1.005	  1.491	  0.000
23	  2.520	 61.790	  1.005	  1.491	  0.000
24	  2.520	 64.290	  1.005	  1.491	  0.000
25	  2.520	 66.790	  1.005	  1.491	  0.000
26	  2.520	 69.290	  1.005	  1.491	  0.000
27	  2.520	 71.790	  1.005	  1.491	  0.000
28	  2.520	 74.290	  1.005	  1.491	  0.000
29	  2.520	 76.790	  1.005	  1.491	  0.000
30	  2.520	 79.290	  1.005	  1.491	  0.000
31	  2.520	 81.790	  1.005	  1.491	  0.000
32	  2.520	 84.290	  1.005	  1.491	  0.000
33	  2.520	 86.790	  1.005	  1.491	  0.000
34	  2.520	 89.290	  1.005	  1.491	  0.000
35	  2.520	 91.790	  1.005	  1.491	  0.000
36	  2.520	 94.290	  1.005	  1.491	  0.000
37	  2.520	 96.790	  1.005	  1.491	  0.000
38	  2.520	 99.290	  1.005	  1.491	  0.000
39	  2.520	101.790	  1.005	  1.491	  0.000
0	  2.640	  4.469	  1.005	  1.493	  0.000
1	  2.640	  6.969	  1.005	  1.493	  0.000
2	  2.640	  9.469	  1.005	  1.493	  0.000
3	  2.640	 11.969	  1.005	  1.493	  0.000
4	  2.640	 14.469	  1.005	  1.493	  0.000
5	  2.640	 16.969	  1.005	  1.493	  0.000
6	  2.640	 19.469	  1.005	  1.493	  0.000
7	  2.640	 21.969	  1.005	  1.493	  0.000
8	  2.640	 24.469	  1.005	  1.493	  0.000
9	  2.640	 26.969	  1.005	  1.493	  0.000
10	  2.640	 29.469	  1.005	  1.493	  0.000
11	  2.640	 31.969	  1.005	  1.493	  0.000
12	  2.640	 34.469	  1.005	  1.493	  0.000
13	  2.640	 36.969	  1.005	  1.493	  0.000
14	  2.640	 39.469	  1.005	  1.493	  0.000
15	  2.640	 41.969	  1.005	  1.493	  0.000
16	  2.640	 44.469	  1.005	  1.493	  0.000
17	  2.640	 46.969	  1.005	  1.493	  0.000
18	  2.640	 49.469	  1.005	  1.493	  0.000
19	  2.640	 51.969	  1.005	  1.493	  0.000
20	  2.640	 54.469	  1.005	  1.493	  0.000
21	  2.640	 56.969	  1.005	  1.493	  0.000
22	  2.640	 59.469	  1.005	  1.493	  0.000
23	  2.640	 61.969	  1.005	  1.493	  0.000
24	  2.640	 64.469	  1.005	  1.493	  0.000
25	  2.640	 66.969	  1.005	  1.493	  0.000
26	  2.640	 69.469	  1.005	  1.493	  0.000
27	  2.640	 71.969	  1.005	  1.493	  0.000
28	  2.640	 74.469	  1.005	  1.493	  0.000
29	  2.640	 76.969	  1.005	  1.493	  0.000
30	  2.640	 79.469	  1.005	  1.493	  0.000
31	  2.640	 81.969	  1.005	  1.493	  0.000
32	  2.640	 84.469	  1.005	  1.493	  0.000
33	  2.640	 86.969	  1.005	  1.493	  0.000
34	  2.640	 89.469	  1.005	  1.493	  0.000
35	  2.640	 91.969	  1.005	  1.493	  0.000
36	  2.640	 94.469	  1.005	  1.493	  0.000
37	  2.640	 96.969	  1.005	  1.493	  0.000
38	  2.640	 99.469	  1.005	  1.493	  0.000
39	  2.640	101.969	  1.005	  1.493	  0.000
0	  2.760	  4.648	  1.005	  1.494	  0.000
1	  2.760	  7.148	  1.005	  1.494	  0.000
2	  2.760	  9.648	  1.005	  1.494	  0.000
3	  2.760	 12.148	  1.005	  1.494	  0.000
4	  2.760	 14.648	  1.005	  1.494	  0.000
5	  2.760	 17.148	  1.005	  1.494	  0.000
6	  2.760	 19.648	  1.005	  1.494	  0.000
7	  2.760	 22.148	  1.005	  1.494	  0.000
8	  2.760	 24.648	  1.005	  1.494	  0.000
9	  2.760	 27.148	  1.005	  1.494	  0.000
10	  2.760	 29.648	  1.005	  1.494	  0.000
11	  2.760	 32.148	  1.005	  1.494	  0.000
12	  2.760	 34.648	  1.005	  1.494	  0.000
13	  2.760	 37.148	  1.005	  1.494	  0.000
14	  2.760	 39.648	  1.005	  1.494	  0.000
15	  2.760	 42.148	  1.005	  1.494	  0.000
16	  2.760	 44.648	  1.005	  1.494	  0.000
17	  2.760	 47.148	  1.005	  1.494	  0.000
18	  2.760	 49.648	  1.005	  1.494	  0.000
19	  2.760	 52.148	  1.005	  1.494	  0.000
20	  2.760	 54.648	  1.005	  1.494	  0.000
21	  2.760	 57.148	  1.005	  1.494	  0.000
22	  2.760	 59.648	  1.005	  1.494	  0.000
23	  2.760	 62.148	  1.005	  1.494	  0.000
24	  2.760	 64.648	  1.005	  1.494	  0.000
25	  2.760	 67.148	  1.005	  1.494	  0.000
26	  2.760	 69.648	  1.005	  1.494	  0.000
27	  2.760	 72.148	  1.005	  1.494	  0.000
28	  2.760	 74.648	  1.005	  1.494	  0.000
29	  2.760	 77.148	  1.005	  1.494	  0.000
30	  2.760	 79.648	  1.005	  1.494	  0.000
31	  2.760	 82.148	  1.005	  1.494	  0.000
32	  2.760	 84.648	  1.005	  1.494	  0.000
33	  2.760	 87.148	  1.005	  1.494	  0.000
34	  2.760	 89.648	  1.005	  1.494	  0.000
35	  2.760	 92.148	  1.005	  1.494	  0.000
36	  2.760	 94.648	  1.005	  1.494	  0.000
37	  2.760	 97.148	  1.005	  1.494	  0.000
38	  2.760	 99.648	  1.005	  1.494	  0.000
39	  2.760	102.148	  1.005	  1.494	  0.000
0	  2.880	  4.827	  1.005	  1.496	  0.000
1	  2.880	  7.327	  1.005	  1.496	  0.000
2	  2.880	  9.827	  1.005	  1.496	  0.000
3	  2.880	 12.327	  1.005	  1.496	  0.000
4	  2.880	 14.827	  1.005	  1.496	  0.000
5	  2.880	 17.327	  1.005	  1.496	  0.000
6	  2.880	 19.827	  1.005	  1.496	  0.000
7	  2.880	 22.327	  1.005	  1.496	  0.000
8	  2.880	 24.827	  1.005	  1.496	  0.000
9	  2.880	 27.327	  1.005	  1.496	  0.000
10	  2.880	 29.827	  1.005	  1.496	  0.000
11	  2.880	 32.327	  1.005	  1.496	  0.000
12	  2.880	 34.827	  1.005	  1.496	  0.000
13	  2.880	 37.327	  1.005	  1.496	  0.000
14	  2.880	 39.827	  1.005	  1.496	  0.000
15	  2.880	 42.327	  1.005	  1.496	  0.000
16	  2.880	 44.827	  1.005	  1.496	  0.000
17	  2.880	 47.327	  1.005	  1.496	  0.000
18	  2.880	 49.827	  1.005	  1.496	  0.000
19	  2.880	 52.327	  1.005	  1.496	  0.000
20	  2.880	 54.827	  1.005	  1.496	  0.000
21	  2.880	 57.327	  1.005	  1.496	  0.000
22	  2.880	 59.827	  1.005	  1.496	  0.000
23	  2.880	 62.327	  1.005	  1.496	  0.000
24	  2.880	 64.827	  1.005	  1.496	  0.000
25	  2.880	 67.327	  1.005	  1.496	  0.000
26	  2.880	 69.827	  1.005	  1.496	  0.000
27	  2.880	 72.327	  1.005	  1.496	  0.000
28	  2.880	 74.827	  1.005	  1.496	  0.000
29	  2.880	 77.327	  1.005	  1.496	  0.000
30	  2.880	 79.827	  1.005	  1.496	  0.000
31	  2.880	 82.327	  1.005	  1.496	  0.000
32	  2.880	 84.827	  1.005	  1.496	  0.000
33	  2.880	 87.327	  1.005	  1.496	  0.000
34	  2.880	 89.827	  1.005	  1.496	  0.000
35	  2.880	 92.327	  1.005	  1.496	  0.000
36	  2.880	 94.827	  1.005	  1.496	  0.000
37	  2.880	 97.327	  1.005	  1.496	  0.000
38	  2.880	 99.827	  1.005	  1.496	  0.000
39	  2.880	102.327	  1.005	  1.496	  0.000
0	  3.000	  5.007	  1.005	  1.497	  0.000
1	  3.000	  7.507	  1.005	  1.497	  0.000
2	  3.000	 10.007	  1.005	  1.497	  0.000
3	  3.000	 12.507	  1.005	  1.497	  0.000
4	  3.000	 15.007	  1.005	  1.497	  0.000
5	  3.000	 17.507	  1.005	  1.497	  0.000
6	  3.000	 20.007	  1.005	  1.497	  0.000
7	  3.000	 22.507	  1.005	  1.497	  0.000
8	  3.000	 25.007	  1.005	  1.497	  0.000
9	  3.000	 27.507	  1.005	  1.497	  0.000
10	  3.000	 30.007	  1.005	  1.497	  0.000
11	  3.000	 32.507	  1.005	  1.497	  0.000
12	  3.000	 35.007	  1.005	  1.497	  0.000
13	  3.000	 37.507	  1.005	  1.497	  0.000
14	  3.000	 40.007	  1.005	  1.497	  0.000
15	  3.000	 42.507	  1.005	  1.497	  0.000
16	  3.000	 45.007	  1.005	  1.497	  0.000
17	  3.000	 47.507	  1.005	  1.497	  0.000
18	  3.000	 50.007	  1.005	  1.497	  0.000
19	  3.000	 52.507	  1.005	  1.497	  0.000
20	  3.000	 55.007	  1.005	  1.497	  0.000
21	  3.000	 57.507	  1.005	  1.497	  0.000
22	  3.000	 60.007	  1.005	  1.497	  0.000
23	  3.000	 62.507	  1.005	  1.497	  0.000
24	  3.000	 65.007	  1.005	  1.497	  0.000
25	  3.000	 67.507	  1.005	  1.497	  0.000
26	  3.000	 70.007	  1.005	  1.497	  0.000
27	  3.000	 72.507	  1.005	  1.497	  0.000
28	  3.000	 75.007	  1.005	  1.497	  0.000
29	  3.000	 77.507	  1.005	  1.497	  0.000
30	  3.000	 80.007	  1.005	  1.497	  0.000
31	  3.000	 82.507	  1.005	  1.497	  0.000
32	  3.000	 85.007	  1.005	  1.497	  0.000
33	  3.000	 87.507	  1.005	  1.497	  0.000
34	  3.000	 90.007	  1.005	  1.497	  0.000
35	  3.000	 92.507	  1.005	  1.497	  0.000
36	  3.000	 95.007	  1.005	  1.497	  0.000
37	  3.000	 97.507	  1.005	  1.497	  0.000
38	  3.000	100.007	  1.005	  1.497	  0.000
39	  3.000	102.507	  1.005	  1.497	  0.000
