# id	 time	 x	 y	 vx	 vy
0	  0.000	 10.000	  1.000	  0.010	  0.010
1	  0.000	 30.000	  1.000	  0.010	  0.010
2	  0.000	 50.000	  1.000	  0.010	  0.010
3	  0.000	 70.000	  1.000	  0.010	  0.010
4	  0.000	 90.000	  1.000	  0.010	  0.010
0	  0.120	 10.020	  1.001	  0.331	  0.008
1	  0.120	 30.020	  1.001	  0.331	  0.008
2	  0.120	 50.020	  1.001	  0.331	  0.008
3	  0.120	 70.020	  1.001	  0.331	  0.008
4	  0.120	 90.020	  1.001	  0.331	  0.008
0	  0.240	 10.074	  1.002	  0.582	  0.006
1	  0.240	 30.074	  1.002	  0.582	  0.006
2	  0.240	 50.074	  1.002	  0.582	  0.006
3	  0.240	 70.074	  1.002	  0.582	  0.006
4	  0.240	 90.074	  1.002	  0.582	  0.006
0	  0.360	 10.155	  1.003	  0.780	  0.005
1	  0.360	 30.155	  1.003	  0.780	  0.005
2	  0.360	 50.155	  1.003	  0.780	  0.005
3	  0.360	 70.155	  1.003	  0.780	  0.005
4	  0.360	 90.155	  1.003	  0.780	  0.005
0	  0.480	 10.257	  1.003	  0.935	  0.004
1	  0.480	 30.257	  1.003	  0.935	  0.004
2	  0.480	 50.257	  1.003	  0.935	  0.004
3	  0.480	 70.257	  1.003	  0.935	  0.004
4	  0.480	 90.257	  1.003	  0.935	  0.004
0	  0.600	 10.377	  1.004	  1.057	  0.003
1	  0.600	 30.377	  1.004	  1.057	  0.003
2	  0.600	 50.377	  1.004	  1.057	  0.003
3	  0.600	 70.377	  1.004	  1.057	  0.003
4	  0.600	 90.377	  1.004	  1.057	  0.003
0	  0.720	 10.509	  1.004	  1.152	  0.002
1	  0.720	 30.509	  1.004	  1.152	  0.002
2	  0.720	 50.509	  1.004	  1.152	  0.002
3	  0.720	 70.509	  1.004	  1.152	  0.002
4	  0.720	 90.509	  1.004	  1.152	  0.002
0	  0.840	 10.652	  1.004	  1.227	  0.002
1	  0.840	 30.652	  1.004	  1.227	  0.002
2	  0.840	 50.652	  1.004	  1.227	  0.002
3	  0.840	 70.652	  1.004	  1.227	  0.002
4	  0.840	 90.652	  1.004	  1.227	  0.002
0	  0.960	 10.802	  1.004	  1.286	  0.001
1	  0.960	 30.802	  1.004	  1.286	  0.001
2	  0.960	 50.802	  1.004	  1.286	  0.001
3	  0.960	 70.802	  1.004	  1.286	  0.001
4	  0.960	 90.802	  1.004	  1.286	  0.001
0	  1.080	 10.959	  1.004	  1.332	  0.001
1	  1.080	 30.959	  1.004	  1.332	  0.001
2	  1.080	 50.959	  1.004	  1.332	  0.001
3	  1.080	 70.959	  1.004	  1.332	  0.001
4	  1.080	 90.959	  1.004	  1.332	  0.001
0	  1.200	 11.121	  1.005	  1.368	  0.001
1	  1.200	 31.121	  1.005	  1.368	  0.001
2	  1.200	 51.121	  1.005	  1.368	  0.001
3	  1.200	 71.121	  1.005	  1.368	  0.001
4	  1.200	 91.121	  1.005	  1.368	  0.001
0	  1.320	 11.287	  1.005	  1.396	  0.001
1	  1.320	 31.287	  1.005	  1.396	  0.001
2	  1.320	 51.287	  1.005	  1.396	  0.001
3	  1.320	 71.287	  1.005	  1.396	  0.001
4	  1.320	 91.287	  1.005	  1.396	  0.001
0	  1.440	 11.456	  1.005	  1.419	  0.001
1	  1.440	 31.456	  1.005	  1.419	  0.001
2	  1.440	 51.456	  1.005	  1.419	  0.001
3	  1.440	 71.456	  1.005	  1.419	  0.001
4	  1.440	 91.456	  1.005	  1.419	  0.001
0	  1.560	 11.627	  1.005	  1.436	  0.000
1	  1.560	 31.627	  1.005	  1.436	  0.000
2	  1.560	 51.627	  1.005	  1.436	  0.000
3	  1.560	 71.627	  1.005	  1.436	  0.000
4	  1.560	 91.627	  1.005	  1.436	  0.000
0	  1.680	 11.800	  1.005	  1.450	  0.000
1	  1.680	 31.800	  1.005	  1.450	  0.000
2	  1.680	 51.800	  1.005	  1.450	  0.000
3	  1.680	 71.800	  1.005	  1.450	  0.000
4	  1.680	 91.800	  1.005	  1.450	  0.000
0	  1.800	 11.975	  1.005	  1.461	  0.000
1	  1.800	 31.975	  1.005	  1.461	  0.000
2	  1.800	 51.975	  1.005	  1.461	  0.000
3	  1.800	 71.975	  1.005	  1.461	  0.000
4	  1.800	 91.975	  1.005	  1.461	  0.000
0	  1.920	 12.150	  1.005	  1.469	  0.000
1	  1.920	 32.150	  1.005	  1.469	  0.000
2	  1.920	 52.150	  1.005	  1.469	  0.000
3	  1.920	 72.150	  1.005	  1.469	  0.000
4	  1.920	 92.150	  1.005	  1.469	  0.000
0	  2.040	 12.327	  1.005	  1.476	  0.000
1	  2.040	 32.327	  1.005	  1.476	  0.000
2	  2.040	 52.327	  1.005	  1.476	  0.000
3	  2.040	 72.327	  1.005	  1.476	  0.000
4	  2.040	 92.327	  1.005	  1.476	  0.000
0	  2.160	 12.504	  1.005	  1.481	  0.000
1	  2.160	 32.504	  1.005	  1.481	  0.000
2	  2.160	 52.504	  1.005	  1.481	  0.000
3	  2.160	 72.504	  1.005	  1.481	  0.000
4	  2.160	 92.504	  1.005	  1.481	  0.000
0	  2.280	 12.682	  1.005	  1.485	  0.000
1	  2.280	 32.682	  1.005	  1.485	  0.000
2	  2.280	 52.682	  1.005	  1.485	  0.000
3	  2.280	 72.682	  1.005	  1.485	  0.000
4	  2.280	 92.682	  1.005	  1.485	  0.000
0	  2.400	 12.861	  1.005	  1.488	  0.000
1	  2.400	 32.861	  1.005	  1.488	  0.000
2	  2.400	 52.861	  1.005	  1.488	  0.000
3	  2.400	 72.861	  1.005	  1.488	  0.000
4	  2.400	 92.861	  1.005	  1.488	  0.000
0	  2.520	 13.040	  1.005	  1.491	  0.000
1	  2.520	 33.040	  1.005	  1.491	  0.000
2	  2.520	 53.040	  1.005	  1.491	  0.000
3	  2.520	 73.040	  1.005	  1.491	  0.000
4	  2.520	 93.040	  1.005	  1.491	  0.000
0	  2.640	 13.219	  1.005	  1.493	  0.000
1	  2.640	 33.219	  1.005	  1.493	  0.000
2	  2.640	 53.219	  1.005	  1.493	  0.000
3	  2.640	 73.219	  1.005	  1.493	  0.000
4	  2.640	 93.219	  1.005	  1.493	  0.000
0	  2.760	 13.398	  1.005	  1.494	  0.000
1	  2.760	 33.398	  1.005	  1.494	  0.000
2	  2.760	 53.398	  1.005	  1.494	  0.000
3	  2.760	 73.398	  1.005	  1.494	  0.000
4	  2.760	 93.398	  1.005	  1.494	  0.000
0	  2.880	 13.577	  1.005	  1.496	  0.000
1	  2.880	 33.577	  1.005	  1.496	  0.000
2	  2.880	 53.577	  1.005	  1.496	  0.000
3	  2.880	 73.577	  1.005	  1.496	  0.000
4	  2.880	 93.577	  1.005	  1.496	  0.000
0	  3.000	 13.757	  1.005	  1.497	  0.000
1	  3.000	 33.757	  1.005	  1.497	  0.000
2	  3.000	 53.757	  1.005	  1.497	  0.000
3	  3.000	 73.757	  1.005	  1.497	  0.000
4	  3.000	 93.757	  1.005	  1.497	  0.000
