# id	 time	 x	 y	 vx	 vy
0	  0.000	  0.676	  1.000	  0.010	  0.010
1	  0.000	  2.027	  1.000	  0.010	  0.010
2	  0.000	  3.378	  1.000	  0.010	  0.010
3	  0.000	  4.730	  1.000	  0.010	  0.010
4	  0.000	  6.081	  1.000	  0.010	  0.010
5	  0.000	  7.432	  1.000	  0.010	  0.010
6	  0.000	  8.784	  1.000	  0.010	  0.010
7	  0.000	 10.135	  1.000	  0.010	  0.010
8	  0.000	 11.486	  1.000	  0.010	  0.010
9	  0.000	 12.838	  1.000	  0.010	  0.010
10	  0.000	 14.189	  1.000	  0.010	  0.010
11	  0.000	 15.541	  1.000	  0.010	  0.010
12	  0.000	 16.892	  1.000	  0.010	  0.010
13	  0.000	 18.243	  1.000	  0.010	  0.010
14	  0.000	 19.595	  1.000	  0.010	  0.010
15	  0.000	 20.946	  1.000	  0.010	  0.010
16	  0.000	 22.297	  1.000	  0.010	  0.010
17	  0.000	 23.649	  1.000	  0.010	  0.010
18	  0.000	 25.000	  1.000	  0.010	  0.010
19	  0.000	 26.351	  1.000	  0.010	  0.010
20	  0.000	 27.703	  1.000	  0.010	  0.010
21	  0.000	 29.054	  1.000	  0.010	  0.010
22	  0.000	 30.405	  1.000	  0.010	  0.010
23	  0.000	 31.757	  1.000	  0.010	  0.010
24	  0.000	 33.108	  1.000	  0.010	  0.010
25	  0.000	 34.459	  1.000	  0.010	  0.010
26	  0.000	 35.811	  1.000	  0.010	  0.010
27	  0.000	 37.162	  1.000	  0.010	  0.010
28	  0.000	 38.514	  1.000	  0.010	  0.010
29	  0.000	 39.865	  1.000	  0.010	  0.010
30	  0.000	 41.216	  1.000	  0.010	  0.010
31	  0.000	 42.568	  1.000	  0.010	  0.010
32	  0.000	 43.919	  1.000	  0.010	  0.010
33	  0.000	 45.270	  1.000	  0.010	  0.010
34	  0.000	 46.622	  1.000	  0.010	  0.010
35	  0.000	 47.973	  1.000	  0.010	  0.010
36	  0.000	 49.324	  1.000	  0.010	  0.010
37	  0.000	 50.676	  1.000	  0.010	  0.010
38	  0.000	 52.027	  1.000	  0.010	  0.010
39	  0.000	 53.378	  1.000	  0.010	  0.010
40	  0.000	 54.730	  1.000	  0.010	  0.010
41	  0.000	 56.081	  1.000	  0.010	  0.010
42	  0.000	 57.432	  1.000	  0.010	  0.010
43	  0.000	 58.784	  1.000	  0.010	  0.010
44	  0.000	 60.135	  1.000	  0.010	  0.010
45	  0.000	 61.486	  1.000	  0.010	  0.010
46	  0.000	 62.838	  1.000	  0.010	  0.010
47	  0.000	 64.189	  1.000	  0.010	  0.010
48	  0.000	 65.541	  1.000	  0.010	  0.010
49	  0.000	 66.892	  1.000	  0.010	  0.010
50	  0.000	 68.243	  1.000	  0.010	  0.010
51	  0.000	 69.595	  1.000	  0.010	  0.010
52	  0.000	 70.946	  1.000	  0.010	  0.010
53	  0.000	 72.297	  1.000	  0.010	  0.010
54	  0.000	 73.649	  1.000	  0.010	  0.010
55	  0.000	 75.000	  1.000	  0.010	  0.010
56	  0.000	 76.351	  1.000	  0.010	  0.010
57	  0.000	 77.703	  1.000	  0.010	  0.010
58	  0.000	 79.054	  1.000	  0.010	  0.010
59	  0.000	 80.405	  1.000	  0.010	  0.010
60	  0.000	 81.757	  1.000	  0.010	  0.010
61	  0.000	 83.108	  1.000	  0.010	  0.010
62	  0.000	 84.459	  1.000	  0.010	  0.010
63	  0.000	 85.811	  1.000	  0.010	  0.010
64	  0.000	 87.162	  1.000	  0.010	  0.010
65	  0.000	 88.514	  1.000	  0.010	  0.010
66	  0.000	 89.865	  1.000	  0.010	  0.010
67	  0.000	 91.216	  1.000	  0.010	  0.010
68	  0.000	 92.568	  1.000	  0.010	  0.010
69	  0.000	 93.919	  1.000	  0.010	  0.010
70	  0.000	 95.270	  1.000	  0.010	  0.010
71	  0.000	 96.622	  1.000	  0.010	  0.010
72	  0.000	 97.973	  1.000	  0.010	  0.010
73	  0.000	 99.324	  1.000	  0.010	  0.010
0	  0.120	  0.678	  1.001	  0.063	  0.008
1	  0.120	  2.030	  1.001	  0.063	  0.008
2	  0.120	  3.381	  1.001	  0.063	  0.008
3	  0.120	  4.732	  1.001	  0.063	  0.008
4	  0.120	  6.084	  1.001	  0.063	  0.008
5	  0.120	  7.435	  1.001	  0.063	  0.008
6	  0.120	  8.786	  1.001	  0.063	  0.008
7	  0.120	 10.138	  1.001	  0.063	  0.008
8	  0.120	 11.489	  1.001	  0.063	  0.008
9	  0.120	 12.840	  1.001	  0.063	  0.008
10	  0.120	 14.192	  1.001	  0.063	  0.008
11	  0.120	 15.543	  1.001	  0.063	  0.008
12	  0.120	 16.894	  1.001	  0.063	  0.008
13	  0.120	 18.246	  1.001	  0.063	  0.008
14	  0.120	 19.597	  1.001	  0.063	  0.008
15	  0.120	 20.949	  1.001	  0.063	  0.008
16	  0.120	 22.300	  1.001	  0.063	  0.008
17	  0.120	 23.651	  1.001	  0.063	  0.008
18	  0.120	 25.003	  1.001	  0.063	  0.008
19	  0.120	 26.354	  1.001	  0.063	  0.008
20	  0.120	 27.705	  1.001	  0.063	  0.008
21	  0.120	 29.057	  1.001	  0.063	  0.008
22	  0.120	 30.408	  1.001	  0.063	  0.008
23	  0.120	 31.759	  1.001	  0.063	  0.008
24	  0.120	 33.111	  1.001	  0.063	  0.008
25	  0.120	 34.462	  1.001	  0.063	  0.008
26	  0.120	 35.813	  1.001	  0.063	  0.008
27	  0.120	 37.165	  1.001	  0.063	  0.008
28	  0.120	 38.516	  1.001	  0.063	  0.008
29	  0.120	 39.867	  1.001	  0.063	  0.008
30	  0.120	 41.219	  1.001	  0.063	  0.008
31	  0.120	 42.570	  1.001	  0.063	  0.008
32	  0.120	 43.922	  1.001	  0.063	  0.008
33	  0.120	 45.273	  1.001	  0.063	  0.008
34	  0.120	 46.624	  1.001	  0.063	  0.008
35	  0.120	 47.976	  1.001	  0.063	  0.008
36	  0.120	 49.327	  1.001	  0.063	  0.008
37	  0.120	 50.678	  1.001	  0.063	  0.008
38	  0.120	 52.030	  1.001	  0.063	  0.008
39	  0.120	 53.381	  1.001	  0.063	  0.008
40	  0.120	 54.732	  1.001	  0.063	  0.008
41	  0.120	 56.084	  1.001	  0.063	  0.008
42	  0.120	 57.435	  1.001	  0.063	  0.008
43	  0.120	 58.786	  1.001	  0.063	  0.008
44	  0.120	 60.138	  1.001	  0.063	  0.008
45	  0.120	 61.489	  1.001	  0.063	  0.008
46	  0.120	 62.840	  1.001	  0.063	  0.008
47	  0.120	 64.192	  1.001	  0.063	  0.008
48	  0.120	 65.543	  1.001	  0.063	  0.008
49	  0.120	 66.894	  1.001	  0.063	  0.008
50	  0.120	 68.246	  1.001	  0.063	  0.008
51	  0.120	 69.597	  1.001	  0.063	  0.008
52	  0.120	 70.949	  1.001	  0.063	  0.008
53	  0.120	 72.300	  1.001	  0.063	  0.008
54	  0.120	 73.651	  1.001	  0.063	  0.008
55	  0.120	 75.003	  1.001	  0.063	  0.008
56	  0.120	 76.354	  1.001	  0.063	  0.008
57	  0.120	 77.705	  1.001	  0.063	  0.008
58	  0.120	 79.057	  1.001	  0.063	  0.008
59	  0.120	 80.408	  1.001	  0.063	  0.008
60	  0.120	 81.759	  1.001	  0.063	  0.008
61	  0.120	 83.111	  1.001	  0.063	  0.008
62	  0.120	 84.462	  1.001	  0.063	  0.008
63	  0.120	 85.813	  1.001	  0.063	  0.008
64	  0.120	 87.165	  1.001	  0.063	  0.008
65	  0.120	 88.516	  1.001	  0.063	  0.008
66	  0.120	 89.867	  1.001	  0.063	  0.008
67	  0.120	 91.219	  1.001	  0.063	  0.008
68	  0.120	 92.570	  1.001	  0.063	  0.008
69	  0.120	 93.922	  1.001	  0.063	  0.008
70	  0.120	 95.273	  1.001	  0.063	  0.008
71	  0.120	 96.624	  1.001	  0.063	  0.008
72	  0.120	 97.976	  1.001	  0.063	  0.008
73	  0.120	 99.327	  1.001	  0.063	  0.008
0	  0.240	  0.683	  1.002	  0.038	  0.006
1	  0.240	  2.034	  1.002	  0.038	  0.006
2	  0.240	  3.385	  1.002	  0.038	  0.006
3	  0.240	  4.737	  1.002	  0.038	  0.006
4	  0.240	  6.088	  1.002	  0.038	  0.006
5	  0.240	  7.439	  1.002	  0.038	  0.006
6	  0.240	  8.791	  1.002	  0.038	  0.006
7	  0.240	 10.142	  1.002	  0.038	  0.006
8	  0.240	 11.493	  1.002	  0.038	  0.006
9	  0.240	 12.845	  1.002	  0.038	  0.006
10	  0.240	 14.196	  1.002	  0.038	  0.006
11	  0.240	 15.547	  1.002	  0.038	  0.006
12	  0.240	 16.899	  1.002	  0.038	  0.006
13	  0.240	 18.250	  1.002	  0.038	  0.006
14	  0.240	 19.601	  1.002	  0.038	  0.006
15	  0.240	 20.953	  1.002	  0.038	  0.006
16	  0.240	 22.304	  1.002	  0.038	  0.006
17	  0.240	 23.656	  1.002	  0.038	  0.006
18	  0.240	 25.007	  1.002	  0.038	  0.006
19	  0.240	 26.358	  1.002	  0.038	  0.006
20	  0.240	 27.710	  1.002	  0.038	  0.006
21	  0.240	 29.061	  1.002	  0.038	  0.006
22	  0.240	 30.412	  1.002	  0.038	  0.006
23	  0.240	 31.764	  1.002	  0.038	  0.006
24	  0.240	 33.115	  1.002	  0.038	  0.006
25	  0.240	 34.466	  1.002	  0.038	  0.006
26	  0.240	 35.818	  1.002	  0.038	  0.006
27	  0.240	 37.169	  1.002	  0.038	  0.006
28	  0.240	 38.520	  1.002	  0.038	  0.006
29	  0.240	 39.872	  1.002	  0.038	  0.006
30	  0.240	 41.223	  1.002	  0.038	  0.006
31	  0.240	 42.574	  1.002	  0.038	  0.006
32	  0.240	 43.926	  1.002	  0.038	  0.006
33	  0.240	 45.277	  1.002	  0.038	  0.006
34	  0.240	 46.628	  1.002	  0.038	  0.006
35	  0.240	 47.980	  1.002	  0.038	  0.006
36	  0.240	 49.331	  1.002	  0.038	  0.006
37	  0.240	 50.683	  1.002	  0.038	  0.006
38	  0.240	 52.034	  1.002	  0.038	  0.006
39	  0.240	 53.385	  1.002	  0.038	  0.006
40	  0.240	 54.737	  1.002	  0.038	  0.006
41	  0.240	 56.088	  1.002	  0.038	  0.006
42	  0.240	 57.439	  1.002	  0.038	  0.006
43	  0.240	 58.791	  1.002	  0.038	  0.006
44	  0.240	 60.142	  1.002	  0.038	  0.006
45	  0.240	 61.493	  1.002	  0.038	  0.006
46	  0.240	 62.845	  1.002	  0.038	  0.006
47	  0.240	 64.196	  1.002	  0.038	  0.006
48	  0.240	 65.547	  1.002	  0.038	  0.006
49	  0.240	 66.899	  1.002	  0.038	  0.006
50	  0.240	 68.250	  1.002	  0.038	  0.006
51	  0.240	 69.601	  1.002	  0.038	  0.006
52	  0.240	 70.953	  1.002	  0.038	  0.006
53	  0.240	 72.304	  1.002	  0.038	  0.006
54	  0.240	 73.656	  1.002	  0.038	  0.006
55	  0.240	 75.007	  1.002	  0.038	  0.006
56	  0.240	 76.358	  1.002	  0.038	  0.006
57	  0.240	 77.710	  1.002	  0.038	  0.006
58	  0.240	 79.061	  1.002	  0.038	  0.006
59	  0.240	 80.412	  1.002	  0.038	  0.006
60	  0.240	 81.764	  1.002	  0.038	  0.006
61	  0.240	 83.115	  1.002	  0.038	  0.006
62	  0.240	 84.466	  1.002	  0.038	  0.006
63	  0.240	 85.818	  1.002	  0.038	  0.006
64	  0.240	 87.169	  1.002	  0.038	  0.006
65	  0.240	 88.520	  1.002	  0.038	  0.006
66	  0.240	 89.872	  1.002	  0.038	  0.006
67	  0.240	 91.223	  1.002	  0.038	  0.006
68	  0.240	 92.574	  1.002	  0.038	  0.006
69	  0.240	 93.926	  1.002	  0.038	  0.006
70	  0.240	 95.277	  1.002	  0.038	  0.006
71	  0.240	 96.628	  1.002	  0.038	  0.006
72	  0.240	 97.980	  1.002	  0.038	  0.006
73	  0.240	 99.331	  1.002	  0.038	  0.006
0	  0.360	  0.686	  1.003	  0.014	  0.005
1	  0.360	  2.037	  1.003	  0.014	  0.005
2	  0.360	  3.389	  1.003	  0.014	  0.005
3	  0.360	  4.740	  1.003	  0.014	  0.005
4	  0.360	  6.092	  1.003	  0.014	  0.005
5	  0.360	  7.443	  1.003	  0.014	  0.005
6	  0.360	  8.794	  1.003	  0.014	  0.005
7	  0.360	 10.146	  1.003	  0.014	  0.005
8	  0.360	 11.497	  1.003	  0.014	  0.005
9	  0.360	 12.848	  1.003	  0.014	  0.005
10	  0.360	 14.200	  1.003	  0.014	  0.005
11	  0.360	 15.551	  1.003	  0.014	  0.005
12	  0.360	 16.902	  1.003	  0.014	  0.005
13	  0.360	 18.254	  1.003	  0.014	  0.005
14	  0.360	 19.605	  1.003	  0.014	  0.005
15	  0.360	 20.956	  1.003	  0.014	  0.005
16	  0.360	 22.308	  1.003	  0.014	  0.005
17	  0.360	 23.659	  1.003	  0.014	  0.005
18	  0.360	 25.010	  1.003	  0.014	  0.005
19	  0.360	 26.362	  1.003	  0.014	  0.005
20	  0.360	 27.713	  1.003	  0.014	  0.005
21	  0.360	 29.065	  1.003	  0.014	  0.005
22	  0.360	 30.416	  1.003	  0.014	  0.005
23	  0.360	 31.767	  1.003	  0.014	  0.005
24	  0.360	 33.119	  1.003	  0.014	  0.005
25	  0.360	 34.470	  1.003	  0.014	  0.005
26	  0.360	 35.821	  1.003	  0.014	  0.005
27	  0.360	 37.173	  1.003	  0.014	  0.005
28	  0.360	 38.524	  1.003	  0.014	  0.005
29	  0.360	 39.875	  1.003	  0.014	  0.005
30	  0.360	 41.227	  1.003	  0.014	  0.005
31	  0.360	 42.578	  1.003	  0.014	  0.005
32	  0.360	 43.929	  1.003	  0.014	  0.005
33	  0.360	 45.281	  1.003	  0.014	  0.005
34	  0.360	 46.632	  1.003	  0.014	  0.005
35	  0.360	 47.983	  1.003	  0.014	  0.005
36	  0.360	 49.335	  1.003	  0.014	  0.005
37	  0.360	 50.686	  1.003	  0.014	  0.005
38	  0.360	 52.037	  1.003	  0.014	  0.005
39	  0.360	 53.389	  1.003	  0.014	  0.005
40	  0.360	 54.740	  1.003	  0.014	  0.005
41	  0.360	 56.092	  1.003	  0.014	  0.005
42	  0.360	 57.443	  1.003	  0.014	  0.005
43	  0.360	 58.794	  1.003	  0.014	  0.005
44	  0.360	 60.146	  1.003	  0.014	  0.005
45	  0.360	 61.497	  1.003	  0.014	  0.005
46	  0.360	 62.848	  1.003	  0.014	  0.005
47	  0.360	 64.200	  1.003	  0.014	  0.005
48	  0.360	 65.551	  1.003	  0.014	  0.005
49	  0.360	 66.902	  1.003	  0.014	  0.005
50	  0.360	 68.254	  1.003	  0.014	  0.005
51	  0.360	 69.605	  1.003	  0.014	  0.005
52	  0.360	 70.956	  1.003	  0.014	  0.005
53	  0.360	 72.308	  1.003	  0.014	  0.005
54	  0.360	 73.659	  1.003	  0.014	  0.005
55	  0.360	 75.010	  1.003	  0.014	  0.005
56	  0.360	 76.362	  1.003	  0.014	  0.005
57	  0.360	 77.713	  1.003	  0.014	  0.005
58	  0.360	 79.065	  1.003	  0.014	  0.005
59	  0.360	 80.416	  1.003	  0.014	  0.005
60	  0.360	 81.767	  1.003	  0.014	  0.005
61	  0.360	 83.119	  1.003	  0.014	  0.005
62	  0.360	 84.470	  1.003	  0.014	  0.005
63	  0.360	 85.821	  1.003	  0.014	  0.005
64	  0.360	 87.173	  1.003	  0.014	  0.005
65	  0.360	 88.524	  1.003	  0.014	  0.005
66	  0.360	 89.875	  1.003	  0.014	  0.005
67	  0.360	 91.227	  1.003	  0.014	  0.005
68	  0.360	 92.578	  1.003	  0.014	  0.005
69	  0.360	 93.929	  1.003	  0.014	  0.005
70	  0.360	 95.281	  1.003	  0.014	  0.005
71	  0.360	 96.632	  1.003	  0.014	  0.005
72	  0.360	 97.983	  1.003	  0.014	  0.005
73	  0.360	 99.335	  1.003	  0.014	  0.005
0	  0.480	  0.689	  1.003	  0.066	  0.004
1	  0.480	  2.040	  1.003	  0.066	  0.004
2	  0.480	  3.392	  1.003	  0.066	  0.004
3	  0.480	  4.743	  1.003	  0.066	  0.004
4	  0.480	  6.095	  1.003	  0.066	  0.004
5	  0.480	  7.446	  1.003	  0.066	  0.004
6	  0.480	  8.797	  1.003	  0.066	  0.004
7	  0.480	 10.149	  1.003	  0.066	  0.004
8	  0.480	 11.500	  1.003	  0.066	  0.004
9	  0.480	 12.851	  1.003	  0.066	  0.004
10	  0.480	 14.203	  1.003	  0.066	  0.004
11	  0.480	 15.554	  1.003	  0.066	  0.004
12	  0.480	 16.905	  1.003	  0.066	  0.004
13	  0.480	 18.257	  1.003	  0.066	  0.004
14	  0.480	 19.608	  1.003	  0.066	  0.004
15	  0.480	 20.959	  1.003	  0.066	  0.004
16	  0.480	 22.311	  1.003	  0.066	  0.004
17	  0.480	 23.662	  1.003	  0.066	  0.004
18	  0.480	 25.013	  1.003	  0.066	  0.004
19	  0.480	 26.365	  1.003	  0.066	  0.004
20	  0.480	 27.716	  1.003	  0.066	  0.004
21	  0.480	 29.067	  1.003	  0.066	  0.004
22	  0.480	 30.419	  1.003	  0.066	  0.004
23	  0.480	 31.770	  1.003	  0.066	  0.004
24	  0.480	 33.122	  1.003	  0.066	  0.004
25	  0.480	 34.473	  1.003	  0.066	  0.004
26	  0.480	 35.824	  1.003	  0.066	  0.004
27	  0.480	 37.176	  1.003	  0.066	  0.004
28	  0.480	 38.527	  1.003	  0.066	  0.004
29	  0.480	 39.878	  1.003	  0.066	  0.004
30	  0.480	 41.230	  1.003	  0.066	  0.004
31	  0.480	 42.581	  1.003	  0.066	  0.004
32	  0.480	 43.932	  1.003	  0.066	  0.004
33	  0.480	 45.284	  1.003	  0.066	  0.004
34	  0.480	 46.635	  1.003	  0.066	  0.004
35	  0.480	 47.986	  1.003	  0.066	  0.004
36	  0.480	 49.338	  1.003	  0.066	  0.004
37	  0.480	 50.689	  1.003	  0.066	  0.004
38	  0.480	 52.040	  1.003	  0.066	  0.004
39	  0.480	 53.392	  1.003	  0.066	  0.004
40	  0.480	 54.743	  1.003	  0.066	  0.004
41	  0.480	 56.095	  1.003	  0.066	  0.004
42	  0.480	 57.446	  1.003	  0.066	  0.004
43	  0.480	 58.797	  1.003	  0.066	  0.004
44	  0.480	 60.149	  1.003	  0.066	  0.004
45	  0.480	 61.500	  1.003	  0.066	  0.004
46	  0.480	 62.851	  1.003	  0.066	  0.004
47	  0.480	 64.203	  1.003	  0.066	  0.004
48	  0.480	 65.554	  1.003	  0.066	  0.004
49	  0.480	 66.905	  1.003	  0.066	  0.004
50	  0.480	 68.257	  1.003	  0.066	  0.004
51	  0.480	 69.608	  1.003	  0.066	  0.004
52	  0.480	 70.959	  1.003	  0.066	  0.004
53	  0.480	 72.311	  1.003	  0.066	  0.004
54	  0.480	 73.662	  1.003	  0.066	  0.004
55	  0.480	 75.013	  1.003	  0.066	  0.004
56	  0.480	 76.365	  1.003	  0.066	  0.004
57	  0.480	 77.716	  1.003	  0.066	  0.004
58	  0.480	 79.067	  1.003	  0.066	  0.004
59	  0.480	 80.419	  1.003	  0.066	  0.004
60	  0.480	 81.770	  1.003	  0.066	  0.004
61	  0.480	 83.122	  1.003	  0.066	  0.004
62	  0.480	 84.473	  1.003	  0.066	  0.004
63	  0.480	 85.824	  1.003	  0.066	  0.004
64	  0.480	 87.176	  1.003	  0.066	  0.004
65	  0.480	 88.527	  1.003	  0.066	  0.004
66	  0.480	 89.878	  1.003	  0.066	  0.004
67	  0.480	 91.230	  1.003	  0.066	  0.004
68	  0.480	 92.581	  1.003	  0.066	  0.004
69	  0.480	 93.932	  1.003	  0.066	  0.004
70	  0.480	 95.284	  1.003	  0.066	  0.004
71	  0.480	 96.635	  1.003	  0.066	  0.004
72	  0.480	 97.986	  1.003	  0.066	  0.004
73	  0.480	 99.338	  1.003	  0.066	  0.004
0	  0.600	  0.694	  1.004	  0.040	  0.003
1	  0.600	  2.045	  1.004	  0.040	  0.003
2	  0.600	  3.396	  1.004	  0.040	  0.003
3	  0.600	  4.748	  1.004	  0.040	  0.003
4	  0.600	  6.099	  1.004	  0.040	  0.003
5	  0.600	  7.450	  1.004	  0.040	  0.003
6	  0.600	  8.802	  1.004	  0.040	  0.003
7	  0.600	 10.153	  1.004	  0.040	  0.003
8	  0.600	 11.504	  1.004	  0.040	  0.003
9	  0.600	 12.856	  1.004	  0.040	  0.003
10	  0.600	 14.207	  1.004	  0.040	  0.003
11	  0.600	 15.559	  1.004	  0.040	  0.003
12	  0.600	 16.910	  1.004	  0.040	  0.003
13	  0.600	 18.261	  1.004	  0.040	  0.003
14	  0.600	 19.613	  1.004	  0.040	  0.003
15	  0.600	 20.964	  1.004	  0.040	  0.003
16	  0.600	 22.315	  1.004	  0.040	  0.003
17	  0.600	 23.667	  1.004	  0.040	  0.003
18	  0.600	 25.018	  1.004	  0.040	  0.003
19	  0.600	 26.369	  1.004	  0.040	  0.003
20	  0.600	 27.721	  1.004	  0.040	  0.003
21	  0.600	 29.072	  1.004	  0.040	  0.003
22	  0.600	 30.423	  1.004	  0.040	  0.003
23	  0.600	 31.775	  1.004	  0.040	  0.003
24	  0.600	 33.126	  1.004	  0.040	  0.003
25	  0.600	 34.477	  1.004	  0.040	  0.003
26	  0.600	 35.829	  1.004	  0.040	  0.003
27	  0.600	 37.180	  1.004	  0.040	  0.003
28	  0.600	 38.532	  1.004	  0.040	  0.003
29	  0.600	 39.883	  1.004	  0.040	  0.003
30	  0.600	 41.234	  1.004	  0.040	  0.003
31	  0.600	 42.586	  1.004	  0.040	  0.003
32	  0.600	 43.937	  1.004	  0.040	  0.003
33	  0.600	 45.288	  1.004	  0.040	  0.003
34	  0.600	 46.640	  1.004	  0.040	  0.003
35	  0.600	 47.991	  1.004	  0.040	  0.003
36	  0.600	 49.342	  1.004	  0.040	  0.003
37	  0.600	 50.694	  1.004	  0.040	  0.003
38	  0.600	 52.045	  1.004	  0.040	  0.003
39	  0.600	 53.396	  1.004	  0.040	  0.003
40	  0.600	 54.748	  1.004	  0.040	  0.003
41	  0.600	 56.099	  1.004	  0.040	  0.003
42	  0.600	 57.450	  1.004	  0.040	  0.003
43	  0.600	 58.802	  1.004	  0.040	  0.003
44	  0.600	 60.153	  1.004	  0.040	  0.003
45	  0.600	 61.504	  1.004	  0.040	  0.003
46	  0.600	 62.856	  1.004	  0.040	  0.003
47	  0.600	 64.207	  1.004	  0.040	  0.003
48	  0.600	 65.559	  1.004	  0.040	  0.003
49	  0.600	 66.910	  1.004	  0.040	  0.003
50	  0.600	 68.261	  1.004	  0.040	  0.003
51	  0.600	 69.613	  1.004	  0.040	  0.003
52	  0.600	 70.964	  1.004	  0.040	  0.003
53	  0.600	 72.315	  1.004	  0.040	  0.003
54	  0.600	 73.667	  1.004	  0.040	  0.003
55	  0.600	 75.018	  1.004	  0.040	  0.003
56	  0.600	 76.369	  1.004	  0.040	  0.003
57	  0.600	 77.721	  1.004	  0.040	  0.003
58	  0.600	 79.072	  1.004	  0.040	  0.003
59	  0.600	 80.423	  1.004	  0.040	  0.003
60	  0.600	 81.775	  1.004	  0.040	  0.003
61	  0.600	 83.126	  1.004	  0.040	  0.003
62	  0.600	 84.477	  1.004	  0.040	  0.003
63	  0.600	 85.829	  1.004	  0.040	  0.003
64	  0.600	 87.180	  1.004	  0.040	  0.003
65	  0.600	 88.532	  1.004	  0.040	  0.003
66	  0.600	 89.883	  1.004	  0.040	  0.003
67	  0.600	 91.234	  1.004	  0.040	  0.003
68	  0.600	 92.586	  1.004	  0.040	  0.003
69	  0.600	 93.937	  1.004	  0.040	  0.003
70	  0.600	 95.288	  1.004	  0.040	  0.003
71	  0.600	 96.640	  1.004	  0.040	  0.003
72	  0.600	 97.991	  1.004	  0.040	  0.003
73	  0.600	 99.342	  1.004	  0.040	  0.003
0	  0.720	  0.698	  1.004	  0.015	  0.002
1	  0.720	  2.049	  1.004	  0.015	  0.002
2	  0.720	  3.400	  1.004	  0.015	  0.002
3	  0.720	  4.752	  1.004	  0.015	  0.002
4	  0.720	  6.103	  1.004	  0.015	  0.002
5	  0.720	  7.454	  1.004	  0.015	  0.002
6	  0.720	  8.806	  1.004	  0.015	  0.002
7	  0.720	 10.157	  1.004	  0.015	  0.002
8	  0.720	 11.508	  1.004	  0.015	  0.002
9	  0.720	 12.860	  1.004	  0.015	  0.002
10	  0.720	 14.211	  1.004	  0.015	  0.002
11	  0.720	 15.562	  1.004	  0.015	  0.002
12	  0.720	 16.914	  1.004	  0.015	  0.002
13	  0.720	 18.265	  1.004	  0.015	  0.002
14	  0.720	 19.616	  1.004	  0.015	  0.002
15	  0.720	 20.968	  1.004	  0.015	  0.002
16	  0.720	 22.319	  1.004	  0.015	  0.002
17	  0.720	 23.671	  1.004	  0.015	  0.002
18	  0.720	 25.022	  1.004	  0.015	  0.002
19	  0.720	 26.373	  1.004	  0.015	  0.002
20	  0.720	 27.725	  1.004	  0.015	  0.002
21	  0.720	 29.076	  1.004	  0.015	  0.002
22	  0.720	 30.427	  1.004	  0.015	  0.002
23	  0.720	 31.779	  1.004	  0.015	  0.002
24	  0.720	 33.130	  1.004	  0.015	  0.002
25	  0.720	 34.481	  1.004	  0.015	  0.002
26	  0.720	 35.833	  1.004	  0.015	  0.002
27	  0.720	 37.184	  1.004	  0.015	  0.002
28	  0.720	 38.535	  1.004	  0.015	  0.002
29	  0.720	 39.887	  1.004	  0.015	  0.002
30	  0.720	 41.238	  1.004	  0.015	  0.002
31	  0.720	 42.589	  1.004	  0.015	  0.002
32	  0.720	 43.941	  1.004	  0.015	  0.002
33	  0.720	 45.292	  1.004	  0.015	  0.002
34	  0.720	 46.643	  1.004	  0.015	  0.002
35	  0.720	 47.995	  1.004	  0.015	  0.002
36	  0.720	 49.346	  1.004	  0.015	  0.002
37	  0.720	 50.698	  1.004	  0.015	  0.002
38	  0.720	 52.049	  1.004	  0.015	  0.002
39	  0.720	 53.400	  1.004	  0.015	  0.002
40	  0.720	 54.752	  1.004	  0.015	  0.002
41	  0.720	 56.103	  1.004	  0.015	  0.002
42	  0.720	 57.454	  1.004	  0.015	  0.002
43	  0.720	 58.806	  1.004	  0.015	  0.002
44	  0.720	 60.157	  1.004	  0.015	  0.002
45	  0.720	 61.508	  1.004	  0.015	  0.002
46	  0.720	 62.860	  1.004	  0.015	  0.002
47	  0.720	 64.211	  1.004	  0.015	  0.002
48	  0.720	 65.562	  1.004	  0.015	  0.002
49	  0.720	 66.914	  1.004	  0.015	  0.002
50	  0.720	 68.265	  1.004	  0.015	  0.002
51	  0.720	 69.616	  1.004	  0.015	  0.002
52	  0.720	 70.968	  1.004	  0.015	  0.002
53	  0.720	 72.319	  1.004	  0.015	  0.002
54	  0.720	 73.671	  1.004	  0.015	  0.002
55	  0.720	 75.022	  1.004	  0.015	  0.002
56	  0.720	 76.373	  1.004	  0.015	  0.002
57	  0.720	 77.725	  1.004	  0.015	  0.002
58	  0.720	 79.076	  1.004	  0.015	  0.002
59	  0.720	 80.427	  1.004	  0.015	  0.002
60	  0.720	 81.779	  1.004	  0.015	  0.002
61	  0.720	 83.130	  1.004	  0.015	  0.002
62	  0.720	 84.481	  1.004	  0.015	  0.002
63	  0.720	 85.833	  1.004	  0.015	  0.002
64	  0.720	 87.184	  1.004	  0.015	  0.002
65	  0.720	 88.535	  1.004	  0.015	  0.002
66	  0.720	 89.887	  1.004	  0.015	  0.002
67	  0.720	 91.238	  1.004	  0.015	  0.002
68	  0.720	 92.589	  1.004	  0.015	  0.002
69	  0.720	 93.941	  1.004	  0.015	  0.002
70	  0.720	 95.292	  1.004	  0.015	  0.002
71	  0.720	 96.643	  1.004	  0.015	  0.002
72	  0.720	 97.995	  1.004	  0.015	  0.002
73	  0.720	 99.346	  1.004	  0.015	  0.002
0	  0.840	  0.701	  1.004	  0.067	  0.002
1	  0.840	  2.052	  1.004	  0.067	  0.002
2	  0.840	  3.403	  1.004	  0.067	  0.002
3	  0.840	  4.755	  1.004	  0.067	  0.002
4	  0.840	  6.106	  1.004	  0.067	  0.002
5	  0.840	  7.457	  1.004	  0.067	  0.002
6	  0.840	  8.809	  1.004	  0.067	  0.002
7	  0.840	 10.160	  1.004	  0.067	  0.002
8	  0.840	 11.511	  1.004	  0.067	  0.002
9	  0.840	 12.863	  1.004	  0.067	  0.002
10	  0.840	 14.214	  1.004	  0.067	  0.002
11	  0.840	 15.566	  1.004	  0.067	  0.002
12	  0.840	 16.917	  1.004	  0.067	  0.002
13	  0.840	 18.268	  1.004	  0.067	  0.002
14	  0.840	 19.620	  1.004	  0.067	  0.002
15	  0.840	 20.971	  1.004	  0.067	  0.002
16	  0.840	 22.322	  1.004	  0.067	  0.002
17	  0.840	 23.674	  1.004	  0.067	  0.002
18	  0.840	 25.025	  1.004	  0.067	  0.002
19	  0.840	 26.376	  1.004	  0.067	  0.002
20	  0.840	 27.728	  1.004	  0.067	  0.002
21	  0.840	 29.079	  1.004	  0.067	  0.002
22	  0.840	 30.430	  1.004	  0.067	  0.002
23	  0.840	 31.782	  1.004	  0.067	  0.002
24	  0.840	 33.133	  1.004	  0.067	  0.002
25	  0.840	 34.484	  1.004	  0.067	  0.002
26	  0.840	 35.836	  1.004	  0.067	  0.002
27	  0.840	 37.187	  1.004	  0.067	  0.002
28	  0.840	 38.539	  1.004	  0.067	  0.002
29	  0.840	 39.890	  1.004	  0.067	  0.002
30	  0.840	 41.241	  1.004	  0.067	  0.002
31	  0.840	 42.593	  1.004	  0.067	  0.002
32	  0.840	 43.944	  1.004	  0.067	  0.002
33	  0.840	 45.295	  1.004	  0.067	  0.002
34	  0.840	 46.647	  1.004	  0.067	  0.002
35	  0.840	 47.998	  1.004	  0.067	  0.002
36	  0.840	 49.349	  1.004	  0.067	  0.002
37	  0.840	 50.701	  1.004	  0.067	  0.002
38	  0.840	 52.052	  1.004	  0.067	  0.002
39	  0.840	 53.403	  1.004	  0.067	  0.002
40	  0.840	 54.755	  1.004	  0.067	  0.002
41	  0.840	 56.106	  1.004	  0.067	  0.002
42	  0.840	 57.457	  1.004	  0.067	  0.002
43	  0.840	 58.809	  1.004	  0.067	  0.002
44	  0.840	 60.160	  1.004	  0.067	  0.002
45	  0.840	 61.511	  1.004	  0.067	  0.002
46	  0.840	 62.863	  1.004	  0.067	  0.002
47	  0.840	 64.214	  1.004	  0.067	  0.002
48	  0.840	 65.566	  1.004	  0.067	  0.002
49	  0.840	 66.917	  1.004	  0.067	  0.002
50	  0.840	 68.268	  1.004	  0.067	  0.002
51	  0.840	 69.620	  1.004	  0.067	  0.002
52	  0.840	 70.971	  1.004	  0.067	  0.002
53	  0.840	 72.322	  1.004	  0.067	  0.002
54	  0.840	 73.674	  1.004	  0.067	  0.002
55	  0.840	 75.025	  1.004	  0.067	  0.002
56	  0.840	 76.376	  1.004	  0.067	  0.002
57	  0.840	 77.728	  1.004	  0.067	  0.002
58	  0.840	 79.079	  1.004	  0.067	  0.002
59	  0.840	 80.430	  1.004	  0.067	  0.002
60	  0.840	 81.782	  1.004	  0.067	  0.002
61	  0.840	 83.133	  1.004	  0.067	  0.002
62	  0.840	 84.484	  1.004	  0.067	  0.002
63	  0.840	 85.836	  1.004	  0.067	  0.002
64	  0.840	 87.187	  1.004	  0.067	  0.002
65	  0.840	 88.539	  1.004	  0.067	  0.002
66	  0.840	 89.890	  1.004	  0.067	  0.002
67	  0.840	 91.241	  1.004	  0.067	  0.002
68	  0.840	 92.593	  1.004	  0.067	  0.002
69	  0.840	 93.944	  1.004	  0.067	  0.002
70	  0.840	 95.295	  1.004	  0.067	  0.002
71	  0.840	 96.647	  1.004	  0.067	  0.002
72	  0.840	 97.998	  1.004	  0.067	  0.002
73	  0.840	 99.349	  1.004	  0.067	  0.002
0	  0.960	  0.705	  1.004	  0.041	  0.001
1	  0.960	  2.057	  1.004	  0.041	  0.001
2	  0.960	  3.408	  1.004	  0.041	  0.001
3	  0.960	  4.759	  1.004	  0.041	  0.001
4	  0.960	  6.111	  1.004	  0.041	  0.001
5	  0.960	  7.462	  1.004	  0.041	  0.001
6	  0.960	  8.814	  1.004	  0.041	  0.001
7	  0.960	 10.165	  1.004	  0.041	  0.001
8	  0.960	 11.516	  1.004	  0.041	  0.001
9	  0.960	 12.868	  1.004	  0.041	  0.001
10	  0.960	 14.219	  1.004	  0.041	  0.001
11	  0.960	 15.570	  1.004	  0.041	  0.001
12	  0.960	 16.922	  1.004	  0.041	  0.001
13	  0.960	 18.273	  1.004	  0.041	  0.001
14	  0.960	 19.624	  1.004	  0.041	  0.001
15	  0.960	 20.976	  1.004	  0.041	  0.001
16	  0.960	 22.327	  1.004	  0.041	  0.001
17	  0.960	 23.678	  1.004	  0.041	  0.001
18	  0.960	 25.030	  1.004	  0.041	  0.001
19	  0.960	 26.381	  1.004	  0.041	  0.001
20	  0.960	 27.732	  1.004	  0.041	  0.001
21	  0.960	 29.084	  1.004	  0.041	  0.001
22	  0.960	 30.435	  1.004	  0.041	  0.001
23	  0.960	 31.786	  1.004	  0.041	  0.001
24	  0.960	 33.138	  1.004	  0.041	  0.001
25	  0.960	 34.489	  1.004	  0.041	  0.001
26	  0.960	 35.841	  1.004	  0.041	  0.001
27	  0.960	 37.192	  1.004	  0.041	  0.001
28	  0.960	 38.543	  1.004	  0.041	  0.001
29	  0.960	 39.895	  1.004	  0.041	  0.001
30	  0.960	 41.246	  1.004	  0.041	  0.001
31	  0.960	 42.597	  1.004	  0.041	  0.001
32	  0.960	 43.949	  1.004	  0.041	  0.001
33	  0.960	 45.300	  1.004	  0.041	  0.001
34	  0.960	 46.651	  1.004	  0.041	  0.001
35	  0.960	 48.003	  1.004	  0.041	  0.001
36	  0.960	 49.354	  1.004	  0.041	  0.001
37	  0.960	 50.705	  1.004	  0.041	  0.001
38	  0.960	 52.057	  1.004	  0.041	  0.001
39	  0.960	 53.408	  1.004	  0.041	  0.001
40	  0.960	 54.759	  1.004	  0.041	  0.001
41	  0.960	 56.111	  1.004	  0.041	  0.001
42	  0.960	 57.462	  1.004	  0.041	  0.001
43	  0.960	 58.814	  1.004	  0.041	  0.001
44	  0.960	 60.165	  1.004	  0.041	  0.001
45	  0.960	 61.516	  1.004	  0.041	  0.001
46	  0.960	 62.868	  1.004	  0.041	  0.001
47	  0.960	 64.219	  1.004	  0.041	  0.001
48	  0.960	 65.570	  1.004	  0.041	  0.001
49	  0.960	 66.922	  1.004	  0.041	  0.001
50	  0.960	 68.273	  1.004	  0.041	  0.001
51	  0.960	 69.624	  1.004	  0.041	  0.001
52	  0.960	 70.976	  1.004	  0.041	  0.001
53	  0.960	 72.327	  1.004	  0.041	  0.001
54	  0.960	 73.678	  1.004	  0.041	  0.001
55	  0.960	 75.030	  1.004	  0.041	  0.001
56	  0.960	 76.381	  1.004	  0.041	  0.001
57	  0.960	 77.732	  1.004	  0.041	  0.001
58	  0.960	 79.084	  1.004	  0.041	  0.001
59	  0.960	 80.435	  1.004	  0.041	  0.001
60	  0.960	 81.786	  1.004	  0.041	  0.001
61	  0.960	 83.138	  1.004	  0.041	  0.001
62	  0.960	 84.489	  1.004	  0.041	  0.001
63	  0.960	 85.841	  1.004	  0.041	  0.001
64	  0.960	 87.192	  1.004	  0.041	  0.001
65	  0.960	 88.543	  1.004	  0.041	  0.001
66	  0.960	 89.895	  1.004	  0.041	  0.001
67	  0.960	 91.246	  1.004	  0.041	  0.001
68	  0.960	 92.597	  1.004	  0.041	  0.001
69	  0.960	 93.949	  1.004	  0.041	  0.001
70	  0.960	 95.300	  1.004	  0.041	  0.001
71	  0.960	 96.651	  1.004	  0.041	  0.001
72	  0.960	 98.003	  1.004	  0.041	  0.001
73	  0.960	 99.354	  1.004	  0.041	  0.001
0	  1.080	  0.709	  1.004	  0.017	  0.001
1	  1.080	  2.060	  1.004	  0.017	  0.001
2	  1.080	  3.411	  1.004	  0.017	  0.001
3	  1.080	  4.763	  1.004	  0.017	  0.001
4	  1.080	  6.114	  1.004	  0.017	  0.001
5	  1.080	  7.465	  1.004	  0.017	  0.001
6	  1.080	  8.817	  1.004	  0.017	  0.001
7	  1.080	 10.168	  1.004	  0.017	  0.001
8	  1.080	 11.519	  1.004	  0.017	  0.001
9	  1.080	 12.871	  1.004	  0.017	  0.001
10	  1.080	 14.222	  1.004	  0.017	  0.001
11	  1.080	 15.574	  1.004	  0.017	  0.001
12	  1.080	 16.925	  1.004	  0.017	  0.001
13	  1.080	 18.276	  1.004	  0.017	  0.001
14	  1.080	 19.628	  1.004	  0.017	  0.001
15	  1.080	 20.979	  1.004	  0.017	  0.001
16	  1.080	 22.330	  1.004	  0.017	  0.001
17	  1.080	 23.682	  1.004	  0.017	  0.001
18	  1.080	 25.033	  1.004	  0.017	  0.001
19	  1.080	 26.384	  1.004	  0.017	  0.001
20	  1.080	 27.736	  1.004	  0.017	  0.001
21	  1.080	 29.087	  1.004	  0.017	  0.001
22	  1.080	 30.438	  1.004	  0.017	  0.001
23	  1.080	 31.790	  1.004	  0.017	  0.001
24	  1.080	 33.141	  1.004	  0.017	  0.001
25	  1.080	 34.492	  1.004	  0.017	  0.001
26	  1.080	 35.844	  1.004	  0.017	  0.001
27	  1.080	 37.195	  1.004	  0.017	  0.001
28	  1.080	 38.547	  1.004	  0.017	  0.001
29	  1.080	 39.898	  1.004	  0.017	  0.001
30	  1.080	 41.249	  1.004	  0.017	  0.001
31	  1.080	 42.601	  1.004	  0.017	  0.001
32	  1.080	 43.952	  1.004	  0.017	  0.001
33	  1.080	 45.303	  1.004	  0.017	  0.001
34	  1.080	 46.655	  1.004	  0.017	  0.001
35	  1.080	 48.006	  1.004	  0.017	  0.001
36	  1.080	 49.357	  1.004	  0.017	  0.001
37	  1.080	 50.709	  1.004	  0.017	  0.001
38	  1.080	 52.060	  1.004	  0.017	  0.001
39	  1.080	 53.411	  1.004	  0.017	  0.001
40	  1.080	 54.763	  1.004	  0.017	  0.001
41	  1.080	 56.114	  1.004	  0.017	  0.001
42	  1.080	 57.465	  1.004	  0.017	  0.001
43	  1.080	 58.817	  1.004	  0.017	  0.001
44	  1.080	 60.168	  1.004	  0.017	  0.001
45	  1.080	 61.519	  1.004	  0.017	  0.001
46	  1.080	 62.871	  1.004	  0.017	  0.001
47	  1.080	 64.222	  1.004	  0.017	  0.001
48	  1.080	 65.574	  1.004	  0.017	  0.001
49	  1.080	 66.925	  1.004	  0.017	  0.001
50	  1.080	 68.276	  1.004	  0.017	  0.001
51	  1.080	 69.628	  1.004	  0.017	  0.001
52	  1.080	 70.979	  1.004	  0.017	  0.001
53	  1.080	 72.330	  1.004	  0.017	  0.001
54	  1.080	 73.682	  1.004	  0.017	  0.001
55	  1.080	 75.033	  1.004	  0.017	  0.001
56	  1.080	 76.384	  1.004	  0.017	  0.001
57	  1.080	 77.736	  1.004	  0.017	  0.001
58	  1.080	 79.087	  1.004	  0.017	  0.001
59	  1.080	 80.438	  1.004	  0.017	  0.001
60	  1.080	 81.790	  1.004	  0.017	  0.001
61	  1.080	 83.141	  1.004	  0.017	  0.001
62	  1.080	 84.492	  1.004	  0.017	  0.001
63	  1.080	 85.844	  1.004	  0.017	  0.001
64	  1.080	 87.195	  1.004	  0.017	  0.001
65	  1.080	 88.547	  1.004	  0.017	  0.001
66	  1.080	 89.898	  1.004	  0.017	  0.001
67	  1.080	 91.249	  1.004	  0.017	  0.001
68	  1.080	 92.601	  1.004	  0.017	  0.001
69	  1.080	 93.952	  1.004	  0.017	  0.001
70	  1.080	 95.303	  1.004	  0.017	  0.001
71	  1.080	 96.655	  1.004	  0.017	  0.001
72	  1.080	 98.006	  1.004	  0.017	  0.001
73	  1.080	 99.357	  1.004	  0.017	  0.001
0	  1.200	  0.711	  1.005	 -0.005	  0.001
1	  1.200	  2.063	  1.005	 -0.005	  0.001
2	  1.200	  3.414	  1.005	 -0.005	  0.001
3	  1.200	  4.765	  1.005	 -0.005	  0.001
4	  1.200	  6.117	  1.005	 -0.005	  0.001
5	  1.200	  7.468	  1.005	 -0.005	  0.001
6	  1.200	  8.820	  1.005	 -0.005	  0.001
7	  1.200	 10.171	  1.005	 -0.005	  0.001
8	  1.200	 11.522	  1.005	 -0.005	  0.001
9	  1.200	 12.874	  1.005	 -0.005	  0.001
10	  1.200	 14.225	  1.005	 -0.005	  0.001
11	  1.200	 15.576	  1.005	 -0.005	  0.001
12	  1.200	 16.928	  1.005	 -0.005	  0.001
13	  1.200	 18.279	  1.005	 -0.005	  0.001
14	  1.200	 19.630	  1.005	 -0.005	  0.001
15	  1.200	 20.982	  1.005	 -0.005	  0.001
16	  1.200	 22.333	  1.005	 -0.005	  0.001
17	  1.200	 23.684	  1.005	 -0.005	  0.001
18	  1.200	 25.036	  1.005	 -0.005	  0.001
19	  1.200	 26.387	  1.005	 -0.005	  0.001
20	  1.200	 27.738	  1.005	 -0.005	  0.001
21	  1.200	 29.090	  1.005	 -0.005	  0.001
22	  1.200	 30.441	  1.005	 -0.005	  0.001
23	  1.200	 31.793	  1.005	 -0.005	  0.001
24	  1.200	 33.144	  1.005	 -0.005	  0.001
25	  1.200	 34.495	  1.005	 -0.005	  0.001
26	  1.200	 35.847	  1.005	 -0.005	  0.001
27	  1.200	 37.198	  1.005	 -0.005	  0.001
28	  1.200	 38.549	  1.005	 -0.005	  0.001
29	  1.200	 39.901	  1.005	 -0.005	  0.001
30	  1.200	 41.252	  1.005	 -0.005	  0.001
31	  1.200	 42.603	  1.005	 -0.005	  0.001
32	  1.200	 43.955	  1.005	 -0.005	  0.001
33	  1.200	 45.306	  1.005	 -0.005	  0.001
34	  1.200	 46.657	  1.005	 -0.005	  0.001
35	  1.200	 48.009	  1.005	 -0.005	  0.001
36	  1.200	 49.360	  1.005	 -0.005	  0.001
37	  1.200	 50.711	  1.005	 -0.005	  0.001
38	  1.200	 52.063	  1.005	 -0.005	  0.001
39	  1.200	 53.414	  1.005	 -0.005	  0.001
40	  1.200	 54.765	  1.005	 -0.005	  0.001
41	  1.200	 56.117	  1.005	 -0.005	  0.001
42	  1.200	 57.468	  1.005	 -0.005	  0.001
43	  1.200	 58.820	  1.005	 -0.005	  0.001
44	  1.200	 60.171	  1.005	 -0.005	  0.001
45	  1.200	 61.522	  1.005	 -0.005	  0.001
46	  1.200	 62.874	  1.005	 -0.005	  0.001
47	  1.200	 64.225	  1.005	 -0.005	  0.001
48	  1.200	 65.576	  1.005	 -0.005	  0.001
49	  1.200	 66.928	  1.005	 -0.005	  0.001
50	  1.200	 68.279	  1.005	 -0.005	  0.001
51	  1.200	 69.630	  1.005	 -0.005	  0.001
52	  1.200	 70.982	  1.005	 -0.005	  0.001
53	  1.200	 72.333	  1.005	 -0.005	  0.001
54	  1.200	 73.684	  1.005	 -0.005	  0.001
55	  1.200	 75.036	  1.005	 -0.005	  0.001
56	  1.200	 76.387	  1.005	 -0.005	  0.001
57	  1.200	 77.738	  1.005	 -0.005	  0.001
58	  1.200	 79.090	  1.005	 -0.005	  0.001
59	  1.200	 80.441	  1.005	 -0.005	  0.001
60	  1.200	 81.793	  1.005	 -0.005	  0.001
61	  1.200	 83.144	  1.005	 -0.005	  0.001
62	  1.200	 84.495	  1.005	 -0.005	  0.001
63	  1.200	 85.847	  1.005	 -0.005	  0.001
64	  1.200	 87.198	  1.005	 -0.005	  0.001
65	  1.200	 88.549	  1.005	 -0.005	  0.001
66	  1.200	 89.901	  1.005	 -0.005	  0.001
67	  1.200	 91.252	  1.005	 -0.005	  0.001
68	  1.200	 92.603	  1.005	 -0.005	  0.001
69	  1.200	 93.955	  1.005	 -0.005	  0.001
70	  1.200	 95.306	  1.005	 -0.005	  0.001
71	  1.200	 96.657	  1.005	 -0.005	  0.001
72	  1.200	 98.009	  1.005	 -0.005	  0.001
73	  1.200	 99.360	  1.005	 -0.005	  0.001
0	  1.320	  0.715	  1.005	  0.046	  0.001
1	  1.320	  2.066	  1.005	  0.046	  0.001
2	  1.320	  3.418	  1.005	  0.046	  0.001
3	  1.320	  4.769	  1.005	  0.046	  0.001
4	  1.320	  6.121	  1.005	  0.046	  0.001
5	  1.320	  7.472	  1.005	  0.046	  0.001
6	  1.320	  8.823	  1.005	  0.046	  0.001
7	  1.320	 10.175	  1.005	  0.046	  0.001
8	  1.320	 11.526	  1.005	  0.046	  0.001
9	  1.320	 12.877	  1.005	  0.046	  0.001
10	  1.320	 14.229	  1.005	  0.046	  0.001
11	  1.320	 15.580	  1.005	  0.046	  0.001
12	  1.320	 16.931	  1.005	  0.046	  0.001
13	  1.320	 18.283	  1.005	  0.046	  0.001
14	  1.320	 19.634	  1.005	  0.046	  0.001
15	  1.320	 20.985	  1.005	  0.046	  0.001
16	  1.320	 22.337	  1.005	  0.046	  0.001
17	  1.320	 23.688	  1.005	  0.046	  0.001
18	  1.320	 25.039	  1.005	  0.046	  0.001
19	  1.320	 26.391	  1.005	  0.046	  0.001
20	  1.320	 27.742	  1.005	  0.046	  0.001
21	  1.320	 29.094	  1.005	  0.046	  0.001
22	  1.320	 30.445	  1.005	  0.046	  0.001
23	  1.320	 31.796	  1.005	  0.046	  0.001
24	  1.320	 33.148	  1.005	  0.046	  0.001
25	  1.320	 34.499	  1.005	  0.046	  0.001
26	  1.320	 35.850	  1.005	  0.046	  0.001
27	  1.320	 37.202	  1.005	  0.046	  0.001
28	  1.320	 38.553	  1.005	  0.046	  0.001
29	  1.320	 39.904	  1.005	  0.046	  0.001
30	  1.320	 41.256	  1.005	  0.046	  0.001
31	  1.320	 42.607	  1.005	  0.046	  0.001
32	  1.320	 43.958	  1.005	  0.046	  0.001
33	  1.320	 45.310	  1.005	  0.046	  0.001
34	  1.320	 46.661	  1.005	  0.046	  0.001
35	  1.320	 48.012	  1.005	  0.046	  0.001
36	  1.320	 49.364	  1.005	  0.046	  0.001
37	  1.320	 50.715	  1.005	  0.046	  0.001
38	  1.320	 52.066	  1.005	  0.046	  0.001
39	  1.320	 53.418	  1.005	  0.046	  0.001
40	  1.320	 54.769	  1.005	  0.046	  0.001
41	  1.320	 56.121	  1.005	  0.046	  0.001
42	  1.320	 57.472	  1.005	  0.046	  0.001
43	  1.320	 58.823	  1.005	  0.046	  0.001
44	  1.320	 60.175	  1.005	  0.046	  0.001
45	  1.320	 61.526	  1.005	  0.046	  0.001
46	  1.320	 62.877	  1.005	  0.046	  0.001
47	  1.320	 64.229	  1.005	  0.046	  0.001
48	  1.320	 65.580	  1.005	  0.046	  0.001
49	  1.320	 66.931	  1.005	  0.046	  0.001
50	  1.320	 68.283	  1.005	  0.046	  0.001
51	  1.320	 69.634	  1.005	  0.046	  0.001
52	  1.320	 70.985	  1.005	  0.046	  0.001
53	  1.320	 72.337	  1.005	  0.046	  0.001
54	  1.320	 73.688	  1.005	  0.046	  0.001
55	  1.320	 75.039	  1.005	  0.046	  0.001
56	  1.320	 76.391	  1.005	  0.046	  0.001
57	  1.320	 77.742	  1.005	  0.046	  0.001
58	  1.320	 79.094	  1.005	  0.046	  0.001
59	  1.320	 80.445	  1.005	  0.046	  0.001
60	  1.320	 81.796	  1.005	  0.046	  0.001
61	  1.320	 83.148	  1.005	  0.046	  0.001
62	  1.320	 84.499	  1.005	  0.046	  0.001
63	  1.320	 85.850	  1.005	  0.046	  0.001
64	  1.320	 87.202	  1.005	  0.046	  0.001
65	  1.320	 88.553	  1.005	  0.046	  0.001
66	  1.320	 89.904	  1.005	  0.046	  0.001
67	  1.320	 91.256	  1.005	  0.046	  0.001
68	  1.320	 92.607	  1.005	  0.046	  0.001
69	  1.320	 93.958	  1.005	  0.046	  0.001
70	  1.320	 95.310	  1.005	  0.046	  0.001
71	  1.320	 96.661	  1.005	  0.046	  0.001
72	  1.320	 98.012	  1.005	  0.046	  0.001
73	  1.320	 99.364	  1.005	  0.046	  0.001
0	  1.440	  0.719	  1.005	  0.021	  0.001
1	  1.440	  2.070	  1.005	  0.021	  0.001
2	  1.440	  3.422	  1.005	  0.021	  0.001
3	  1.440	  4.773	  1.005	  0.021	  0.001
4	  1.440	  6.124	  1.005	  0.021	  0.001
5	  1.440	  7.476	  1.005	  0.021	  0.001
6	  1.440	  8.827	  1.005	  0.021	  0.001
7	  1.440	 10.178	  1.005	  0.021	  0.001
8	  1.440	 11.530	  1.005	  0.021	  0.001
9	  1.440	 12.881	  1.005	  0.021	  0.001
10	  1.440	 14.232	  1.005	  0.021	  0.001
11	  1.440	 15.584	  1.005	  0.021	  0.001
12	  1.440	 16.935	  1.005	  0.021	  0.001
13	  1.440	 18.287	  1.005	  0.021	  0.001
14	  1.440	 19.638	  1.005	  0.021	  0.001
15	  1.440	 20.989	  1.005	  0.021	  0.001
16	  1.440	 22.341	  1.005	  0.021	  0.001
17	  1.440	 23.692	  1.005	  0.021	  0.001
18	  1.440	 25.043	  1.005	  0.021	  0.001
19	  1.440	 26.395	  1.005	  0.021	  0.001
20	  1.440	 27.746	  1.005	  0.021	  0.001
21	  1.440	 29.097	  1.005	  0.021	  0.001
22	  1.440	 30.449	  1.005	  0.021	  0.001
23	  1.440	 31.800	  1.005	  0.021	  0.001
24	  1.440	 33.151	  1.005	  0.021	  0.001
25	  1.440	 34.503	  1.005	  0.021	  0.001
26	  1.440	 35.854	  1.005	  0.021	  0.001
27	  1.440	 37.205	  1.005	  0.021	  0.001
28	  1.440	 38.557	  1.005	  0.021	  0.001
29	  1.440	 39.908	  1.005	  0.021	  0.001
30	  1.440	 41.260	  1.005	  0.021	  0.001
31	  1.440	 42.611	  1.005	  0.021	  0.001
32	  1.440	 43.962	  1.005	  0.021	  0.001
33	  1.440	 45.314	  1.005	  0.021	  0.001
34	  1.440	 46.665	  1.005	  0.021	  0.001
35	  1.440	 48.016	  1.005	  0.021	  0.001
36	  1.440	 49.368	  1.005	  0.021	  0.001
37	  1.440	 50.719	  1.005	  0.021	  0.001
38	  1.440	 52.070	  1.005	  0.021	  0.001
39	  1.440	 53.422	  1.005	  0.021	  0.001
40	  1.440	 54.773	  1.005	  0.021	  0.001
41	  1.440	 56.124	  1.005	  0.021	  0.001
42	  1.440	 57.476	  1.005	  0.021	  0.001
43	  1.440	 58.827	  1.005	  0.021	  0.001
44	  1.440	 60.178	  1.005	  0.021	  0.001
45	  1.440	 61.530	  1.005	  0.021	  0.001
46	  1.440	 62.881	  1.005	  0.021	  0.001
47	  1.440	 64.232	  1.005	  0.021	  0.001
48	  1.440	 65.584	  1.005	  0.021	  0.001
49	  1.440	 66.935	  1.005	  0.021	  0.001
50	  1.440	 68.287	  1.005	  0.021	  0.001
51	  1.440	 69.638	  1.005	  0.021	  0.001
52	  1.440	 70.989	  1.005	  0.021	  0.001
53	  1.440	 72.341	  1.005	  0.021	  0.001
54	  1.440	 73.692	  1.005	  0.021	  0.001
55	  1.440	 75.043	  1.005	  0.021	  0.001
56	  1.440	 76.395	  1.005	  0.021	  0.001
57	  1.440	 77.746	  1.005	  0.021	  0.001
58	  1.440	 79.097	  1.005	  0.021	  0.001
59	  1.440	 80.449	  1.005	  0.021	  0.001
60	  1.440	 81.800	  1.005	  0.021	  0.001
61	  1.440	 83.151	  1.005	  0.021	  0.001
62	  1.440	 84.503	  1.005	  0.021	  0.001
63	  1.440	 85.854	  1.005	  0.021	  0.001
64	  1.440	 87.205	  1.005	  0.021	  0.001
65	  1.440	 88.557	  1.005	  0.021	  0.001
66	  1.440	 89.908	  1.005	  0.021	  0.001
67	  1.440	 91.260	  1.005	  0.021	  0.001
68	  1.440	 92.611	  1.005	  0.021	  0.001
69	  1.440	 93.962	  1.005	  0.021	  0.001
70	  1.440	 95.314	  1.005	  0.021	  0.001
71	  1.440	 96.665	  1.005	  0.021	  0.001
72	  1.440	 98.016	  1.005	  0.021	  0.001
73	  1.440	 99.368	  1.005	  0.021	  0.001
0	  1.560	  0.722	  1.005	 -0.002	  0.000
1	  1.560	  2.073	  1.005	 -0.002	  0.000
2	  1.560	  3.425	  1.005	 -0.002	  0.000
3	  1.560	  4.776	  1.005	 -0.002	  0.000
4	  1.560	  6.128	  1.005	 -0.002	  0.000
5	  1.560	  7.479	  1.005	 -0.002	  0.000
6	  1.560	  8.830	  1.005	 -0.002	  0.000
7	  1.560	 10.182	  1.005	 -0.002	  0.000
8	  1.560	 11.533	  1.005	 -0.002	  0.000
9	  1.560	 12.884	  1.005	 -0.002	  0.000
10	  1.560	 14.236	  1.005	 -0.002	  0.000
11	  1.560	 15.587	  1.005	 -0.002	  0.000
12	  1.560	 16.938	  1.005	 -0.002	  0.000
13	  1.560	 18.290	  1.005	 -0.002	  0.000
14	  1.560	 19.641	  1.005	 -0.002	  0.000
15	  1.560	 20.992	  1.005	 -0.002	  0.000
16	  1.560	 22.344	  1.005	 -0.002	  0.000
17	  1.560	 23.695	  1.005	 -0.002	  0.000
18	  1.560	 25.046	  1.005	 -0.002	  0.000
19	  1.560	 26.398	  1.005	 -0.002	  0.000
20	  1.560	 27.749	  1.005	 -0.002	  0.000
21	  1.560	 29.101	  1.005	 -0.002	  0.000
22	  1.560	 30.452	  1.005	 -0.002	  0.000
23	  1.560	 31.803	  1.005	 -0.002	  0.000
24	  1.560	 33.155	  1.005	 -0.002	  0.000
25	  1.560	 34.506	  1.005	 -0.002	  0.000
26	  1.560	 35.857	  1.005	 -0.002	  0.000
27	  1.560	 37.209	  1.005	 -0.002	  0.000
28	  1.560	 38.560	  1.005	 -0.002	  0.000
29	  1.560	 39.911	  1.005	 -0.002	  0.000
30	  1.560	 41.263	  1.005	 -0.002	  0.000
31	  1.560	 42.614	  1.005	 -0.002	  0.000
32	  1.560	 43.965	  1.005	 -0.002	  0.000
33	  1.560	 45.317	  1.005	 -0.002	  0.000
34	  1.560	 46.668	  1.005	 -0.002	  0.000
35	  1.560	 48.019	  1.005	 -0.002	  0.000
36	  1.560	 49.371	  1.005	 -0.002	  0.000
37	  1.560	 50.722	  1.005	 -0.002	  0.000
38	  1.560	 52.073	  1.005	 -0.002	  0.000
39	  1.560	 53.425	  1.005	 -0.002	  0.000
40	  1.560	 54.776	  1.005	 -0.002	  0.000
41	  1.560	 56.128	  1.005	 -0.002	  0.000
42	  1.560	 57.479	  1.005	 -0.002	  0.000
43	  1.560	 58.830	  1.005	 -0.002	  0.000
44	  1.560	 60.182	  1.005	 -0.002	  0.000
45	  1.560	 61.533	  1.005	 -0.002	  0.000
46	  1.560	 62.884	  1.005	 -0.002	  0.000
47	  1.560	 64.236	  1.005	 -0.002	  0.000
48	  1.560	 65.587	  1.005	 -0.002	  0.000
49	  1.560	 66.938	  1.005	 -0.002	  0.000
50	  1.560	 68.290	  1.005	 -0.002	  0.000
51	  1.560	 69.641	  1.005	 -0.002	  0.000
52	  1.560	 70.992	  1.005	 -0.002	  0.000
53	  1.560	 72.344	  1.005	 -0.002	  0.000
54	  1.560	 73.695	  1.005	 -0.002	  0.000
55	  1.560	 75.046	  1.005	 -0.002	  0.000
56	  1.560	 76.398	  1.005	 -0.002	  0.000
57	  1.560	 77.749	  1.005	 -0.002	  0.000
58	  1.560	 79.101	  1.005	 -0.002	  0.000
59	  1.560	 80.452	  1.005	 -0.002	  0.000
60	  1.560	 81.803	  1.005	 -0.002	  0.000
61	  1.560	 83.155	  1.005	 -0.002	  0.000
62	  1.560	 84.506	  1.005	 -0.002	  0.000
63	  1.560	 85.857	  1.005	 -0.002	  0.000
64	  1.560	 87.209	  1.005	 -0.002	  0.000
65	  1.560	 88.560	  1.005	 -0.002	  0.000
66	  1.560	 89.911	  1.005	 -0.002	  0.000
67	  1.560	 91.263	  1.005	 -0.002	  0.000
68	  1.560	 92.614	  1.005	 -0.002	  0.000
69	  1.560	 93.965	  1.005	 -0.002	  0.000
70	  1.560	 95.317	  1.005	 -0.002	  0.000
71	  1.560	 96.668	  1.005	 -0.002	  0.000
72	  1.560	 98.019	  1.005	 -0.002	  0.000
73	  1.560	 99.371	  1.005	 -0.002	  0.000
0	  1.680	  0.726	  1.005	  0.048	  0.000
1	  1.680	  2.078	  1.005	  0.048	  0.000
2	  1.680	  3.429	  1.005	  0.048	  0.000
3	  1.680	  4.780	  1.005	  0.048	  0.000
4	  1.680	  6.132	  1.005	  0.048	  0.000
5	  1.680	  7.483	  1.005	  0.049	  0.000
6	  1.680	  8.834	  1.005	  0.048	  0.000
7	  1.680	 10.186	  1.005	  0.049	  0.000
8	  1.680	 11.537	  1.005	  0.048	  0.000
9	  1.680	 12.888	  1.005	  0.048	  0.000
10	  1.680	 14.240	  1.005	  0.048	  0.000
11	  1.680	 15.591	  1.005	  0.049	  0.000
12	  1.680	 16.942	  1.005	  0.048	  0.000
13	  1.680	 18.294	  1.005	  0.049	  0.000
14	  1.680	 19.645	  1.005	  0.048	  0.000
15	  1.680	 20.996	  1.005	  0.048	  0.000
16	  1.680	 22.348	  1.005	  0.049	  0.000
17	  1.680	 23.699	  1.005	  0.048	  0.000
18	  1.680	 25.051	  1.005	  0.049	  0.000
19	  1.680	 26.402	  1.005	  0.048	  0.000
20	  1.680	 27.753	  1.005	  0.048	  0.000
21	  1.680	 29.105	  1.005	  0.048	  0.000
22	  1.680	 30.456	  1.005	  0.049	  0.000
23	  1.680	 31.807	  1.005	  0.048	  0.000
24	  1.680	 33.159	  1.005	  0.049	  0.000
25	  1.680	 34.510	  1.005	  0.049	  0.000
26	  1.680	 35.861	  1.005	  0.048	  0.000
27	  1.680	 37.213	  1.005	  0.049	  0.000
28	  1.680	 38.564	  1.005	  0.049	  0.000
29	  1.680	 39.915	  1.005	  0.048	  0.000
30	  1.680	 41.267	  1.005	  0.049	  0.000
31	  1.680	 42.618	  1.005	  0.048	  0.000
32	  1.680	 43.969	  1.005	  0.048	  0.000
33	  1.680	 45.321	  1.005	  0.049	  0.000
34	  1.680	 46.672	  1.005	  0.048	  0.000
35	  1.680	 48.024	  1.005	  0.049	  0.000
36	  1.680	 49.375	  1.005	  0.048	  0.000
37	  1.680	 50.726	  1.005	  0.048	  0.000
38	  1.680	 52.078	  1.005	  0.048	  0.000
39	  1.680	 53.429	  1.005	  0.048	  0.000
40	  1.680	 54.780	  1.005	  0.048	  0.000
41	  1.680	 56.132	  1.005	  0.048	  0.000
42	  1.680	 57.483	  1.005	  0.049	  0.000
43	  1.680	 58.834	  1.005	  0.048	  0.000
44	  1.680	 60.186	  1.005	  0.049	  0.000
45	  1.680	 61.537	  1.005	  0.048	  0.000
46	  1.680	 62.888	  1.005	  0.048	  0.000
47	  1.680	 64.240	  1.005	  0.048	  0.000
48	  1.680	 65.591	  1.005	  0.049	  0.000
49	  1.680	 66.942	  1.005	  0.048	  0.000
50	  1.680	 68.294	  1.005	  0.049	  0.000
51	  1.680	 69.645	  1.005	  0.048	  0.000
52	  1.680	 70.996	  1.005	  0.048	  0.000
53	  1.680	 72.348	  1.005	  0.049	  0.000
54	  1.680	 73.699	  1.005	  0.048	  0.000
55	  1.680	 75.051	  1.005	  0.049	  0.000
56	  1.680	 76.402	  1.005	  0.048	  0.000
57	  1.680	 77.753	  1.005	  0.048	  0.000
58	  1.680	 79.105	  1.005	  0.048	  0.000
59	  1.680	 80.456	  1.005	  0.049	  0.000
60	  1.680	 81.807	  1.005	  0.048	  0.000
61	  1.680	 83.159	  1.005	  0.049	  0.000
62	  1.680	 84.510	  1.005	  0.049	  0.000
63	  1.680	 85.861	  1.005	  0.048	  0.000
64	  1.680	 87.213	  1.005	  0.049	  0.000
65	  1.680	 88.564	  1.005	  0.049	  0.000
66	  1.680	 89.915	  1.005	  0.048	  0.000
67	  1.680	 91.267	  1.005	  0.049	  0.000
68	  1.680	 92.618	  1.005	  0.048	  0.000
69	  1.680	 93.969	  1.005	  0.048	  0.000
70	  1.680	 95.321	  1.005	  0.049	  0.000
71	  1.680	 96.672	  1.005	  0.048	  0.000
72	  1.680	 98.024	  1.005	  0.049	  0.000
73	  1.680	 99.375	  1.005	  0.048	  0.000
0	  1.800	  0.730	  1.005	  0.023	  0.000
1	  1.800	  2.082	  1.005	  0.023	  0.000
2	  1.800	  3.433	  1.005	  0.023	  0.000
3	  1.800	  4.784	  1.005	  0.023	  0.000
4	  1.800	  6.136	  1.005	  0.023	  0.000
5	  1.800	  7.487	  1.005	  0.024	  0.000
6	  1.800	  8.838	  1.005	  0.023	  0.000
7	  1.800	 10.190	  1.005	  0.024	  0.000
8	  1.800	 11.541	  1.005	  0.023	  0.000
9	  1.800	 12.892	  1.005	  0.023	  0.000
10	  1.800	 14.244	  1.005	  0.023	  0.000
11	  1.800	 15.595	  1.005	  0.024	  0.000
12	  1.800	 16.946	  1.005	  0.022	  0.000
13	  1.800	 18.298	  1.005	  0.024	  0.000
14	  1.800	 19.649	  1.005	  0.022	  0.000
15	  1.800	 21.001	  1.005	  0.024	  0.000
16	  1.800	 22.352	  1.005	  0.024	  0.000
17	  1.800	 23.703	  1.005	  0.023	  0.000
18	  1.800	 25.055	  1.005	  0.024	  0.000
19	  1.800	 26.406	  1.005	  0.023	  0.000
20	  1.800	 27.757	  1.005	  0.023	  0.000
21	  1.800	 29.109	  1.005	  0.023	  0.000
22	  1.800	 30.460	  1.005	  0.024	  0.000
23	  1.800	 31.811	  1.005	  0.023	  0.000
24	  1.800	 33.163	  1.005	  0.024	  0.000
25	  1.800	 34.514	  1.005	  0.023	  0.000
26	  1.800	 35.865	  1.005	  0.023	  0.000
27	  1.800	 37.217	  1.005	  0.024	  0.000
28	  1.800	 38.568	  1.005	  0.023	  0.000
29	  1.800	 39.919	  1.005	  0.023	  0.000
30	  1.800	 41.271	  1.005	  0.024	  0.000
31	  1.800	 42.622	  1.005	  0.023	  0.000
32	  1.800	 43.974	  1.005	  0.024	  0.000
33	  1.800	 45.325	  1.005	  0.024	  0.000
34	  1.800	 46.676	  1.005	  0.023	  0.000
35	  1.800	 48.028	  1.005	  0.024	  0.000
36	  1.800	 49.379	  1.005	  0.023	  0.000
37	  1.800	 50.730	  1.005	  0.023	  0.000
38	  1.800	 52.082	  1.005	  0.023	  0.000
39	  1.800	 53.433	  1.005	  0.023	  0.000
40	  1.800	 54.784	  1.005	  0.023	  0.000
41	  1.800	 56.136	  1.005	  0.023	  0.000
42	  1.800	 57.487	  1.005	  0.024	  0.000
43	  1.800	 58.838	  1.005	  0.023	  0.000
44	  1.800	 60.190	  1.005	  0.024	  0.000
45	  1.800	 61.541	  1.005	  0.023	  0.000
46	  1.800	 62.892	  1.005	  0.023	  0.000
47	  1.800	 64.244	  1.005	  0.023	  0.000
48	  1.800	 65.595	  1.005	  0.024	  0.000
49	  1.800	 66.946	  1.005	  0.022	  0.000
50	  1.800	 68.298	  1.005	  0.024	  0.000
51	  1.800	 69.649	  1.005	  0.022	  0.000
52	  1.800	 71.001	  1.005	  0.024	  0.000
53	  1.800	 72.352	  1.005	  0.024	  0.000
54	  1.800	 73.703	  1.005	  0.023	  0.000
55	  1.800	 75.055	  1.005	  0.024	  0.000
56	  1.800	 76.406	  1.005	  0.023	  0.000
57	  1.800	 77.757	  1.005	  0.023	  0.000
58	  1.800	 79.109	  1.005	  0.023	  0.000
59	  1.800	 80.460	  1.005	  0.024	  0.000
60	  1.800	 81.811	  1.005	  0.023	  0.000
61	  1.800	 83.163	  1.005	  0.024	  0.000
62	  1.800	 84.514	  1.005	  0.023	  0.000
63	  1.800	 85.865	  1.005	  0.023	  0.000
64	  1.800	 87.217	  1.005	  0.024	  0.000
65	  1.800	 88.568	  1.005	  0.023	  0.000
66	  1.800	 89.919	  1.005	  0.023	  0.000
67	  1.800	 91.271	  1.005	  0.024	  0.000
68	  1.800	 92.622	  1.005	  0.023	  0.000
69	  1.800	 93.974	  1.005	  0.024	  0.000
70	  1.800	 95.325	  1.005	  0.024	  0.000
71	  1.800	 96.676	  1.005	  0.023	  0.000
72	  1.800	 98.028	  1.005	  0.024	  0.000
73	  1.800	 99.379	  1.005	  0.023	  0.000
0	  1.920	  0.734	  1.005	 -0.000	  0.000
1	  1.920	  2.085	  1.005	 -0.000	  0.000
2	  1.920	  3.436	  1.005	 -0.000	  0.000
3	  1.920	  4.788	  1.005	 -0.001	  0.000
4	  1.920	  6.139	  1.005	 -0.000	  0.000
5	  1.920	  7.491	  1.005	  0.000	  0.000
6	  1.920	  8.842	  1.005	 -0.002	  0.000
7	  1.920	 10.193	  1.005	  0.001	  0.000
8	  1.920	 11.544	  1.005	 -0.001	  0.000
9	  1.920	 12.896	  1.005	 -0.000	  0.000
10	  1.920	 14.247	  1.005	 -0.000	  0.000
11	  1.920	 15.599	  1.005	  0.000	  0.000
12	  1.920	 16.950	  1.005	 -0.002	  0.000
13	  1.920	 18.301	  1.005	  0.001	  0.000
14	  1.920	 19.652	  1.005	 -0.000	  0.000
15	  1.920	 21.004	  1.005	  0.001	  0.000
16	  1.920	 22.355	  1.005	  0.000	  0.000
17	  1.920	 23.706	  1.005	 -0.002	  0.000
18	  1.920	 25.058	  1.005	  0.001	  0.000
19	  1.920	 26.409	  1.005	 -0.001	  0.000
20	  1.920	 27.761	  1.005	 -0.000	  0.000
21	  1.920	 29.112	  1.005	 -0.000	  0.000
22	  1.920	 30.463	  1.005	  0.000	  0.000
23	  1.920	 31.815	  1.005	 -0.001	  0.000
24	  1.920	 33.166	  1.005	  0.000	  0.000
25	  1.920	 34.517	  1.005	 -0.000	  0.000
26	  1.920	 35.869	  1.005	 -0.001	  0.000
27	  1.920	 37.220	  1.005	  0.000	  0.000
28	  1.920	 38.572	  1.005	 -0.000	  0.000
29	  1.920	 39.923	  1.005	 -0.002	  0.000
30	  1.920	 41.274	  1.005	  0.001	  0.000
31	  1.920	 42.625	  1.005	 -0.000	  0.000
32	  1.920	 43.977	  1.005	  0.000	  0.000
33	  1.920	 45.328	  1.005	  0.000	  0.000
34	  1.920	 46.679	  1.005	 -0.002	  0.000
35	  1.920	 48.030	  1.005	  0.000	  0.000
36	  1.920	 49.382	  1.005	  0.001	  0.000
37	  1.920	 50.734	  1.005	 -0.000	  0.000
38	  1.920	 52.085	  1.005	 -0.000	  0.000
39	  1.920	 53.436	  1.005	 -0.000	  0.000
40	  1.920	 54.788	  1.005	 -0.001	  0.000
41	  1.920	 56.139	  1.005	 -0.000	  0.000
42	  1.920	 57.491	  1.005	  0.000	  0.000
43	  1.920	 58.842	  1.005	 -0.002	  0.000
44	  1.920	 60.193	  1.005	  0.001	  0.000
45	  1.920	 61.544	  1.005	 -0.001	  0.000
46	  1.920	 62.896	  1.005	 -0.000	  0.000
47	  1.920	 64.247	  1.005	 -0.000	  0.000
48	  1.920	 65.599	  1.005	  0.000	  0.000
49	  1.920	 66.950	  1.005	 -0.002	  0.000
50	  1.920	 68.301	  1.005	  0.001	  0.000
51	  1.920	 69.652	  1.005	 -0.000	  0.000
52	  1.920	 71.004	  1.005	  0.001	  0.000
53	  1.920	 72.355	  1.005	  0.000	  0.000
54	  1.920	 73.706	  1.005	 -0.002	  0.000
55	  1.920	 75.058	  1.005	  0.001	  0.000
56	  1.920	 76.409	  1.005	 -0.001	  0.000
57	  1.920	 77.761	  1.005	 -0.000	  0.000
58	  1.920	 79.112	  1.005	 -0.000	  0.000
59	  1.920	 80.463	  1.005	  0.000	  0.000
60	  1.920	 81.815	  1.005	 -0.001	  0.000
61	  1.920	 83.166	  1.005	  0.000	  0.000
62	  1.920	 84.517	  1.005	 -0.000	  0.000
63	  1.920	 85.869	  1.005	 -0.001	  0.000
64	  1.920	 87.220	  1.005	  0.000	  0.000
65	  1.920	 88.572	  1.005	 -0.000	  0.000
66	  1.920	 89.923	  1.005	 -0.002	  0.000
67	  1.920	 91.274	  1.005	  0.001	  0.000
68	  1.920	 92.625	  1.005	 -0.000	  0.000
69	  1.920	 93.977	  1.005	  0.000	  0.000
70	  1.920	 95.328	  1.005	  0.000	  0.000
71	  1.920	 96.679	  1.005	 -0.002	  0.000
72	  1.920	 98.030	  1.005	  0.000	  0.000
73	  1.920	 99.382	  1.005	  0.001	  0.000
0	  2.040	  0.737	  1.005	  0.054	  0.000
1	  2.040	  2.088	  1.005	  0.051	  0.000
2	  2.040	  3.441	  1.005	  0.050	  0.000
3	  2.040	  4.792	  1.005	  0.049	  0.000
4	  2.040	  6.143	  1.005	  0.050	  0.000
5	  2.040	  7.493	  1.005	  0.051	  0.000
6	  2.040	  8.846	  1.005	  0.050	  0.000
7	  2.040	 10.196	  1.005	  0.052	  0.000
8	  2.040	 11.548	  1.005	  0.052	  0.000
9	  2.040	 12.900	  1.005	  0.050	  0.000
10	  2.040	 14.251	  1.005	  0.050	  0.000
11	  2.040	 15.601	  1.005	  0.051	  0.000
12	  2.040	 16.954	  1.005	  0.049	  0.000
13	  2.040	 18.304	  1.005	  0.050	  0.000
14	  2.040	 19.656	  1.005	  0.055	  0.000
15	  2.040	 21.007	  1.005	  0.052	  0.000
16	  2.040	 22.358	  1.005	  0.053	  0.000
17	  2.040	 23.711	  1.005	  0.050	  0.000
18	  2.040	 25.061	  1.005	  0.053	  0.000
19	  2.040	 26.413	  1.005	  0.052	  0.000
20	  2.040	 27.764	  1.005	  0.052	  0.000
21	  2.040	 29.116	  1.005	  0.050	  0.000
22	  2.040	 30.467	  1.005	  0.049	  0.000
23	  2.040	 31.818	  1.005	  0.052	  0.000
24	  2.040	 33.169	  1.005	  0.051	  0.000
25	  2.040	 34.521	  1.005	  0.054	  0.000
26	  2.040	 35.873	  1.005	  0.048	  0.000
27	  2.040	 37.223	  1.005	  0.051	  0.000
28	  2.040	 38.575	  1.005	  0.054	  0.000
29	  2.040	 39.927	  1.005	  0.048	  0.000
30	  2.040	 41.277	  1.005	  0.048	  0.000
31	  2.040	 42.629	  1.005	  0.056	  0.000
32	  2.040	 43.980	  1.005	  0.051	  0.000
33	  2.040	 45.331	  1.005	  0.053	  0.000
34	  2.040	 46.683	  1.005	  0.050	  0.000
35	  2.040	 48.034	  1.005	  0.047	  0.000
36	  2.040	 49.385	  1.005	  0.055	  0.000
37	  2.040	 50.737	  1.005	  0.054	  0.000
38	  2.040	 52.088	  1.005	  0.051	  0.000
39	  2.040	 53.441	  1.005	  0.050	  0.000
40	  2.040	 54.792	  1.005	  0.049	  0.000
41	  2.040	 56.143	  1.005	  0.050	  0.000
42	  2.040	 57.493	  1.005	  0.051	  0.000
43	  2.040	 58.846	  1.005	  0.050	  0.000
44	  2.040	 60.196	  1.005	  0.052	  0.000
45	  2.040	 61.548	  1.005	  0.052	  0.000
46	  2.040	 62.900	  1.005	  0.050	  0.000
47	  2.040	 64.251	  1.005	  0.050	  0.000
48	  2.040	 65.601	  1.005	  0.051	  0.000
49	  2.040	 66.954	  1.005	  0.049	  0.000
50	  2.040	 68.304	  1.005	  0.050	  0.000
51	  2.040	 69.656	  1.005	  0.055	  0.000
52	  2.040	 71.007	  1.005	  0.052	  0.000
53	  2.040	 72.358	  1.005	  0.053	  0.000
54	  2.040	 73.711	  1.005	  0.050	  0.000
55	  2.040	 75.061	  1.005	  0.053	  0.000
56	  2.040	 76.413	  1.005	  0.052	  0.000
57	  2.040	 77.764	  1.005	  0.052	  0.000
58	  2.040	 79.116	  1.005	  0.050	  0.000
59	  2.040	 80.467	  1.005	  0.049	  0.000
60	  2.040	 81.818	  1.005	  0.052	  0.000
61	  2.040	 83.169	  1.005	  0.051	  0.000
62	  2.040	 84.521	  1.005	  0.054	  0.000
63	  2.040	 85.873	  1.005	  0.048	  0.000
64	  2.040	 87.223	  1.005	  0.051	  0.000
65	  2.040	 88.575	  1.005	  0.054	  0.000
66	  2.040	 89.927	  1.005	  0.048	  0.000
67	  2.040	 91.277	  1.005	  0.048	  0.000
68	  2.040	 92.629	  1.005	  0.056	  0.000
69	  2.040	 93.980	  1.005	  0.051	  0.000
70	  2.040	 95.331	  1.005	  0.053	  0.000
71	  2.040	 96.683	  1.005	  0.050	  0.000
72	  2.040	 98.034	  1.005	  0.047	  0.000
73	  2.040	 99.385	  1.005	  0.055	  0.000
0	  2.160	  0.741	  1.005	  0.031	  0.000
1	  2.160	  2.092	  1.005	  0.025	  0.000
2	  2.160	  3.444	  1.005	  0.030	  0.000
3	  2.160	  4.796	  1.005	  0.024	  0.000
4	  2.160	  6.147	  1.005	  0.026	  0.000
5	  2.160	  7.497	  1.005	  0.020	  0.000
6	  2.160	  8.849	  1.005	  0.030	  0.000
7	  2.160	 10.200	  1.005	  0.023	  0.000
8	  2.160	 11.552	  1.005	  0.029	  0.000
9	  2.160	 12.904	  1.005	  0.029	  0.000
10	  2.160	 14.255	  1.005	  0.026	  0.000
11	  2.160	 15.606	  1.005	  0.020	  0.000
12	  2.160	 16.957	  1.005	  0.028	  0.000
13	  2.160	 18.308	  1.005	  0.019	  0.000
14	  2.160	 19.660	  1.005	  0.036	  0.000
15	  2.160	 21.010	  1.005	  0.025	  0.000
16	  2.160	 22.362	  1.005	  0.028	  0.000
17	  2.160	 23.714	  1.005	  0.030	  0.000
18	  2.160	 25.065	  1.005	  0.024	  0.000
19	  2.160	 26.416	  1.005	  0.028	  0.000
20	  2.160	 27.768	  1.005	  0.027	  0.000
21	  2.160	 29.120	  1.005	  0.029	  0.000
22	  2.160	 30.471	  1.005	  0.022	  0.000
23	  2.160	 31.822	  1.005	  0.025	  0.000
24	  2.160	 33.173	  1.005	  0.024	  0.000
25	  2.160	 34.525	  1.005	  0.033	  0.000
26	  2.160	 35.877	  1.005	  0.025	  0.000
27	  2.160	 37.227	  1.005	  0.020	  0.000
28	  2.160	 38.579	  1.005	  0.033	  0.000
29	  2.160	 39.931	  1.005	  0.024	  0.000
30	  2.160	 41.281	  1.005	  0.018	  0.000
31	  2.160	 42.633	  1.005	  0.035	  0.000
32	  2.160	 43.984	  1.005	  0.022	  0.000
33	  2.160	 45.335	  1.005	  0.029	  0.000
34	  2.160	 46.687	  1.005	  0.029	  0.000
35	  2.160	 48.038	  1.005	  0.018	  0.000
36	  2.160	 49.390	  1.005	  0.032	  0.000
37	  2.160	 50.741	  1.005	  0.031	  0.000
38	  2.160	 52.092	  1.005	  0.025	  0.000
39	  2.160	 53.444	  1.005	  0.030	  0.000
40	  2.160	 54.796	  1.005	  0.024	  0.000
41	  2.160	 56.147	  1.005	  0.026	  0.000
42	  2.160	 57.497	  1.005	  0.020	  0.000
43	  2.160	 58.849	  1.005	  0.030	  0.000
44	  2.160	 60.200	  1.005	  0.023	  0.000
45	  2.160	 61.552	  1.005	  0.029	  0.000
46	  2.160	 62.904	  1.005	  0.029	  0.000
47	  2.160	 64.255	  1.005	  0.026	  0.000
48	  2.160	 65.606	  1.005	  0.020	  0.000
49	  2.160	 66.957	  1.005	  0.028	  0.000
50	  2.160	 68.308	  1.005	  0.019	  0.000
51	  2.160	 69.660	  1.005	  0.036	  0.000
52	  2.160	 71.010	  1.005	  0.025	  0.000
53	  2.160	 72.362	  1.005	  0.028	  0.000
54	  2.160	 73.714	  1.005	  0.030	  0.000
55	  2.160	 75.065	  1.005	  0.024	  0.000
56	  2.160	 76.416	  1.005	  0.028	  0.000
57	  2.160	 77.768	  1.005	  0.027	  0.000
58	  2.160	 79.120	  1.005	  0.029	  0.000
59	  2.160	 80.471	  1.005	  0.022	  0.000
60	  2.160	 81.822	  1.005	  0.025	  0.000
61	  2.160	 83.173	  1.005	  0.024	  0.000
62	  2.160	 84.525	  1.005	  0.033	  0.000
63	  2.160	 85.877	  1.005	  0.025	  0.000
64	  2.160	 87.227	  1.005	  0.020	  0.000
65	  2.160	 88.579	  1.005	  0.033	  0.000
66	  2.160	 89.931	  1.005	  0.024	  0.000
67	  2.160	 91.281	  1.005	  0.018	  0.000
68	  2.160	 92.633	  1.005	  0.035	  0.000
69	  2.160	 93.984	  1.005	  0.022	  0.000
70	  2.160	 95.335	  1.005	  0.029	  0.000
71	  2.160	 96.687	  1.005	  0.029	  0.000
72	  2.160	 98.038	  1.005	  0.018	  0.000
73	  2.160	 99.390	  1.005	  0.032	  0.000
0	  2.280	  0.745	  1.005	  0.010	  0.000
1	  2.280	  2.095	  1.005	 -0.002	  0.000
2	  2.280	  3.448	  1.005	  0.012	  0.000
3	  2.280	  4.799	  1.005	  0.001	  0.000
4	  2.280	  6.150	  1.005	 -0.000	  0.000
5	  2.280	  7.500	  1.005	 -0.008	  0.000
6	  2.280	  8.853	  1.005	  0.012	  0.000
7	  2.280	 10.203	  1.005	 -0.006	  0.000
8	  2.280	 11.555	  1.005	  0.008	  0.000
9	  2.280	 12.907	  1.005	  0.008	  0.000
10	  2.280	 14.258	  1.005	  0.002	  0.000
11	  2.280	 15.608	  1.005	 -0.006	  0.000
12	  2.280	 16.961	  1.005	  0.008	  0.000
13	  2.280	 18.310	  1.005	  0.065	  0.000
14	  2.280	 19.663	  1.005	  0.017	  0.000
15	  2.280	 21.014	  1.005	 -0.001	  0.000
16	  2.280	 22.365	  1.005	  0.005	  0.000
17	  2.280	 23.718	  1.005	  0.011	  0.000
18	  2.280	 25.068	  1.005	 -0.004	  0.000
19	  2.280	 26.420	  1.005	  0.006	  0.000
20	  2.280	 27.771	  1.005	  0.004	  0.000
21	  2.280	 29.124	  1.005	  0.010	  0.000
22	  2.280	 30.474	  1.005	 -0.003	  0.000
23	  2.280	 31.824	  1.005	 -0.002	  0.000
24	  2.280	 33.176	  1.005	 -0.001	  0.000
25	  2.280	 34.529	  1.005	  0.016	  0.000
26	  2.280	 35.880	  1.005	  0.003	  0.000
27	  2.280	 37.230	  1.005	  0.067	  0.000
28	  2.280	 38.583	  1.005	  0.014	  0.000
29	  2.280	 39.934	  1.005	  0.002	  0.000
30	  2.280	 41.283	  1.005	  0.063	  0.000
31	  2.280	 42.636	  1.005	  0.015	  0.000
32	  2.280	 43.987	  1.005	 -0.002	  0.000
33	  2.280	 45.339	  1.005	  0.005	  0.000
34	  2.280	 46.691	  1.005	  0.009	  0.000
35	  2.280	 48.040	  1.005	  0.064	  0.000
36	  2.280	 49.393	  1.005	  0.013	  0.000
37	  2.280	 50.745	  1.005	  0.010	  0.000
38	  2.280	 52.095	  1.005	 -0.002	  0.000
39	  2.280	 53.448	  1.005	  0.012	  0.000
40	  2.280	 54.799	  1.005	  0.001	  0.000
41	  2.280	 56.150	  1.005	 -0.000	  0.000
42	  2.280	 57.500	  1.005	 -0.008	  0.000
43	  2.280	 58.853	  1.005	  0.012	  0.000
44	  2.280	 60.203	  1.005	 -0.006	  0.000
45	  2.280	 61.555	  1.005	  0.008	  0.000
46	  2.280	 62.907	  1.005	  0.008	  0.000
47	  2.280	 64.258	  1.005	  0.002	  0.000
48	  2.280	 65.608	  1.005	 -0.006	  0.000
49	  2.280	 66.961	  1.005	  0.008	  0.000
50	  2.280	 68.310	  1.005	  0.065	  0.000
51	  2.280	 69.663	  1.005	  0.017	  0.000
52	  2.280	 71.014	  1.005	 -0.001	  0.000
53	  2.280	 72.365	  1.005	  0.005	  0.000
54	  2.280	 73.718	  1.005	  0.011	  0.000
55	  2.280	 75.068	  1.005	 -0.004	  0.000
56	  2.280	 76.420	  1.005	  0.006	  0.000
57	  2.280	 77.771	  1.005	  0.004	  0.000
58	  2.280	 79.124	  1.005	  0.010	  0.000
59	  2.280	 80.474	  1.005	 -0.003	  0.000
60	  2.280	 81.824	  1.005	 -0.002	  0.000
61	  2.280	 83.176	  1.005	 -0.001	  0.000
62	  2.280	 84.529	  1.005	  0.016	  0.000
63	  2.280	 85.880	  1.005	  0.003	  0.000
64	  2.280	 87.230	  1.005	  0.067	  0.000
65	  2.280	 88.583	  1.005	  0.014	  0.000
66	  2.280	 89.934	  1.005	  0.002	  0.000
67	  2.280	 91.283	  1.005	  0.063	  0.000
68	  2.280	 92.636	  1.005	  0.015	  0.000
69	  2.280	 93.987	  1.005	 -0.002	  0.000
70	  2.280	 95.339	  1.005	  0.005	  0.000
71	  2.280	 96.691	  1.005	  0.009	  0.000
72	  2.280	 98.040	  1.005	  0.064	  0.000
73	  2.280	 99.393	  1.005	  0.013	  0.000
0	  2.400	  0.748	  1.005	  0.066	  0.000
1	  2.400	  2.099	  1.005	  0.043	  0.000
2	  2.400	  3.451	  1.005	 -0.004	  0.000
3	  2.400	  4.803	  1.005	  0.054	  0.000
4	  2.400	  6.154	  1.005	  0.049	  0.000
5	  2.400	  7.504	  1.005	  0.034	  0.000
6	  2.400	  8.857	  1.005	 -0.001	  0.000
7	  2.400	 10.207	  1.005	  0.036	  0.000
8	  2.400	 11.558	  1.005	  0.065	  0.000
9	  2.400	 12.910	  1.005	  0.065	  0.000
10	  2.400	 14.261	  1.005	  0.053	  0.000
11	  2.400	 15.612	  1.005	  0.041	  0.000
12	  2.400	 16.963	  1.005	  0.065	  0.000
13	  2.400	 18.314	  1.005	  0.034	  0.000
14	  2.400	 19.666	  1.005	 -0.001	  0.000
15	  2.400	 21.018	  1.005	  0.049	  0.000
16	  2.400	 22.369	  1.005	  0.054	  0.000
17	  2.400	 23.721	  1.005	 -0.005	  0.000
18	  2.400	 25.072	  1.005	  0.042	  0.000
19	  2.400	 26.423	  1.005	  0.061	  0.000
20	  2.400	 27.774	  1.005	  0.053	  0.000
21	  2.400	 29.126	  1.005	  0.067	  0.000
22	  2.400	 30.478	  1.005	  0.047	  0.000
23	  2.400	 31.828	  1.005	  0.044	  0.000
24	  2.400	 33.180	  1.005	  0.049	  0.000
25	  2.400	 34.532	  1.005	 -0.002	  0.000
26	  2.400	 35.883	  1.005	  0.056	  0.000
27	  2.400	 37.234	  1.005	  0.037	  0.000
28	  2.400	 38.586	  1.005	 -0.005	  0.000
29	  2.400	 39.938	  1.005	  0.057	  0.000
30	  2.400	 41.288	  1.005	  0.028	  0.000
31	  2.400	 42.639	  1.005	 -0.003	  0.000
32	  2.400	 43.991	  1.005	  0.049	  0.000
33	  2.400	 45.342	  1.005	  0.055	  0.000
34	  2.400	 46.693	  1.005	  0.066	  0.000
35	  2.400	 48.044	  1.005	  0.031	  0.000
36	  2.400	 49.396	  1.005	 -0.004	  0.000
37	  2.400	 50.748	  1.005	  0.066	  0.000
38	  2.400	 52.099	  1.005	  0.043	  0.000
39	  2.400	 53.451	  1.005	 -0.004	  0.000
40	  2.400	 54.803	  1.005	  0.054	  0.000
41	  2.400	 56.154	  1.005	  0.049	  0.000
42	  2.400	 57.504	  1.005	  0.034	  0.000
43	  2.400	 58.857	  1.005	 -0.001	  0.000
44	  2.400	 60.207	  1.005	  0.036	  0.000
45	  2.400	 61.558	  1.005	  0.065	  0.000
46	  2.400	 62.910	  1.005	  0.065	  0.000
47	  2.400	 64.261	  1.005	  0.053	  0.000
48	  2.400	 65.612	  1.005	  0.041	  0.000
49	  2.400	 66.963	  1.005	  0.065	  0.000
50	  2.400	 68.314	  1.005	  0.034	  0.000
51	  2.400	 69.666	  1.005	 -0.001	  0.000
52	  2.400	 71.018	  1.005	  0.049	  0.000
53	  2.400	 72.369	  1.005	  0.054	  0.000
54	  2.400	 73.721	  1.005	 -0.005	  0.000
55	  2.400	 75.072	  1.005	  0.042	  0.000
56	  2.400	 76.423	  1.005	  0.061	  0.000
57	  2.400	 77.774	  1.005	  0.053	  0.000
58	  2.400	 79.126	  1.005	  0.067	  0.000
59	  2.400	 80.478	  1.005	  0.047	  0.000
60	  2.400	 81.828	  1.005	  0.044	  0.000
61	  2.400	 83.180	  1.005	  0.049	  0.000
62	  2.400	 84.532	  1.005	 -0.002	  0.000
63	  2.400	 85.883	  1.005	  0.056	  0.000
64	  2.400	 87.234	  1.005	  0.037	  0.000
65	  2.400	 88.586	  1.005	 -0.005	  0.000
66	  2.400	 89.938	  1.005	  0.057	  0.000
67	  2.400	 91.288	  1.005	  0.028	  0.000
68	  2.400	 92.639	  1.005	 -0.003	  0.000
69	  2.400	 93.991	  1.005	  0.049	  0.000
70	  2.400	 95.342	  1.005	  0.055	  0.000
71	  2.400	 96.693	  1.005	  0.066	  0.000
72	  2.400	 98.044	  1.005	  0.031	  0.000
73	  2.400	 99.396	  1.005	 -0.004	  0.000
0	  2.520	  0.752	  1.005	  0.045	  0.000
1	  2.520	  2.102	  1.005	  0.013	  0.000
2	  2.520	  3.455	  1.005	  0.054	  0.000
3	  2.520	  4.807	  1.005	  0.030	  0.000
4	  2.520	  6.158	  1.005	  0.024	  0.000
5	  2.520	  7.507	  1.005	  0.000	  0.000
6	  2.520	  8.860	  1.005	  0.060	  0.000
7	  2.520	 10.210	  1.005	  0.004	  0.000
8	  2.520	 11.562	  1.005	  0.043	  0.000
9	  2.520	 12.914	  1.005	  0.044	  0.000
10	  2.520	 14.265	  1.005	  0.026	  0.000
11	  2.520	 15.615	  1.005	  0.013	  0.000
12	  2.520	 16.967	  1.005	  0.044	  0.000
13	  2.520	 18.317	  1.005	  0.006	  0.000
14	  2.520	 19.670	  1.005	  0.055	  0.000
15	  2.520	 21.021	  1.005	  0.026	  0.000
16	  2.520	 22.372	  1.005	  0.026	  0.000
17	  2.520	 23.725	  1.005	  0.051	  0.000
18	  2.520	 25.075	  1.005	  0.012	  0.000
19	  2.520	 26.427	  1.005	  0.038	  0.000
20	  2.520	 27.778	  1.005	  0.027	  0.000
21	  2.520	 29.131	  1.005	  0.049	  0.000
22	  2.520	 30.482	  1.005	  0.022	  0.000
23	  2.520	 31.832	  1.005	  0.013	  0.000
24	  2.520	 33.184	  1.005	  0.026	  0.000
25	  2.520	 34.536	  1.005	  0.050	  0.000
26	  2.520	 35.887	  1.005	  0.033	  0.000
27	  2.520	 37.238	  1.005	  0.009	  0.000
28	  2.520	 38.590	  1.005	  0.048	  0.000
29	  2.520	 39.941	  1.005	  0.036	  0.000
30	  2.520	 41.290	  1.005	 -0.004	  0.000
31	  2.520	 42.643	  1.005	  0.050	  0.000
32	  2.520	 43.995	  1.005	  0.028	  0.000
33	  2.520	 45.346	  1.005	  0.027	  0.000
34	  2.520	 46.697	  1.005	  0.044	  0.000
35	  2.520	 48.047	  1.005	 -0.001	  0.000
36	  2.520	 49.399	  1.005	  0.053	  0.000
37	  2.520	 50.752	  1.005	  0.045	  0.000
38	  2.520	 52.102	  1.005	  0.013	  0.000
39	  2.520	 53.455	  1.005	  0.054	  0.000
40	  2.520	 54.807	  1.005	  0.030	  0.000
41	  2.520	 56.158	  1.005	  0.024	  0.000
42	  2.520	 57.507	  1.005	  0.000	  0.000
43	  2.520	 58.860	  1.005	  0.060	  0.000
44	  2.520	 60.210	  1.005	  0.004	  0.000
45	  2.520	 61.562	  1.005	  0.043	  0.000
46	  2.520	 62.914	  1.005	  0.044	  0.000
47	  2.520	 64.265	  1.005	  0.026	  0.000
48	  2.520	 65.615	  1.005	  0.013	  0.000
49	  2.520	 66.967	  1.005	  0.044	  0.000
50	  2.520	 68.317	  1.005	  0.006	  0.000
51	  2.520	 69.670	  1.005	  0.055	  0.000
52	  2.520	 71.021	  1.005	  0.026	  0.000
53	  2.520	 72.372	  1.005	  0.026	  0.000
54	  2.520	 73.725	  1.005	  0.051	  0.000
55	  2.520	 75.075	  1.005	  0.012	  0.000
56	  2.520	 76.427	  1.005	  0.038	  0.000
57	  2.520	 77.778	  1.005	  0.027	  0.000
58	  2.520	 79.131	  1.005	  0.049	  0.000
59	  2.520	 80.482	  1.005	  0.022	  0.000
60	  2.520	 81.832	  1.005	  0.013	  0.000
61	  2.520	 83.184	  1.005	  0.026	  0.000
62	  2.520	 84.536	  1.005	  0.050	  0.000
63	  2.520	 85.887	  1.005	  0.033	  0.000
64	  2.520	 87.238	  1.005	  0.009	  0.000
65	  2.520	 88.590	  1.005	  0.048	  0.000
66	  2.520	 89.941	  1.005	  0.036	  0.000
67	  2.520	 91.290	  1.005	 -0.004	  0.000
68	  2.520	 92.643	  1.005	  0.050	  0.000
69	  2.520	 93.995	  1.005	  0.028	  0.000
70	  2.520	 95.346	  1.005	  0.027	  0.000
71	  2.520	 96.697	  1.005	  0.044	  0.000
72	  2.520	 98.047	  1.005	 -0.001	  0.000
73	  2.520	 99.399	  1.005	  0.053	  0.000
0	  2.640	  0.756	  1.005	  0.025	  0.000
1	  2.640	  2.105	  1.005	  0.060	  0.000
2	  2.640	  3.458	  1.005	  0.036	  0.000
3	  2.640	  4.810	  1.005	  0.009	  0.000
4	  2.640	  6.161	  1.005	  0.001	  0.000
5	  2.640	  7.510	  1.005	  0.040	  0.000
6	  2.640	  8.864	  1.005	  0.050	  0.000
7	  2.640	 10.213	  1.005	  0.042	  0.000
8	  2.640	 11.565	  1.005	  0.022	  0.000
9	  2.640	 12.918	  1.005	  0.024	  0.000
10	  2.640	 14.268	  1.005	 -0.000	  0.000
11	  2.640	 15.618	  1.005	  0.063	  0.000
12	  2.640	 16.971	  1.005	  0.023	  0.000
13	  2.640	 18.320	  1.005	  0.051	  0.000
14	  2.640	 19.674	  1.005	  0.038	  0.000
15	  2.640	 21.024	  1.005	  0.002	  0.000
16	  2.640	 22.375	  1.005	  0.000	  0.000
17	  2.640	 23.729	  1.005	  0.035	  0.000
18	  2.640	 25.079	  1.005	  0.057	  0.000
19	  2.640	 26.431	  1.005	  0.016	  0.000
20	  2.640	 27.781	  1.005	  0.000	  0.000
21	  2.640	 29.135	  1.005	  0.033	  0.000
22	  2.640	 30.485	  1.005	 -0.001	  0.000
23	  2.640	 31.835	  1.005	  0.059	  0.000
24	  2.640	 33.187	  1.005	  0.003	  0.000
25	  2.640	 34.539	  1.005	  0.031	  0.000
26	  2.640	 35.891	  1.005	  0.011	  0.000
27	  2.640	 37.240	  1.005	  0.054	  0.000
28	  2.640	 38.593	  1.005	  0.030	  0.000
29	  2.640	 39.945	  1.005	  0.014	  0.000
30	  2.640	 41.294	  1.005	  0.036	  0.000
31	  2.640	 42.647	  1.005	  0.031	  0.000
32	  2.640	 43.998	  1.005	  0.006	  0.000
33	  2.640	 45.349	  1.005	  0.001	  0.000
34	  2.640	 46.701	  1.005	  0.023	  0.000
35	  2.640	 48.051	  1.005	  0.042	  0.000
36	  2.640	 49.403	  1.005	  0.033	  0.000
37	  2.640	 50.756	  1.005	  0.025	  0.000
38	  2.640	 52.105	  1.005	  0.060	  0.000
39	  2.640	 53.458	  1.005	  0.036	  0.000
40	  2.640	 54.810	  1.005	  0.009	  0.000
41	  2.640	 56.161	  1.005	  0.001	  0.000
42	  2.640	 57.510	  1.005	  0.040	  0.000
43	  2.640	 58.864	  1.005	  0.050	  0.000
44	  2.640	 60.213	  1.005	  0.042	  0.000
45	  2.640	 61.565	  1.005	  0.022	  0.000
46	  2.640	 62.918	  1.005	  0.024	  0.000
47	  2.640	 64.268	  1.005	 -0.000	  0.000
48	  2.640	 65.618	  1.005	  0.063	  0.000
49	  2.640	 66.971	  1.005	  0.023	  0.000
50	  2.640	 68.320	  1.005	  0.051	  0.000
51	  2.640	 69.674	  1.005	  0.038	  0.000
52	  2.640	 71.024	  1.005	  0.002	  0.000
53	  2.640	 72.375	  1.005	  0.000	  0.000
54	  2.640	 73.729	  1.005	  0.035	  0.000
55	  2.640	 75.079	  1.005	  0.057	  0.000
56	  2.640	 76.431	  1.005	  0.016	  0.000
57	  2.640	 77.781	  1.005	  0.000	  0.000
58	  2.640	 79.135	  1.005	  0.033	  0.000
59	  2.640	 80.485	  1.005	 -0.001	  0.000
60	  2.640	 81.835	  1.005	  0.059	  0.000
61	  2.640	 83.187	  1.005	  0.003	  0.000
62	  2.640	 84.539	  1.005	  0.031	  0.000
63	  2.640	 85.891	  1.005	  0.011	  0.000
64	  2.640	 87.240	  1.005	  0.054	  0.000
65	  2.640	 88.593	  1.005	  0.030	  0.000
66	  2.640	 89.945	  1.005	  0.014	  0.000
67	  2.640	 91.294	  1.005	  0.036	  0.000
68	  2.640	 92.647	  1.005	  0.031	  0.000
69	  2.640	 93.998	  1.005	  0.006	  0.000
70	  2.640	 95.349	  1.005	  0.001	  0.000
71	  2.640	 96.701	  1.005	  0.023	  0.000
72	  2.640	 98.051	  1.005	  0.042	  0.000
73	  2.640	 99.403	  1.005	  0.033	  0.000
0	  2.760	  0.759	  1.005	  0.006	  0.000
1	  2.760	  2.109	  1.005	  0.028	  0.000
2	  2.760	  3.462	  1.005	  0.019	  0.000
3	  2.760	  4.813	  1.005	  0.065	  0.000
4	  2.760	  6.164	  1.005	  0.053	  0.000
5	  2.760	  7.513	  1.005	  0.004	  0.000
6	  2.760	  8.868	  1.005	  0.042	  0.000
7	  2.760	 10.216	  1.005	  0.004	  0.000
8	  2.760	 11.569	  1.005	  0.003	  0.000
9	  2.760	 12.920	  1.005	  0.003	  0.000
10	  2.760	 14.272	  1.005	  0.048	  0.000
11	  2.760	 15.622	  1.005	  0.034	  0.000
12	  2.760	 16.974	  1.005	  0.004	  0.000
13	  2.760	 18.324	  1.005	  0.019	  0.000
14	  2.760	 19.677	  1.005	  0.021	  0.000
15	  2.760	 21.027	  1.005	  0.053	  0.000
16	  2.760	 22.379	  1.005	  0.047	  0.000
17	  2.760	 23.732	  1.005	  0.025	  0.000
18	  2.760	 25.083	  1.005	  0.025	  0.000
19	  2.760	 26.433	  1.005	 -0.005	  0.000
20	  2.760	 27.784	  1.005	  0.045	  0.000
21	  2.760	 29.138	  1.005	  0.021	  0.000
22	  2.760	 30.489	  1.005	  0.052	  0.000
23	  2.760	 31.839	  1.005	  0.024	  0.000
24	  2.760	 33.190	  1.005	  0.055	  0.000
25	  2.760	 34.543	  1.005	  0.014	  0.000
26	  2.760	 35.893	  1.005	  0.065	  0.000
27	  2.760	 37.244	  1.005	  0.023	  0.000
28	  2.760	 38.597	  1.005	  0.012	  0.000
29	  2.760	 39.948	  1.005	 -0.008	  0.000
30	  2.760	 41.297	  1.005	  0.002	  0.000
31	  2.760	 42.650	  1.005	  0.013	  0.000
32	  2.760	 44.001	  1.005	  0.061	  0.000
33	  2.760	 45.352	  1.005	  0.047	  0.000
34	  2.760	 46.704	  1.005	  0.006	  0.000
35	  2.760	 48.054	  1.005	  0.010	  0.000
36	  2.760	 49.407	  1.005	  0.014	  0.000
37	  2.760	 50.759	  1.005	  0.006	  0.000
38	  2.760	 52.109	  1.005	  0.028	  0.000
39	  2.760	 53.462	  1.005	  0.019	  0.000
40	  2.760	 54.813	  1.005	  0.065	  0.000
41	  2.760	 56.164	  1.005	  0.053	  0.000
42	  2.760	 57.513	  1.005	  0.004	  0.000
43	  2.760	 58.868	  1.005	  0.042	  0.000
44	  2.760	 60.216	  1.005	  0.004	  0.000
45	  2.760	 61.569	  1.005	  0.003	  0.000
46	  2.760	 62.920	  1.005	  0.003	  0.000
47	  2.760	 64.272	  1.005	  0.048	  0.000
48	  2.760	 65.622	  1.005	  0.034	  0.000
49	  2.760	 66.974	  1.005	  0.004	  0.000
50	  2.760	 68.324	  1.005	  0.019	  0.000
51	  2.760	 69.677	  1.005	  0.021	  0.000
52	  2.760	 71.027	  1.005	  0.053	  0.000
53	  2.760	 72.379	  1.005	  0.047	  0.000
54	  2.760	 73.732	  1.005	  0.025	  0.000
55	  2.760	 75.083	  1.005	  0.025	  0.000
56	  2.760	 76.433	  1.005	 -0.005	  0.000
57	  2.760	 77.784	  1.005	  0.045	  0.000
58	  2.760	 79.138	  1.005	  0.021	  0.000
59	  2.760	 80.489	  1.005	  0.052	  0.000
60	  2.760	 81.839	  1.005	  0.024	  0.000
61	  2.760	 83.190	  1.005	  0.055	  0.000
62	  2.760	 84.543	  1.005	  0.014	  0.000
63	  2.760	 85.893	  1.005	  0.065	  0.000
64	  2.760	 87.244	  1.005	  0.023	  0.000
65	  2.760	 88.597	  1.005	  0.012	  0.000
66	  2.760	 89.948	  1.005	 -0.008	  0.000
67	  2.760	 91.297	  1.005	  0.002	  0.000
68	  2.760	 92.650	  1.005	  0.013	  0.000
69	  2.760	 94.001	  1.005	  0.061	  0.000
70	  2.760	 95.352	  1.005	  0.047	  0.000
71	  2.760	 96.704	  1.005	  0.006	  0.000
72	  2.760	 98.054	  1.005	  0.010	  0.000
73	  2.760	 99.407	  1.005	  0.014	  0.000
0	  2.880	  0.762	  1.005	  0.062	  0.000
1	  2.880	  2.112	  1.005	 -0.001	  0.000
2	  2.880	  3.465	  1.005	  0.004	  0.000
3	  2.880	  4.817	  1.005	  0.040	  0.000
4	  2.880	  6.168	  1.005	  0.026	  0.000
5	  2.880	  7.517	  1.005	  0.042	  0.000
6	  2.880	  8.872	  1.005	  0.036	  0.000
7	  2.880	 10.220	  1.005	  0.039	  0.000
8	  2.880	 11.571	  1.005	  0.062	  0.000
9	  2.880	 12.924	  1.005	  0.056	  0.000
10	  2.880	 14.276	  1.005	  0.025	  0.000
11	  2.880	 15.625	  1.005	  0.005	  0.000
12	  2.880	 16.977	  1.005	  0.061	  0.000
13	  2.880	 18.327	  1.005	  0.065	  0.000
14	  2.880	 19.680	  1.005	  0.004	  0.000
15	  2.880	 21.031	  1.005	  0.025	  0.000
16	  2.880	 22.382	  1.005	  0.020	  0.000
17	  2.880	 23.736	  1.005	  0.012	  0.000
18	  2.880	 25.086	  1.005	 -0.003	  0.000
19	  2.880	 26.437	  1.005	  0.045	  0.000
20	  2.880	 27.788	  1.005	  0.018	  0.000
21	  2.880	 29.141	  1.005	  0.009	  0.000
22	  2.880	 30.493	  1.005	  0.027	  0.000
23	  2.880	 31.842	  1.005	 -0.008	  0.000
24	  2.880	 33.194	  1.005	  0.030	  0.000
25	  2.880	 34.546	  1.005	 -0.004	  0.000
26	  2.880	 35.898	  1.005	  0.039	  0.000
27	  2.880	 37.247	  1.005	 -0.007	  0.000
28	  2.880	 38.600	  1.005	 -0.003	  0.000
29	  2.880	 39.951	  1.005	  0.044	  0.000
30	  2.880	 41.300	  1.005	  0.041	  0.000
31	  2.880	 42.653	  1.005	 -0.002	  0.000
32	  2.880	 44.005	  1.005	  0.036	  0.000
33	  2.880	 45.356	  1.005	  0.019	  0.000
34	  2.880	 46.707	  1.005	  0.063	  0.000
35	  2.880	 48.057	  1.005	  0.054	  0.000
36	  2.880	 49.410	  1.005	 -0.002	  0.000
37	  2.880	 50.762	  1.005	  0.062	  0.000
38	  2.880	 52.112	  1.005	 -0.001	  0.000
39	  2.880	 53.465	  1.005	  0.004	  0.000
40	  2.880	 54.817	  1.005	  0.040	  0.000
41	  2.880	 56.168	  1.005	  0.026	  0.000
42	  2.880	 57.517	  1.005	  0.042	  0.000
43	  2.880	 58.872	  1.005	  0.036	  0.000
44	  2.880	 60.220	  1.005	  0.039	  0.000
45	  2.880	 61.571	  1.005	  0.062	  0.000
46	  2.880	 62.924	  1.005	  0.056	  0.000
47	  2.880	 64.276	  1.005	  0.025	  0.000
48	  2.880	 65.625	  1.005	  0.005	  0.000
49	  2.880	 66.977	  1.005	  0.061	  0.000
50	  2.880	 68.327	  1.005	  0.065	  0.000
51	  2.880	 69.680	  1.005	  0.004	  0.000
52	  2.880	 71.031	  1.005	  0.025	  0.000
53	  2.880	 72.382	  1.005	  0.020	  0.000
54	  2.880	 73.736	  1.005	  0.012	  0.000
55	  2.880	 75.086	  1.005	 -0.003	  0.000
56	  2.880	 76.437	  1.005	  0.045	  0.000
57	  2.880	 77.788	  1.005	  0.018	  0.000
58	  2.880	 79.141	  1.005	  0.009	  0.000
59	  2.880	 80.493	  1.005	  0.027	  0.000
60	  2.880	 81.842	  1.005	 -0.008	  0.000
61	  2.880	 83.194	  1.005	  0.030	  0.000
62	  2.880	 84.546	  1.005	 -0.004	  0.000
63	  2.880	 85.898	  1.005	  0.039	  0.000
64	  2.880	 87.247	  1.005	 -0.007	  0.000
65	  2.880	 88.600	  1.005	 -0.003	  0.000
66	  2.880	 89.951	  1.005	  0.044	  0.000
67	  2.880	 91.300	  1.005	  0.041	  0.000
68	  2.880	 92.653	  1.005	 -0.002	  0.000
69	  2.880	 94.005	  1.005	  0.036	  0.000
70	  2.880	 95.356	  1.005	  0.019	  0.000
71	  2.880	 96.707	  1.005	  0.063	  0.000
72	  2.880	 98.057	  1.005	  0.054	  0.000
73	  2.880	 99.410	  1.005	 -0.002	  0.000
0	  3.000	  0.766	  1.005	  0.038	  0.000
1	  3.000	  2.116	  1.005	  0.043	  0.000
2	  3.000	  3.468	  1.005	  0.063	  0.000
3	  3.000	  4.821	  1.005	  0.018	  0.000
4	  3.000	  6.170	  1.005	 -0.001	  0.000
5	  3.000	  7.520	  1.005	  0.007	  0.000
6	  3.000	  8.875	  1.005	  0.030	  0.000
7	  3.000	 10.223	  1.005	 -0.002	  0.000
8	  3.000	 11.576	  1.005	  0.041	  0.000
9	  3.000	 12.927	  1.005	  0.035	  0.000
10	  3.000	 14.279	  1.005	  0.003	  0.000
11	  3.000	 15.629	  1.005	  0.048	  0.000
12	  3.000	 16.981	  1.005	  0.039	  0.000
13	  3.000	 18.331	  1.005	  0.035	  0.000
14	  3.000	 19.683	  1.005	  0.064	  0.000
15	  3.000	 21.034	  1.005	 -0.002	  0.000
16	  3.000	 22.385	  1.005	 -0.003	  0.000
17	  3.000	 23.739	  1.005	  0.001	  0.000
18	  3.000	 25.089	  1.005	  0.042	  0.000
19	  3.000	 26.441	  1.005	  0.019	  0.000
20	  3.000	 27.790	  1.005	  0.065	  0.000
21	  3.000	 29.144	  1.005	 -0.001	  0.000
22	  3.000	 30.496	  1.005	  0.003	  0.000
23	  3.000	 31.845	  1.005	  0.034	  0.000
24	  3.000	 33.198	  1.005	  0.010	  0.000
25	  3.000	 34.549	  1.005	  0.052	  0.000
26	  3.000	 35.902	  1.005	  0.016	  0.000
27	  3.000	 37.251	  1.005	  0.033	  0.000
28	  3.000	 38.604	  1.005	  0.059	  0.000
29	  3.000	 39.955	  1.005	  0.019	  0.000
30	  3.000	 41.304	  1.005	  0.004	  0.000
31	  3.000	 42.657	  1.005	  0.058	  0.000
32	  3.000	 44.009	  1.005	  0.013	  0.000
33	  3.000	 45.359	  1.005	 -0.007	  0.000
34	  3.000	 46.712	  1.005	  0.042	  0.000
35	  3.000	 48.061	  1.005	  0.021	  0.000
36	  3.000	 49.414	  1.005	  0.056	  0.000
37	  3.000	 50.766	  1.005	  0.038	  0.000
38	  3.000	 52.116	  1.005	  0.043	  0.000
39	  3.000	 53.468	  1.005	  0.063	  0.000
40	  3.000	 54.821	  1.005	  0.018	  0.000
41	  3.000	 56.170	  1.005	 -0.001	  0.000
42	  3.000	 57.520	  1.005	  0.007	  0.000
43	  3.000	 58.875	  1.005	  0.030	  0.000
44	  3.000	 60.223	  1.005	 -0.002	  0.000
45	  3.000	 61.576	  1.005	  0.041	  0.000
46	  3.000	 62.927	  1.005	  0.035	  0.000
47	  3.000	 64.279	  1.005	  0.003	  0.000
48	  3.000	 65.629	  1.005	  0.048	  0.000
49	  3.000	 66.981	  1.005	  0.039	  0.000
50	  3.000	 68.331	  1.005	  0.035	  0.000
51	  3.000	 69.683	  1.005	  0.064	  0.000
52	  3.000	 71.034	  1.005	 -0.002	  0.000
53	  3.000	 72.385	  1.005	 -0.003	  0.000
54	  3.000	 73.739	  1.005	  0.001	  0.000
55	  3.000	 75.089	  1.005	  0.042	  0.000
56	  3.000	 76.441	  1.005	  0.019	  0.000
57	  3.000	 77.790	  1.005	  0.065	  0.000
58	  3.000	 79.144	  1.005	 -0.001	  0.000
59	  3.000	 80.496	  1.005	  0.003	  0.000
60	  3.000	 81.845	  1.005	  0.034	  0.000
61	  3.000	 83.198	  1.005	  0.010	  0.000
62	  3.000	 84.549	  1.005	  0.052	  0.000
63	  3.000	 85.902	  1.005	  0.016	  0.000
64	  3.000	 87.251	  1.005	  0.033	  0.000
65	  3.000	 88.604	  1.005	  0.059	  0.000
66	  3.000	 89.955	  1.005	  0.019	  0.000
67	  3.000	 91.304	  1.005	  0.004	  0.000
68	  3.000	 92.657	  1.005	  0.058	  0.000
69	  3.000	 94.009	  1.005	  0.013	  0.000
70	  3.000	 95.359	  1.005	 -0.007	  0.000
71	  3.000	 96.712	  1.005	  0.042	  0.000
72	  3.000	 98.061	  1.005	  0.021	  0.000
73	  3.000	 99.414	  1.005	  0.056	  0.000
