# id	 time	 x	 y	 vx	 vy
0	  0.000	  8.333	  1.000	  0.010	  0.010
1	  0.000	 25.000	  1.000	  0.010	  0.010
2	  0.000	 41.667	  1.000	  0.010	  0.010
3	  0.000	 58.333	  1.000	  0.010	  0.010
4	  0.000	 75.000	  1.000	  0.010	  0.010
5	  0.000	 91.667	  1.000	  0.010	  0.010
0	  0.120	  8.353	  1.001	  0.331	  0.008
1	  0.120	 25.020	  1.001	  0.331	  0.008
2	  0.120	 41.686	  1.001	  0.331	  0.008
3	  0.120	 58.353	  1.001	  0.331	  0.008
4	  0.120	 75.020	  1.001	  0.331	  0.008
5	  0.120	 91.686	  1.001	  0.331	  0.008
0	  0.240	  8.407	  1.002	  0.582	  0.006
1	  0.240	 25.074	  1.002	  0.582	  0.006
2	  0.240	 41.740	  1.002	  0.582	  0.006
3	  0.240	 58.407	  1.002	  0.582	  0.006
4	  0.240	 75.074	  1.002	  0.582	  0.006
5	  0.240	 91.740	  1.002	  0.582	  0.006
0	  0.360	  8.488	  1.003	  0.780	  0.005
1	  0.360	 25.155	  1.003	  0.780	  0.005
2	  0.360	 41.822	  1.003	  0.780	  0.005
3	  0.360	 58.488	  1.003	  0.780	  0.005
4	  0.360	 75.155	  1.003	  0.780	  0.005
5	  0.360	 91.822	  1.003	  0.780	  0.005
0	  0.480	  8.591	  1.003	  0.935	  0.004
1	  0.480	 25.257	  1.003	  0.935	  0.004
2	  0.480	 41.924	  1.003	  0.935	  0.004
3	  0.480	 58.591	  1.003	  0.935	  0.004
4	  0.480	 75.257	  1.003	  0.935	  0.004
5	  0.480	 91.924	  1.003	  0.935	  0.004
0	  0.600	  8.710	  1.004	  1.057	  0.003
1	  0.600	 25.377	  1.004	  1.057	  0.003
2	  0.600	 42.043	  1.004	  1.057	  0.003
3	  0.600	 58.710	  1.004	  1.057	  0.003
4	  0.600	 75.377	  1.004	  1.057	  0.003
5	  0.600	 92.043	  1.004	  1.057	  0.003
0	  0.720	  8.842	  1.004	  1.152	  0.002
1	  0.720	 25.509	  1.004	  1.152	  0.002
2	  0.720	 42.176	  1.004	  1.152	  0.002
3	  0.720	 58.842	  1.004	  1.152	  0.002
4	  0.720	 75.509	  1.004	  1.152	  0.002
5	  0.720	 92.176	  1.004	  1.152	  0.002
0	  0.840	  8.985	  1.004	  1.227	  0.002
1	  0.840	 25.652	  1.004	  1.227	  0.002
2	  0.840	 42.318	  1.004	  1.227	  0.002
3	  0.840	 58.985	  1.004	  1.227	  0.002
4	  0.840	 75.652	  1.004	  1.227	  0.002
5	  0.840	 92.318	  1.004	  1.227	  0.002
0	  0.960	  9.135	  1.004	  1.286	  0.001
1	  0.960	 25.802	  1.004	  1.286	  0.001
2	  0.960	 42.469	  1.004	  1.286	  0.001
3	  0.960	 59.135	  1.004	  1.286	  0.001
4	  0.960	 75.802	  1.004	  1.286	  0.001
5	  0.960	 92.469	  1.004	  1.286	  0.001
0	  1.080	  9.292	  1.004	  1.332	  0.001
1	  1.080	 25.959	  1.004	  1.332	  0.001
2	  1.080	 42.626	  1.004	  1.332	  0.001
3	  1.080	 59.292	  1.004	  1.332	  0.001
4	  1.080	 75.959	  1.004	  1.332	  0.001
5	  1.080	 92.626	  1.004	  1.332	  0.001
0	  1.200	  9.454	  1.005	  1.368	  0.001
1	  1.200	 26.121	  1.005	  1.368	  0.001
2	  1.200	 42.788	  1.005	  1.368	  0.001
3	  1.200	 59.454	  1.005	  1.368	  0.001
4	  1.200	 76.121	  1.005	  1.368	  0.001
5	  1.200	 92.788	  1.005	  1.368	  0.001
0	  1.320	  9.620	  1.005	  1.396	  0.001
1	  1.320	 26.287	  1.005	  1.396	  0.001
2	  1.320	 42.953	  1.005	  1.396	  0.001
3	  1.320	 59.620	  1.005	  1.396	  0.001
4	  1.320	 76.287	  1.005	  1.396	  0.001
5	  1.320	 92.953	  1.005	  1.396	  0.001
0	  1.440	  9.789	  1.005	  1.419	  0.001
1	  1.440	 26.456	  1.005	  1.419	  0.001
2	  1.440	 43.122	  1.005	  1.419	  0.001
3	  1.440	 59.789	  1.005	  1.419	  0.001
4	  1.440	 76.456	  1.005	  1.419	  0.001
5	  1.440	 93.122	  1.005	  1.419	  0.001
0	  1.560	  9.960	  1.005	  1.436	  0.000
1	  1.560	 26.627	  1.005	  1.436	  0.000
2	  1.560	 43.294	  1.005	  1.436	  0.000
3	  1.560	 59.960	  1.005	  1.436	  0.000
4	  1.560	 76.627	  1.005	  1.436	  0.000
5	  1.560	 93.294	  1.005	  1.436	  0.000
0	  1.680	 10.133	  1.005	  1.450	  0.000
1	  1.680	 26.800	  1.005	  1.450	  0.000
2	  1.680	 43.467	  1.005	  1.450	  0.000
3	  1.680	 60.133	  1.005	  1.450	  0.000
4	  1.680	 76.800	  1.005	  1.450	  0.000
5	  1.680	 93.467	  1.005	  1.450	  0.000
0	  1.800	 10.308	  1.005	  1.461	  0.000
1	  1.800	 26.975	  1.005	  1.461	  0.000
2	  1.800	 43.641	  1.005	  1.461	  0.000
3	  1.800	 60.308	  1.005	  1.461	  0.000
4	  1.800	 76.975	  1.005	  1.461	  0.000
5	  1.800	 93.641	  1.005	  1.461	  0.000
0	  1.920	 10.484	  1.005	  1.469	  0.000
1	  1.920	 27.150	  1.005	  1.469	  0.000
2	  1.920	 43.817	  1.005	  1.469	  0.000
3	  1.920	 60.484	  1.005	  1.469	  0.000
4	  1.920	 77.150	  1.005	  1.469	  0.000
5	  1.920	 93.817	  1.005	  1.469	  0.000
0	  2.040	 10.660	  1.005	  1.476	  0.000
1	  2.040	 27.327	  1.005	  1.476	  0.000
2	  2.040	 43.994	  1.005	  1.476	  0.000
3	  2.040	 60.660	  1.005	  1.476	  0.000
4	  2.040	 77.327	  1.005	  1.476	  0.000
5	  2.040	 93.994	  1.005	  1.476	  0.000
0	  2.160	 10.838	  1.005	  1.481	  0.000
1	  2.160	 27.504	  1.005	  1.481	  0.000
2	  2.160	 44.171	  1.005	  1.481	  0.000
3	  2.160	 60.838	  1.005	  1.481	  0.000
4	  2.160	 77.504	  1.005	  1.481	  0.000
5	  2.160	 94.171	  1.005	  1.481	  0.000
0	  2.280	 11.016	  1.005	  1.485	  0.000
1	  2.280	 27.682	  1.005	  1.485	  0.000
2	  2.280	 44.349	  1.005	  1.485	  0.000
3	  2.280	 61.016	  1.005	  1.485	  0.000
4	  2.280	 77.682	  1.005	  1.485	  0.000
5	  2.280	 94.349	  1.005	  1.485	  0.000
0	  2.400	 11.194	  1.005	  1.488	  0.000
1	  2.400	 27.861	  1.005	  1.488	  0.000
2	  2.400	 44.528	  1.005	  1.488	  0.000
3	  2.400	 61.194	  1.005	  1.488	  0.000
4	  2.400	 77.861	  1.005	  1.488	  0.000
5	  2.400	 94.528	  1.005	  1.488	  0.000
0	  2.520	 11.373	  1.005	  1.491	  0.000
1	  2.520	 28.040	  1.005	  1.491	  0.000
2	  2.520	 44.706	  1.005	  1.491	  0.000
3	  2.520	 61.373	  1.005	  1.491	  0.000
4	  2.520	 78.040	  1.005	  1.491	  0.000
5	  2.520	 94.706	  1.005	  1.491	  0.000
0	  2.640	 11.552	  1.005	  1.493	  0.000
1	  2.640	 28.219	  1.005	  1.493	  0.000
2	  2.640	 44.885	  1.005	  1.493	  0.000
3	  2.640	 61.552	  1.005	  1.493	  0.000
4	  2.640	 78.219	  1.005	  1.493	  0.000
5	  2.640	 94.885	  1.005	  1.493	  0.000
0	  2.760	 11.731	  1.005	  1.494	  0.000
1	  2.760	 28.398	  1.005	  1.494	  0.000
2	  2.760	 45.064	  1.005	  1.494	  0.000
3	  2.760	 61.731	  1.005	  1.494	  0.000
4	  2.760	 78.398	  1.005	  1.494	  0.000
5	  2.760	 95.064	  1.005	  1.494	  0.000
0	  2.880	 11.911	  1.005	  1.496	  0.000
1	  2.880	 28.577	  1.005	  1.496	  0.000
2	  2.880	 45.244	  1.005	  1.496	  0.000
3	  2.880	 61.911	  1.005	  1.496	  0.000
4	  2.880	 78.577	  1.005	  1.496	  0.000
5	  2.880	 95.244	  1.005	  1.496	  0.000
0	  3.000	 12.090	  1.005	  1.497	  0.000
1	  3.000	 28.757	  1.005	  1.497	  0.000
2	  3.000	 45.423	  1.005	  1.497	  0.000
3	  3.000	 62.090	  1.005	  1.497	  0.000
4	  3.000	 78.757	  1.005	  1.497	  0.000
5	  3.000	 95.423	  1.005	  1.497	  0.000
