# id	 time	 x	 y	 vx	 vy
0	  0.000	  1.136	  1.000	  0.010	  0.010
1	  0.000	  3.409	  1.000	  0.010	  0.010
2	  0.000	  5.682	  1.000	  0.010	  0.010
3	  0.000	  7.955	  1.000	  0.010	  0.010
4	  0.000	 10.227	  1.000	  0.010	  0.010
5	  0.000	 12.500	  1.000	  0.010	  0.010
6	  0.000	 14.773	  1.000	  0.010	  0.010
7	  0.000	 17.045	  1.000	  0.010	  0.010
8	  0.000	 19.318	  1.000	  0.010	  0.010
9	  0.000	 21.591	  1.000	  0.010	  0.010
10	  0.000	 23.864	  1.000	  0.010	  0.010
11	  0.000	 26.136	  1.000	  0.010	  0.010
12	  0.000	 28.409	  1.000	  0.010	  0.010
13	  0.000	 30.682	  1.000	  0.010	  0.010
14	  0.000	 32.955	  1.000	  0.010	  0.010
15	  0.000	 35.227	  1.000	  0.010	  0.010
16	  0.000	 37.500	  1.000	  0.010	  0.010
17	  0.000	 39.773	  1.000	  0.010	  0.010
18	  0.000	 42.045	  1.000	  0.010	  0.010
19	  0.000	 44.318	  1.000	  0.010	  0.010
20	  0.000	 46.591	  1.000	  0.010	  0.010
21	  0.000	 48.864	  1.000	  0.010	  0.010
22	  0.000	 51.136	  1.000	  0.010	  0.010
23	  0.000	 53.409	  1.000	  0.010	  0.010
24	  0.000	 55.682	  1.000	  0.010	  0.010
25	  0.000	 57.955	  1.000	  0.010	  0.010
26	  0.000	 60.227	  1.000	  0.010	  0.010
27	  0.000	 62.500	  1.000	  0.010	  0.010
28	  0.000	 64.773	  1.000	  0.010	  0.010
29	  0.000	 67.045	  1.000	  0.010	  0.010
30	  0.000	 69.318	  1.000	  0.010	  0.010
31	  0.000	 71.591	  1.000	  0.010	  0.010
32	  0.000	 73.864	  1.000	  0.010	  0.010
33	  0.000	 76.136	  1.000	  0.010	  0.010
34	  0.000	 78.409	  1.000	  0.010	  0.010
35	  0.000	 80.682	  1.000	  0.010	  0.010
36	  0.000	 82.955	  1.000	  0.010	  0.010
37	  0.000	 85.227	  1.000	  0.010	  0.010
38	  0.000	 87.500	  1.000	  0.010	  0.010
39	  0.000	 89.773	  1.000	  0.010	  0.010
40	  0.000	 92.045	  1.000	  0.010	  0.010
41	  0.000	 94.318	  1.000	  0.010	  0.010
42	  0.000	 96.591	  1.000	  0.010	  0.010
43	  0.000	 98.864	  1.000	  0.010	  0.010
0	  0.120	  1.156	  1.001	  0.331	  0.008
1	  0.120	  3.429	  1.001	  0.331	  0.008
2	  0.120	  5.701	  1.001	  0.331	  0.008
3	  0.120	  7.974	  1.001	  0.331	  0.008
4	  0.120	 10.247	  1.001	  0.331	  0.008
5	  0.120	 12.520	  1.001	  0.331	  0.008
6	  0.120	 14.792	  1.001	  0.331	  0.008
7	  0.120	 17.065	  1.001	  0.331	  0.008
8	  0.120	 19.338	  1.001	  0.331	  0.008
9	  0.120	 21.611	  1.001	  0.331	  0.008
10	  0.120	 23.883	  1.001	  0.331	  0.008
11	  0.120	 26.156	  1.001	  0.331	  0.008
12	  0.120	 28.429	  1.001	  0.331	  0.008
13	  0.120	 30.701	  1.001	  0.331	  0.008
14	  0.120	 32.974	  1.001	  0.331	  0.008
15	  0.120	 35.247	  1.001	  0.331	  0.008
16	  0.120	 37.520	  1.001	  0.331	  0.008
17	  0.120	 39.792	  1.001	  0.331	  0.008
18	  0.120	 42.065	  1.001	  0.331	  0.008
19	  0.120	 44.338	  1.001	  0.331	  0.008
20	  0.120	 46.611	  1.001	  0.331	  0.008
21	  0.120	 48.883	  1.001	  0.331	  0.008
22	  0.120	 51.156	  1.001	  0.331	  0.008
23	  0.120	 53.429	  1.001	  0.331	  0.008
24	  0.120	 55.701	  1.001	  0.331	  0.008
25	  0.120	 57.974	  1.001	  0.331	  0.008
26	  0.120	 60.247	  1.001	  0.331	  0.008
27	  0.120	 62.520	  1.001	  0.331	  0.008
28	  0.120	 64.792	  1.001	  0.331	  0.008
29	  0.120	 67.065	  1.001	  0.331	  0.008
30	  0.120	 69.338	  1.001	  0.331	  0.008
31	  0.120	 71.611	  1.001	  0.331	  0.008
32	  0.120	 73.883	  1.001	  0.331	  0.008
33	  0.120	 76.156	  1.001	  0.331	  0.008
34	  0.120	 78.429	  1.001	  0.331	  0.008
35	  0.120	 80.701	  1.001	  0.331	  0.008
36	  0.120	 82.974	  1.001	  0.331	  0.008
37	  0.120	 85.247	  1.001	  0.331	  0.008
38	  0.120	 87.520	  1.001	  0.331	  0.008
39	  0.120	 89.792	  1.001	  0.331	  0.008
40	  0.120	 92.065	  1.001	  0.331	  0.008
41	  0.120	 94.338	  1.001	  0.331	  0.008
42	  0.120	 96.611	  1.001	  0.331	  0.008
43	  0.120	 98.883	  1.001	  0.331	  0.008
0	  0.240	  1.210	  1.002	  0.582	  0.006
1	  0.240	  3.483	  1.002	  0.582	  0.006
2	  0.240	  5.756	  1.002	  0.582	  0.006
3	  0.240	  8.028	  1.002	  0.582	  0.006
4	  0.240	 10.301	  1.002	  0.582	  0.006
5	  0.240	 12.574	  1.002	  0.582	  0.006
6	  0.240	 14.846	  1.002	  0.582	  0.006
7	  0.240	 17.119	  1.002	  0.582	  0.006
8	  0.240	 19.392	  1.002	  0.582	  0.006
9	  0.240	 21.665	  1.002	  0.582	  0.006
10	  0.240	 23.937	  1.002	  0.582	  0.006
11	  0.240	 26.210	  1.002	  0.582	  0.006
12	  0.240	 28.483	  1.002	  0.582	  0.006
13	  0.240	 30.756	  1.002	  0.582	  0.006
14	  0.240	 33.028	  1.002	  0.582	  0.006
15	  0.240	 35.301	  1.002	  0.582	  0.006
16	  0.240	 37.574	  1.002	  0.582	  0.006
17	  0.240	 39.846	  1.002	  0.582	  0.006
18	  0.240	 42.119	  1.002	  0.582	  0.006
19	  0.240	 44.392	  1.002	  0.582	  0.006
20	  0.240	 46.665	  1.002	  0.582	  0.006
21	  0.240	 48.937	  1.002	  0.582	  0.006
22	  0.240	 51.210	  1.002	  0.582	  0.006
23	  0.240	 53.483	  1.002	  0.582	  0.006
24	  0.240	 55.756	  1.002	  0.582	  0.006
25	  0.240	 58.028	  1.002	  0.582	  0.006
26	  0.240	 60.301	  1.002	  0.582	  0.006
27	  0.240	 62.574	  1.002	  0.582	  0.006
28	  0.240	 64.846	  1.002	  0.582	  0.006
29	  0.240	 67.119	  1.002	  0.582	  0.006
30	  0.240	 69.392	  1.002	  0.582	  0.006
31	  0.240	 71.665	  1.002	  0.582	  0.006
32	  0.240	 73.937	  1.002	  0.582	  0.006
33	  0.240	 76.210	  1.002	  0.582	  0.006
34	  0.240	 78.483	  1.002	  0.582	  0.006
35	  0.240	 80.756	  1.002	  0.582	  0.006
36	  0.240	 83.028	  1.002	  0.582	  0.006
37	  0.240	 85.301	  1.002	  0.582	  0.006
38	  0.240	 87.574	  1.002	  0.582	  0.006
39	  0.240	 89.846	  1.002	  0.582	  0.006
40	  0.240	 92.119	  1.002	  0.582	  0.006
41	  0.240	 94.392	  1.002	  0.582	  0.006
42	  0.240	 96.665	  1.002	  0.582	  0.006
43	  0.240	 98.937	  1.002	  0.582	  0.006
0	  0.360	  1.291	  1.003	  0.780	  0.005
1	  0.360	  3.564	  1.003	  0.780	  0.005
2	  0.360	  5.837	  1.003	  0.780	  0.005
3	  0.360	  8.110	  1.003	  0.780	  0.005
4	  0.360	 10.382	  1.003	  0.780	  0.005
5	  0.360	 12.655	  1.003	  0.780	  0.005
6	  0.360	 14.928	  1.003	  0.780	  0.005
7	  0.360	 17.200	  1.003	  0.780	  0.005
8	  0.360	 19.473	  1.003	  0.780	  0.005
9	  0.360	 21.746	  1.003	  0.780	  0.005
10	  0.360	 24.019	  1.003	  0.780	  0.005
11	  0.360	 26.291	  1.003	  0.780	  0.005
12	  0.360	 28.564	  1.003	  0.780	  0.005
13	  0.360	 30.837	  1.003	  0.780	  0.005
14	  0.360	 33.110	  1.003	  0.780	  0.005
15	  0.360	 35.382	  1.003	  0.780	  0.005
16	  0.360	 37.655	  1.003	  0.780	  0.005
17	  0.360	 39.928	  1.003	  0.780	  0.005
18	  0.360	 42.200	  1.003	  0.780	  0.005
19	  0.360	 44.473	  1.003	  0.780	  0.005
20	  0.360	 46.746	  1.003	  0.780	  0.005
21	  0.360	 49.019	  1.003	  0.780	  0.005
22	  0.360	 51.291	  1.003	  0.780	  0.005
23	  0.360	 53.564	  1.003	  0.780	  0.005
24	  0.360	 55.837	  1.003	  0.780	  0.005
25	  0.360	 58.110	  1.003	  0.780	  0.005
26	  0.360	 60.382	  1.003	  0.780	  0.005
27	  0.360	 62.655	  1.003	  0.780	  0.005
28	  0.360	 64.928	  1.003	  0.780	  0.005
29	  0.360	 67.200	  1.003	  0.780	  0.005
30	  0.360	 69.473	  1.003	  0.780	  0.005
31	  0.360	 71.746	  1.003	  0.780	  0.005
32	  0.360	 74.019	  1.003	  0.780	  0.005
33	  0.360	 76.291	  1.003	  0.780	  0.005
34	  0.360	 78.564	  1.003	  0.780	  0.005
35	  0.360	 80.837	  1.003	  0.780	  0.005
36	  0.360	 83.110	  1.003	  0.780	  0.005
37	  0.360	 85.382	  1.003	  0.780	  0.005
38	  0.360	 87.655	  1.003	  0.780	  0.005
39	  0.360	 89.928	  1.003	  0.780	  0.005
40	  0.360	 92.200	  1.003	  0.780	  0.005
41	  0.360	 94.473	  1.003	  0.780	  0.005
42	  0.360	 96.746	  1.003	  0.780	  0.005
43	  0.360	 99.019	  1.003	  0.780	  0.005
0	  0.480	  1.394	  1.003	  0.935	  0.004
1	  0.480	  3.667	  1.003	  0.935	  0.004
2	  0.480	  5.939	  1.003	  0.935	  0.004
3	  0.480	  8.212	  1.003	  0.935	  0.004
4	  0.480	 10.485	  1.003	  0.935	  0.004
5	  0.480	 12.757	  1.003	  0.935	  0.004
6	  0.480	 15.030	  1.003	  0.935	  0.004
7	  0.480	 17.303	  1.003	  0.935	  0.004
8	  0.480	 19.576	  1.003	  0.935	  0.004
9	  0.480	 21.848	  1.003	  0.935	  0.004
10	  0.480	 24.121	  1.003	  0.935	  0.004
11	  0.480	 26.394	  1.003	  0.935	  0.004
12	  0.480	 28.667	  1.003	  0.935	  0.004
13	  0.480	 30.939	  1.003	  0.935	  0.004
14	  0.480	 33.212	  1.003	  0.935	  0.004
15	  0.480	 35.485	  1.003	  0.935	  0.004
16	  0.480	 37.757	  1.003	  0.935	  0.004
17	  0.480	 40.030	  1.003	  0.935	  0.004
18	  0.480	 42.303	  1.003	  0.935	  0.004
19	  0.480	 44.576	  1.003	  0.935	  0.004
20	  0.480	 46.848	  1.003	  0.935	  0.004
21	  0.480	 49.121	  1.003	  0.935	  0.004
22	  0.480	 51.394	  1.003	  0.935	  0.004
23	  0.480	 53.667	  1.003	  0.935	  0.004
24	  0.480	 55.939	  1.003	  0.935	  0.004
25	  0.480	 58.212	  1.003	  0.935	  0.004
26	  0.480	 60.485	  1.003	  0.935	  0.004
27	  0.480	 62.757	  1.003	  0.935	  0.004
28	  0.480	 65.030	  1.003	  0.935	  0.004
29	  0.480	 67.303	  1.003	  0.935	  0.004
30	  0.480	 69.576	  1.003	  0.935	  0.004
31	  0.480	 71.848	  1.003	  0.935	  0.004
32	  0.480	 74.121	  1.003	  0.935	  0.004
33	  0.480	 76.394	  1.003	  0.935	  0.004
34	  0.480	 78.667	  1.003	  0.935	  0.004
35	  0.480	 80.939	  1.003	  0.935	  0.004
36	  0.480	 83.212	  1.003	  0.935	  0.004
37	  0.480	 85.485	  1.003	  0.935	  0.004
38	  0.480	 87.757	  1.003	  0.935	  0.004
39	  0.480	 90.030	  1.003	  0.935	  0.004
40	  0.480	 92.303	  1.003	  0.935	  0.004
41	  0.480	 94.576	  1.003	  0.935	  0.004
42	  0.480	 96.848	  1.003	  0.935	  0.004
43	  0.480	 99.121	  1.003	  0.935	  0.004
0	  0.600	  1.513	  1.004	  1.057	  0.003
1	  0.600	  3.786	  1.004	  1.057	  0.003
2	  0.600	  6.058	  1.004	  1.057	  0.003
3	  0.600	  8.331	  1.004	  1.057	  0.003
4	  0.600	 10.604	  1.004	  1.057	  0.003
5	  0.600	 12.877	  1.004	  1.057	  0.003
6	  0.600	 15.149	  1.004	  1.057	  0.003
7	  0.600	 17.422	  1.004	  1.057	  0.003
8	  0.600	 19.695	  1.004	  1.057	  0.003
9	  0.600	 21.968	  1.004	  1.057	  0.003
10	  0.600	 24.240	  1.004	  1.057	  0.003
11	  0.600	 26.513	  1.004	  1.057	  0.003
12	  0.600	 28.786	  1.004	  1.057	  0.003
13	  0.600	 31.058	  1.004	  1.057	  0.003
14	  0.600	 33.331	  1.004	  1.057	  0.003
15	  0.600	 35.604	  1.004	  1.057	  0.003
16	  0.600	 37.877	  1.004	  1.057	  0.003
17	  0.600	 40.149	  1.004	  1.057	  0.003
18	  0.600	 42.422	  1.004	  1.057	  0.003
19	  0.600	 44.695	  1.004	  1.057	  0.003
20	  0.600	 46.968	  1.004	  1.057	  0.003
21	  0.600	 49.240	  1.004	  1.057	  0.003
22	  0.600	 51.513	  1.004	  1.057	  0.003
23	  0.600	 53.786	  1.004	  1.057	  0.003
24	  0.600	 56.058	  1.004	  1.057	  0.003
25	  0.600	 58.331	  1.004	  1.057	  0.003
26	  0.600	 60.604	  1.004	  1.057	  0.003
27	  0.600	 62.877	  1.004	  1.057	  0.003
28	  0.600	 65.149	  1.004	  1.057	  0.003
29	  0.600	 67.422	  1.004	  1.057	  0.003
30	  0.600	 69.695	  1.004	  1.057	  0.003
31	  0.600	 71.968	  1.004	  1.057	  0.003
32	  0.600	 74.240	  1.004	  1.057	  0.003
33	  0.600	 76.513	  1.004	  1.057	  0.003
34	  0.600	 78.786	  1.004	  1.057	  0.003
35	  0.600	 81.058	  1.004	  1.057	  0.003
36	  0.600	 83.331	  1.004	  1.057	  0.003
37	  0.600	 85.604	  1.004	  1.057	  0.003
38	  0.600	 87.877	  1.004	  1.057	  0.003
39	  0.600	 90.149	  1.004	  1.057	  0.003
40	  0.600	 92.422	  1.004	  1.057	  0.003
41	  0.600	 94.695	  1.004	  1.057	  0.003
42	  0.600	 96.968	  1.004	  1.057	  0.003
43	  0.600	 99.240	  1.004	  1.057	  0.003
0	  0.720	  1.645	  1.004	  1.152	  0.002
1	  0.720	  3.918	  1.004	  1.152	  0.002
2	  0.720	  6.191	  1.004	  1.152	  0.002
3	  0.720	  8.463	  1.004	  1.152	  0.002
4	  0.720	 10.736	  1.004	  1.152	  0.002
5	  0.720	 13.009	  1.004	  1.152	  0.002
6	  0.720	 15.282	  1.004	  1.152	  0.002
7	  0.720	 17.554	  1.004	  1.152	  0.002
8	  0.720	 19.827	  1.004	  1.152	  0.002
9	  0.720	 22.100	  1.004	  1.152	  0.002
10	  0.720	 24.373	  1.004	  1.152	  0.002
11	  0.720	 26.645	  1.004	  1.152	  0.002
12	  0.720	 28.918	  1.004	  1.152	  0.002
13	  0.720	 31.191	  1.004	  1.152	  0.002
14	  0.720	 33.463	  1.004	  1.152	  0.002
15	  0.720	 35.736	  1.004	  1.152	  0.002
16	  0.720	 38.009	  1.004	  1.152	  0.002
17	  0.720	 40.282	  1.004	  1.152	  0.002
18	  0.720	 42.554	  1.004	  1.152	  0.002
19	  0.720	 44.827	  1.004	  1.152	  0.002
20	  0.720	 47.100	  1.004	  1.152	  0.002
21	  0.720	 49.373	  1.004	  1.152	  0.002
22	  0.720	 51.645	  1.004	  1.152	  0.002
23	  0.720	 53.918	  1.004	  1.152	  0.002
24	  0.720	 56.191	  1.004	  1.152	  0.002
25	  0.720	 58.463	  1.004	  1.152	  0.002
26	  0.720	 60.736	  1.004	  1.152	  0.002
27	  0.720	 63.009	  1.004	  1.152	  0.002
28	  0.720	 65.282	  1.004	  1.152	  0.002
29	  0.720	 67.554	  1.004	  1.152	  0.002
30	  0.720	 69.827	  1.004	  1.152	  0.002
31	  0.720	 72.100	  1.004	  1.152	  0.002
32	  0.720	 74.373	  1.004	  1.152	  0.002
33	  0.720	 76.645	  1.004	  1.152	  0.002
34	  0.720	 78.918	  1.004	  1.152	  0.002
35	  0.720	 81.191	  1.004	  1.152	  0.002
36	  0.720	 83.463	  1.004	  1.152	  0.002
37	  0.720	 85.736	  1.004	  1.152	  0.002
38	  0.720	 88.009	  1.004	  1.152	  0.002
39	  0.720	 90.282	  1.004	  1.152	  0.002
40	  0.720	 92.554	  1.004	  1.152	  0.002
41	  0.720	 94.827	  1.004	  1.152	  0.002
42	  0.720	 97.100	  1.004	  1.152	  0.002
43	  0.720	 99.373	  1.004	  1.152	  0.002
0	  0.840	  1.788	  1.004	  1.227	  0.002
1	  0.840	  4.061	  1.004	  1.227	  0.002
2	  0.840	  6.333	  1.004	  1.227	  0.002
3	  0.840	  8.606	  1.004	  1.227	  0.002
4	  0.840	 10.879	  1.004	  1.227	  0.002
5	  0.840	 13.151	  1.004	  1.227	  0.002
6	  0.840	 15.424	  1.004	  1.227	  0.002
7	  0.840	 17.697	  1.004	  1.227	  0.002
8	  0.840	 19.970	  1.004	  1.227	  0.002
9	  0.840	 22.242	  1.004	  1.227	  0.002
10	  0.840	 24.515	  1.004	  1.227	  0.002
11	  0.840	 26.788	  1.004	  1.227	  0.002
12	  0.840	 29.061	  1.004	  1.227	  0.002
13	  0.840	 31.333	  1.004	  1.227	  0.002
14	  0.840	 33.606	  1.004	  1.227	  0.002
15	  0.840	 35.879	  1.004	  1.227	  0.002
16	  0.840	 38.151	  1.004	  1.227	  0.002
17	  0.840	 40.424	  1.004	  1.227	  0.002
18	  0.840	 42.697	  1.004	  1.227	  0.002
19	  0.840	 44.970	  1.004	  1.227	  0.002
20	  0.840	 47.242	  1.004	  1.227	  0.002
21	  0.840	 49.515	  1.004	  1.227	  0.002
22	  0.840	 51.788	  1.004	  1.227	  0.002
23	  0.840	 54.061	  1.004	  1.227	  0.002
24	  0.840	 56.333	  1.004	  1.227	  0.002
25	  0.840	 58.606	  1.004	  1.227	  0.002
26	  0.840	 60.879	  1.004	  1.227	  0.002
27	  0.840	 63.151	  1.004	  1.227	  0.002
28	  0.840	 65.424	  1.004	  1.227	  0.002
29	  0.840	 67.697	  1.004	  1.227	  0.002
30	  0.840	 69.970	  1.004	  1.227	  0.002
31	  0.840	 72.242	  1.004	  1.227	  0.002
32	  0.840	 74.515	  1.004	  1.227	  0.002
33	  0.840	 76.788	  1.004	  1.227	  0.002
34	  0.840	 79.061	  1.004	  1.227	  0.002
35	  0.840	 81.333	  1.004	  1.227	  0.002
36	  0.840	 83.606	  1.004	  1.227	  0.002
37	  0.840	 85.879	  1.004	  1.227	  0.002
38	  0.840	 88.151	  1.004	  1.227	  0.002
39	  0.840	 90.424	  1.004	  1.227	  0.002
40	  0.840	 92.697	  1.004	  1.227	  0.002
41	  0.840	 94.970	  1.004	  1.227	  0.002
42	  0.840	 97.242	  1.004	  1.227	  0.002
43	  0.840	 99.515	  1.004	  1.227	  0.002
0	  0.960	  1.938	  1.004	  1.286	  0.001
1	  0.960	  4.211	  1.004	  1.286	  0.001
2	  0.960	  6.484	  1.004	  1.286	  0.001
3	  0.960	  8.757	  1.004	  1.286	  0.001
4	  0.960	 11.029	  1.004	  1.286	  0.001
5	  0.960	 13.302	  1.004	  1.286	  0.001
6	  0.960	 15.575	  1.004	  1.286	  0.001
7	  0.960	 17.848	  1.004	  1.286	  0.001
8	  0.960	 20.120	  1.004	  1.286	  0.001
9	  0.960	 22.393	  1.004	  1.286	  0.001
10	  0.960	 24.666	  1.004	  1.286	  0.001
11	  0.960	 26.938	  1.004	  1.286	  0.001
12	  0.960	 29.211	  1.004	  1.286	  0.001
13	  0.960	 31.484	  1.004	  1.286	  0.001
14	  0.960	 33.757	  1.004	  1.286	  0.001
15	  0.960	 36.029	  1.004	  1.286	  0.001
16	  0.960	 38.302	  1.004	  1.286	  0.001
17	  0.960	 40.575	  1.004	  1.286	  0.001
18	  0.960	 42.848	  1.004	  1.286	  0.001
19	  0.960	 45.120	  1.004	  1.286	  0.001
20	  0.960	 47.393	  1.004	  1.286	  0.001
21	  0.960	 49.666	  1.004	  1.286	  0.001
22	  0.960	 51.938	  1.004	  1.286	  0.001
23	  0.960	 54.211	  1.004	  1.286	  0.001
24	  0.960	 56.484	  1.004	  1.286	  0.001
25	  0.960	 58.757	  1.004	  1.286	  0.001
26	  0.960	 61.029	  1.004	  1.286	  0.001
27	  0.960	 63.302	  1.004	  1.286	  0.001
28	  0.960	 65.575	  1.004	  1.286	  0.001
29	  0.960	 67.848	  1.004	  1.286	  0.001
30	  0.960	 70.120	  1.004	  1.286	  0.001
31	  0.960	 72.393	  1.004	  1.286	  0.001
32	  0.960	 74.666	  1.004	  1.286	  0.001
33	  0.960	 76.938	  1.004	  1.286	  0.001
34	  0.960	 79.211	  1.004	  1.286	  0.001
35	  0.960	 81.484	  1.004	  1.286	  0.001
36	  0.960	 83.757	  1.004	  1.286	  0.001
37	  0.960	 86.029	  1.004	  1.286	  0.001
38	  0.960	 88.302	  1.004	  1.286	  0.001
39	  0.960	 90.575	  1.004	  1.286	  0.001
40	  0.960	 92.848	  1.004	  1.286	  0.001
41	  0.960	 95.120	  1.004	  1.286	  0.001
42	  0.960	 97.393	  1.004	  1.286	  0.001
43	  0.960	 99.666	  1.004	  1.286	  0.001
0	  1.080	  2.095	  1.004	  1.332	  0.001
1	  1.080	  4.368	  1.004	  1.332	  0.001
2	  1.080	  6.641	  1.004	  1.332	  0.001
3	  1.080	  8.914	  1.004	  1.332	  0.001
4	  1.080	 11.186	  1.004	  1.332	  0.001
5	  1.080	 13.459	  1.004	  1.332	  0.001
6	  1.080	 15.732	  1.004	  1.332	  0.001
7	  1.080	 18.004	  1.004	  1.332	  0.001
8	  1.080	 20.277	  1.004	  1.332	  0.001
9	  1.080	 22.550	  1.004	  1.332	  0.001
10	  1.080	 24.823	  1.004	  1.332	  0.001
11	  1.080	 27.095	  1.004	  1.332	  0.001
12	  1.080	 29.368	  1.004	  1.332	  0.001
13	  1.080	 31.641	  1.004	  1.332	  0.001
14	  1.080	 33.914	  1.004	  1.332	  0.001
15	  1.080	 36.186	  1.004	  1.332	  0.001
16	  1.080	 38.459	  1.004	  1.332	  0.001
17	  1.080	 40.732	  1.004	  1.332	  0.001
18	  1.080	 43.004	  1.004	  1.332	  0.001
19	  1.080	 45.277	  1.004	  1.332	  0.001
20	  1.080	 47.550	  1.004	  1.332	  0.001
21	  1.080	 49.823	  1.004	  1.332	  0.001
22	  1.080	 52.095	  1.004	  1.332	  0.001
23	  1.080	 54.368	  1.004	  1.332	  0.001
24	  1.080	 56.641	  1.004	  1.332	  0.001
25	  1.080	 58.914	  1.004	  1.332	  0.001
26	  1.080	 61.186	  1.004	  1.332	  0.001
27	  1.080	 63.459	  1.004	  1.332	  0.001
28	  1.080	 65.732	  1.004	  1.332	  0.001
29	  1.080	 68.004	  1.004	  1.332	  0.001
30	  1.080	 70.277	  1.004	  1.332	  0.001
31	  1.080	 72.550	  1.004	  1.332	  0.001
32	  1.080	 74.823	  1.004	  1.332	  0.001
33	  1.080	 77.095	  1.004	  1.332	  0.001
34	  1.080	 79.368	  1.004	  1.332	  0.001
35	  1.080	 81.641	  1.004	  1.332	  0.001
36	  1.080	 83.914	  1.004	  1.332	  0.001
37	  1.080	 86.186	  1.004	  1.332	  0.001
38	  1.080	 88.459	  1.004	  1.332	  0.001
39	  1.080	 90.732	  1.004	  1.332	  0.001
40	  1.080	 93.004	  1.004	  1.332	  0.001
41	  1.080	 95.277	  1.004	  1.332	  0.001
42	  1.080	 97.550	  1.004	  1.332	  0.001
43	  1.080	 99.823	  1.004	  1.332	  0.001
0	  1.200	  2.257	  1.005	  1.368	  0.001
1	  1.200	  4.530	  1.005	  1.368	  0.001
2	  1.200	  6.803	  1.005	  1.368	  0.001
3	  1.200	  9.075	  1.005	  1.368	  0.001
4	  1.200	 11.348	  1.005	  1.368	  0.001
5	  1.200	 13.621	  1.005	  1.368	  0.001
6	  1.200	 15.894	  1.005	  1.368	  0.001
7	  1.200	 18.166	  1.005	  1.368	  0.001
8	  1.200	 20.439	  1.005	  1.368	  0.001
9	  1.200	 22.712	  1.005	  1.368	  0.001
10	  1.200	 24.985	  1.005	  1.368	  0.001
11	  1.200	 27.257	  1.005	  1.368	  0.001
12	  1.200	 29.530	  1.005	  1.368	  0.001
13	  1.200	 31.803	  1.005	  1.368	  0.001
14	  1.200	 34.075	  1.005	  1.368	  0.001
15	  1.200	 36.348	  1.005	  1.368	  0.001
16	  1.200	 38.621	  1.005	  1.368	  0.001
17	  1.200	 40.894	  1.005	  1.368	  0.001
18	  1.200	 43.166	  1.005	  1.368	  0.001
19	  1.200	 45.439	  1.005	  1.368	  0.001
20	  1.200	 47.712	  1.005	  1.368	  0.001
21	  1.200	 49.985	  1.005	  1.368	  0.001
22	  1.200	 52.257	  1.005	  1.368	  0.001
23	  1.200	 54.530	  1.005	  1.368	  0.001
24	  1.200	 56.803	  1.005	  1.368	  0.001
25	  1.200	 59.075	  1.005	  1.368	  0.001
26	  1.200	 61.348	  1.005	  1.368	  0.001
27	  1.200	 63.621	  1.005	  1.368	  0.001
28	  1.200	 65.894	  1.005	  1.368	  0.001
29	  1.200	 68.166	  1.005	  1.368	  0.001
30	  1.200	 70.439	  1.005	  1.368	  0.001
31	  1.200	 72.712	  1.005	  1.368	  0.001
32	  1.200	 74.985	  1.005	  1.368	  0.001
33	  1.200	 77.257	  1.005	  1.368	  0.001
34	  1.200	 79.530	  1.005	  1.368	  0.001
35	  1.200	 81.803	  1.005	  1.368	  0.001
36	  1.200	 84.075	  1.005	  1.368	  0.001
37	  1.200	 86.348	  1.005	  1.368	  0.001
38	  1.200	 88.621	  1.005	  1.368	  0.001
39	  1.200	 90.894	  1.005	  1.368	  0.001
40	  1.200	 93.166	  1.005	  1.368	  0.001
41	  1.200	 95.439	  1.005	  1.368	  0.001
42	  1.200	 97.712	  1.005	  1.368	  0.001
43	  1.200	 99.985	  1.005	  1.368	  0.001
0	  1.320	  2.423	  1.005	  1.396	  0.001
1	  1.320	  4.696	  1.005	  1.396	  0.001
2	  1.320	  6.969	  1.005	  1.396	  0.001
3	  1.320	  9.241	  1.005	  1.396	  0.001
4	  1.320	 11.514	  1.005	  1.396	  0.001
5	  1.320	 13.787	  1.005	  1.396	  0.001
6	  1.320	 16.059	  1.005	  1.396	  0.001
7	  1.320	 18.332	  1.005	  1.396	  0.001
8	  1.320	 20.605	  1.005	  1.396	  0.001
9	  1.320	 22.878	  1.005	  1.396	  0.001
10	  1.320	 25.150	  1.005	  1.396	  0.001
11	  1.320	 27.423	  1.005	  1.396	  0.001
12	  1.320	 29.696	  1.005	  1.396	  0.001
13	  1.320	 31.969	  1.005	  1.396	  0.001
14	  1.320	 34.241	  1.005	  1.396	  0.001
15	  1.320	 36.514	  1.005	  1.396	  0.001
16	  1.320	 38.787	  1.005	  1.396	  0.001
17	  1.320	 41.059	  1.005	  1.396	  0.001
18	  1.320	 43.332	  1.005	  1.396	  0.001
19	  1.320	 45.605	  1.005	  1.396	  0.001
20	  1.320	 47.878	  1.005	  1.396	  0.001
21	  1.320	 50.150	  1.005	  1.396	  0.001
22	  1.320	 52.423	  1.005	  1.396	  0.001
23	  1.320	 54.696	  1.005	  1.396	  0.001
24	  1.320	 56.969	  1.005	  1.396	  0.001
25	  1.320	 59.241	  1.005	  1.396	  0.001
26	  1.320	 61.514	  1.005	  1.396	  0.001
27	  1.320	 63.787	  1.005	  1.396	  0.001
28	  1.320	 66.059	  1.005	  1.396	  0.001
29	  1.320	 68.332	  1.005	  1.396	  0.001
30	  1.320	 70.605	  1.005	  1.396	  0.001
31	  1.320	 72.878	  1.005	  1.396	  0.001
32	  1.320	 75.150	  1.005	  1.396	  0.001
33	  1.320	 77.423	  1.005	  1.396	  0.001
34	  1.320	 79.696	  1.005	  1.396	  0.001
35	  1.320	 81.969	  1.005	  1.396	  0.001
36	  1.320	 84.241	  1.005	  1.396	  0.001
37	  1.320	 86.514	  1.005	  1.396	  0.001
38	  1.320	 88.787	  1.005	  1.396	  0.001
39	  1.320	 91.059	  1.005	  1.396	  0.001
40	  1.320	 93.332	  1.005	  1.396	  0.001
41	  1.320	 95.605	  1.005	  1.396	  0.001
42	  1.320	 97.878	  1.005	  1.396	  0.001
43	  1.320	100.150	  1.005	  1.396	  0.001
0	  1.440	  2.592	  1.005	  1.419	  0.001
1	  1.440	  4.865	  1.005	  1.419	  0.001
2	  1.440	  7.137	  1.005	  1.419	  0.001
3	  1.440	  9.410	  1.005	  1.419	  0.001
4	  1.440	 11.683	  1.005	  1.419	  0.001
5	  1.440	 13.956	  1.005	  1.419	  0.001
6	  1.440	 16.228	  1.005	  1.419	  0.001
7	  1.440	 18.501	  1.005	  1.419	  0.001
8	  1.440	 20.774	  1.005	  1.419	  0.001
9	  1.440	 23.047	  1.005	  1.419	  0.001
10	  1.440	 25.319	  1.005	  1.419	  0.001
11	  1.440	 27.592	  1.005	  1.419	  0.001
12	  1.440	 29.865	  1.005	  1.419	  0.001
13	  1.440	 32.137	  1.005	  1.419	  0.001
14	  1.440	 34.410	  1.005	  1.419	  0.001
15	  1.440	 36.683	  1.005	  1.419	  0.001
16	  1.440	 38.956	  1.005	  1.419	  0.001
17	  1.440	 41.228	  1.005	  1.419	  0.001
18	  1.440	 43.501	  1.005	  1.419	  0.001
19	  1.440	 45.774	  1.005	  1.419	  0.001
20	  1.440	 48.047	  1.005	  1.419	  0.001
21	  1.440	 50.319	  1.005	  1.419	  0.001
22	  1.440	 52.592	  1.005	  1.419	  0.001
23	  1.440	 54.865	  1.005	  1.419	  0.001
24	  1.440	 57.137	  1.005	  1.419	  0.001
25	  1.440	 59.410	  1.005	  1.419	  0.001
26	  1.440	 61.683	  1.005	  1.419	  0.001
27	  1.440	 63.956	  1.005	  1.419	  0.001
28	  1.440	 66.228	  1.005	  1.419	  0.001
29	  1.440	 68.501	  1.005	  1.419	  0.001
30	  1.440	 70.774	  1.005	  1.419	  0.001
31	  1.440	 73.047	  1.005	  1.419	  0.001
32	  1.440	 75.319	  1.005	  1.419	  0.001
33	  1.440	 77.592	  1.005	  1.419	  0.001
34	  1.440	 79.865	  1.005	  1.419	  0.001
35	  1.440	 82.137	  1.005	  1.419	  0.001
36	  1.440	 84.410	  1.005	  1.419	  0.001
37	  1.440	 86.683	  1.005	  1.419	  0.001
38	  1.440	 88.956	  1.005	  1.419	  0.001
39	  1.440	 91.228	  1.005	  1.419	  0.001
40	  1.440	 93.501	  1.005	  1.419	  0.001
41	  1.440	 95.774	  1.005	  1.419	  0.001
42	  1.440	 98.047	  1.005	  1.419	  0.001
43	  1.440	100.319	  1.005	  1.419	  0.001
0	  1.560	  2.763	  1.005	  1.436	  0.000
1	  1.560	  5.036	  1.005	  1.436	  0.000
2	  1.560	  7.309	  1.005	  1.436	  0.000
3	  1.560	  9.581	  1.005	  1.436	  0.000
4	  1.560	 11.854	  1.005	  1.436	  0.000
5	  1.560	 14.127	  1.005	  1.436	  0.000
6	  1.560	 16.400	  1.005	  1.436	  0.000
7	  1.560	 18.672	  1.005	  1.436	  0.000
8	  1.560	 20.945	  1.005	  1.436	  0.000
9	  1.560	 23.218	  1.005	  1.436	  0.000
10	  1.560	 25.490	  1.005	  1.436	  0.000
11	  1.560	 27.763	  1.005	  1.436	  0.000
12	  1.560	 30.036	  1.005	  1.436	  0.000
13	  1.560	 32.309	  1.005	  1.436	  0.000
14	  1.560	 34.581	  1.005	  1.436	  0.000
15	  1.560	 36.854	  1.005	  1.436	  0.000
16	  1.560	 39.127	  1.005	  1.436	  0.000
17	  1.560	 41.400	  1.005	  1.436	  0.000
18	  1.560	 43.672	  1.005	  1.436	  0.000
19	  1.560	 45.945	  1.005	  1.436	  0.000
20	  1.560	 48.218	  1.005	  1.436	  0.000
21	  1.560	 50.490	  1.005	  1.436	  0.000
22	  1.560	 52.763	  1.005	  1.436	  0.000
23	  1.560	 55.036	  1.005	  1.436	  0.000
24	  1.560	 57.309	  1.005	  1.436	  0.000
25	  1.560	 59.581	  1.005	  1.436	  0.000
26	  1.560	 61.854	  1.005	  1.436	  0.000
27	  1.560	 64.127	  1.005	  1.436	  0.000
28	  1.560	 66.400	  1.005	  1.436	  0.000
29	  1.560	 68.672	  1.005	  1.436	  0.000
30	  1.560	 70.945	  1.005	  1.436	  0.000
31	  1.560	 73.218	  1.005	  1.436	  0.000
32	  1.560	 75.490	  1.005	  1.436	  0.000
33	  1.560	 77.763	  1.005	  1.436	  0.000
34	  1.560	 80.036	  1.005	  1.436	  0.000
35	  1.560	 82.309	  1.005	  1.436	  0.000
36	  1.560	 84.581	  1.005	  1.436	  0.000
37	  1.560	 86.854	  1.005	  1.436	  0.000
38	  1.560	 89.127	  1.005	  1.436	  0.000
39	  1.560	 91.400	  1.005	  1.436	  0.000
40	  1.560	 93.672	  1.005	  1.436	  0.000
41	  1.560	 95.945	  1.005	  1.436	  0.000
42	  1.560	 98.218	  1.005	  1.436	  0.000
43	  1.560	100.490	  1.005	  1.436	  0.000
0	  1.680	  2.936	  1.005	  1.450	  0.000
1	  1.680	  5.209	  1.005	  1.450	  0.000
2	  1.680	  7.482	  1.005	  1.450	  0.000
3	  1.680	  9.755	  1.005	  1.450	  0.000
4	  1.680	 12.027	  1.005	  1.450	  0.000
5	  1.680	 14.300	  1.005	  1.450	  0.000
6	  1.680	 16.573	  1.005	  1.450	  0.000
7	  1.680	 18.845	  1.005	  1.450	  0.000
8	  1.680	 21.118	  1.005	  1.450	  0.000
9	  1.680	 23.391	  1.005	  1.450	  0.000
10	  1.680	 25.664	  1.005	  1.450	  0.000
11	  1.680	 27.936	  1.005	  1.450	  0.000
12	  1.680	 30.209	  1.005	  1.450	  0.000
13	  1.680	 32.482	  1.005	  1.450	  0.000
14	  1.680	 34.755	  1.005	  1.450	  0.000
15	  1.680	 37.027	  1.005	  1.450	  0.000
16	  1.680	 39.300	  1.005	  1.450	  0.000
17	  1.680	 41.573	  1.005	  1.450	  0.000
18	  1.680	 43.845	  1.005	  1.450	  0.000
19	  1.680	 46.118	  1.005	  1.450	  0.000
20	  1.680	 48.391	  1.005	  1.450	  0.000
21	  1.680	 50.664	  1.005	  1.450	  0.000
22	  1.680	 52.936	  1.005	  1.450	  0.000
23	  1.680	 55.209	  1.005	  1.450	  0.000
24	  1.680	 57.482	  1.005	  1.450	  0.000
25	  1.680	 59.755	  1.005	  1.450	  0.000
26	  1.680	 62.027	  1.005	  1.450	  0.000
27	  1.680	 64.300	  1.005	  1.450	  0.000
28	  1.680	 66.573	  1.005	  1.450	  0.000
29	  1.680	 68.845	  1.005	  1.450	  0.000
30	  1.680	 71.118	  1.005	  1.450	  0.000
31	  1.680	 73.391	  1.005	  1.450	  0.000
32	  1.680	 75.664	  1.005	  1.450	  0.000
33	  1.680	 77.936	  1.005	  1.450	  0.000
34	  1.680	 80.209	  1.005	  1.450	  0.000
35	  1.680	 82.482	  1.005	  1.450	  0.000
36	  1.680	 84.755	  1.005	  1.450	  0.000
37	  1.680	 87.027	  1.005	  1.450	  0.000
38	  1.680	 89.300	  1.005	  1.450	  0.000
39	  1.680	 91.573	  1.005	  1.450	  0.000
40	  1.680	 93.845	  1.005	  1.450	  0.000
41	  1.680	 96.118	  1.005	  1.450	  0.000
42	  1.680	 98.391	  1.005	  1.450	  0.000
43	  1.680	100.664	  1.005	  1.450	  0.000
0	  1.800	  3.111	  1.005	  1.461	  0.000
1	  1.800	  5.384	  1.005	  1.461	  0.000
2	  1.800	  7.656	  1.005	  1.461	  0.000
3	  1.800	  9.929	  1.005	  1.461	  0.000
4	  1.800	 12.202	  1.005	  1.461	  0.000
5	  1.800	 14.475	  1.005	  1.461	  0.000
6	  1.800	 16.747	  1.005	  1.461	  0.000
7	  1.800	 19.020	  1.005	  1.461	  0.000
8	  1.800	 21.293	  1.005	  1.461	  0.000
9	  1.800	 23.566	  1.005	  1.461	  0.000
10	  1.800	 25.838	  1.005	  1.461	  0.000
11	  1.800	 28.111	  1.005	  1.461	  0.000
12	  1.800	 30.384	  1.005	  1.461	  0.000
13	  1.800	 32.656	  1.005	  1.461	  0.000
14	  1.800	 34.929	  1.005	  1.461	  0.000
15	  1.800	 37.202	  1.005	  1.461	  0.000
16	  1.800	 39.475	  1.005	  1.461	  0.000
17	  1.800	 41.747	  1.005	  1.461	  0.000
18	  1.800	 44.020	  1.005	  1.461	  0.000
19	  1.800	 46.293	  1.005	  1.461	  0.000
20	  1.800	 48.566	  1.005	  1.461	  0.000
21	  1.800	 50.838	  1.005	  1.461	  0.000
22	  1.800	 53.111	  1.005	  1.461	  0.000
23	  1.800	 55.384	  1.005	  1.461	  0.000
24	  1.800	 57.656	  1.005	  1.461	  0.000
25	  1.800	 59.929	  1.005	  1.461	  0.000
26	  1.800	 62.202	  1.005	  1.461	  0.000
27	  1.800	 64.475	  1.005	  1.461	  0.000
28	  1.800	 66.747	  1.005	  1.461	  0.000
29	  1.800	 69.020	  1.005	  1.461	  0.000
30	  1.800	 71.293	  1.005	  1.461	  0.000
31	  1.800	 73.566	  1.005	  1.461	  0.000
32	  1.800	 75.838	  1.005	  1.461	  0.000
33	  1.800	 78.111	  1.005	  1.461	  0.000
34	  1.800	 80.384	  1.005	  1.461	  0.000
35	  1.800	 82.656	  1.005	  1.461	  0.000
36	  1.800	 84.929	  1.005	  1.461	  0.000
37	  1.800	 87.202	  1.005	  1.461	  0.000
38	  1.800	 89.475	  1.005	  1.461	  0.000
39	  1.800	 91.747	  1.005	  1.461	  0.000
40	  1.800	 94.020	  1.005	  1.461	  0.000
41	  1.800	 96.293	  1.005	  1.461	  0.000
42	  1.800	 98.566	  1.005	  1.461	  0.000
43	  1.800	100.838	  1.005	  1.461	  0.000
0	  1.920	  3.287	  1.005	  1.469	  0.000
1	  1.920	  5.559	  1.005	  1.469	  0.000
2	  1.920	  7.832	  1.005	  1.469	  0.000
3	  1.920	 10.105	  1.005	  1.469	  0.000
4	  1.920	 12.378	  1.005	  1.469	  0.000
5	  1.920	 14.650	  1.005	  1.469	  0.000
6	  1.920	 16.923	  1.005	  1.469	  0.000
7	  1.920	 19.196	  1.005	  1.469	  0.000
8	  1.920	 21.469	  1.005	  1.469	  0.000
9	  1.920	 23.741	  1.005	  1.469	  0.000
10	  1.920	 26.014	  1.005	  1.469	  0.000
11	  1.920	 28.287	  1.005	  1.469	  0.000
12	  1.920	 30.559	  1.005	  1.469	  0.000
13	  1.920	 32.832	  1.005	  1.469	  0.000
14	  1.920	 35.105	  1.005	  1.469	  0.000
15	  1.920	 37.378	  1.005	  1.469	  0.000
16	  1.920	 39.650	  1.005	  1.469	  0.000
17	  1.920	 41.923	  1.005	  1.469	  0.000
18	  1.920	 44.196	  1.005	  1.469	  0.000
19	  1.920	 46.469	  1.005	  1.469	  0.000
20	  1.920	 48.741	  1.005	  1.469	  0.000
21	  1.920	 51.014	  1.005	  1.469	  0.000
22	  1.920	 53.287	  1.005	  1.469	  0.000
23	  1.920	 55.559	  1.005	  1.469	  0.000
24	  1.920	 57.832	  1.005	  1.469	  0.000
25	  1.920	 60.105	  1.005	  1.469	  0.000
26	  1.920	 62.378	  1.005	  1.469	  0.000
27	  1.920	 64.650	  1.005	  1.469	  0.000
28	  1.920	 66.923	  1.005	  1.469	  0.000
29	  1.920	 69.196	  1.005	  1.469	  0.000
30	  1.920	 71.469	  1.005	  1.469	  0.000
31	  1.920	 73.741	  1.005	  1.469	  0.000
32	  1.920	 76.014	  1.005	  1.469	  0.000
33	  1.920	 78.287	  1.005	  1.469	  0.000
34	  1.920	 80.559	  1.005	  1.469	  0.000
35	  1.920	 82.832	  1.005	  1.469	  0.000
36	  1.920	 85.105	  1.005	  1.469	  0.000
37	  1.920	 87.378	  1.005	  1.469	  0.000
38	  1.920	 89.650	  1.005	  1.469	  0.000
39	  1.920	 91.923	  1.005	  1.469	  0.000
40	  1.920	 94.196	  1.005	  1.469	  0.000
41	  1.920	 96.469	  1.005	  1.469	  0.000
42	  1.920	 98.741	  1.005	  1.469	  0.000
43	  1.920	101.014	  1.005	  1.469	  0.000
0	  2.040	  3.463	  1.005	  1.476	  0.000
1	  2.040	  5.736	  1.005	  1.476	  0.000
2	  2.040	  8.009	  1.005	  1.476	  0.000
3	  2.040	 10.282	  1.005	  1.476	  0.000
4	  2.040	 12.554	  1.005	  1.476	  0.000
5	  2.040	 14.827	  1.005	  1.476	  0.000
6	  2.040	 17.100	  1.005	  1.476	  0.000
7	  2.040	 19.373	  1.005	  1.476	  0.000
8	  2.040	 21.645	  1.005	  1.476	  0.000
9	  2.040	 23.918	  1.005	  1.476	  0.000
10	  2.040	 26.191	  1.005	  1.476	  0.000
11	  2.040	 28.463	  1.005	  1.476	  0.000
12	  2.040	 30.736	  1.005	  1.476	  0.000
13	  2.040	 33.009	  1.005	  1.476	  0.000
14	  2.040	 35.282	  1.005	  1.476	  0.000
15	  2.040	 37.554	  1.005	  1.476	  0.000
16	  2.040	 39.827	  1.005	  1.476	  0.000
17	  2.040	 42.100	  1.005	  1.476	  0.000
18	  2.040	 44.373	  1.005	  1.476	  0.000
19	  2.040	 46.645	  1.005	  1.476	  0.000
20	  2.040	 48.918	  1.005	  1.476	  0.000
21	  2.040	 51.191	  1.005	  1.476	  0.000
22	  2.040	 53.463	  1.005	  1.476	  0.000
23	  2.040	 55.736	  1.005	  1.476	  0.000
24	  2.040	 58.009	  1.005	  1.476	  0.000
25	  2.040	 60.282	  1.005	  1.476	  0.000
26	  2.040	 62.554	  1.005	  1.476	  0.000
27	  2.040	 64.827	  1.005	  1.476	  0.000
28	  2.040	 67.100	  1.005	  1.476	  0.000
29	  2.040	 69.373	  1.005	  1.476	  0.000
30	  2.040	 71.645	  1.005	  1.476	  0.000
31	  2.040	 73.918	  1.005	  1.476	  0.000
32	  2.040	 76.191	  1.005	  1.476	  0.000
33	  2.040	 78.463	  1.005	  1.476	  0.000
34	  2.040	 80.736	  1.005	  1.476	  0.000
35	  2.040	 83.009	  1.005	  1.476	  0.000
36	  2.040	 85.282	  1.005	  1.476	  0.000
37	  2.040	 87.554	  1.005	  1.476	  0.000
38	  2.040	 89.827	  1.005	  1.476	  0.000
39	  2.040	 92.100	  1.005	  1.476	  0.000
40	  2.040	 94.373	  1.005	  1.476	  0.000
41	  2.040	 96.645	  1.005	  1.476	  0.000
42	  2.040	 98.918	  1.005	  1.476	  0.000
43	  2.040	101.191	  1.005	  1.476	  0.000
0	  2.160	  3.641	  1.005	  1.481	  0.000
1	  2.160	  5.914	  1.005	  1.481	  0.000
2	  2.160	  8.186	  1.005	  1.481	  0.000
3	  2.160	 10.459	  1.005	  1.481	  0.000
4	  2.160	 12.732	  1.005	  1.481	  0.000
5	  2.160	 15.004	  1.005	  1.481	  0.000
6	  2.160	 17.277	  1.005	  1.481	  0.000
7	  2.160	 19.550	  1.005	  1.481	  0.000
8	  2.160	 21.823	  1.005	  1.481	  0.000
9	  2.160	 24.095	  1.005	  1.481	  0.000
10	  2.160	 26.368	  1.005	  1.481	  0.000
11	  2.160	 28.641	  1.005	  1.481	  0.000
12	  2.160	 30.914	  1.005	  1.481	  0.000
13	  2.160	 33.186	  1.005	  1.481	  0.000
14	  2.160	 35.459	  1.005	  1.481	  0.000
15	  2.160	 37.732	  1.005	  1.481	  0.000
16	  2.160	 40.004	  1.005	  1.481	  0.000
17	  2.160	 42.277	  1.005	  1.481	  0.000
18	  2.160	 44.550	  1.005	  1.481	  0.000
19	  2.160	 46.823	  1.005	  1.481	  0.000
20	  2.160	 49.095	  1.005	  1.481	  0.000
21	  2.160	 51.368	  1.005	  1.481	  0.000
22	  2.160	 53.641	  1.005	  1.481	  0.000
23	  2.160	 55.914	  1.005	  1.481	  0.000
24	  2.160	 58.186	  1.005	  1.481	  0.000
25	  2.160	 60.459	  1.005	  1.481	  0.000
26	  2.160	 62.732	  1.005	  1.481	  0.000
27	  2.160	 65.004	  1.005	  1.481	  0.000
28	  2.160	 67.277	  1.005	  1.481	  0.000
29	  2.160	 69.550	  1.005	  1.481	  0.000
30	  2.160	 71.823	  1.005	  1.481	  0.000
31	  2.160	 74.095	  1.005	  1.481	  0.000
32	  2.160	 76.368	  1.005	  1.481	  0.000
33	  2.160	 78.641	  1.005	  1.481	  0.000
34	  2.160	 80.914	  1.005	  1.481	  0.000
35	  2.160	 83.186	  1.005	  1.481	  0.000
36	  2.160	 85.459	  1.005	  1.481	  0.000
37	  2.160	 87.732	  1.005	  1.481	  0.000
38	  2.160	 90.004	  1.005	  1.481	  0.000
39	  2.160	 92.277	  1.005	  1.481	  0.000
40	  2.160	 94.550	  1.005	  1.481	  0.000
41	  2.160	 96.823	  1.005	  1.481	  0.000
42	  2.160	 99.095	  1.005	  1.481	  0.000
43	  2.160	101.368	  1.005	  1.481	  0.000
0	  2.280	  3.819	  1.005	  1.485	  0.000
1	  2.280	  6.091	  1.005	  1.485	  0.000
2	  2.280	  8.364	  1.005	  1.485	  0.000
3	  2.280	 10.637	  1.005	  1.485	  0.000
4	  2.280	 12.910	  1.005	  1.485	  0.000
5	  2.280	 15.182	  1.005	  1.485	  0.000
6	  2.280	 17.455	  1.005	  1.485	  0.000
7	  2.280	 19.728	  1.005	  1.485	  0.000
8	  2.280	 22.001	  1.005	  1.485	  0.000
9	  2.280	 24.273	  1.005	  1.485	  0.000
10	  2.280	 26.546	  1.005	  1.485	  0.000
11	  2.280	 28.819	  1.005	  1.485	  0.000
12	  2.280	 31.091	  1.005	  1.485	  0.000
13	  2.280	 33.364	  1.005	  1.485	  0.000
14	  2.280	 35.637	  1.005	  1.485	  0.000
15	  2.280	 37.910	  1.005	  1.485	  0.000
16	  2.280	 40.182	  1.005	  1.485	  0.000
17	  2.280	 42.455	  1.005	  1.485	  0.000
18	  2.280	 44.728	  1.005	  1.485	  0.000
19	  2.280	 47.001	  1.005	  1.485	  0.000
20	  2.280	 49.273	  1.005	  1.485	  0.000
21	  2.280	 51.546	  1.005	  1.485	  0.000
22	  2.280	 53.819	  1.005	  1.485	  0.000
23	  2.280	 56.091	  1.005	  1.485	  0.000
24	  2.280	 58.364	  1.005	  1.485	  0.000
25	  2.280	 60.637	  1.005	  1.485	  0.000
26	  2.280	 62.910	  1.005	  1.485	  0.000
27	  2.280	 65.182	  1.005	  1.485	  0.000
28	  2.280	 67.455	  1.005	  1.485	  0.000
29	  2.280	 69.728	  1.005	  1.485	  0.000
30	  2.280	 72.001	  1.005	  1.485	  0.000
31	  2.280	 74.273	  1.005	  1.485	  0.000
32	  2.280	 76.546	  1.005	  1.485	  0.000
33	  2.280	 78.819	  1.005	  1.485	  0.000
34	  2.280	 81.091	  1.005	  1.485	  0.000
35	  2.280	 83.364	  1.005	  1.485	  0.000
36	  2.280	 85.637	  1.005	  1.485	  0.000
37	  2.280	 87.910	  1.005	  1.485	  0.000
38	  2.280	 90.182	  1.005	  1.485	  0.000
39	  2.280	 92.455	  1.005	  1.485	  0.000
40	  2.280	 94.728	  1.005	  1.485	  0.000
41	  2.280	 97.001	  1.005	  1.485	  0.000
42	  2.280	 99.273	  1.005	  1.485	  0.000
43	  2.280	101.546	  1.005	  1.485	  0.000
0	  2.400	  3.997	  1.005	  1.488	  0.000
1	  2.400	  6.270	  1.005	  1.488	  0.000
2	  2.400	  8.543	  1.005	  1.488	  0.000
3	  2.400	 10.815	  1.005	  1.488	  0.000
4	  2.400	 13.088	  1.005	  1.488	  0.000
5	  2.400	 15.361	  1.005	  1.488	  0.000
6	  2.400	 17.634	  1.005	  1.488	  0.000
7	  2.400	 19.906	  1.005	  1.488	  0.000
8	  2.400	 22.179	  1.005	  1.488	  0.000
9	  2.400	 24.452	  1.005	  1.488	  0.000
10	  2.400	 26.724	  1.005	  1.488	  0.000
11	  2.400	 28.997	  1.005	  1.488	  0.000
12	  2.400	 31.270	  1.005	  1.488	  0.000
13	  2.400	 33.543	  1.005	  1.488	  0.000
14	  2.400	 35.815	  1.005	  1.488	  0.000
15	  2.400	 38.088	  1.005	  1.488	  0.000
16	  2.400	 40.361	  1.005	  1.488	  0.000
17	  2.400	 42.634	  1.005	  1.488	  0.000
18	  2.400	 44.906	  1.005	  1.488	  0.000
19	  2.400	 47.179	  1.005	  1.488	  0.000
20	  2.400	 49.452	  1.005	  1.488	  0.000
21	  2.400	 51.724	  1.005	  1.488	  0.000
22	  2.400	 53.997	  1.005	  1.488	  0.000
23	  2.400	 56.270	  1.005	  1.488	  0.000
24	  2.400	 58.543	  1.005	  1.488	  0.000
25	  2.400	 60.815	  1.005	  1.488	  0.000
26	  2.400	 63.088	  1.005	  1.488	  0.000
27	  2.400	 65.361	  1.005	  1.488	  0.000
28	  2.400	 67.634	  1.005	  1.488	  0.000
29	  2.400	 69.906	  1.005	  1.488	  0.000
30	  2.400	 72.179	  1.005	  1.488	  0.000
31	  2.400	 74.452	  1.005	  1.488	  0.000
32	  2.400	 76.724	  1.005	  1.488	  0.000
33	  2.400	 78.997	  1.005	  1.488	  0.000
34	  2.400	 81.270	  1.005	  1.488	  0.000
35	  2.400	 83.543	  1.005	  1.488	  0.000
36	  2.400	 85.815	  1.005	  1.488	  0.000
37	  2.400	 88.088	  1.005	  1.488	  0.000
38	  2.400	 90.361	  1.005	  1.488	  0.000
39	  2.400	 92.634	  1.005	  1.488	  0.000
40	  2.400	 94.906	  1.005	  1.488	  0.000
41	  2.400	 97.179	  1.005	  1.488	  0.000
42	  2.400	 99.452	  1.005	  1.488	  0.000
43	  2.400	101.724	  1.005	  1.488	  0.000
0	  2.520	  4.176	  1.005	  1.491	  0.000
1	  2.520	  6.449	  1.005	  1.491	  0.000
2	  2.520	  8.721	  1.005	  1.491	  0.000
3	  2.520	 10.994	  1.005	  1.491	  0.000
4	  2.520	 13.267	  1.005	  1.491	  0.000
5	  2.520	 15.540	  1.005	  1.491	  0.000
6	  2.520	 17.812	  1.005	  1.491	  0.000
7	  2.520	 20.085	  1.005	  1.491	  0.000
8	  2.520	 22.358	  1.005	  1.491	  0.000
9	  2.520	 24.630	  1.005	  1.491	  0.000
10	  2.520	 26.903	  1.005	  1.491	  0.000
11	  2.520	 29.176	  1.005	  1.491	  0.000
12	  2.520	 31.449	  1.005	  1.491	  0.000
13	  2.520	 33.721	  1.005	  1.491	  0.000
14	  2.520	 35.994	  1.005	  1.491	  0.000
15	  2.520	 38.267	  1.005	  1.491	  0.000
16	  2.520	 40.540	  1.005	  1.491	  0.000
17	  2.520	 42.812	  1.005	  1.491	  0.000
18	  2.520	 45.085	  1.005	  1.491	  0.000
19	  2.520	 47.358	  1.005	  1.491	  0.000
20	  2.520	 49.630	  1.005	  1.491	  0.000
21	  2.520	 51.903	  1.005	  1.491	  0.000
22	  2.520	 54.176	  1.005	  1.491	  0.000
23	  2.520	 56.449	  1.005	  1.491	  0.000
24	  2.520	 58.721	  1.005	  1.491	  0.000
25	  2.520	 60.994	  1.005	  1.491	  0.000
26	  2.520	 63.267	  1.005	  1.491	  0.000
27	  2.520	 65.540	  1.005	  1.491	  0.000
28	  2.520	 67.812	  1.005	  1.491	  0.000
29	  2.520	 70.085	  1.005	  1.491	  0.000
30	  2.520	 72.358	  1.005	  1.491	  0.000
31	  2.520	 74.630	  1.005	  1.491	  0.000
32	  2.520	 76.903	  1.005	  1.491	  0.000
33	  2.520	 79.176	  1.005	  1.491	  0.000
34	  2.520	 81.449	  1.005	  1.491	  0.000
35	  2.520	 83.721	  1.005	  1.491	  0.000
36	  2.520	 85.994	  1.005	  1.491	  0.000
37	  2.520	 88.267	  1.005	  1.491	  0.000
38	  2.520	 90.540	  1.005	  1.491	  0.000
39	  2.520	 92.812	  1.005	  1.491	  0.000
40	  2.520	 95.085	  1.005	  1.491	  0.000
41	  2.520	 97.358	  1.005	  1.491	  0.000
42	  2.520	 99.630	  1.005	  1.491	  0.000
43	  2.520	101.903	  1.005	  1.491	  0.000
0	  2.640	  4.355	  1.005	  1.493	  0.000
1	  2.640	  6.628	  1.005	  1.493	  0.000
2	  2.640	  8.900	  1.005	  1.493	  0.000
3	  2.640	 11.173	  1.005	  1.493	  0.000
4	  2.640	 13.446	  1.005	  1.493	  0.000
5	  2.640	 15.719	  1.005	  1.493	  0.000
6	  2.640	 17.991	  1.005	  1.493	  0.000
7	  2.640	 20.264	  1.005	  1.493	  0.000
8	  2.640	 22.537	  1.005	  1.493	  0.000
9	  2.640	 24.809	  1.005	  1.493	  0.000
10	  2.640	 27.082	  1.005	  1.493	  0.000
11	  2.640	 29.355	  1.005	  1.493	  0.000
12	  2.640	 31.628	  1.005	  1.493	  0.000
13	  2.640	 33.900	  1.005	  1.493	  0.000
14	  2.640	 36.173	  1.005	  1.493	  0.000
15	  2.640	 38.446	  1.005	  1.493	  0.000
16	  2.640	 40.719	  1.005	  1.493	  0.000
17	  2.640	 42.991	  1.005	  1.493	  0.000
18	  2.640	 45.264	  1.005	  1.493	  0.000
19	  2.640	 47.537	  1.005	  1.493	  0.000
20	  2.640	 49.809	  1.005	  1.493	  0.000
21	  2.640	 52.082	  1.005	  1.493	  0.000
22	  2.640	 54.355	  1.005	  1.493	  0.000
23	  2.640	 56.628	  1.005	  1.493	  0.000
24	  2.640	 58.900	  1.005	  1.493	  0.000
25	  2.640	 61.173	  1.005	  1.493	  0.000
26	  2.640	 63.446	  1.005	  1.493	  0.000
27	  2.640	 65.719	  1.005	  1.493	  0.000
28	  2.640	 67.991	  1.005	  1.493	  0.000
29	  2.640	 70.264	  1.005	  1.493	  0.000
30	  2.640	 72.537	  1.005	  1.493	  0.000
31	  2.640	 74.809	  1.005	  1.493	  0.000
32	  2.640	 77.082	  1.005	  1.493	  0.000
33	  2.640	 79.355	  1.005	  1.493	  0.000
34	  2.640	 81.628	  1.005	  1.493	  0.000
35	  2.640	 83.900	  1.005	  1.493	  0.000
36	  2.640	 86.173	  1.005	  1.493	  0.000
37	  2.640	 88.446	  1.005	  1.493	  0.000
38	  2.640	 90.719	  1.005	  1.493	  0.000
39	  2.640	 92.991	  1.005	  1.493	  0.000
40	  2.640	 95.264	  1.005	  1.493	  0.000
41	  2.640	 97.537	  1.005	  1.493	  0.000
42	  2.640	 99.809	  1.005	  1.493	  0.000
43	  2.640	102.082	  1.005	  1.493	  0.000
0	  2.760	  4.534	  1.005	  1.494	  0.000
1	  2.760	  6.807	  1.005	  1.494	  0.000
2	  2.760	  9.080	  1.005	  1.494	  0.000
3	  2.760	 11.352	  1.005	  1.494	  0.000
4	  2.760	 13.625	  1.005	  1.494	  0.000
5	  2.760	 15.898	  1.005	  1.494	  0.000
6	  2.760	 18.171	  1.005	  1.494	  0.000
7	  2.760	 20.443	  1.005	  1.494	  0.000
8	  2.760	 22.716	  1.005	  1.494	  0.000
9	  2.760	 24.989	  1.005	  1.494	  0.000
10	  2.760	 27.261	  1.005	  1.494	  0.000
11	  2.760	 29.534	  1.005	  1.494	  0.000
12	  2.760	 31.807	  1.005	  1.494	  0.000
13	  2.760	 34.080	  1.005	  1.494	  0.000
14	  2.760	 36.352	  1.005	  1.494	  0.000
15	  2.760	 38.625	  1.005	  1.494	  0.000
16	  2.760	 40.898	  1.005	  1.494	  0.000
17	  2.760	 43.171	  1.005	  1.494	  0.000
18	  2.760	 45.443	  1.005	  1.494	  0.000
19	  2.760	 47.716	  1.005	  1.494	  0.000
20	  2.760	 49.989	  1.005	  1.494	  0.000
21	  2.760	 52.261	  1.005	  1.494	  0.000
22	  2.760	 54.534	  1.005	  1.494	  0.000
23	  2.760	 56.807	  1.005	  1.494	  0.000
24	  2.760	 59.080	  1.005	  1.494	  0.000
25	  2.760	 61.352	  1.005	  1.494	  0.000
26	  2.760	 63.625	  1.005	  1.494	  0.000
27	  2.760	 65.898	  1.005	  1.494	  0.000
28	  2.760	 68.171	  1.005	  1.494	  0.000
29	  2.760	 70.443	  1.005	  1.494	  0.000
30	  2.760	 72.716	  1.005	  1.494	  0.000
31	  2.760	 74.989	  1.005	  1.494	  0.000
32	  2.760	 77.261	  1.005	  1.494	  0.000
33	  2.760	 79.534	  1.005	  1.494	  0.000
34	  2.760	 81.807	  1.005	  1.494	  0.000
35	  2.760	 84.080	  1.005	  1.494	  0.000
36	  2.760	 86.352	  1.005	  1.494	  0.000
37	  2.760	 88.625	  1.005	  1.494	  0.000
38	  2.760	 90.898	  1.005	  1.494	  0.000
39	  2.760	 93.171	  1.005	  1.494	  0.000
40	  2.760	 95.443	  1.005	  1.494	  0.000
41	  2.760	 97.716	  1.005	  1.494	  0.000
42	  2.760	 99.989	  1.005	  1.494	  0.000
43	  2.760	102.261	  1.005	  1.494	  0.000
0	  2.880	  4.714	  1.005	  1.496	  0.000
1	  2.880	  6.986	  1.005	  1.496	  0.000
2	  2.880	  9.259	  1.005	  1.496	  0.000
3	  2.880	 11.532	  1.005	  1.496	  0.000
4	  2.880	 13.804	  1.005	  1.496	  0.000
5	  2.880	 16.077	  1.005	  1.496	  0.000
6	  2.880	 18.350	  1.005	  1.496	  0.000
7	  2.880	 20.623	  1.005	  1.496	  0.000
8	  2.880	 22.895	  1.005	  1.496	  0.000
9	  2.880	 25.168	  1.005	  1.496	  0.000
10	  2.880	 27.441	  1.005	  1.496	  0.000
11	  2.880	 29.714	  1.005	  1.496	  0.000
12	  2.880	 31.986	  1.005	  1.496	  0.000
13	  2.880	 34.259	  1.005	  1.496	  0.000
14	  2.880	 36.532	  1.005	  1.496	  0.000
15	  2.880	 38.804	  1.005	  1.496	  0.000
16	  2.880	 41.077	  1.005	  1.496	  0.000
17	  2.880	 43.350	  1.005	  1.496	  0.000
18	  2.880	 45.623	  1.005	  1.496	  0.000
19	  2.880	 47.895	  1.005	  1.496	  0.000
20	  2.880	 50.168	  1.005	  1.496	  0.000
21	  2.880	 52.441	  1.005	  1.496	  0.000
22	  2.880	 54.714	  1.005	  1.496	  0.000
23	  2.880	 56.986	  1.005	  1.496	  0.000
24	  2.880	 59.259	  1.005	  1.496	  0.000
25	  2.880	 61.532	  1.005	  1.496	  0.000
26	  2.880	 63.804	  1.005	  1.496	  0.000
27	  2.880	 66.077	  1.005	  1.496	  0.000
28	  2.880	 68.350	  1.005	  1.496	  0.000
29	  2.880	 70.623	  1.005	  1.496	  0.000
30	  2.880	 72.895	  1.005	  1.496	  0.000
31	  2.880	 75.168	  1.005	  1.496	  0.000
32	  2.880	 77.441	  1.005	  1.496	  0.000
33	  2.880	 79.714	  1.005	  1.496	  0.000
34	  2.880	 81.986	  1.005	  1.496	  0.000
35	  2.880	 84.259	  1.005	  1.496	  0.000
36	  2.880	 86.532	  1.005	  1.496	  0.000
37	  2.880	 88.804	  1.005	  1.496	  0.000
38	  2.880	 91.077	  1.005	  1.496	  0.000
39	  2.880	 93.350	  1.005	  1.496	  0.000
40	  2.880	 95.623	  1.005	  1.496	  0.000
41	  2.880	 97.895	  1.005	  1.496	  0.000
42	  2.880	100.168	  1.005	  1.496	  0.000
43	  2.880	102.441	  1.005	  1.496	  0.000
0	  3.000	  4.893	  1.005	  1.497	  0.000
1	  3.000	  7.166	  1.005	  1.497	  0.000
2	  3.000	  9.439	  1.005	  1.497	  0.000
3	  3.000	 11.711	  1.005	  1.497	  0.000
4	  3.000	 13.984	  1.005	  1.497	  0.000
5	  3.000	 16.257	  1.005	  1.497	  0.000
6	  3.000	 18.529	  1.005	  1.497	  0.000
7	  3.000	 20.802	  1.005	  1.497	  0.000
8	  3.000	 23.075	  1.005	  1.497	  0.000
9	  3.000	 25.348	  1.005	  1.497	  0.000
10	  3.000	 27.620	  1.005	  1.497	  0.000
11	  3.000	 29.893	  1.005	  1.497	  0.000
12	  3.000	 32.166	  1.005	  1.497	  0.000
13	  3.000	 34.439	  1.005	  1.497	  0.000
14	  3.000	 36.711	  1.005	  1.497	  0.000
15	  3.000	 38.984	  1.005	  1.497	  0.000
16	  3.000	 41.257	  1.005	  1.497	  0.000
17	  3.000	 43.529	  1.005	  1.497	  0.000
18	  3.000	 45.802	  1.005	  1.497	  0.000
19	  3.000	 48.075	  1.005	  1.497	  0.000
20	  3.000	 50.348	  1.005	  1.497	  0.000
21	  3.000	 52.620	  1.005	  1.497	  0.000
22	  3.000	 54.893	  1.005	  1.497	  0.000
23	  3.000	 57.166	  1.005	  1.497	  0.000
24	  3.000	 59.439	  1.005	  1.497	  0.000
25	  3.000	 61.711	  1.005	  1.497	  0.000
26	  3.000	 63.984	  1.005	  1.497	  0.000
27	  3.000	 66.257	  1.005	  1.497	  0.000
28	  3.000	 68.529	  1.005	  1.497	  0.000
29	  3.000	 70.802	  1.005	  1.497	  0.000
30	  3.000	 73.075	  1.005	  1.497	  0.000
31	  3.000	 75.348	  1.005	  1.497	  0.000
32	  3.000	 77.620	  1.005	  1.497	  0.000
33	  3.000	 79.893	  1.005	  1.497	  0.000
34	  3.000	 82.166	  1.005	  1.497	  0.000
35	  3.000	 84.439	  1.005	  1.497	  0.000
36	  3.000	 86.711	  1.005	  1.497	  0.000
37	  3.000	 88.984	  1.005	  1.497	  0.000
38	  3.000	 91.257	  1.005	  1.497	  0.000
39	  3.000	 93.529	  1.005	  1.497	  0.000
40	  3.000	 95.802	  1.005	  1.497	  0.000
41	  3.000	 98.075	  1.005	  1.497	  0.000
42	  3.000	100.348	  1.005	  1.497	  0.000
43	  3.000	102.620	  1.005	  1.497	  0.000
