# id	 time	 x	 y	 vx	 vy
0	  0.000	  0.820	  1.000	  0.010	  0.010
1	  0.000	  2.459	  1.000	  0.010	  0.010
2	  0.000	  4.098	  1.000	  0.010	  0.010
3	  0.000	  5.738	  1.000	  0.010	  0.010
4	  0.000	  7.377	  1.000	  0.010	  0.010
5	  0.000	  9.016	  1.000	  0.010	  0.010
6	  0.000	 10.656	  1.000	  0.010	  0.010
7	  0.000	 12.295	  1.000	  0.010	  0.010
8	  0.000	 13.934	  1.000	  0.010	  0.010
9	  0.000	 15.574	  1.000	  0.010	  0.010
10	  0.000	 17.213	  1.000	  0.010	  0.010
11	  0.000	 18.852	  1.000	  0.010	  0.010
12	  0.000	 20.492	  1.000	  0.010	  0.010
13	  0.000	 22.131	  1.000	  0.010	  0.010
14	  0.000	 23.770	  1.000	  0.010	  0.010
15	  0.000	 25.410	  1.000	  0.010	  0.010
16	  0.000	 27.049	  1.000	  0.010	  0.010
17	  0.000	 28.689	  1.000	  0.010	  0.010
18	  0.000	 30.328	  1.000	  0.010	  0.010
19	  0.000	 31.967	  1.000	  0.010	  0.010
20	  0.000	 33.607	  1.000	  0.010	  0.010
21	  0.000	 35.246	  1.000	  0.010	  0.010
22	  0.000	 36.885	  1.000	  0.010	  0.010
23	  0.000	 38.525	  1.000	  0.010	  0.010
24	  0.000	 40.164	  1.000	  0.010	  0.010
25	  0.000	 41.803	  1.000	  0.010	  0.010
26	  0.000	 43.443	  1.000	  0.010	  0.010
27	  0.000	 45.082	  1.000	  0.010	  0.010
28	  0.000	 46.721	  1.000	  0.010	  0.010
29	  0.000	 48.361	  1.000	  0.010	  0.010
30	  0.000	 50.000	  1.000	  0.010	  0.010
31	  0.000	 51.639	  1.000	  0.010	  0.010
32	  0.000	 53.279	  1.000	  0.010	  0.010
33	  0.000	 54.918	  1.000	  0.010	  0.010
34	  0.000	 56.557	  1.000	  0.010	  0.010
35	  0.000	 58.197	  1.000	  0.010	  0.010
36	  0.000	 59.836	  1.000	  0.010	  0.010
37	  0.000	 61.475	  1.000	  0.010	  0.010
38	  0.000	 63.115	  1.000	  0.010	  0.010
39	  0.000	 64.754	  1.000	  0.010	  0.010
40	  0.000	 66.393	  1.000	  0.010	  0.010
41	  0.000	 68.033	  1.000	  0.010	  0.010
42	  0.000	 69.672	  1.000	  0.010	  0.010
43	  0.000	 71.311	  1.000	  0.010	  0.010
44	  0.000	 72.951	  1.000	  0.010	  0.010
45	  0.000	 74.590	  1.000	  0.010	  0.010
46	  0.000	 76.230	  1.000	  0.010	  0.010
47	  0.000	 77.869	  1.000	  0.010	  0.010
48	  0.000	 79.508	  1.000	  0.010	  0.010
49	  0.000	 81.148	  1.000	  0.010	  0.010
50	  0.000	 82.787	  1.000	  0.010	  0.010
51	  0.000	 84.426	  1.000	  0.010	  0.010
52	  0.000	 86.066	  1.000	  0.010	  0.010
53	  0.000	 87.705	  1.000	  0.010	  0.010
54	  0.000	 89.344	  1.000	  0.010	  0.010
55	  0.000	 90.984	  1.000	  0.010	  0.010
56	  0.000	 92.623	  1.000	  0.010	  0.010
57	  0.000	 94.262	  1.000	  0.010	  0.010
58	  0.000	 95.902	  1.000	  0.010	  0.010
59	  0.000	 97.541	  1.000	  0.010	  0.010
60	  0.000	 99.180	  1.000	  0.010	  0.010
0	  0.120	  0.839	  1.001	  0.320	  0.008
1	  0.120	  2.478	  1.001	  0.320	  0.008
2	  0.120	  4.117	  1.001	  0.320	  0.008
3	  0.120	  5.757	  1.001	  0.320	  0.008
4	  0.120	  7.396	  1.001	  0.320	  0.008
5	  0.120	  9.035	  1.001	  0.320	  0.008
6	  0.120	 10.675	  1.001	  0.320	  0.008
7	  0.120	 12.314	  1.001	  0.320	  0.008
8	  0.120	 13.953	  1.001	  0.320	  0.008
9	  0.120	 15.593	  1.001	  0.320	  0.008
10	  0.120	 17.232	  1.001	  0.320	  0.008
11	  0.120	 18.871	  1.001	  0.320	  0.008
12	  0.120	 20.511	  1.001	  0.320	  0.008
13	  0.120	 22.150	  1.001	  0.320	  0.008
14	  0.120	 23.789	  1.001	  0.320	  0.008
15	  0.120	 25.429	  1.001	  0.320	  0.008
16	  0.120	 27.068	  1.001	  0.320	  0.008
17	  0.120	 28.708	  1.001	  0.320	  0.008
18	  0.120	 30.347	  1.001	  0.320	  0.008
19	  0.120	 31.986	  1.001	  0.320	  0.008
20	  0.120	 33.626	  1.001	  0.320	  0.008
21	  0.120	 35.265	  1.001	  0.320	  0.008
22	  0.120	 36.904	  1.001	  0.320	  0.008
23	  0.120	 38.544	  1.001	  0.320	  0.008
24	  0.120	 40.183	  1.001	  0.320	  0.008
25	  0.120	 41.822	  1.001	  0.320	  0.008
26	  0.120	 43.462	  1.001	  0.320	  0.008
27	  0.120	 45.101	  1.001	  0.320	  0.008
28	  0.120	 46.740	  1.001	  0.320	  0.008
29	  0.120	 48.380	  1.001	  0.320	  0.008
30	  0.120	 50.019	  1.001	  0.320	  0.008
31	  0.120	 51.658	  1.001	  0.320	  0.008
32	  0.120	 53.298	  1.001	  0.320	  0.008
33	  0.120	 54.937	  1.001	  0.320	  0.008
34	  0.120	 56.576	  1.001	  0.320	  0.008
35	  0.120	 58.216	  1.001	  0.320	  0.008
36	  0.120	 59.855	  1.001	  0.320	  0.008
37	  0.120	 61.494	  1.001	  0.320	  0.008
38	  0.120	 63.134	  1.001	  0.320	  0.008
39	  0.120	 64.773	  1.001	  0.320	  0.008
40	  0.120	 66.412	  1.001	  0.320	  0.008
41	  0.120	 68.052	  1.001	  0.320	  0.008
42	  0.120	 69.691	  1.001	  0.320	  0.008
43	  0.120	 71.330	  1.001	  0.320	  0.008
44	  0.120	 72.970	  1.001	  0.320	  0.008
45	  0.120	 74.609	  1.001	  0.320	  0.008
46	  0.120	 76.248	  1.001	  0.320	  0.008
47	  0.120	 77.888	  1.001	  0.320	  0.008
48	  0.120	 79.527	  1.001	  0.320	  0.008
49	  0.120	 81.167	  1.001	  0.320	  0.008
50	  0.120	 82.806	  1.001	  0.320	  0.008
51	  0.120	 84.445	  1.001	  0.320	  0.008
52	  0.120	 86.085	  1.001	  0.320	  0.008
53	  0.120	 87.724	  1.001	  0.320	  0.008
54	  0.120	 89.363	  1.001	  0.320	  0.008
55	  0.120	 91.003	  1.001	  0.320	  0.008
56	  0.120	 92.642	  1.001	  0.320	  0.008
57	  0.120	 94.281	  1.001	  0.320	  0.008
58	  0.120	 95.921	  1.001	  0.320	  0.008
59	  0.120	 97.560	  1.001	  0.320	  0.008
60	  0.120	 99.199	  1.001	  0.320	  0.008
0	  0.240	  0.891	  1.002	  0.563	  0.006
1	  0.240	  2.530	  1.002	  0.563	  0.006
2	  0.240	  4.170	  1.002	  0.563	  0.006
3	  0.240	  5.809	  1.002	  0.563	  0.006
4	  0.240	  7.448	  1.002	  0.563	  0.006
5	  0.240	  9.088	  1.002	  0.563	  0.006
6	  0.240	 10.727	  1.002	  0.563	  0.006
7	  0.240	 12.366	  1.002	  0.563	  0.006
8	  0.240	 14.006	  1.002	  0.563	  0.006
9	  0.240	 15.645	  1.002	  0.563	  0.006
10	  0.240	 17.284	  1.002	  0.563	  0.006
11	  0.240	 18.924	  1.002	  0.563	  0.006
12	  0.240	 20.563	  1.002	  0.563	  0.006
13	  0.240	 22.202	  1.002	  0.563	  0.006
14	  0.240	 23.842	  1.002	  0.563	  0.006
15	  0.240	 25.481	  1.002	  0.563	  0.006
16	  0.240	 27.120	  1.002	  0.563	  0.006
17	  0.240	 28.760	  1.002	  0.563	  0.006
18	  0.240	 30.399	  1.002	  0.563	  0.006
19	  0.240	 32.039	  1.002	  0.563	  0.006
20	  0.240	 33.678	  1.002	  0.563	  0.006
21	  0.240	 35.317	  1.002	  0.563	  0.006
22	  0.240	 36.957	  1.002	  0.563	  0.006
23	  0.240	 38.596	  1.002	  0.563	  0.006
24	  0.240	 40.235	  1.002	  0.563	  0.006
25	  0.240	 41.875	  1.002	  0.563	  0.006
26	  0.240	 43.514	  1.002	  0.563	  0.006
27	  0.240	 45.153	  1.002	  0.563	  0.006
28	  0.240	 46.793	  1.002	  0.563	  0.006
29	  0.240	 48.432	  1.002	  0.563	  0.006
30	  0.240	 50.071	  1.002	  0.563	  0.006
31	  0.240	 51.711	  1.002	  0.563	  0.006
32	  0.240	 53.350	  1.002	  0.563	  0.006
33	  0.240	 54.989	  1.002	  0.563	  0.006
34	  0.240	 56.629	  1.002	  0.563	  0.006
35	  0.240	 58.268	  1.002	  0.563	  0.006
36	  0.240	 59.907	  1.002	  0.563	  0.006
37	  0.240	 61.547	  1.002	  0.563	  0.006
38	  0.240	 63.186	  1.002	  0.563	  0.006
39	  0.240	 64.825	  1.002	  0.563	  0.006
40	  0.240	 66.465	  1.002	  0.563	  0.006
41	  0.240	 68.104	  1.002	  0.563	  0.006
42	  0.240	 69.743	  1.002	  0.563	  0.006
43	  0.240	 71.383	  1.002	  0.563	  0.006
44	  0.240	 73.022	  1.002	  0.563	  0.006
45	  0.240	 74.661	  1.002	  0.563	  0.006
46	  0.240	 76.301	  1.002	  0.563	  0.006
47	  0.240	 77.940	  1.002	  0.563	  0.006
48	  0.240	 79.579	  1.002	  0.563	  0.006
49	  0.240	 81.219	  1.002	  0.563	  0.006
50	  0.240	 82.858	  1.002	  0.563	  0.006
51	  0.240	 84.498	  1.002	  0.563	  0.006
52	  0.240	 86.137	  1.002	  0.563	  0.006
53	  0.240	 87.776	  1.002	  0.563	  0.006
54	  0.240	 89.416	  1.002	  0.563	  0.006
55	  0.240	 91.055	  1.002	  0.563	  0.006
56	  0.240	 92.694	  1.002	  0.563	  0.006
57	  0.240	 94.334	  1.002	  0.563	  0.006
58	  0.240	 95.973	  1.002	  0.563	  0.006
59	  0.240	 97.612	  1.002	  0.563	  0.006
60	  0.240	 99.252	  1.002	  0.563	  0.006
0	  0.360	  0.969	  1.003	  0.753	  0.005
1	  0.360	  2.609	  1.003	  0.753	  0.005
2	  0.360	  4.248	  1.003	  0.753	  0.005
3	  0.360	  5.887	  1.003	  0.753	  0.005
4	  0.360	  7.527	  1.003	  0.753	  0.005
5	  0.360	  9.166	  1.003	  0.753	  0.005
6	  0.360	 10.805	  1.003	  0.753	  0.005
7	  0.360	 12.445	  1.003	  0.753	  0.005
8	  0.360	 14.084	  1.003	  0.753	  0.005
9	  0.360	 15.724	  1.003	  0.753	  0.005
10	  0.360	 17.363	  1.003	  0.753	  0.005
11	  0.360	 19.002	  1.003	  0.753	  0.005
12	  0.360	 20.642	  1.003	  0.753	  0.005
13	  0.360	 22.281	  1.003	  0.753	  0.005
14	  0.360	 23.920	  1.003	  0.753	  0.005
15	  0.360	 25.560	  1.003	  0.753	  0.005
16	  0.360	 27.199	  1.003	  0.753	  0.005
17	  0.360	 28.838	  1.003	  0.753	  0.005
18	  0.360	 30.478	  1.003	  0.753	  0.005
19	  0.360	 32.117	  1.003	  0.753	  0.005
20	  0.360	 33.756	  1.003	  0.753	  0.005
21	  0.360	 35.396	  1.003	  0.753	  0.005
22	  0.360	 37.035	  1.003	  0.753	  0.005
23	  0.360	 38.674	  1.003	  0.753	  0.005
24	  0.360	 40.314	  1.003	  0.753	  0.005
25	  0.360	 41.953	  1.003	  0.753	  0.005
26	  0.360	 43.592	  1.003	  0.753	  0.005
27	  0.360	 45.232	  1.003	  0.753	  0.005
28	  0.360	 46.871	  1.003	  0.753	  0.005
29	  0.360	 48.510	  1.003	  0.753	  0.005
30	  0.360	 50.150	  1.003	  0.753	  0.005
31	  0.360	 51.789	  1.003	  0.753	  0.005
32	  0.360	 53.428	  1.003	  0.753	  0.005
33	  0.360	 55.068	  1.003	  0.753	  0.005
34	  0.360	 56.707	  1.003	  0.753	  0.005
35	  0.360	 58.346	  1.003	  0.753	  0.005
36	  0.360	 59.986	  1.003	  0.753	  0.005
37	  0.360	 61.625	  1.003	  0.753	  0.005
38	  0.360	 63.265	  1.003	  0.753	  0.005
39	  0.360	 64.904	  1.003	  0.753	  0.005
40	  0.360	 66.543	  1.003	  0.753	  0.005
41	  0.360	 68.183	  1.003	  0.753	  0.005
42	  0.360	 69.822	  1.003	  0.753	  0.005
43	  0.360	 71.461	  1.003	  0.753	  0.005
44	  0.360	 73.101	  1.003	  0.753	  0.005
45	  0.360	 74.740	  1.003	  0.753	  0.005
46	  0.360	 76.379	  1.003	  0.753	  0.005
47	  0.360	 78.019	  1.003	  0.753	  0.005
48	  0.360	 79.658	  1.003	  0.753	  0.005
49	  0.360	 81.297	  1.003	  0.753	  0.005
50	  0.360	 82.937	  1.003	  0.753	  0.005
51	  0.360	 84.576	  1.003	  0.753	  0.005
52	  0.360	 86.215	  1.003	  0.753	  0.005
53	  0.360	 87.855	  1.003	  0.753	  0.005
54	  0.360	 89.494	  1.003	  0.753	  0.005
55	  0.360	 91.133	  1.003	  0.753	  0.005
56	  0.360	 92.773	  1.003	  0.753	  0.005
57	  0.360	 94.412	  1.003	  0.753	  0.005
58	  0.360	 96.051	  1.003	  0.753	  0.005
59	  0.360	 97.691	  1.003	  0.753	  0.005
60	  0.360	 99.330	  1.003	  0.753	  0.005
0	  0.480	  1.068	  1.003	  0.903	  0.004
1	  0.480	  2.708	  1.003	  0.903	  0.004
2	  0.480	  4.347	  1.003	  0.903	  0.004
3	  0.480	  5.986	  1.003	  0.903	  0.004
4	  0.480	  7.626	  1.003	  0.903	  0.004
5	  0.480	  9.265	  1.003	  0.903	  0.004
6	  0.480	 10.904	  1.003	  0.903	  0.004
7	  0.480	 12.544	  1.003	  0.903	  0.004
8	  0.480	 14.183	  1.003	  0.903	  0.004
9	  0.480	 15.823	  1.003	  0.903	  0.004
10	  0.480	 17.462	  1.003	  0.903	  0.004
11	  0.480	 19.101	  1.003	  0.903	  0.004
12	  0.480	 20.741	  1.003	  0.903	  0.004
13	  0.480	 22.380	  1.003	  0.903	  0.004
14	  0.480	 24.019	  1.003	  0.903	  0.004
15	  0.480	 25.659	  1.003	  0.903	  0.004
16	  0.480	 27.298	  1.003	  0.903	  0.004
17	  0.480	 28.937	  1.003	  0.903	  0.004
18	  0.480	 30.577	  1.003	  0.903	  0.004
19	  0.480	 32.216	  1.003	  0.903	  0.004
20	  0.480	 33.855	  1.003	  0.903	  0.004
21	  0.480	 35.495	  1.003	  0.903	  0.004
22	  0.480	 37.134	  1.003	  0.903	  0.004
23	  0.480	 38.773	  1.003	  0.903	  0.004
24	  0.480	 40.413	  1.003	  0.903	  0.004
25	  0.480	 42.052	  1.003	  0.903	  0.004
26	  0.480	 43.691	  1.003	  0.903	  0.004
27	  0.480	 45.331	  1.003	  0.903	  0.004
28	  0.480	 46.970	  1.003	  0.903	  0.004
29	  0.480	 48.609	  1.003	  0.903	  0.004
30	  0.480	 50.249	  1.003	  0.903	  0.004
31	  0.480	 51.888	  1.003	  0.903	  0.004
32	  0.480	 53.527	  1.003	  0.903	  0.004
33	  0.480	 55.167	  1.003	  0.903	  0.004
34	  0.480	 56.806	  1.003	  0.903	  0.004
35	  0.480	 58.445	  1.003	  0.903	  0.004
36	  0.480	 60.085	  1.003	  0.903	  0.004
37	  0.480	 61.724	  1.003	  0.903	  0.004
38	  0.480	 63.364	  1.003	  0.903	  0.004
39	  0.480	 65.003	  1.003	  0.903	  0.004
40	  0.480	 66.642	  1.003	  0.903	  0.004
41	  0.480	 68.282	  1.003	  0.903	  0.004
42	  0.480	 69.921	  1.003	  0.903	  0.004
43	  0.480	 71.560	  1.003	  0.903	  0.004
44	  0.480	 73.200	  1.003	  0.903	  0.004
45	  0.480	 74.839	  1.003	  0.903	  0.004
46	  0.480	 76.478	  1.003	  0.903	  0.004
47	  0.480	 78.118	  1.003	  0.903	  0.004
48	  0.480	 79.757	  1.003	  0.903	  0.004
49	  0.480	 81.396	  1.003	  0.903	  0.004
50	  0.480	 83.036	  1.003	  0.903	  0.004
51	  0.480	 84.675	  1.003	  0.903	  0.004
52	  0.480	 86.314	  1.003	  0.903	  0.004
53	  0.480	 87.954	  1.003	  0.903	  0.004
54	  0.480	 89.593	  1.003	  0.903	  0.004
55	  0.480	 91.232	  1.003	  0.903	  0.004
56	  0.480	 92.872	  1.003	  0.903	  0.004
57	  0.480	 94.511	  1.003	  0.903	  0.004
58	  0.480	 96.150	  1.003	  0.903	  0.004
59	  0.480	 97.790	  1.003	  0.903	  0.004
60	  0.480	 99.429	  1.003	  0.903	  0.004
0	  0.600	  1.184	  1.004	  1.020	  0.003
1	  0.600	  2.823	  1.004	  1.020	  0.003
2	  0.600	  4.462	  1.004	  1.020	  0.003
3	  0.600	  6.102	  1.004	  1.020	  0.003
4	  0.600	  7.741	  1.004	  1.020	  0.003
5	  0.600	  9.380	  1.004	  1.020	  0.003
6	  0.600	 11.020	  1.004	  1.020	  0.003
7	  0.600	 12.659	  1.004	  1.020	  0.003
8	  0.600	 14.298	  1.004	  1.020	  0.003
9	  0.600	 15.938	  1.004	  1.020	  0.003
10	  0.600	 17.577	  1.004	  1.020	  0.003
11	  0.600	 19.216	  1.004	  1.020	  0.003
12	  0.600	 20.856	  1.004	  1.020	  0.003
13	  0.600	 22.495	  1.004	  1.020	  0.003
14	  0.600	 24.134	  1.004	  1.020	  0.003
15	  0.600	 25.774	  1.004	  1.020	  0.003
16	  0.600	 27.413	  1.004	  1.020	  0.003
17	  0.600	 29.052	  1.004	  1.020	  0.003
18	  0.600	 30.692	  1.004	  1.020	  0.003
19	  0.600	 32.331	  1.004	  1.020	  0.003
20	  0.600	 33.970	  1.004	  1.020	  0.003
21	  0.600	 35.610	  1.004	  1.020	  0.003
22	  0.600	 37.249	  1.004	  1.020	  0.003
23	  0.600	 38.888	  1.004	  1.020	  0.003
24	  0.600	 40.528	  1.004	  1.020	  0.003
25	  0.600	 42.167	  1.004	  1.020	  0.003
26	  0.600	 43.806	  1.004	  1.020	  0.003
27	  0.600	 45.446	  1.004	  1.020	  0.003
28	  0.600	 47.085	  1.004	  1.020	  0.003
29	  0.600	 48.725	  1.004	  1.020	  0.003
30	  0.600	 50.364	  1.004	  1.020	  0.003
31	  0.600	 52.003	  1.004	  1.020	  0.003
32	  0.600	 53.643	  1.004	  1.020	  0.003
33	  0.600	 55.282	  1.004	  1.020	  0.003
34	  0.600	 56.921	  1.004	  1.020	  0.003
35	  0.600	 58.561	  1.004	  1.020	  0.003
36	  0.600	 60.200	  1.004	  1.020	  0.003
37	  0.600	 61.839	  1.004	  1.020	  0.003
38	  0.600	 63.479	  1.004	  1.020	  0.003
39	  0.600	 65.118	  1.004	  1.020	  0.003
40	  0.600	 66.757	  1.004	  1.020	  0.003
41	  0.600	 68.397	  1.004	  1.020	  0.003
42	  0.600	 70.036	  1.004	  1.020	  0.003
43	  0.600	 71.675	  1.004	  1.020	  0.003
44	  0.600	 73.315	  1.004	  1.020	  0.003
45	  0.600	 74.954	  1.004	  1.020	  0.003
46	  0.600	 76.593	  1.004	  1.020	  0.003
47	  0.600	 78.233	  1.004	  1.020	  0.003
48	  0.600	 79.872	  1.004	  1.020	  0.003
49	  0.600	 81.511	  1.004	  1.020	  0.003
50	  0.600	 83.151	  1.004	  1.020	  0.003
51	  0.600	 84.790	  1.004	  1.020	  0.003
52	  0.600	 86.429	  1.004	  1.020	  0.003
53	  0.600	 88.069	  1.004	  1.020	  0.003
54	  0.600	 89.708	  1.004	  1.020	  0.003
55	  0.600	 91.347	  1.004	  1.020	  0.003
56	  0.600	 92.987	  1.004	  1.020	  0.003
57	  0.600	 94.626	  1.004	  1.020	  0.003
58	  0.600	 96.266	  1.004	  1.020	  0.003
59	  0.600	 97.905	  1.004	  1.020	  0.003
60	  0.600	 99.544	  1.004	  1.020	  0.003
0	  0.720	  1.311	  1.004	  1.113	  0.002
1	  0.720	  2.951	  1.004	  1.113	  0.002
2	  0.720	  4.590	  1.004	  1.113	  0.002
3	  0.720	  6.229	  1.004	  1.113	  0.002
4	  0.720	  7.869	  1.004	  1.113	  0.002
5	  0.720	  9.508	  1.004	  1.113	  0.002
6	  0.720	 11.147	  1.004	  1.113	  0.002
7	  0.720	 12.787	  1.004	  1.113	  0.002
8	  0.720	 14.426	  1.004	  1.113	  0.002
9	  0.720	 16.065	  1.004	  1.113	  0.002
10	  0.720	 17.705	  1.004	  1.113	  0.002
11	  0.720	 19.344	  1.004	  1.113	  0.002
12	  0.720	 20.983	  1.004	  1.113	  0.002
13	  0.720	 22.623	  1.004	  1.113	  0.002
14	  0.720	 24.262	  1.004	  1.113	  0.002
15	  0.720	 25.901	  1.004	  1.113	  0.002
16	  0.720	 27.541	  1.004	  1.113	  0.002
17	  0.720	 29.180	  1.004	  1.113	  0.002
18	  0.720	 30.819	  1.004	  1.113	  0.002
19	  0.720	 32.459	  1.004	  1.113	  0.002
20	  0.720	 34.098	  1.004	  1.113	  0.002
21	  0.720	 35.738	  1.004	  1.113	  0.002
22	  0.720	 37.377	  1.004	  1.113	  0.002
23	  0.720	 39.016	  1.004	  1.113	  0.002
24	  0.720	 40.656	  1.004	  1.113	  0.002
25	  0.720	 42.295	  1.004	  1.113	  0.002
26	  0.720	 43.934	  1.004	  1.113	  0.002
27	  0.720	 45.574	  1.004	  1.113	  0.002
28	  0.720	 47.213	  1.004	  1.113	  0.002
29	  0.720	 48.852	  1.004	  1.113	  0.002
30	  0.720	 50.492	  1.004	  1.113	  0.002
31	  0.720	 52.131	  1.004	  1.113	  0.002
32	  0.720	 53.770	  1.004	  1.113	  0.002
33	  0.720	 55.410	  1.004	  1.113	  0.002
34	  0.720	 57.049	  1.004	  1.113	  0.002
35	  0.720	 58.688	  1.004	  1.113	  0.002
36	  0.720	 60.328	  1.004	  1.113	  0.002
37	  0.720	 61.967	  1.004	  1.113	  0.002
38	  0.720	 63.606	  1.004	  1.113	  0.002
39	  0.720	 65.246	  1.004	  1.113	  0.002
40	  0.720	 66.885	  1.004	  1.113	  0.002
41	  0.720	 68.524	  1.004	  1.113	  0.002
42	  0.720	 70.164	  1.004	  1.113	  0.002
43	  0.720	 71.803	  1.004	  1.113	  0.002
44	  0.720	 73.442	  1.004	  1.113	  0.002
45	  0.720	 75.082	  1.004	  1.113	  0.002
46	  0.720	 76.721	  1.004	  1.113	  0.002
47	  0.720	 78.360	  1.004	  1.113	  0.002
48	  0.720	 80.000	  1.004	  1.113	  0.002
49	  0.720	 81.639	  1.004	  1.113	  0.002
50	  0.720	 83.278	  1.004	  1.113	  0.002
51	  0.720	 84.918	  1.004	  1.113	  0.002
52	  0.720	 86.557	  1.004	  1.113	  0.002
53	  0.720	 88.197	  1.004	  1.113	  0.002
54	  0.720	 89.836	  1.004	  1.113	  0.002
55	  0.720	 91.475	  1.004	  1.113	  0.002
56	  0.720	 93.115	  1.004	  1.113	  0.002
57	  0.720	 94.754	  1.004	  1.113	  0.002
58	  0.720	 96.393	  1.004	  1.113	  0.002
59	  0.720	 98.033	  1.004	  1.113	  0.002
60	  0.720	 99.672	  1.004	  1.113	  0.002
0	  0.840	  1.449	  1.004	  1.185	  0.002
1	  0.840	  3.088	  1.004	  1.185	  0.002
2	  0.840	  4.728	  1.004	  1.185	  0.002
3	  0.840	  6.367	  1.004	  1.185	  0.002
4	  0.840	  8.006	  1.004	  1.185	  0.002
5	  0.840	  9.646	  1.004	  1.185	  0.002
6	  0.840	 11.285	  1.004	  1.185	  0.002
7	  0.840	 12.924	  1.004	  1.185	  0.002
8	  0.840	 14.564	  1.004	  1.185	  0.002
9	  0.840	 16.203	  1.004	  1.185	  0.002
10	  0.840	 17.842	  1.004	  1.185	  0.002
11	  0.840	 19.482	  1.004	  1.185	  0.002
12	  0.840	 21.121	  1.004	  1.185	  0.002
13	  0.840	 22.760	  1.004	  1.185	  0.002
14	  0.840	 24.400	  1.004	  1.185	  0.002
15	  0.840	 26.039	  1.004	  1.185	  0.002
16	  0.840	 27.678	  1.004	  1.185	  0.002
17	  0.840	 29.318	  1.004	  1.185	  0.002
18	  0.840	 30.957	  1.004	  1.185	  0.002
19	  0.840	 32.596	  1.004	  1.185	  0.002
20	  0.840	 34.236	  1.004	  1.185	  0.002
21	  0.840	 35.875	  1.004	  1.185	  0.002
22	  0.840	 37.515	  1.004	  1.185	  0.002
23	  0.840	 39.154	  1.004	  1.185	  0.002
24	  0.840	 40.793	  1.004	  1.185	  0.002
25	  0.840	 42.433	  1.004	  1.185	  0.002
26	  0.840	 44.072	  1.004	  1.185	  0.002
27	  0.840	 45.711	  1.004	  1.185	  0.002
28	  0.840	 47.351	  1.004	  1.185	  0.002
29	  0.840	 48.990	  1.004	  1.185	  0.002
30	  0.840	 50.629	  1.004	  1.185	  0.002
31	  0.840	 52.269	  1.004	  1.185	  0.002
32	  0.840	 53.908	  1.004	  1.185	  0.002
33	  0.840	 55.547	  1.004	  1.185	  0.002
34	  0.840	 57.187	  1.004	  1.185	  0.002
35	  0.840	 58.826	  1.004	  1.185	  0.002
36	  0.840	 60.465	  1.004	  1.185	  0.002
37	  0.840	 62.105	  1.004	  1.185	  0.002
38	  0.840	 63.744	  1.004	  1.185	  0.002
39	  0.840	 65.383	  1.004	  1.185	  0.002
40	  0.840	 67.023	  1.004	  1.185	  0.002
41	  0.840	 68.662	  1.004	  1.185	  0.002
42	  0.840	 70.301	  1.004	  1.185	  0.002
43	  0.840	 71.941	  1.004	  1.185	  0.002
44	  0.840	 73.580	  1.004	  1.185	  0.002
45	  0.840	 75.219	  1.004	  1.185	  0.002
46	  0.840	 76.859	  1.004	  1.185	  0.002
47	  0.840	 78.498	  1.004	  1.185	  0.002
48	  0.840	 80.137	  1.004	  1.185	  0.002
49	  0.840	 81.777	  1.004	  1.185	  0.002
50	  0.840	 83.416	  1.004	  1.185	  0.002
51	  0.840	 85.056	  1.004	  1.185	  0.002
52	  0.840	 86.695	  1.004	  1.185	  0.002
53	  0.840	 88.334	  1.004	  1.185	  0.002
54	  0.840	 89.974	  1.004	  1.185	  0.002
55	  0.840	 91.613	  1.004	  1.185	  0.002
56	  0.840	 93.252	  1.004	  1.185	  0.002
57	  0.840	 94.892	  1.004	  1.185	  0.002
58	  0.840	 96.531	  1.004	  1.185	  0.002
59	  0.840	 98.170	  1.004	  1.185	  0.002
60	  0.840	 99.810	  1.004	  1.185	  0.002
0	  0.960	  1.594	  1.004	  1.242	  0.001
1	  0.960	  3.234	  1.004	  1.242	  0.001
2	  0.960	  4.873	  1.004	  1.242	  0.001
3	  0.960	  6.512	  1.004	  1.242	  0.001
4	  0.960	  8.152	  1.004	  1.242	  0.001
5	  0.960	  9.791	  1.004	  1.242	  0.001
6	  0.960	 11.430	  1.004	  1.242	  0.001
7	  0.960	 13.070	  1.004	  1.242	  0.001
8	  0.960	 14.709	  1.004	  1.242	  0.001
9	  0.960	 16.348	  1.004	  1.242	  0.001
10	  0.960	 17.988	  1.004	  1.242	  0.001
11	  0.960	 19.627	  1.004	  1.242	  0.001
12	  0.960	 21.267	  1.004	  1.242	  0.001
13	  0.960	 22.906	  1.004	  1.242	  0.001
14	  0.960	 24.545	  1.004	  1.242	  0.001
15	  0.960	 26.185	  1.004	  1.242	  0.001
16	  0.960	 27.824	  1.004	  1.242	  0.001
17	  0.960	 29.463	  1.004	  1.242	  0.001
18	  0.960	 31.103	  1.004	  1.242	  0.001
19	  0.960	 32.742	  1.004	  1.242	  0.001
20	  0.960	 34.381	  1.004	  1.242	  0.001
21	  0.960	 36.021	  1.004	  1.242	  0.001
22	  0.960	 37.660	  1.004	  1.242	  0.001
23	  0.960	 39.299	  1.004	  1.242	  0.001
24	  0.960	 40.939	  1.004	  1.242	  0.001
25	  0.960	 42.578	  1.004	  1.242	  0.001
26	  0.960	 44.217	  1.004	  1.242	  0.001
27	  0.960	 45.857	  1.004	  1.242	  0.001
28	  0.960	 47.496	  1.004	  1.242	  0.001
29	  0.960	 49.135	  1.004	  1.242	  0.001
30	  0.960	 50.775	  1.004	  1.242	  0.001
31	  0.960	 52.414	  1.004	  1.242	  0.001
32	  0.960	 54.053	  1.004	  1.242	  0.001
33	  0.960	 55.693	  1.004	  1.242	  0.001
34	  0.960	 57.332	  1.004	  1.242	  0.001
35	  0.960	 58.971	  1.004	  1.242	  0.001
36	  0.960	 60.611	  1.004	  1.242	  0.001
37	  0.960	 62.250	  1.004	  1.242	  0.001
38	  0.960	 63.889	  1.004	  1.242	  0.001
39	  0.960	 65.529	  1.004	  1.242	  0.001
40	  0.960	 67.168	  1.004	  1.242	  0.001
41	  0.960	 68.808	  1.004	  1.242	  0.001
42	  0.960	 70.447	  1.004	  1.242	  0.001
43	  0.960	 72.086	  1.004	  1.242	  0.001
44	  0.960	 73.726	  1.004	  1.242	  0.001
45	  0.960	 75.365	  1.004	  1.242	  0.001
46	  0.960	 77.004	  1.004	  1.242	  0.001
47	  0.960	 78.644	  1.004	  1.242	  0.001
48	  0.960	 80.283	  1.004	  1.242	  0.001
49	  0.960	 81.922	  1.004	  1.242	  0.001
50	  0.960	 83.562	  1.004	  1.242	  0.001
51	  0.960	 85.201	  1.004	  1.242	  0.001
52	  0.960	 86.840	  1.004	  1.242	  0.001
53	  0.960	 88.480	  1.004	  1.242	  0.001
54	  0.960	 90.119	  1.004	  1.242	  0.001
55	  0.960	 91.758	  1.004	  1.242	  0.001
56	  0.960	 93.398	  1.004	  1.242	  0.001
57	  0.960	 95.037	  1.004	  1.242	  0.001
58	  0.960	 96.676	  1.004	  1.242	  0.001
59	  0.960	 98.316	  1.004	  1.242	  0.001
60	  0.960	 99.955	  1.004	  1.242	  0.001
0	  1.080	  1.746	  1.004	  1.286	  0.001
1	  1.080	  3.385	  1.004	  1.286	  0.001
2	  1.080	  5.025	  1.004	  1.286	  0.001
3	  1.080	  6.664	  1.004	  1.286	  0.001
4	  1.080	  8.303	  1.004	  1.286	  0.001
5	  1.080	  9.943	  1.004	  1.286	  0.001
6	  1.080	 11.582	  1.004	  1.286	  0.001
7	  1.080	 13.221	  1.004	  1.286	  0.001
8	  1.080	 14.861	  1.004	  1.286	  0.001
9	  1.080	 16.500	  1.004	  1.286	  0.001
10	  1.080	 18.139	  1.004	  1.286	  0.001
11	  1.080	 19.779	  1.004	  1.286	  0.001
12	  1.080	 21.418	  1.004	  1.286	  0.001
13	  1.080	 23.057	  1.004	  1.286	  0.001
14	  1.080	 24.697	  1.004	  1.286	  0.001
15	  1.080	 26.336	  1.004	  1.286	  0.001
16	  1.080	 27.975	  1.004	  1.286	  0.001
17	  1.080	 29.615	  1.004	  1.286	  0.001
18	  1.080	 31.254	  1.004	  1.286	  0.001
19	  1.080	 32.893	  1.004	  1.286	  0.001
20	  1.080	 34.533	  1.004	  1.286	  0.001
21	  1.080	 36.172	  1.004	  1.286	  0.001
22	  1.080	 37.812	  1.004	  1.286	  0.001
23	  1.080	 39.451	  1.004	  1.286	  0.001
24	  1.080	 41.090	  1.004	  1.286	  0.001
25	  1.080	 42.730	  1.004	  1.286	  0.001
26	  1.080	 44.369	  1.004	  1.286	  0.001
27	  1.080	 46.008	  1.004	  1.286	  0.001
28	  1.080	 47.648	  1.004	  1.286	  0.001
29	  1.080	 49.287	  1.004	  1.286	  0.001
30	  1.080	 50.926	  1.004	  1.286	  0.001
31	  1.080	 52.566	  1.004	  1.286	  0.001
32	  1.080	 54.205	  1.004	  1.286	  0.001
33	  1.080	 55.844	  1.004	  1.286	  0.001
34	  1.080	 57.484	  1.004	  1.286	  0.001
35	  1.080	 59.123	  1.004	  1.286	  0.001
36	  1.080	 60.762	  1.004	  1.286	  0.001
37	  1.080	 62.402	  1.004	  1.286	  0.001
38	  1.080	 64.041	  1.004	  1.286	  0.001
39	  1.080	 65.680	  1.004	  1.286	  0.001
40	  1.080	 67.320	  1.004	  1.286	  0.001
41	  1.080	 68.959	  1.004	  1.286	  0.001
42	  1.080	 70.598	  1.004	  1.286	  0.001
43	  1.080	 72.238	  1.004	  1.286	  0.001
44	  1.080	 73.877	  1.004	  1.286	  0.001
45	  1.080	 75.516	  1.004	  1.286	  0.001
46	  1.080	 77.156	  1.004	  1.286	  0.001
47	  1.080	 78.795	  1.004	  1.286	  0.001
48	  1.080	 80.434	  1.004	  1.286	  0.001
49	  1.080	 82.074	  1.004	  1.286	  0.001
50	  1.080	 83.713	  1.004	  1.286	  0.001
51	  1.080	 85.353	  1.004	  1.286	  0.001
52	  1.080	 86.992	  1.004	  1.286	  0.001
53	  1.080	 88.631	  1.004	  1.286	  0.001
54	  1.080	 90.271	  1.004	  1.286	  0.001
55	  1.080	 91.910	  1.004	  1.286	  0.001
56	  1.080	 93.549	  1.004	  1.286	  0.001
57	  1.080	 95.189	  1.004	  1.286	  0.001
58	  1.080	 96.828	  1.004	  1.286	  0.001
59	  1.080	 98.467	  1.004	  1.286	  0.001
60	  1.080	100.107	  1.004	  1.286	  0.001
0	  1.200	  1.902	  1.005	  1.321	  0.001
1	  1.200	  3.542	  1.005	  1.321	  0.001
2	  1.200	  5.181	  1.005	  1.321	  0.001
3	  1.200	  6.820	  1.005	  1.321	  0.001
4	  1.200	  8.460	  1.005	  1.321	  0.001
5	  1.200	 10.099	  1.005	  1.321	  0.001
6	  1.200	 11.738	  1.005	  1.321	  0.001
7	  1.200	 13.378	  1.005	  1.321	  0.001
8	  1.200	 15.017	  1.005	  1.321	  0.001
9	  1.200	 16.656	  1.005	  1.321	  0.001
10	  1.200	 18.296	  1.005	  1.321	  0.001
11	  1.200	 19.935	  1.005	  1.321	  0.001
12	  1.200	 21.574	  1.005	  1.321	  0.001
13	  1.200	 23.214	  1.005	  1.321	  0.001
14	  1.200	 24.853	  1.005	  1.321	  0.001
15	  1.200	 26.492	  1.005	  1.321	  0.001
16	  1.200	 28.132	  1.005	  1.321	  0.001
17	  1.200	 29.771	  1.005	  1.321	  0.001
18	  1.200	 31.410	  1.005	  1.321	  0.001
19	  1.200	 33.050	  1.005	  1.321	  0.001
20	  1.200	 34.689	  1.005	  1.321	  0.001
21	  1.200	 36.329	  1.005	  1.321	  0.001
22	  1.200	 37.968	  1.005	  1.321	  0.001
23	  1.200	 39.607	  1.005	  1.321	  0.001
24	  1.200	 41.247	  1.005	  1.321	  0.001
25	  1.200	 42.886	  1.005	  1.321	  0.001
26	  1.200	 44.525	  1.005	  1.321	  0.001
27	  1.200	 46.165	  1.005	  1.321	  0.001
28	  1.200	 47.804	  1.005	  1.321	  0.001
29	  1.200	 49.443	  1.005	  1.321	  0.001
30	  1.200	 51.083	  1.005	  1.321	  0.001
31	  1.200	 52.722	  1.005	  1.321	  0.001
32	  1.200	 54.361	  1.005	  1.321	  0.001
33	  1.200	 56.001	  1.005	  1.321	  0.001
34	  1.200	 57.640	  1.005	  1.321	  0.001
35	  1.200	 59.279	  1.005	  1.321	  0.001
36	  1.200	 60.919	  1.005	  1.321	  0.001
37	  1.200	 62.558	  1.005	  1.321	  0.001
38	  1.200	 64.197	  1.005	  1.321	  0.001
39	  1.200	 65.837	  1.005	  1.321	  0.001
40	  1.200	 67.476	  1.005	  1.321	  0.001
41	  1.200	 69.115	  1.005	  1.321	  0.001
42	  1.200	 70.755	  1.005	  1.321	  0.001
43	  1.200	 72.394	  1.005	  1.321	  0.001
44	  1.200	 74.033	  1.005	  1.321	  0.001
45	  1.200	 75.673	  1.005	  1.321	  0.001
46	  1.200	 77.312	  1.005	  1.321	  0.001
47	  1.200	 78.951	  1.005	  1.321	  0.001
48	  1.200	 80.591	  1.005	  1.321	  0.001
49	  1.200	 82.230	  1.005	  1.321	  0.001
50	  1.200	 83.870	  1.005	  1.321	  0.001
51	  1.200	 85.509	  1.005	  1.321	  0.001
52	  1.200	 87.148	  1.005	  1.321	  0.001
53	  1.200	 88.788	  1.005	  1.321	  0.001
54	  1.200	 90.427	  1.005	  1.321	  0.001
55	  1.200	 92.066	  1.005	  1.321	  0.001
56	  1.200	 93.706	  1.005	  1.321	  0.001
57	  1.200	 95.345	  1.005	  1.321	  0.001
58	  1.200	 96.984	  1.005	  1.321	  0.001
59	  1.200	 98.624	  1.005	  1.321	  0.001
60	  1.200	100.263	  1.005	  1.321	  0.001
0	  1.320	  2.062	  1.005	  1.349	  0.001
1	  1.320	  3.702	  1.005	  1.349	  0.001
2	  1.320	  5.341	  1.005	  1.349	  0.001
3	  1.320	  6.980	  1.005	  1.349	  0.001
4	  1.320	  8.620	  1.005	  1.349	  0.001
5	  1.320	 10.259	  1.005	  1.349	  0.001
6	  1.320	 11.898	  1.005	  1.349	  0.001
7	  1.320	 13.538	  1.005	  1.349	  0.001
8	  1.320	 15.177	  1.005	  1.349	  0.001
9	  1.320	 16.817	  1.005	  1.349	  0.001
10	  1.320	 18.456	  1.005	  1.349	  0.001
11	  1.320	 20.095	  1.005	  1.349	  0.001
12	  1.320	 21.735	  1.005	  1.349	  0.001
13	  1.320	 23.374	  1.005	  1.349	  0.001
14	  1.320	 25.013	  1.005	  1.349	  0.001
15	  1.320	 26.653	  1.005	  1.349	  0.001
16	  1.320	 28.292	  1.005	  1.349	  0.001
17	  1.320	 29.931	  1.005	  1.349	  0.001
18	  1.320	 31.571	  1.005	  1.349	  0.001
19	  1.320	 33.210	  1.005	  1.349	  0.001
20	  1.320	 34.849	  1.005	  1.349	  0.001
21	  1.320	 36.489	  1.005	  1.349	  0.001
22	  1.320	 38.128	  1.005	  1.349	  0.001
23	  1.320	 39.767	  1.005	  1.349	  0.001
24	  1.320	 41.407	  1.005	  1.349	  0.001
25	  1.320	 43.046	  1.005	  1.349	  0.001
26	  1.320	 44.685	  1.005	  1.349	  0.001
27	  1.320	 46.325	  1.005	  1.349	  0.001
28	  1.320	 47.964	  1.005	  1.349	  0.001
29	  1.320	 49.603	  1.005	  1.349	  0.001
30	  1.320	 51.243	  1.005	  1.349	  0.001
31	  1.320	 52.882	  1.005	  1.349	  0.001
32	  1.320	 54.521	  1.005	  1.349	  0.001
33	  1.320	 56.161	  1.005	  1.349	  0.001
34	  1.320	 57.800	  1.005	  1.349	  0.001
35	  1.320	 59.439	  1.005	  1.349	  0.001
36	  1.320	 61.079	  1.005	  1.349	  0.001
37	  1.320	 62.718	  1.005	  1.349	  0.001
38	  1.320	 64.357	  1.005	  1.349	  0.001
39	  1.320	 65.997	  1.005	  1.349	  0.001
40	  1.320	 67.636	  1.005	  1.349	  0.001
41	  1.320	 69.276	  1.005	  1.349	  0.001
42	  1.320	 70.915	  1.005	  1.349	  0.001
43	  1.320	 72.554	  1.005	  1.349	  0.001
44	  1.320	 74.194	  1.005	  1.349	  0.001
45	  1.320	 75.833	  1.005	  1.349	  0.001
46	  1.320	 77.472	  1.005	  1.349	  0.001
47	  1.320	 79.112	  1.005	  1.349	  0.001
48	  1.320	 80.751	  1.005	  1.349	  0.001
49	  1.320	 82.390	  1.005	  1.349	  0.001
50	  1.320	 84.030	  1.005	  1.349	  0.001
51	  1.320	 85.669	  1.005	  1.349	  0.001
52	  1.320	 87.308	  1.005	  1.349	  0.001
53	  1.320	 88.948	  1.005	  1.349	  0.001
54	  1.320	 90.587	  1.005	  1.349	  0.001
55	  1.320	 92.226	  1.005	  1.349	  0.001
56	  1.320	 93.866	  1.005	  1.349	  0.001
57	  1.320	 95.505	  1.005	  1.349	  0.001
58	  1.320	 97.144	  1.005	  1.349	  0.001
59	  1.320	 98.784	  1.005	  1.349	  0.001
60	  1.320	100.423	  1.005	  1.349	  0.001
0	  1.440	  2.225	  1.005	  1.370	  0.001
1	  1.440	  3.865	  1.005	  1.370	  0.001
2	  1.440	  5.504	  1.005	  1.370	  0.001
3	  1.440	  7.144	  1.005	  1.370	  0.001
4	  1.440	  8.783	  1.005	  1.370	  0.001
5	  1.440	 10.422	  1.005	  1.370	  0.001
6	  1.440	 12.062	  1.005	  1.370	  0.001
7	  1.440	 13.701	  1.005	  1.370	  0.001
8	  1.440	 15.340	  1.005	  1.370	  0.001
9	  1.440	 16.980	  1.005	  1.370	  0.001
10	  1.440	 18.619	  1.005	  1.370	  0.001
11	  1.440	 20.258	  1.005	  1.370	  0.001
12	  1.440	 21.898	  1.005	  1.370	  0.001
13	  1.440	 23.537	  1.005	  1.370	  0.001
14	  1.440	 25.176	  1.005	  1.370	  0.001
15	  1.440	 26.816	  1.005	  1.370	  0.001
16	  1.440	 28.455	  1.005	  1.370	  0.001
17	  1.440	 30.094	  1.005	  1.370	  0.001
18	  1.440	 31.734	  1.005	  1.370	  0.001
19	  1.440	 33.373	  1.005	  1.370	  0.001
20	  1.440	 35.012	  1.005	  1.370	  0.001
21	  1.440	 36.652	  1.005	  1.370	  0.001
22	  1.440	 38.291	  1.005	  1.370	  0.001
23	  1.440	 39.930	  1.005	  1.370	  0.001
24	  1.440	 41.570	  1.005	  1.370	  0.001
25	  1.440	 43.209	  1.005	  1.370	  0.001
26	  1.440	 44.848	  1.005	  1.370	  0.001
27	  1.440	 46.488	  1.005	  1.370	  0.001
28	  1.440	 48.127	  1.005	  1.370	  0.001
29	  1.440	 49.766	  1.005	  1.370	  0.001
30	  1.440	 51.406	  1.005	  1.370	  0.001
31	  1.440	 53.045	  1.005	  1.370	  0.001
32	  1.440	 54.684	  1.005	  1.370	  0.001
33	  1.440	 56.324	  1.005	  1.370	  0.001
34	  1.440	 57.963	  1.005	  1.370	  0.001
35	  1.440	 59.603	  1.005	  1.370	  0.001
36	  1.440	 61.242	  1.005	  1.370	  0.001
37	  1.440	 62.881	  1.005	  1.370	  0.001
38	  1.440	 64.521	  1.005	  1.370	  0.001
39	  1.440	 66.160	  1.005	  1.370	  0.001
40	  1.440	 67.799	  1.005	  1.370	  0.001
41	  1.440	 69.439	  1.005	  1.370	  0.001
42	  1.440	 71.078	  1.005	  1.370	  0.001
43	  1.440	 72.717	  1.005	  1.370	  0.001
44	  1.440	 74.357	  1.005	  1.370	  0.001
45	  1.440	 75.996	  1.005	  1.370	  0.001
46	  1.440	 77.635	  1.005	  1.370	  0.001
47	  1.440	 79.275	  1.005	  1.370	  0.001
48	  1.440	 80.914	  1.005	  1.370	  0.001
49	  1.440	 82.553	  1.005	  1.370	  0.001
50	  1.440	 84.193	  1.005	  1.370	  0.001
51	  1.440	 85.832	  1.005	  1.370	  0.001
52	  1.440	 87.471	  1.005	  1.370	  0.001
53	  1.440	 89.111	  1.005	  1.370	  0.001
54	  1.440	 90.750	  1.005	  1.370	  0.001
55	  1.440	 92.389	  1.005	  1.370	  0.001
56	  1.440	 94.029	  1.005	  1.370	  0.001
57	  1.440	 95.668	  1.005	  1.370	  0.001
58	  1.440	 97.307	  1.005	  1.370	  0.001
59	  1.440	 98.947	  1.005	  1.370	  0.001
60	  1.440	100.586	  1.005	  1.370	  0.001
0	  1.560	  2.391	  1.005	  1.387	  0.000
1	  1.560	  4.030	  1.005	  1.387	  0.000
2	  1.560	  5.670	  1.005	  1.387	  0.000
3	  1.560	  7.309	  1.005	  1.387	  0.000
4	  1.560	  8.948	  1.005	  1.387	  0.000
5	  1.560	 10.588	  1.005	  1.387	  0.000
6	  1.560	 12.227	  1.005	  1.387	  0.000
7	  1.560	 13.866	  1.005	  1.387	  0.000
8	  1.560	 15.506	  1.005	  1.387	  0.000
9	  1.560	 17.145	  1.005	  1.387	  0.000
10	  1.560	 18.784	  1.005	  1.387	  0.000
11	  1.560	 20.424	  1.005	  1.387	  0.000
12	  1.560	 22.063	  1.005	  1.387	  0.000
13	  1.560	 23.702	  1.005	  1.387	  0.000
14	  1.560	 25.342	  1.005	  1.387	  0.000
15	  1.560	 26.981	  1.005	  1.387	  0.000
16	  1.560	 28.620	  1.005	  1.387	  0.000
17	  1.560	 30.260	  1.005	  1.387	  0.000
18	  1.560	 31.899	  1.005	  1.387	  0.000
19	  1.560	 33.538	  1.005	  1.387	  0.000
20	  1.560	 35.178	  1.005	  1.387	  0.000
21	  1.560	 36.817	  1.005	  1.387	  0.000
22	  1.560	 38.456	  1.005	  1.387	  0.000
23	  1.560	 40.096	  1.005	  1.387	  0.000
24	  1.560	 41.735	  1.005	  1.387	  0.000
25	  1.560	 43.374	  1.005	  1.387	  0.000
26	  1.560	 45.014	  1.005	  1.387	  0.000
27	  1.560	 46.653	  1.005	  1.387	  0.000
28	  1.560	 48.292	  1.005	  1.387	  0.000
29	  1.560	 49.932	  1.005	  1.387	  0.000
30	  1.560	 51.571	  1.005	  1.387	  0.000
31	  1.560	 53.211	  1.005	  1.387	  0.000
32	  1.560	 54.850	  1.005	  1.387	  0.000
33	  1.560	 56.489	  1.005	  1.387	  0.000
34	  1.560	 58.129	  1.005	  1.387	  0.000
35	  1.560	 59.768	  1.005	  1.387	  0.000
36	  1.560	 61.407	  1.005	  1.387	  0.000
37	  1.560	 63.047	  1.005	  1.387	  0.000
38	  1.560	 64.686	  1.005	  1.387	  0.000
39	  1.560	 66.325	  1.005	  1.387	  0.000
40	  1.560	 67.965	  1.005	  1.387	  0.000
41	  1.560	 69.604	  1.005	  1.387	  0.000
42	  1.560	 71.243	  1.005	  1.387	  0.000
43	  1.560	 72.883	  1.005	  1.387	  0.000
44	  1.560	 74.522	  1.005	  1.387	  0.000
45	  1.560	 76.161	  1.005	  1.387	  0.000
46	  1.560	 77.801	  1.005	  1.387	  0.000
47	  1.560	 79.440	  1.005	  1.387	  0.000
48	  1.560	 81.079	  1.005	  1.387	  0.000
49	  1.560	 82.719	  1.005	  1.387	  0.000
50	  1.560	 84.358	  1.005	  1.387	  0.000
51	  1.560	 85.997	  1.005	  1.387	  0.000
52	  1.560	 87.637	  1.005	  1.387	  0.000
53	  1.560	 89.276	  1.005	  1.387	  0.000
54	  1.560	 90.915	  1.005	  1.387	  0.000
55	  1.560	 92.555	  1.005	  1.387	  0.000
56	  1.560	 94.194	  1.005	  1.387	  0.000
57	  1.560	 95.833	  1.005	  1.387	  0.000
58	  1.560	 97.473	  1.005	  1.387	  0.000
59	  1.560	 99.112	  1.005	  1.387	  0.000
60	  1.560	100.752	  1.005	  1.387	  0.000
0	  1.680	  2.558	  1.005	  1.400	  0.000
1	  1.680	  4.197	  1.005	  1.400	  0.000
2	  1.680	  5.837	  1.005	  1.400	  0.000
3	  1.680	  7.476	  1.005	  1.400	  0.000
4	  1.680	  9.115	  1.005	  1.400	  0.000
5	  1.680	 10.755	  1.005	  1.400	  0.000
6	  1.680	 12.394	  1.005	  1.400	  0.000
7	  1.680	 14.033	  1.005	  1.400	  0.000
8	  1.680	 15.673	  1.005	  1.400	  0.000
9	  1.680	 17.312	  1.005	  1.400	  0.000
10	  1.680	 18.951	  1.005	  1.400	  0.000
11	  1.680	 20.591	  1.005	  1.400	  0.000
12	  1.680	 22.230	  1.005	  1.400	  0.000
13	  1.680	 23.870	  1.005	  1.400	  0.000
14	  1.680	 25.509	  1.005	  1.400	  0.000
15	  1.680	 27.148	  1.005	  1.400	  0.000
16	  1.680	 28.788	  1.005	  1.400	  0.000
17	  1.680	 30.427	  1.005	  1.400	  0.000
18	  1.680	 32.066	  1.005	  1.400	  0.000
19	  1.680	 33.706	  1.005	  1.400	  0.000
20	  1.680	 35.345	  1.005	  1.400	  0.000
21	  1.680	 36.984	  1.005	  1.400	  0.000
22	  1.680	 38.624	  1.005	  1.400	  0.000
23	  1.680	 40.263	  1.005	  1.400	  0.000
24	  1.680	 41.902	  1.005	  1.400	  0.000
25	  1.680	 43.542	  1.005	  1.400	  0.000
26	  1.680	 45.181	  1.005	  1.400	  0.000
27	  1.680	 46.820	  1.005	  1.400	  0.000
28	  1.680	 48.460	  1.005	  1.400	  0.000
29	  1.680	 50.099	  1.005	  1.400	  0.000
30	  1.680	 51.738	  1.005	  1.400	  0.000
31	  1.680	 53.378	  1.005	  1.400	  0.000
32	  1.680	 55.017	  1.005	  1.400	  0.000
33	  1.680	 56.656	  1.005	  1.400	  0.000
34	  1.680	 58.296	  1.005	  1.400	  0.000
35	  1.680	 59.935	  1.005	  1.400	  0.000
36	  1.680	 61.574	  1.005	  1.400	  0.000
37	  1.680	 63.214	  1.005	  1.400	  0.000
38	  1.680	 64.853	  1.005	  1.400	  0.000
39	  1.680	 66.492	  1.005	  1.400	  0.000
40	  1.680	 68.132	  1.005	  1.400	  0.000
41	  1.680	 69.771	  1.005	  1.400	  0.000
42	  1.680	 71.411	  1.005	  1.400	  0.000
43	  1.680	 73.050	  1.005	  1.400	  0.000
44	  1.680	 74.689	  1.005	  1.400	  0.000
45	  1.680	 76.329	  1.005	  1.400	  0.000
46	  1.680	 77.968	  1.005	  1.400	  0.000
47	  1.680	 79.607	  1.005	  1.400	  0.000
48	  1.680	 81.247	  1.005	  1.400	  0.000
49	  1.680	 82.886	  1.005	  1.400	  0.000
50	  1.680	 84.525	  1.005	  1.400	  0.000
51	  1.680	 86.165	  1.005	  1.400	  0.000
52	  1.680	 87.804	  1.005	  1.400	  0.000
53	  1.680	 89.443	  1.005	  1.400	  0.000
54	  1.680	 91.083	  1.005	  1.400	  0.000
55	  1.680	 92.722	  1.005	  1.400	  0.000
56	  1.680	 94.361	  1.005	  1.400	  0.000
57	  1.680	 96.001	  1.005	  1.400	  0.000
58	  1.680	 97.640	  1.005	  1.400	  0.000
59	  1.680	 99.279	  1.005	  1.400	  0.000
60	  1.680	100.919	  1.005	  1.400	  0.000
0	  1.800	  2.727	  1.005	  1.411	  0.000
1	  1.800	  4.366	  1.005	  1.411	  0.000
2	  1.800	  6.005	  1.005	  1.411	  0.000
3	  1.800	  7.645	  1.005	  1.411	  0.000
4	  1.800	  9.284	  1.005	  1.411	  0.000
5	  1.800	 10.923	  1.005	  1.411	  0.000
6	  1.800	 12.563	  1.005	  1.411	  0.000
7	  1.800	 14.202	  1.005	  1.411	  0.000
8	  1.800	 15.841	  1.005	  1.411	  0.000
9	  1.800	 17.481	  1.005	  1.411	  0.000
10	  1.800	 19.120	  1.005	  1.411	  0.000
11	  1.800	 20.759	  1.005	  1.411	  0.000
12	  1.800	 22.399	  1.005	  1.411	  0.000
13	  1.800	 24.038	  1.005	  1.411	  0.000
14	  1.800	 25.677	  1.005	  1.411	  0.000
15	  1.800	 27.317	  1.005	  1.411	  0.000
16	  1.800	 28.956	  1.005	  1.411	  0.000
17	  1.800	 30.596	  1.005	  1.411	  0.000
18	  1.800	 32.235	  1.005	  1.411	  0.000
19	  1.800	 33.874	  1.005	  1.411	  0.000
20	  1.800	 35.514	  1.005	  1.411	  0.000
21	  1.800	 37.153	  1.005	  1.411	  0.000
22	  1.800	 38.792	  1.005	  1.411	  0.000
23	  1.800	 40.432	  1.005	  1.411	  0.000
24	  1.800	 42.071	  1.005	  1.411	  0.000
25	  1.800	 43.710	  1.005	  1.411	  0.000
26	  1.800	 45.350	  1.005	  1.411	  0.000
27	  1.800	 46.989	  1.005	  1.411	  0.000
28	  1.800	 48.628	  1.005	  1.411	  0.000
29	  1.800	 50.268	  1.005	  1.411	  0.000
30	  1.800	 51.907	  1.005	  1.411	  0.000
31	  1.800	 53.546	  1.005	  1.411	  0.000
32	  1.800	 55.186	  1.005	  1.411	  0.000
33	  1.800	 56.825	  1.005	  1.411	  0.000
34	  1.800	 58.464	  1.005	  1.411	  0.000
35	  1.800	 60.104	  1.005	  1.411	  0.000
36	  1.800	 61.743	  1.005	  1.411	  0.000
37	  1.800	 63.382	  1.005	  1.411	  0.000
38	  1.800	 65.022	  1.005	  1.411	  0.000
39	  1.800	 66.661	  1.005	  1.411	  0.000
40	  1.800	 68.300	  1.005	  1.411	  0.000
41	  1.800	 69.940	  1.005	  1.411	  0.000
42	  1.800	 71.579	  1.005	  1.411	  0.000
43	  1.800	 73.218	  1.005	  1.411	  0.000
44	  1.800	 74.858	  1.005	  1.411	  0.000
45	  1.800	 76.497	  1.005	  1.411	  0.000
46	  1.800	 78.136	  1.005	  1.411	  0.000
47	  1.800	 79.776	  1.005	  1.411	  0.000
48	  1.800	 81.415	  1.005	  1.411	  0.000
49	  1.800	 83.055	  1.005	  1.411	  0.000
50	  1.800	 84.694	  1.005	  1.411	  0.000
51	  1.800	 86.333	  1.005	  1.411	  0.000
52	  1.800	 87.973	  1.005	  1.411	  0.000
53	  1.800	 89.612	  1.005	  1.411	  0.000
54	  1.800	 91.251	  1.005	  1.411	  0.000
55	  1.800	 92.891	  1.005	  1.411	  0.000
56	  1.800	 94.530	  1.005	  1.411	  0.000
57	  1.800	 96.169	  1.005	  1.411	  0.000
58	  1.800	 97.809	  1.005	  1.411	  0.000
59	  1.800	 99.448	  1.005	  1.411	  0.000
60	  1.800	101.087	  1.005	  1.411	  0.000
0	  1.920	  2.896	  1.005	  1.419	  0.000
1	  1.920	  4.536	  1.005	  1.419	  0.000
2	  1.920	  6.175	  1.005	  1.419	  0.000
3	  1.920	  7.814	  1.005	  1.419	  0.000
4	  1.920	  9.454	  1.005	  1.419	  0.000
5	  1.920	 11.093	  1.005	  1.419	  0.000
6	  1.920	 12.732	  1.005	  1.419	  0.000
7	  1.920	 14.372	  1.005	  1.419	  0.000
8	  1.920	 16.011	  1.005	  1.419	  0.000
9	  1.920	 17.651	  1.005	  1.419	  0.000
10	  1.920	 19.290	  1.005	  1.419	  0.000
11	  1.920	 20.929	  1.005	  1.419	  0.000
12	  1.920	 22.569	  1.005	  1.419	  0.000
13	  1.920	 24.208	  1.005	  1.419	  0.000
14	  1.920	 25.847	  1.005	  1.419	  0.000
15	  1.920	 27.487	  1.005	  1.419	  0.000
16	  1.920	 29.126	  1.005	  1.419	  0.000
17	  1.920	 30.765	  1.005	  1.419	  0.000
18	  1.920	 32.405	  1.005	  1.419	  0.000
19	  1.920	 34.044	  1.005	  1.419	  0.000
20	  1.920	 35.683	  1.005	  1.419	  0.000
21	  1.920	 37.323	  1.005	  1.419	  0.000
22	  1.920	 38.962	  1.005	  1.419	  0.000
23	  1.920	 40.601	  1.005	  1.419	  0.000
24	  1.920	 42.241	  1.005	  1.419	  0.000
25	  1.920	 43.880	  1.005	  1.419	  0.000
26	  1.920	 45.519	  1.005	  1.419	  0.000
27	  1.920	 47.159	  1.005	  1.419	  0.000
28	  1.920	 48.798	  1.005	  1.419	  0.000
29	  1.920	 50.437	  1.005	  1.419	  0.000
30	  1.920	 52.077	  1.005	  1.419	  0.000
31	  1.920	 53.716	  1.005	  1.419	  0.000
32	  1.920	 55.355	  1.005	  1.419	  0.000
33	  1.920	 56.995	  1.005	  1.419	  0.000
34	  1.920	 58.634	  1.005	  1.419	  0.000
35	  1.920	 60.273	  1.005	  1.419	  0.000
36	  1.920	 61.913	  1.005	  1.419	  0.000
37	  1.920	 63.552	  1.005	  1.419	  0.000
38	  1.920	 65.191	  1.005	  1.419	  0.000
39	  1.920	 66.831	  1.005	  1.419	  0.000
40	  1.920	 68.470	  1.005	  1.419	  0.000
41	  1.920	 70.110	  1.005	  1.419	  0.000
42	  1.920	 71.749	  1.005	  1.419	  0.000
43	  1.920	 73.388	  1.005	  1.419	  0.000
44	  1.920	 75.028	  1.005	  1.419	  0.000
45	  1.920	 76.667	  1.005	  1.419	  0.000
46	  1.920	 78.306	  1.005	  1.419	  0.000
47	  1.920	 79.946	  1.005	  1.419	  0.000
48	  1.920	 81.585	  1.005	  1.419	  0.000
49	  1.920	 83.224	  1.005	  1.419	  0.000
50	  1.920	 84.864	  1.005	  1.419	  0.000
51	  1.920	 86.503	  1.005	  1.419	  0.000
52	  1.920	 88.142	  1.005	  1.419	  0.000
53	  1.920	 89.782	  1.005	  1.419	  0.000
54	  1.920	 91.421	  1.005	  1.419	  0.000
55	  1.920	 93.060	  1.005	  1.419	  0.000
56	  1.920	 94.700	  1.005	  1.419	  0.000
57	  1.920	 96.339	  1.005	  1.419	  0.000
58	  1.920	 97.978	  1.005	  1.419	  0.000
59	  1.920	 99.618	  1.005	  1.419	  0.000
60	  1.920	101.257	  1.005	  1.419	  0.000
0	  2.040	  3.067	  1.005	  1.425	  0.000
1	  2.040	  4.706	  1.005	  1.425	  0.000
2	  2.040	  6.346	  1.005	  1.425	  0.000
3	  2.040	  7.985	  1.005	  1.425	  0.000
4	  2.040	  9.624	  1.005	  1.425	  0.000
5	  2.040	 11.264	  1.005	  1.425	  0.000
6	  2.040	 12.903	  1.005	  1.425	  0.000
7	  2.040	 14.542	  1.005	  1.425	  0.000
8	  2.040	 16.182	  1.005	  1.425	  0.000
9	  2.040	 17.821	  1.005	  1.425	  0.000
10	  2.040	 19.460	  1.005	  1.425	  0.000
11	  2.040	 21.100	  1.005	  1.425	  0.000
12	  2.040	 22.739	  1.005	  1.425	  0.000
13	  2.040	 24.378	  1.005	  1.425	  0.000
14	  2.040	 26.018	  1.005	  1.425	  0.000
15	  2.040	 27.657	  1.005	  1.425	  0.000
16	  2.040	 29.297	  1.005	  1.425	  0.000
17	  2.040	 30.936	  1.005	  1.425	  0.000
18	  2.040	 32.575	  1.005	  1.425	  0.000
19	  2.040	 34.215	  1.005	  1.425	  0.000
20	  2.040	 35.854	  1.005	  1.425	  0.000
21	  2.040	 37.493	  1.005	  1.425	  0.000
22	  2.040	 39.133	  1.005	  1.425	  0.000
23	  2.040	 40.772	  1.005	  1.425	  0.000
24	  2.040	 42.411	  1.005	  1.425	  0.000
25	  2.040	 44.051	  1.005	  1.425	  0.000
26	  2.040	 45.690	  1.005	  1.425	  0.000
27	  2.040	 47.329	  1.005	  1.425	  0.000
28	  2.040	 48.969	  1.005	  1.425	  0.000
29	  2.040	 50.608	  1.005	  1.425	  0.000
30	  2.040	 52.247	  1.005	  1.425	  0.000
31	  2.040	 53.887	  1.005	  1.425	  0.000
32	  2.040	 55.526	  1.005	  1.425	  0.000
33	  2.040	 57.165	  1.005	  1.425	  0.000
34	  2.040	 58.805	  1.005	  1.425	  0.000
35	  2.040	 60.444	  1.005	  1.425	  0.000
36	  2.040	 62.083	  1.005	  1.425	  0.000
37	  2.040	 63.723	  1.005	  1.425	  0.000
38	  2.040	 65.362	  1.005	  1.425	  0.000
39	  2.040	 67.001	  1.005	  1.425	  0.000
40	  2.040	 68.641	  1.005	  1.425	  0.000
41	  2.040	 70.280	  1.005	  1.425	  0.000
42	  2.040	 71.919	  1.005	  1.425	  0.000
43	  2.040	 73.559	  1.005	  1.425	  0.000
44	  2.040	 75.198	  1.005	  1.425	  0.000
45	  2.040	 76.838	  1.005	  1.425	  0.000
46	  2.040	 78.477	  1.005	  1.425	  0.000
47	  2.040	 80.116	  1.005	  1.425	  0.000
48	  2.040	 81.756	  1.005	  1.425	  0.000
49	  2.040	 83.395	  1.005	  1.425	  0.000
50	  2.040	 85.034	  1.005	  1.425	  0.000
51	  2.040	 86.674	  1.005	  1.425	  0.000
52	  2.040	 88.313	  1.005	  1.425	  0.000
53	  2.040	 89.952	  1.005	  1.425	  0.000
54	  2.040	 91.592	  1.005	  1.425	  0.000
55	  2.040	 93.231	  1.005	  1.425	  0.000
56	  2.040	 94.870	  1.005	  1.425	  0.000
57	  2.040	 96.510	  1.005	  1.425	  0.000
58	  2.040	 98.149	  1.005	  1.425	  0.000
59	  2.040	 99.788	  1.005	  1.425	  0.000
60	  2.040	101.428	  1.005	  1.425	  0.000
0	  2.160	  3.238	  1.005	  1.430	  0.000
1	  2.160	  4.878	  1.005	  1.430	  0.000
2	  2.160	  6.517	  1.005	  1.430	  0.000
3	  2.160	  8.156	  1.005	  1.430	  0.000
4	  2.160	  9.796	  1.005	  1.430	  0.000
5	  2.160	 11.435	  1.005	  1.430	  0.000
6	  2.160	 13.074	  1.005	  1.430	  0.000
7	  2.160	 14.714	  1.005	  1.430	  0.000
8	  2.160	 16.353	  1.005	  1.430	  0.000
9	  2.160	 17.992	  1.005	  1.430	  0.000
10	  2.160	 19.632	  1.005	  1.430	  0.000
11	  2.160	 21.271	  1.005	  1.430	  0.000
12	  2.160	 22.910	  1.005	  1.430	  0.000
13	  2.160	 24.550	  1.005	  1.430	  0.000
14	  2.160	 26.189	  1.005	  1.430	  0.000
15	  2.160	 27.828	  1.005	  1.430	  0.000
16	  2.160	 29.468	  1.005	  1.430	  0.000
17	  2.160	 31.107	  1.005	  1.430	  0.000
18	  2.160	 32.747	  1.005	  1.430	  0.000
19	  2.160	 34.386	  1.005	  1.430	  0.000
20	  2.160	 36.025	  1.005	  1.430	  0.000
21	  2.160	 37.665	  1.005	  1.430	  0.000
22	  2.160	 39.304	  1.005	  1.430	  0.000
23	  2.160	 40.943	  1.005	  1.430	  0.000
24	  2.160	 42.583	  1.005	  1.430	  0.000
25	  2.160	 44.222	  1.005	  1.430	  0.000
26	  2.160	 45.861	  1.005	  1.430	  0.000
27	  2.160	 47.501	  1.005	  1.430	  0.000
28	  2.160	 49.140	  1.005	  1.430	  0.000
29	  2.160	 50.779	  1.005	  1.430	  0.000
30	  2.160	 52.419	  1.005	  1.430	  0.000
31	  2.160	 54.058	  1.005	  1.430	  0.000
32	  2.160	 55.697	  1.005	  1.430	  0.000
33	  2.160	 57.337	  1.005	  1.430	  0.000
34	  2.160	 58.976	  1.005	  1.430	  0.000
35	  2.160	 60.615	  1.005	  1.430	  0.000
36	  2.160	 62.255	  1.005	  1.430	  0.000
37	  2.160	 63.894	  1.005	  1.430	  0.000
38	  2.160	 65.533	  1.005	  1.430	  0.000
39	  2.160	 67.173	  1.005	  1.430	  0.000
40	  2.160	 68.812	  1.005	  1.430	  0.000
41	  2.160	 70.451	  1.005	  1.430	  0.000
42	  2.160	 72.091	  1.005	  1.430	  0.000
43	  2.160	 73.730	  1.005	  1.430	  0.000
44	  2.160	 75.369	  1.005	  1.430	  0.000
45	  2.160	 77.009	  1.005	  1.430	  0.000
46	  2.160	 78.648	  1.005	  1.430	  0.000
47	  2.160	 80.288	  1.005	  1.430	  0.000
48	  2.160	 81.927	  1.005	  1.430	  0.000
49	  2.160	 83.566	  1.005	  1.430	  0.000
50	  2.160	 85.206	  1.005	  1.430	  0.000
51	  2.160	 86.845	  1.005	  1.430	  0.000
52	  2.160	 88.484	  1.005	  1.430	  0.000
53	  2.160	 90.124	  1.005	  1.430	  0.000
54	  2.160	 91.763	  1.005	  1.430	  0.000
55	  2.160	 93.402	  1.005	  1.430	  0.000
56	  2.160	 95.042	  1.005	  1.430	  0.000
57	  2.160	 96.681	  1.005	  1.430	  0.000
58	  2.160	 98.320	  1.005	  1.430	  0.000
59	  2.160	 99.960	  1.005	  1.430	  0.000
60	  2.160	101.599	  1.005	  1.430	  0.000
0	  2.280	  3.410	  1.005	  1.434	  0.000
1	  2.280	  5.050	  1.005	  1.434	  0.000
2	  2.280	  6.689	  1.005	  1.434	  0.000
3	  2.280	  8.328	  1.005	  1.434	  0.000
4	  2.280	  9.968	  1.005	  1.434	  0.000
5	  2.280	 11.607	  1.005	  1.434	  0.000
6	  2.280	 13.246	  1.005	  1.434	  0.000
7	  2.280	 14.886	  1.005	  1.434	  0.000
8	  2.280	 16.525	  1.005	  1.434	  0.000
9	  2.280	 18.164	  1.005	  1.434	  0.000
10	  2.280	 19.804	  1.005	  1.434	  0.000
11	  2.280	 21.443	  1.005	  1.434	  0.000
12	  2.280	 23.082	  1.005	  1.434	  0.000
13	  2.280	 24.722	  1.005	  1.434	  0.000
14	  2.280	 26.361	  1.005	  1.434	  0.000
15	  2.280	 28.000	  1.005	  1.434	  0.000
16	  2.280	 29.640	  1.005	  1.434	  0.000
17	  2.280	 31.279	  1.005	  1.434	  0.000
18	  2.280	 32.918	  1.005	  1.434	  0.000
19	  2.280	 34.558	  1.005	  1.434	  0.000
20	  2.280	 36.197	  1.005	  1.434	  0.000
21	  2.280	 37.836	  1.005	  1.434	  0.000
22	  2.280	 39.476	  1.005	  1.434	  0.000
23	  2.280	 41.115	  1.005	  1.434	  0.000
24	  2.280	 42.754	  1.005	  1.434	  0.000
25	  2.280	 44.394	  1.005	  1.434	  0.000
26	  2.280	 46.033	  1.005	  1.434	  0.000
27	  2.280	 47.672	  1.005	  1.434	  0.000
28	  2.280	 49.312	  1.005	  1.434	  0.000
29	  2.280	 50.951	  1.005	  1.434	  0.000
30	  2.280	 52.591	  1.005	  1.434	  0.000
31	  2.280	 54.230	  1.005	  1.434	  0.000
32	  2.280	 55.869	  1.005	  1.434	  0.000
33	  2.280	 57.509	  1.005	  1.434	  0.000
34	  2.280	 59.148	  1.005	  1.434	  0.000
35	  2.280	 60.787	  1.005	  1.434	  0.000
36	  2.280	 62.427	  1.005	  1.434	  0.000
37	  2.280	 64.066	  1.005	  1.434	  0.000
38	  2.280	 65.705	  1.005	  1.434	  0.000
39	  2.280	 67.345	  1.005	  1.434	  0.000
40	  2.280	 68.984	  1.005	  1.434	  0.000
41	  2.280	 70.623	  1.005	  1.434	  0.000
42	  2.280	 72.263	  1.005	  1.434	  0.000
43	  2.280	 73.902	  1.005	  1.434	  0.000
44	  2.280	 75.541	  1.005	  1.434	  0.000
45	  2.280	 77.181	  1.005	  1.434	  0.000
46	  2.280	 78.820	  1.005	  1.434	  0.000
47	  2.280	 80.459	  1.005	  1.434	  0.000
48	  2.280	 82.099	  1.005	  1.434	  0.000
49	  2.280	 83.738	  1.005	  1.434	  0.000
50	  2.280	 85.377	  1.005	  1.434	  0.000
51	  2.280	 87.017	  1.005	  1.434	  0.000
52	  2.280	 88.656	  1.005	  1.434	  0.000
53	  2.280	 90.295	  1.005	  1.434	  0.000
54	  2.280	 91.935	  1.005	  1.434	  0.000
55	  2.280	 93.574	  1.005	  1.434	  0.000
56	  2.280	 95.213	  1.005	  1.434	  0.000
57	  2.280	 96.853	  1.005	  1.434	  0.000
58	  2.280	 98.492	  1.005	  1.434	  0.000
59	  2.280	100.131	  1.005	  1.434	  0.000
60	  2.280	101.771	  1.005	  1.434	  0.000
0	  2.400	  3.582	  1.005	  1.437	  0.000
1	  2.400	  5.222	  1.005	  1.437	  0.000
2	  2.400	  6.861	  1.005	  1.437	  0.000
3	  2.400	  8.500	  1.005	  1.437	  0.000
4	  2.400	 10.140	  1.005	  1.437	  0.000
5	  2.400	 11.779	  1.005	  1.437	  0.000
6	  2.400	 13.419	  1.005	  1.437	  0.000
7	  2.400	 15.058	  1.005	  1.437	  0.000
8	  2.400	 16.697	  1.005	  1.437	  0.000
9	  2.400	 18.337	  1.005	  1.437	  0.000
10	  2.400	 19.976	  1.005	  1.437	  0.000
11	  2.400	 21.615	  1.005	  1.437	  0.000
12	  2.400	 23.255	  1.005	  1.437	  0.000
13	  2.400	 24.894	  1.005	  1.437	  0.000
14	  2.400	 26.533	  1.005	  1.437	  0.000
15	  2.400	 28.173	  1.005	  1.437	  0.000
16	  2.400	 29.812	  1.005	  1.437	  0.000
17	  2.400	 31.451	  1.005	  1.437	  0.000
18	  2.400	 33.091	  1.005	  1.437	  0.000
19	  2.400	 34.730	  1.005	  1.437	  0.000
20	  2.400	 36.369	  1.005	  1.437	  0.000
21	  2.400	 38.009	  1.005	  1.437	  0.000
22	  2.400	 39.648	  1.005	  1.437	  0.000
23	  2.400	 41.287	  1.005	  1.437	  0.000
24	  2.400	 42.927	  1.005	  1.437	  0.000
25	  2.400	 44.566	  1.005	  1.437	  0.000
26	  2.400	 46.205	  1.005	  1.437	  0.000
27	  2.400	 47.845	  1.005	  1.437	  0.000
28	  2.400	 49.484	  1.005	  1.437	  0.000
29	  2.400	 51.123	  1.005	  1.437	  0.000
30	  2.400	 52.763	  1.005	  1.437	  0.000
31	  2.400	 54.402	  1.005	  1.437	  0.000
32	  2.400	 56.041	  1.005	  1.437	  0.000
33	  2.400	 57.681	  1.005	  1.437	  0.000
34	  2.400	 59.320	  1.005	  1.437	  0.000
35	  2.400	 60.959	  1.005	  1.437	  0.000
36	  2.400	 62.599	  1.005	  1.437	  0.000
37	  2.400	 64.238	  1.005	  1.437	  0.000
38	  2.400	 65.878	  1.005	  1.437	  0.000
39	  2.400	 67.517	  1.005	  1.437	  0.000
40	  2.400	 69.156	  1.005	  1.437	  0.000
41	  2.400	 70.796	  1.005	  1.437	  0.000
42	  2.400	 72.435	  1.005	  1.437	  0.000
43	  2.400	 74.074	  1.005	  1.437	  0.000
44	  2.400	 75.714	  1.005	  1.437	  0.000
45	  2.400	 77.353	  1.005	  1.437	  0.000
46	  2.400	 78.992	  1.005	  1.437	  0.000
47	  2.400	 80.632	  1.005	  1.437	  0.000
48	  2.400	 82.271	  1.005	  1.437	  0.000
49	  2.400	 83.910	  1.005	  1.437	  0.000
50	  2.400	 85.550	  1.005	  1.437	  0.000
51	  2.400	 87.189	  1.005	  1.437	  0.000
52	  2.400	 88.828	  1.005	  1.437	  0.000
53	  2.400	 90.468	  1.005	  1.437	  0.000
54	  2.400	 92.107	  1.005	  1.437	  0.000
55	  2.400	 93.746	  1.005	  1.437	  0.000
56	  2.400	 95.386	  1.005	  1.437	  0.000
57	  2.400	 97.025	  1.005	  1.437	  0.000
58	  2.400	 98.664	  1.005	  1.437	  0.000
59	  2.400	100.304	  1.005	  1.437	  0.000
60	  2.400	101.943	  1.005	  1.437	  0.000
0	  2.520	  3.755	  1.005	  1.440	  0.000
1	  2.520	  5.394	  1.005	  1.440	  0.000
2	  2.520	  7.034	  1.005	  1.440	  0.000
3	  2.520	  8.673	  1.005	  1.440	  0.000
4	  2.520	 10.312	  1.005	  1.440	  0.000
5	  2.520	 11.952	  1.005	  1.440	  0.000
6	  2.520	 13.591	  1.005	  1.440	  0.000
7	  2.520	 15.230	  1.005	  1.440	  0.000
8	  2.520	 16.870	  1.005	  1.440	  0.000
9	  2.520	 18.509	  1.005	  1.440	  0.000
10	  2.520	 20.148	  1.005	  1.440	  0.000
11	  2.520	 21.788	  1.005	  1.440	  0.000
12	  2.520	 23.427	  1.005	  1.440	  0.000
13	  2.520	 25.067	  1.005	  1.440	  0.000
14	  2.520	 26.706	  1.005	  1.440	  0.000
15	  2.520	 28.345	  1.005	  1.440	  0.000
16	  2.520	 29.985	  1.005	  1.440	  0.000
17	  2.520	 31.624	  1.005	  1.440	  0.000
18	  2.520	 33.263	  1.005	  1.440	  0.000
19	  2.520	 34.903	  1.005	  1.440	  0.000
20	  2.520	 36.542	  1.005	  1.440	  0.000
21	  2.520	 38.181	  1.005	  1.440	  0.000
22	  2.520	 39.821	  1.005	  1.440	  0.000
23	  2.520	 41.460	  1.005	  1.440	  0.000
24	  2.520	 43.099	  1.005	  1.440	  0.000
25	  2.520	 44.739	  1.005	  1.440	  0.000
26	  2.520	 46.378	  1.005	  1.440	  0.000
27	  2.520	 48.017	  1.005	  1.440	  0.000
28	  2.520	 49.657	  1.005	  1.440	  0.000
29	  2.520	 51.296	  1.005	  1.440	  0.000
30	  2.520	 52.935	  1.005	  1.440	  0.000
31	  2.520	 54.575	  1.005	  1.440	  0.000
32	  2.520	 56.214	  1.005	  1.440	  0.000
33	  2.520	 57.853	  1.005	  1.440	  0.000
34	  2.520	 59.493	  1.005	  1.440	  0.000
35	  2.520	 61.132	  1.005	  1.440	  0.000
36	  2.520	 62.771	  1.005	  1.440	  0.000
37	  2.520	 64.411	  1.005	  1.440	  0.000
38	  2.520	 66.050	  1.005	  1.440	  0.000
39	  2.520	 67.689	  1.005	  1.440	  0.000
40	  2.520	 69.329	  1.005	  1.440	  0.000
41	  2.520	 70.968	  1.005	  1.440	  0.000
42	  2.520	 72.608	  1.005	  1.440	  0.000
43	  2.520	 74.247	  1.005	  1.440	  0.000
44	  2.520	 75.886	  1.005	  1.440	  0.000
45	  2.520	 77.526	  1.005	  1.440	  0.000
46	  2.520	 79.165	  1.005	  1.440	  0.000
47	  2.520	 80.804	  1.005	  1.440	  0.000
48	  2.520	 82.444	  1.005	  1.440	  0.000
49	  2.520	 84.083	  1.005	  1.440	  0.000
50	  2.520	 85.722	  1.005	  1.440	  0.000
51	  2.520	 87.362	  1.005	  1.440	  0.000
52	  2.520	 89.001	  1.005	  1.440	  0.000
53	  2.520	 90.640	  1.005	  1.440	  0.000
54	  2.520	 92.280	  1.005	  1.440	  0.000
55	  2.520	 93.919	  1.005	  1.440	  0.000
56	  2.520	 95.558	  1.005	  1.440	  0.000
57	  2.520	 97.198	  1.005	  1.440	  0.000
58	  2.520	 98.837	  1.005	  1.440	  0.000
59	  2.520	100.476	  1.005	  1.440	  0.000
60	  2.520	102.116	  1.005	  1.440	  0.000
0	  2.640	  3.928	  1.005	  1.442	  0.000
1	  2.640	  5.567	  1.005	  1.442	  0.000
2	  2.640	  7.207	  1.005	  1.442	  0.000
3	  2.640	  8.846	  1.005	  1.442	  0.000
4	  2.640	 10.485	  1.005	  1.442	  0.000
5	  2.640	 12.125	  1.005	  1.442	  0.000
6	  2.640	 13.764	  1.005	  1.442	  0.000
7	  2.640	 15.403	  1.005	  1.442	  0.000
8	  2.640	 17.043	  1.005	  1.442	  0.000
9	  2.640	 18.682	  1.005	  1.442	  0.000
10	  2.640	 20.321	  1.005	  1.442	  0.000
11	  2.640	 21.961	  1.005	  1.442	  0.000
12	  2.640	 23.600	  1.005	  1.442	  0.000
13	  2.640	 25.239	  1.005	  1.442	  0.000
14	  2.640	 26.879	  1.005	  1.442	  0.000
15	  2.640	 28.518	  1.005	  1.442	  0.000
16	  2.640	 30.157	  1.005	  1.442	  0.000
17	  2.640	 31.797	  1.005	  1.442	  0.000
18	  2.640	 33.436	  1.005	  1.442	  0.000
19	  2.640	 35.075	  1.005	  1.442	  0.000
20	  2.640	 36.715	  1.005	  1.442	  0.000
21	  2.640	 38.354	  1.005	  1.442	  0.000
22	  2.640	 39.993	  1.005	  1.442	  0.000
23	  2.640	 41.633	  1.005	  1.442	  0.000
24	  2.640	 43.272	  1.005	  1.442	  0.000
25	  2.640	 44.912	  1.005	  1.442	  0.000
26	  2.640	 46.551	  1.005	  1.442	  0.000
27	  2.640	 48.190	  1.005	  1.442	  0.000
28	  2.640	 49.830	  1.005	  1.442	  0.000
29	  2.640	 51.469	  1.005	  1.442	  0.000
30	  2.640	 53.108	  1.005	  1.442	  0.000
31	  2.640	 54.748	  1.005	  1.442	  0.000
32	  2.640	 56.387	  1.005	  1.442	  0.000
33	  2.640	 58.026	  1.005	  1.442	  0.000
34	  2.640	 59.666	  1.005	  1.442	  0.000
35	  2.640	 61.305	  1.005	  1.442	  0.000
36	  2.640	 62.944	  1.005	  1.442	  0.000
37	  2.640	 64.584	  1.005	  1.442	  0.000
38	  2.640	 66.223	  1.005	  1.442	  0.000
39	  2.640	 67.862	  1.005	  1.442	  0.000
40	  2.640	 69.502	  1.005	  1.442	  0.000
41	  2.640	 71.141	  1.005	  1.442	  0.000
42	  2.640	 72.780	  1.005	  1.442	  0.000
43	  2.640	 74.420	  1.005	  1.442	  0.000
44	  2.640	 76.059	  1.005	  1.442	  0.000
45	  2.640	 77.698	  1.005	  1.442	  0.000
46	  2.640	 79.338	  1.005	  1.442	  0.000
47	  2.640	 80.977	  1.005	  1.442	  0.000
48	  2.640	 82.616	  1.005	  1.442	  0.000
49	  2.640	 84.256	  1.005	  1.442	  0.000
50	  2.640	 85.895	  1.005	  1.442	  0.000
51	  2.640	 87.534	  1.005	  1.442	  0.000
52	  2.640	 89.174	  1.005	  1.442	  0.000
53	  2.640	 90.813	  1.005	  1.442	  0.000
54	  2.640	 92.453	  1.005	  1.442	  0.000
55	  2.640	 94.092	  1.005	  1.442	  0.000
56	  2.640	 95.731	  1.005	  1.442	  0.000
57	  2.640	 97.371	  1.005	  1.442	  0.000
58	  2.640	 99.010	  1.005	  1.442	  0.000
59	  2.640	100.649	  1.005	  1.442	  0.000
60	  2.640	102.289	  1.005	  1.442	  0.000
0	  2.760	  4.101	  1.005	  1.443	  0.000
1	  2.760	  5.740	  1.005	  1.443	  0.000
2	  2.760	  7.380	  1.005	  1.443	  0.000
3	  2.760	  9.019	  1.005	  1.443	  0.000
4	  2.760	 10.658	  1.005	  1.443	  0.000
5	  2.760	 12.298	  1.005	  1.443	  0.000
6	  2.760	 13.937	  1.005	  1.443	  0.000
7	  2.760	 15.576	  1.005	  1.443	  0.000
8	  2.760	 17.216	  1.005	  1.443	  0.000
9	  2.760	 18.855	  1.005	  1.443	  0.000
10	  2.760	 20.494	  1.005	  1.443	  0.000
11	  2.760	 22.134	  1.005	  1.443	  0.000
12	  2.760	 23.773	  1.005	  1.443	  0.000
13	  2.760	 25.412	  1.005	  1.443	  0.000
14	  2.760	 27.052	  1.005	  1.443	  0.000
15	  2.760	 28.691	  1.005	  1.443	  0.000
16	  2.760	 30.331	  1.005	  1.443	  0.000
17	  2.760	 31.970	  1.005	  1.443	  0.000
18	  2.760	 33.609	  1.005	  1.443	  0.000
19	  2.760	 35.249	  1.005	  1.443	  0.000
20	  2.760	 36.888	  1.005	  1.443	  0.000
21	  2.760	 38.527	  1.005	  1.443	  0.000
22	  2.760	 40.167	  1.005	  1.443	  0.000
23	  2.760	 41.806	  1.005	  1.443	  0.000
24	  2.760	 43.445	  1.005	  1.443	  0.000
25	  2.760	 45.085	  1.005	  1.443	  0.000
26	  2.760	 46.724	  1.005	  1.443	  0.000
27	  2.760	 48.363	  1.005	  1.443	  0.000
28	  2.760	 50.003	  1.005	  1.443	  0.000
29	  2.760	 51.642	  1.005	  1.443	  0.000
30	  2.760	 53.281	  1.005	  1.443	  0.000
31	  2.760	 54.921	  1.005	  1.443	  0.000
32	  2.760	 56.560	  1.005	  1.443	  0.000
33	  2.760	 58.199	  1.005	  1.443	  0.000
34	  2.760	 59.839	  1.005	  1.443	  0.000
35	  2.760	 61.478	  1.005	  1.443	  0.000
36	  2.760	 63.117	  1.005	  1.443	  0.000
37	  2.760	 64.757	  1.005	  1.443	  0.000
38	  2.760	 66.396	  1.005	  1.443	  0.000
39	  2.760	 68.035	  1.005	  1.443	  0.000
40	  2.760	 69.675	  1.005	  1.443	  0.000
41	  2.760	 71.314	  1.005	  1.443	  0.000
42	  2.760	 72.953	  1.005	  1.443	  0.000
43	  2.760	 74.593	  1.005	  1.443	  0.000
44	  2.760	 76.232	  1.005	  1.443	  0.000
45	  2.760	 77.871	  1.005	  1.443	  0.000
46	  2.760	 79.511	  1.005	  1.443	  0.000
47	  2.760	 81.150	  1.005	  1.443	  0.000
48	  2.760	 82.790	  1.005	  1.443	  0.000
49	  2.760	 84.429	  1.005	  1.443	  0.000
50	  2.760	 86.068	  1.005	  1.443	  0.000
51	  2.760	 87.708	  1.005	  1.443	  0.000
52	  2.760	 89.347	  1.005	  1.443	  0.000
53	  2.760	 90.986	  1.005	  1.443	  0.000
54	  2.760	 92.626	  1.005	  1.443	  0.000
55	  2.760	 94.265	  1.005	  1.443	  0.000
56	  2.760	 95.904	  1.005	  1.443	  0.000
57	  2.760	 97.544	  1.005	  1.443	  0.000
58	  2.760	 99.183	  1.005	  1.443	  0.000
59	  2.760	100.822	  1.005	  1.443	  0.000
60	  2.760	102.462	  1.005	  1.443	  0.000
0	  2.880	  4.274	  1.005	  1.444	  0.000
1	  2.880	  5.914	  1.005	  1.444	  0.000
2	  2.880	  7.553	  1.005	  1.444	  0.000
3	  2.880	  9.192	  1.005	  1.444	  0.000
4	  2.880	 10.832	  1.005	  1.444	  0.000
5	  2.880	 12.471	  1.005	  1.444	  0.000
6	  2.880	 14.110	  1.005	  1.444	  0.000
7	  2.880	 15.750	  1.005	  1.444	  0.000
8	  2.880	 17.389	  1.005	  1.444	  0.000
9	  2.880	 19.028	  1.005	  1.444	  0.000
10	  2.880	 20.668	  1.005	  1.444	  0.000
11	  2.880	 22.307	  1.005	  1.444	  0.000
12	  2.880	 23.946	  1.005	  1.444	  0.000
13	  2.880	 25.586	  1.005	  1.444	  0.000
14	  2.880	 27.225	  1.005	  1.444	  0.000
15	  2.880	 28.864	  1.005	  1.444	  0.000
16	  2.880	 30.504	  1.005	  1.444	  0.000
17	  2.880	 32.143	  1.005	  1.444	  0.000
18	  2.880	 33.782	  1.005	  1.444	  0.000
19	  2.880	 35.422	  1.005	  1.444	  0.000
20	  2.880	 37.061	  1.005	  1.444	  0.000
21	  2.880	 38.700	  1.005	  1.444	  0.000
22	  2.880	 40.340	  1.005	  1.444	  0.000
23	  2.880	 41.979	  1.005	  1.444	  0.000
24	  2.880	 43.618	  1.005	  1.444	  0.000
25	  2.880	 45.258	  1.005	  1.444	  0.000
26	  2.880	 46.897	  1.005	  1.444	  0.000
27	  2.880	 48.537	  1.005	  1.444	  0.000
28	  2.880	 50.176	  1.005	  1.444	  0.000
29	  2.880	 51.815	  1.005	  1.444	  0.000
30	  2.880	 53.455	  1.005	  1.444	  0.000
31	  2.880	 55.094	  1.005	  1.444	  0.000
32	  2.880	 56.733	  1.005	  1.444	  0.000
33	  2.880	 58.373	  1.005	  1.444	  0.000
34	  2.880	 60.012	  1.005	  1.444	  0.000
35	  2.880	 61.651	  1.005	  1.444	  0.000
36	  2.880	 63.291	  1.005	  1.444	  0.000
37	  2.880	 64.930	  1.005	  1.444	  0.000
38	  2.880	 66.569	  1.005	  1.444	  0.000
39	  2.880	 68.209	  1.005	  1.444	  0.000
40	  2.880	 69.848	  1.005	  1.444	  0.000
41	  2.880	 71.487	  1.005	  1.444	  0.000
42	  2.880	 73.127	  1.005	  1.444	  0.000
43	  2.880	 74.766	  1.005	  1.444	  0.000
44	  2.880	 76.405	  1.005	  1.444	  0.000
45	  2.880	 78.045	  1.005	  1.444	  0.000
46	  2.880	 79.684	  1.005	  1.444	  0.000
47	  2.880	 81.323	  1.005	  1.444	  0.000
48	  2.880	 82.963	  1.005	  1.444	  0.000
49	  2.880	 84.602	  1.005	  1.444	  0.000
50	  2.880	 86.241	  1.005	  1.444	  0.000
51	  2.880	 87.881	  1.005	  1.444	  0.000
52	  2.880	 89.520	  1.005	  1.444	  0.000
53	  2.880	 91.159	  1.005	  1.444	  0.000
54	  2.880	 92.799	  1.005	  1.444	  0.000
55	  2.880	 94.438	  1.005	  1.444	  0.000
56	  2.880	 96.078	  1.005	  1.444	  0.000
57	  2.880	 97.717	  1.005	  1.444	  0.000
58	  2.880	 99.356	  1.005	  1.444	  0.000
59	  2.880	100.996	  1.005	  1.444	  0.000
60	  2.880	102.635	  1.005	  1.444	  0.000
0	  3.000	  4.448	  1.005	  1.445	  0.000
1	  3.000	  6.087	  1.005	  1.445	  0.000
2	  3.000	  7.726	  1.005	  1.445	  0.000
3	  3.000	  9.366	  1.005	  1.445	  0.000
4	  3.000	 11.005	  1.005	  1.445	  0.000
5	  3.000	 12.644	  1.005	  1.445	  0.000
6	  3.000	 14.284	  1.005	  1.445	  0.000
7	  3.000	 15.923	  1.005	  1.445	  0.000
8	  3.000	 17.562	  1.005	  1.445	  0.000
9	  3.000	 19.202	  1.005	  1.445	  0.000
10	  3.000	 20.841	  1.005	  1.445	  0.000
11	  3.000	 22.480	  1.005	  1.445	  0.000
12	  3.000	 24.120	  1.005	  1.445	  0.000
13	  3.000	 25.759	  1.005	  1.445	  0.000
14	  3.000	 27.398	  1.005	  1.445	  0.000
15	  3.000	 29.038	  1.005	  1.445	  0.000
16	  3.000	 30.677	  1.005	  1.445	  0.000
17	  3.000	 32.316	  1.005	  1.445	  0.000
18	  3.000	 33.956	  1.005	  1.445	  0.000
19	  3.000	 35.595	  1.005	  1.445	  0.000
20	  3.000	 37.234	  1.005	  1.445	  0.000
21	  3.000	 38.874	  1.005	  1.445	  0.000
22	  3.000	 40.513	  1.005	  1.445	  0.000
23	  3.000	 42.153	  1.005	  1.445	  0.000
24	  3.000	 43.792	  1.005	  1.445	  0.000
25	  3.000	 45.431	  1.005	  1.445	  0.000
26	  3.000	 47.071	  1.005	  1.445	  0.000
27	  3.000	 48.710	  1.005	  1.445	  0.000
28	  3.000	 50.349	  1.005	  1.445	  0.000
29	  3.000	 51.989	  1.005	  1.445	  0.000
30	  3.000	 53.628	  1.005	  1.445	  0.000
31	  3.000	 55.267	  1.005	  1.445	  0.000
32	  3.000	 56.907	  1.005	  1.445	  0.000
33	  3.000	 58.546	  1.005	  1.445	  0.000
34	  3.000	 60.185	  1.005	  1.445	  0.000
35	  3.000	 61.825	  1.005	  1.445	  0.000
36	  3.000	 63.464	  1.005	  1.445	  0.000
37	  3.000	 65.103	  1.005	  1.445	  0.000
38	  3.000	 66.743	  1.005	  1.445	  0.000
39	  3.000	 68.382	  1.005	  1.445	  0.000
40	  3.000	 70.021	  1.005	  1.445	  0.000
41	  3.000	 71.661	  1.005	  1.445	  0.000
42	  3.000	 73.300	  1.005	  1.445	  0.000
43	  3.000	 74.939	  1.005	  1.445	  0.000
44	  3.000	 76.579	  1.005	  1.445	  0.000
45	  3.000	 78.218	  1.005	  1.445	  0.000
46	  3.000	 79.857	  1.005	  1.445	  0.000
47	  3.000	 81.497	  1.005	  1.445	  0.000
48	  3.000	 83.136	  1.005	  1.445	  0.000
49	  3.000	 84.775	  1.005	  1.445	  0.000
50	  3.000	 86.415	  1.005	  1.445	  0.000
51	  3.000	 88.054	  1.005	  1.445	  0.000
52	  3.000	 89.693	  1.005	  1.445	  0.000
53	  3.000	 91.333	  1.005	  1.445	  0.000
54	  3.000	 92.972	  1.005	  1.445	  0.000
55	  3.000	 94.612	  1.005	  1.445	  0.000
56	  3.000	 96.251	  1.005	  1.445	  0.000
57	  3.000	 97.890	  1.005	  1.445	  0.000
58	  3.000	 99.530	  1.005	  1.445	  0.000
59	  3.000	101.169	  1.005	  1.445	  0.000
60	  3.000	102.808	  1.005	  1.445	  0.000
