# id	 time	 x	 y	 vx	 vy
0	  0.000	  1.389	  1.000	  0.010	  0.010
1	  0.000	  4.167	  1.000	  0.010	  0.010
2	  0.000	  6.944	  1.000	  0.010	  0.010
3	  0.000	  9.722	  1.000	  0.010	  0.010
4	  0.000	 12.500	  1.000	  0.010	  0.010
5	  0.000	 15.278	  1.000	  0.010	  0.010
6	  0.000	 18.056	  1.000	  0.010	  0.010
7	  0.000	 20.833	  1.000	  0.010	  0.010
8	  0.000	 23.611	  1.000	  0.010	  0.010
9	  0.000	 26.389	  1.000	  0.010	  0.010
10	  0.000	 29.167	  1.000	  0.010	  0.010
11	  0.000	 31.944	  1.000	  0.010	  0.010
12	  0.000	 34.722	  1.000	  0.010	  0.010
13	  0.000	 37.500	  1.000	  0.010	  0.010
14	  0.000	 40.278	  1.000	  0.010	  0.010
15	  0.000	 43.056	  1.000	  0.010	  0.010
16	  0.000	 45.833	  1.000	  0.010	  0.010
17	  0.000	 48.611	  1.000	  0.010	  0.010
18	  0.000	 51.389	  1.000	  0.010	  0.010
19	  0.000	 54.167	  1.000	  0.010	  0.010
20	  0.000	 56.944	  1.000	  0.010	  0.010
21	  0.000	 59.722	  1.000	  0.010	  0.010
22	  0.000	 62.500	  1.000	  0.010	  0.010
23	  0.000	 65.278	  1.000	  0.010	  0.010
24	  0.000	 68.056	  1.000	  0.010	  0.010
25	  0.000	 70.833	  1.000	  0.010	  0.010
26	  0.000	 73.611	  1.000	  0.010	  0.010
27	  0.000	 76.389	  1.000	  0.010	  0.010
28	  0.000	 79.167	  1.000	  0.010	  0.010
29	  0.000	 81.944	  1.000	  0.010	  0.010
30	  0.000	 84.722	  1.000	  0.010	  0.010
31	  0.000	 87.500	  1.000	  0.010	  0.010
32	  0.000	 90.278	  1.000	  0.010	  0.010
33	  0.000	 93.056	  1.000	  0.010	  0.010
34	  0.000	 95.833	  1.000	  0.010	  0.010
35	  0.000	 98.611	  1.000	  0.010	  0.010
0	  0.120	  1.409	  1.001	  0.331	  0.008
1	  0.120	  4.186	  1.001	  0.331	  0.008
2	  0.120	  6.964	  1.001	  0.331	  0.008
3	  0.120	  9.742	  1.001	  0.331	  0.008
4	  0.120	 12.520	  1.001	  0.331	  0.008
5	  0.120	 15.297	  1.001	  0.331	  0.008
6	  0.120	 18.075	  1.001	  0.331	  0.008
7	  0.120	 20.853	  1.001	  0.331	  0.008
8	  0.120	 23.631	  1.001	  0.331	  0.008
9	  0.120	 26.409	  1.001	  0.331	  0.008
10	  0.120	 29.186	  1.001	  0.331	  0.008
11	  0.120	 31.964	  1.001	  0.331	  0.008
12	  0.120	 34.742	  1.001	  0.331	  0.008
13	  0.120	 37.520	  1.001	  0.331	  0.008
14	  0.120	 40.297	  1.001	  0.331	  0.008
15	  0.120	 43.075	  1.001	  0.331	  0.008
16	  0.120	 45.853	  1.001	  0.331	  0.008
17	  0.120	 48.631	  1.001	  0.331	  0.008
18	  0.120	 51.409	  1.001	  0.331	  0.008
19	  0.120	 54.186	  1.001	  0.331	  0.008
20	  0.120	 56.964	  1.001	  0.331	  0.008
21	  0.120	 59.742	  1.001	  0.331	  0.008
22	  0.120	 62.520	  1.001	  0.331	  0.008
23	  0.120	 65.297	  1.001	  0.331	  0.008
24	  0.120	 68.075	  1.001	  0.331	  0.008
25	  0.120	 70.853	  1.001	  0.331	  0.008
26	  0.120	 73.631	  1.001	  0.331	  0.008
27	  0.120	 76.409	  1.001	  0.331	  0.008
28	  0.120	 79.186	  1.001	  0.331	  0.008
29	  0.120	 81.964	  1.001	  0.331	  0.008
30	  0.120	 84.742	  1.001	  0.331	  0.008
31	  0.120	 87.520	  1.001	  0.331	  0.008
32	  0.120	 90.297	  1.001	  0.331	  0.008
33	  0.120	 93.075	  1.001	  0.331	  0.008
34	  0.120	 95.853	  1.001	  0.331	  0.008
35	  0.120	 98.631	  1.001	  0.331	  0.008
0	  0.240	  1.463	  1.002	  0.582	  0.006
1	  0.240	  4.240	  1.002	  0.582	  0.006
2	  0.240	  7.018	  1.002	  0.582	  0.006
3	  0.240	  9.796	  1.002	  0.582	  0.006
4	  0.240	 12.574	  1.002	  0.582	  0.006
5	  0.240	 15.352	  1.002	  0.582	  0.006
6	  0.240	 18.129	  1.002	  0.582	  0.006
7	  0.240	 20.907	  1.002	  0.582	  0.006
8	  0.240	 23.685	  1.002	  0.582	  0.006
9	  0.240	 26.463	  1.002	  0.582	  0.006
10	  0.240	 29.240	  1.002	  0.582	  0.006
11	  0.240	 32.018	  1.002	  0.582	  0.006
12	  0.240	 34.796	  1.002	  0.582	  0.006
13	  0.240	 37.574	  1.002	  0.582	  0.006
14	  0.240	 40.352	  1.002	  0.582	  0.006
15	  0.240	 43.129	  1.002	  0.582	  0.006
16	  0.240	 45.907	  1.002	  0.582	  0.006
17	  0.240	 48.685	  1.002	  0.582	  0.006
18	  0.240	 51.463	  1.002	  0.582	  0.006
19	  0.240	 54.240	  1.002	  0.582	  0.006
20	  0.240	 57.018	  1.002	  0.582	  0.006
21	  0.240	 59.796	  1.002	  0.582	  0.006
22	  0.240	 62.574	  1.002	  0.582	  0.006
23	  0.240	 65.352	  1.002	  0.582	  0.006
24	  0.240	 68.129	  1.002	  0.582	  0.006
25	  0.240	 70.907	  1.002	  0.582	  0.006
26	  0.240	 73.685	  1.002	  0.582	  0.006
27	  0.240	 76.463	  1.002	  0.582	  0.006
28	  0.240	 79.240	  1.002	  0.582	  0.006
29	  0.240	 82.018	  1.002	  0.582	  0.006
30	  0.240	 84.796	  1.002	  0.582	  0.006
31	  0.240	 87.574	  1.002	  0.582	  0.006
32	  0.240	 90.352	  1.002	  0.582	  0.006
33	  0.240	 93.129	  1.002	  0.582	  0.006
34	  0.240	 95.907	  1.002	  0.582	  0.006
35	  0.240	 98.685	  1.002	  0.582	  0.006
0	  0.360	  1.544	  1.003	  0.780	  0.005
1	  0.360	  4.322	  1.003	  0.780	  0.005
2	  0.360	  7.099	  1.003	  0.780	  0.005
3	  0.360	  9.877	  1.003	  0.780	  0.005
4	  0.360	 12.655	  1.003	  0.780	  0.005
5	  0.360	 15.433	  1.003	  0.780	  0.005
6	  0.360	 18.211	  1.003	  0.780	  0.005
7	  0.360	 20.988	  1.003	  0.780	  0.005
8	  0.360	 23.766	  1.003	  0.780	  0.005
9	  0.360	 26.544	  1.003	  0.780	  0.005
10	  0.360	 29.322	  1.003	  0.780	  0.005
11	  0.360	 32.099	  1.003	  0.780	  0.005
12	  0.360	 34.877	  1.003	  0.780	  0.005
13	  0.360	 37.655	  1.003	  0.780	  0.005
14	  0.360	 40.433	  1.003	  0.780	  0.005
15	  0.360	 43.211	  1.003	  0.780	  0.005
16	  0.360	 45.988	  1.003	  0.780	  0.005
17	  0.360	 48.766	  1.003	  0.780	  0.005
18	  0.360	 51.544	  1.003	  0.780	  0.005
19	  0.360	 54.322	  1.003	  0.780	  0.005
20	  0.360	 57.099	  1.003	  0.780	  0.005
21	  0.360	 59.877	  1.003	  0.780	  0.005
22	  0.360	 62.655	  1.003	  0.780	  0.005
23	  0.360	 65.433	  1.003	  0.780	  0.005
24	  0.360	 68.211	  1.003	  0.780	  0.005
25	  0.360	 70.988	  1.003	  0.780	  0.005
26	  0.360	 73.766	  1.003	  0.780	  0.005
27	  0.360	 76.544	  1.003	  0.780	  0.005
28	  0.360	 79.322	  1.003	  0.780	  0.005
29	  0.360	 82.099	  1.003	  0.780	  0.005
30	  0.360	 84.877	  1.003	  0.780	  0.005
31	  0.360	 87.655	  1.003	  0.780	  0.005
32	  0.360	 90.433	  1.003	  0.780	  0.005
33	  0.360	 93.211	  1.003	  0.780	  0.005
34	  0.360	 95.988	  1.003	  0.780	  0.005
35	  0.360	 98.766	  1.003	  0.780	  0.005
0	  0.480	  1.646	  1.003	  0.935	  0.004
1	  0.480	  4.424	  1.003	  0.935	  0.004
2	  0.480	  7.202	  1.003	  0.935	  0.004
3	  0.480	  9.980	  1.003	  0.935	  0.004
4	  0.480	 12.757	  1.003	  0.935	  0.004
5	  0.480	 15.535	  1.003	  0.935	  0.004
6	  0.480	 18.313	  1.003	  0.935	  0.004
7	  0.480	 21.091	  1.003	  0.935	  0.004
8	  0.480	 23.869	  1.003	  0.935	  0.004
9	  0.480	 26.646	  1.003	  0.935	  0.004
10	  0.480	 29.424	  1.003	  0.935	  0.004
11	  0.480	 32.202	  1.003	  0.935	  0.004
12	  0.480	 34.980	  1.003	  0.935	  0.004
13	  0.480	 37.757	  1.003	  0.935	  0.004
14	  0.480	 40.535	  1.003	  0.935	  0.004
15	  0.480	 43.313	  1.003	  0.935	  0.004
16	  0.480	 46.091	  1.003	  0.935	  0.004
17	  0.480	 48.869	  1.003	  0.935	  0.004
18	  0.480	 51.646	  1.003	  0.935	  0.004
19	  0.480	 54.424	  1.003	  0.935	  0.004
20	  0.480	 57.202	  1.003	  0.935	  0.004
21	  0.480	 59.980	  1.003	  0.935	  0.004
22	  0.480	 62.757	  1.003	  0.935	  0.004
23	  0.480	 65.535	  1.003	  0.935	  0.004
24	  0.480	 68.313	  1.003	  0.935	  0.004
25	  0.480	 71.091	  1.003	  0.935	  0.004
26	  0.480	 73.869	  1.003	  0.935	  0.004
27	  0.480	 76.646	  1.003	  0.935	  0.004
28	  0.480	 79.424	  1.003	  0.935	  0.004
29	  0.480	 82.202	  1.003	  0.935	  0.004
30	  0.480	 84.980	  1.003	  0.935	  0.004
31	  0.480	 87.757	  1.003	  0.935	  0.004
32	  0.480	 90.535	  1.003	  0.935	  0.004
33	  0.480	 93.313	  1.003	  0.935	  0.004
34	  0.480	 96.091	  1.003	  0.935	  0.004
35	  0.480	 98.869	  1.003	  0.935	  0.004
0	  0.600	  1.766	  1.004	  1.057	  0.003
1	  0.600	  4.543	  1.004	  1.057	  0.003
2	  0.600	  7.321	  1.004	  1.057	  0.003
3	  0.600	 10.099	  1.004	  1.057	  0.003
4	  0.600	 12.877	  1.004	  1.057	  0.003
5	  0.600	 15.654	  1.004	  1.057	  0.003
6	  0.600	 18.432	  1.004	  1.057	  0.003
7	  0.600	 21.210	  1.004	  1.057	  0.003
8	  0.600	 23.988	  1.004	  1.057	  0.003
9	  0.600	 26.766	  1.004	  1.057	  0.003
10	  0.600	 29.543	  1.004	  1.057	  0.003
11	  0.600	 32.321	  1.004	  1.057	  0.003
12	  0.600	 35.099	  1.004	  1.057	  0.003
13	  0.600	 37.877	  1.004	  1.057	  0.003
14	  0.600	 40.654	  1.004	  1.057	  0.003
15	  0.600	 43.432	  1.004	  1.057	  0.003
16	  0.600	 46.210	  1.004	  1.057	  0.003
17	  0.600	 48.988	  1.004	  1.057	  0.003
18	  0.600	 51.766	  1.004	  1.057	  0.003
19	  0.600	 54.543	  1.004	  1.057	  0.003
20	  0.600	 57.321	  1.004	  1.057	  0.003
21	  0.600	 60.099	  1.004	  1.057	  0.003
22	  0.600	 62.877	  1.004	  1.057	  0.003
23	  0.600	 65.654	  1.004	  1.057	  0.003
24	  0.600	 68.432	  1.004	  1.057	  0.003
25	  0.600	 71.210	  1.004	  1.057	  0.003
26	  0.600	 73.988	  1.004	  1.057	  0.003
27	  0.600	 76.766	  1.004	  1.057	  0.003
28	  0.600	 79.543	  1.004	  1.057	  0.003
29	  0.600	 82.321	  1.004	  1.057	  0.003
30	  0.600	 85.099	  1.004	  1.057	  0.003
31	  0.600	 87.877	  1.004	  1.057	  0.003
32	  0.600	 90.654	  1.004	  1.057	  0.003
33	  0.600	 93.432	  1.004	  1.057	  0.003
34	  0.600	 96.210	  1.004	  1.057	  0.003
35	  0.600	 98.988	  1.004	  1.057	  0.003
0	  0.720	  1.898	  1.004	  1.152	  0.002
1	  0.720	  4.676	  1.004	  1.152	  0.002
2	  0.720	  7.453	  1.004	  1.152	  0.002
3	  0.720	 10.231	  1.004	  1.152	  0.002
4	  0.720	 13.009	  1.004	  1.152	  0.002
5	  0.720	 15.787	  1.004	  1.152	  0.002
6	  0.720	 18.565	  1.004	  1.152	  0.002
7	  0.720	 21.342	  1.004	  1.152	  0.002
8	  0.720	 24.120	  1.004	  1.152	  0.002
9	  0.720	 26.898	  1.004	  1.152	  0.002
10	  0.720	 29.676	  1.004	  1.152	  0.002
11	  0.720	 32.453	  1.004	  1.152	  0.002
12	  0.720	 35.231	  1.004	  1.152	  0.002
13	  0.720	 38.009	  1.004	  1.152	  0.002
14	  0.720	 40.787	  1.004	  1.152	  0.002
15	  0.720	 43.565	  1.004	  1.152	  0.002
16	  0.720	 46.342	  1.004	  1.152	  0.002
17	  0.720	 49.120	  1.004	  1.152	  0.002
18	  0.720	 51.898	  1.004	  1.152	  0.002
19	  0.720	 54.676	  1.004	  1.152	  0.002
20	  0.720	 57.453	  1.004	  1.152	  0.002
21	  0.720	 60.231	  1.004	  1.152	  0.002
22	  0.720	 63.009	  1.004	  1.152	  0.002
23	  0.720	 65.787	  1.004	  1.152	  0.002
24	  0.720	 68.565	  1.004	  1.152	  0.002
25	  0.720	 71.342	  1.004	  1.152	  0.002
26	  0.720	 74.120	  1.004	  1.152	  0.002
27	  0.720	 76.898	  1.004	  1.152	  0.002
28	  0.720	 79.676	  1.004	  1.152	  0.002
29	  0.720	 82.453	  1.004	  1.152	  0.002
30	  0.720	 85.231	  1.004	  1.152	  0.002
31	  0.720	 88.009	  1.004	  1.152	  0.002
32	  0.720	 90.787	  1.004	  1.152	  0.002
33	  0.720	 93.565	  1.004	  1.152	  0.002
34	  0.720	 96.342	  1.004	  1.152	  0.002
35	  0.720	 99.120	  1.004	  1.152	  0.002
0	  0.840	  2.040	  1.004	  1.227	  0.002
1	  0.840	  4.818	  1.004	  1.227	  0.002
2	  0.840	  7.596	  1.004	  1.227	  0.002
3	  0.840	 10.374	  1.004	  1.227	  0.002
4	  0.840	 13.152	  1.004	  1.227	  0.002
5	  0.840	 15.929	  1.004	  1.227	  0.002
6	  0.840	 18.707	  1.004	  1.227	  0.002
7	  0.840	 21.485	  1.004	  1.227	  0.002
8	  0.840	 24.263	  1.004	  1.227	  0.002
9	  0.840	 27.040	  1.004	  1.227	  0.002
10	  0.840	 29.818	  1.004	  1.227	  0.002
11	  0.840	 32.596	  1.004	  1.227	  0.002
12	  0.840	 35.374	  1.004	  1.227	  0.002
13	  0.840	 38.152	  1.004	  1.227	  0.002
14	  0.840	 40.929	  1.004	  1.227	  0.002
15	  0.840	 43.707	  1.004	  1.227	  0.002
16	  0.840	 46.485	  1.004	  1.227	  0.002
17	  0.840	 49.263	  1.004	  1.227	  0.002
18	  0.840	 52.040	  1.004	  1.227	  0.002
19	  0.840	 54.818	  1.004	  1.227	  0.002
20	  0.840	 57.596	  1.004	  1.227	  0.002
21	  0.840	 60.374	  1.004	  1.227	  0.002
22	  0.840	 63.152	  1.004	  1.227	  0.002
23	  0.840	 65.929	  1.004	  1.227	  0.002
24	  0.840	 68.707	  1.004	  1.227	  0.002
25	  0.840	 71.485	  1.004	  1.227	  0.002
26	  0.840	 74.263	  1.004	  1.227	  0.002
27	  0.840	 77.040	  1.004	  1.227	  0.002
28	  0.840	 79.818	  1.004	  1.227	  0.002
29	  0.840	 82.596	  1.004	  1.227	  0.002
30	  0.840	 85.374	  1.004	  1.227	  0.002
31	  0.840	 88.152	  1.004	  1.227	  0.002
32	  0.840	 90.929	  1.004	  1.227	  0.002
33	  0.840	 93.707	  1.004	  1.227	  0.002
34	  0.840	 96.485	  1.004	  1.227	  0.002
35	  0.840	 99.263	  1.004	  1.227	  0.002
0	  0.960	  2.191	  1.004	  1.286	  0.001
1	  0.960	  4.969	  1.004	  1.286	  0.001
2	  0.960	  7.747	  1.004	  1.286	  0.001
3	  0.960	 10.524	  1.004	  1.286	  0.001
4	  0.960	 13.302	  1.004	  1.286	  0.001
5	  0.960	 16.080	  1.004	  1.286	  0.001
6	  0.960	 18.858	  1.004	  1.286	  0.001
7	  0.960	 21.635	  1.004	  1.286	  0.001
8	  0.960	 24.413	  1.004	  1.286	  0.001
9	  0.960	 27.191	  1.004	  1.286	  0.001
10	  0.960	 29.969	  1.004	  1.286	  0.001
11	  0.960	 32.747	  1.004	  1.286	  0.001
12	  0.960	 35.524	  1.004	  1.286	  0.001
13	  0.960	 38.302	  1.004	  1.286	  0.001
14	  0.960	 41.080	  1.004	  1.286	  0.001
15	  0.960	 43.858	  1.004	  1.286	  0.001
16	  0.960	 46.635	  1.004	  1.286	  0.001
17	  0.960	 49.413	  1.004	  1.286	  0.001
18	  0.960	 52.191	  1.004	  1.286	  0.001
19	  0.960	 54.969	  1.004	  1.286	  0.001
20	  0.960	 57.747	  1.004	  1.286	  0.001
21	  0.960	 60.524	  1.004	  1.286	  0.001
22	  0.960	 63.302	  1.004	  1.286	  0.001
23	  0.960	 66.080	  1.004	  1.286	  0.001
24	  0.960	 68.858	  1.004	  1.286	  0.001
25	  0.960	 71.635	  1.004	  1.286	  0.001
26	  0.960	 74.413	  1.004	  1.286	  0.001
27	  0.960	 77.191	  1.004	  1.286	  0.001
28	  0.960	 79.969	  1.004	  1.286	  0.001
29	  0.960	 82.747	  1.004	  1.286	  0.001
30	  0.960	 85.524	  1.004	  1.286	  0.001
31	  0.960	 88.302	  1.004	  1.286	  0.001
32	  0.960	 91.080	  1.004	  1.286	  0.001
33	  0.960	 93.858	  1.004	  1.286	  0.001
34	  0.960	 96.635	  1.004	  1.286	  0.001
35	  0.960	 99.413	  1.004	  1.286	  0.001
0	  1.080	  2.348	  1.004	  1.332	  0.001
1	  1.080	  5.126	  1.004	  1.332	  0.001
2	  1.080	  7.904	  1.004	  1.332	  0.001
3	  1.080	 10.681	  1.004	  1.332	  0.001
4	  1.080	 13.459	  1.004	  1.332	  0.001
5	  1.080	 16.237	  1.004	  1.332	  0.001
6	  1.080	 19.015	  1.004	  1.332	  0.001
7	  1.080	 21.792	  1.004	  1.332	  0.001
8	  1.080	 24.570	  1.004	  1.332	  0.001
9	  1.080	 27.348	  1.004	  1.332	  0.001
10	  1.080	 30.126	  1.004	  1.332	  0.001
11	  1.080	 32.904	  1.004	  1.332	  0.001
12	  1.080	 35.681	  1.004	  1.332	  0.001
13	  1.080	 38.459	  1.004	  1.332	  0.001
14	  1.080	 41.237	  1.004	  1.332	  0.001
15	  1.080	 44.015	  1.004	  1.332	  0.001
16	  1.080	 46.792	  1.004	  1.332	  0.001
17	  1.080	 49.570	  1.004	  1.332	  0.001
18	  1.080	 52.348	  1.004	  1.332	  0.001
19	  1.080	 55.126	  1.004	  1.332	  0.001
20	  1.080	 57.904	  1.004	  1.332	  0.001
21	  1.080	 60.681	  1.004	  1.332	  0.001
22	  1.080	 63.459	  1.004	  1.332	  0.001
23	  1.080	 66.237	  1.004	  1.332	  0.001
24	  1.080	 69.015	  1.004	  1.332	  0.001
25	  1.080	 71.792	  1.004	  1.332	  0.001
26	  1.080	 74.570	  1.004	  1.332	  0.001
27	  1.080	 77.348	  1.004	  1.332	  0.001
28	  1.080	 80.126	  1.004	  1.332	  0.001
29	  1.080	 82.904	  1.004	  1.332	  0.001
30	  1.080	 85.681	  1.004	  1.332	  0.001
31	  1.080	 88.459	  1.004	  1.332	  0.001
32	  1.080	 91.237	  1.004	  1.332	  0.001
33	  1.080	 94.015	  1.004	  1.332	  0.001
34	  1.080	 96.792	  1.004	  1.332	  0.001
35	  1.080	 99.570	  1.004	  1.332	  0.001
0	  1.200	  2.510	  1.005	  1.368	  0.001
1	  1.200	  5.288	  1.005	  1.368	  0.001
2	  1.200	  8.065	  1.005	  1.368	  0.001
3	  1.200	 10.843	  1.005	  1.368	  0.001
4	  1.200	 13.621	  1.005	  1.368	  0.001
5	  1.200	 16.399	  1.005	  1.368	  0.001
6	  1.200	 19.177	  1.005	  1.368	  0.001
7	  1.200	 21.954	  1.005	  1.368	  0.001
8	  1.200	 24.732	  1.005	  1.368	  0.001
9	  1.200	 27.510	  1.005	  1.368	  0.001
10	  1.200	 30.288	  1.005	  1.368	  0.001
11	  1.200	 33.065	  1.005	  1.368	  0.001
12	  1.200	 35.843	  1.005	  1.368	  0.001
13	  1.200	 38.621	  1.005	  1.368	  0.001
14	  1.200	 41.399	  1.005	  1.368	  0.001
15	  1.200	 44.177	  1.005	  1.368	  0.001
16	  1.200	 46.954	  1.005	  1.368	  0.001
17	  1.200	 49.732	  1.005	  1.368	  0.001
18	  1.200	 52.510	  1.005	  1.368	  0.001
19	  1.200	 55.288	  1.005	  1.368	  0.001
20	  1.200	 58.065	  1.005	  1.368	  0.001
21	  1.200	 60.843	  1.005	  1.368	  0.001
22	  1.200	 63.621	  1.005	  1.368	  0.001
23	  1.200	 66.399	  1.005	  1.368	  0.001
24	  1.200	 69.177	  1.005	  1.368	  0.001
25	  1.200	 71.954	  1.005	  1.368	  0.001
26	  1.200	 74.732	  1.005	  1.368	  0.001
27	  1.200	 77.510	  1.005	  1.368	  0.001
28	  1.200	 80.288	  1.005	  1.368	  0.001
29	  1.200	 83.065	  1.005	  1.368	  0.001
30	  1.200	 85.843	  1.005	  1.368	  0.001
31	  1.200	 88.621	  1.005	  1.368	  0.001
32	  1.200	 91.399	  1.005	  1.368	  0.001
33	  1.200	 94.177	  1.005	  1.368	  0.001
34	  1.200	 96.954	  1.005	  1.368	  0.001
35	  1.200	 99.732	  1.005	  1.368	  0.001
0	  1.320	  2.676	  1.005	  1.396	  0.001
1	  1.320	  5.453	  1.005	  1.396	  0.001
2	  1.320	  8.231	  1.005	  1.396	  0.001
3	  1.320	 11.009	  1.005	  1.396	  0.001
4	  1.320	 13.787	  1.005	  1.396	  0.001
5	  1.320	 16.565	  1.005	  1.396	  0.001
6	  1.320	 19.342	  1.005	  1.396	  0.001
7	  1.320	 22.120	  1.005	  1.396	  0.001
8	  1.320	 24.898	  1.005	  1.396	  0.001
9	  1.320	 27.676	  1.005	  1.396	  0.001
10	  1.320	 30.453	  1.005	  1.396	  0.001
11	  1.320	 33.231	  1.005	  1.396	  0.001
12	  1.320	 36.009	  1.005	  1.396	  0.001
13	  1.320	 38.787	  1.005	  1.396	  0.001
14	  1.320	 41.565	  1.005	  1.396	  0.001
15	  1.320	 44.342	  1.005	  1.396	  0.001
16	  1.320	 47.120	  1.005	  1.396	  0.001
17	  1.320	 49.898	  1.005	  1.396	  0.001
18	  1.320	 52.676	  1.005	  1.396	  0.001
19	  1.320	 55.453	  1.005	  1.396	  0.001
20	  1.320	 58.231	  1.005	  1.396	  0.001
21	  1.320	 61.009	  1.005	  1.396	  0.001
22	  1.320	 63.787	  1.005	  1.396	  0.001
23	  1.320	 66.565	  1.005	  1.396	  0.001
24	  1.320	 69.342	  1.005	  1.396	  0.001
25	  1.320	 72.120	  1.005	  1.396	  0.001
26	  1.320	 74.898	  1.005	  1.396	  0.001
27	  1.320	 77.676	  1.005	  1.396	  0.001
28	  1.320	 80.453	  1.005	  1.396	  0.001
29	  1.320	 83.231	  1.005	  1.396	  0.001
30	  1.320	 86.009	  1.005	  1.396	  0.001
31	  1.320	 88.787	  1.005	  1.396	  0.001
32	  1.320	 91.565	  1.005	  1.396	  0.001
33	  1.320	 94.342	  1.005	  1.396	  0.001
34	  1.320	 97.120	  1.005	  1.396	  0.001
35	  1.320	 99.898	  1.005	  1.396	  0.001
0	  1.440	  2.845	  1.005	  1.419	  0.001
1	  1.440	  5.622	  1.005	  1.419	  0.001
2	  1.440	  8.400	  1.005	  1.419	  0.001
3	  1.440	 11.178	  1.005	  1.419	  0.001
4	  1.440	 13.956	  1.005	  1.419	  0.001
5	  1.440	 16.733	  1.005	  1.419	  0.001
6	  1.440	 19.511	  1.005	  1.419	  0.001
7	  1.440	 22.289	  1.005	  1.419	  0.001
8	  1.440	 25.067	  1.005	  1.419	  0.001
9	  1.440	 27.845	  1.005	  1.419	  0.001
10	  1.440	 30.622	  1.005	  1.419	  0.001
11	  1.440	 33.400	  1.005	  1.419	  0.001
12	  1.440	 36.178	  1.005	  1.419	  0.001
13	  1.440	 38.956	  1.005	  1.419	  0.001
14	  1.440	 41.733	  1.005	  1.419	  0.001
15	  1.440	 44.511	  1.005	  1.419	  0.001
16	  1.440	 47.289	  1.005	  1.419	  0.001
17	  1.440	 50.067	  1.005	  1.419	  0.001
18	  1.440	 52.845	  1.005	  1.419	  0.001
19	  1.440	 55.622	  1.005	  1.419	  0.001
20	  1.440	 58.400	  1.005	  1.419	  0.001
21	  1.440	 61.178	  1.005	  1.419	  0.001
22	  1.440	 63.956	  1.005	  1.419	  0.001
23	  1.440	 66.733	  1.005	  1.419	  0.001
24	  1.440	 69.511	  1.005	  1.419	  0.001
25	  1.440	 72.289	  1.005	  1.419	  0.001
26	  1.440	 75.067	  1.005	  1.419	  0.001
27	  1.440	 77.845	  1.005	  1.419	  0.001
28	  1.440	 80.622	  1.005	  1.419	  0.001
29	  1.440	 83.400	  1.005	  1.419	  0.001
30	  1.440	 86.178	  1.005	  1.419	  0.001
31	  1.440	 88.956	  1.005	  1.419	  0.001
32	  1.440	 91.733	  1.005	  1.419	  0.001
33	  1.440	 94.511	  1.005	  1.419	  0.001
34	  1.440	 97.289	  1.005	  1.419	  0.001
35	  1.440	100.067	  1.005	  1.419	  0.001
0	  1.560	  3.016	  1.005	  1.436	  0.000
1	  1.560	  5.794	  1.005	  1.436	  0.000
2	  1.560	  8.571	  1.005	  1.436	  0.000
3	  1.560	 11.349	  1.005	  1.436	  0.000
4	  1.560	 14.127	  1.005	  1.436	  0.000
5	  1.560	 16.905	  1.005	  1.436	  0.000
6	  1.560	 19.682	  1.005	  1.436	  0.000
7	  1.560	 22.460	  1.005	  1.436	  0.000
8	  1.560	 25.238	  1.005	  1.436	  0.000
9	  1.560	 28.016	  1.005	  1.436	  0.000
10	  1.560	 30.794	  1.005	  1.436	  0.000
11	  1.560	 33.571	  1.005	  1.436	  0.000
12	  1.560	 36.349	  1.005	  1.436	  0.000
13	  1.560	 39.127	  1.005	  1.436	  0.000
14	  1.560	 41.905	  1.005	  1.436	  0.000
15	  1.560	 44.682	  1.005	  1.436	  0.000
16	  1.560	 47.460	  1.005	  1.436	  0.000
17	  1.560	 50.238	  1.005	  1.436	  0.000
18	  1.560	 53.016	  1.005	  1.436	  0.000
19	  1.560	 55.794	  1.005	  1.436	  0.000
20	  1.560	 58.571	  1.005	  1.436	  0.000
21	  1.560	 61.349	  1.005	  1.436	  0.000
22	  1.560	 64.127	  1.005	  1.436	  0.000
23	  1.560	 66.905	  1.005	  1.436	  0.000
24	  1.560	 69.682	  1.005	  1.436	  0.000
25	  1.560	 72.460	  1.005	  1.436	  0.000
26	  1.560	 75.238	  1.005	  1.436	  0.000
27	  1.560	 78.016	  1.005	  1.436	  0.000
28	  1.560	 80.794	  1.005	  1.436	  0.000
29	  1.560	 83.571	  1.005	  1.436	  0.000
30	  1.560	 86.349	  1.005	  1.436	  0.000
31	  1.560	 89.127	  1.005	  1.436	  0.000
32	  1.560	 91.905	  1.005	  1.436	  0.000
33	  1.560	 94.682	  1.005	  1.436	  0.000
34	  1.560	 97.460	  1.005	  1.436	  0.000
35	  1.560	100.238	  1.005	  1.436	  0.000
0	  1.680	  3.189	  1.005	  1.450	  0.000
1	  1.680	  5.967	  1.005	  1.450	  0.000
2	  1.680	  8.744	  1.005	  1.450	  0.000
3	  1.680	 11.522	  1.005	  1.450	  0.000
4	  1.680	 14.300	  1.005	  1.450	  0.000
5	  1.680	 17.078	  1.005	  1.450	  0.000
6	  1.680	 19.856	  1.005	  1.450	  0.000
7	  1.680	 22.633	  1.005	  1.450	  0.000
8	  1.680	 25.411	  1.005	  1.450	  0.000
9	  1.680	 28.189	  1.005	  1.450	  0.000
10	  1.680	 30.967	  1.005	  1.450	  0.000
11	  1.680	 33.744	  1.005	  1.450	  0.000
12	  1.680	 36.522	  1.005	  1.450	  0.000
13	  1.680	 39.300	  1.005	  1.450	  0.000
14	  1.680	 42.078	  1.005	  1.450	  0.000
15	  1.680	 44.856	  1.005	  1.450	  0.000
16	  1.680	 47.633	  1.005	  1.450	  0.000
17	  1.680	 50.411	  1.005	  1.450	  0.000
18	  1.680	 53.189	  1.005	  1.450	  0.000
19	  1.680	 55.967	  1.005	  1.450	  0.000
20	  1.680	 58.744	  1.005	  1.450	  0.000
21	  1.680	 61.522	  1.005	  1.450	  0.000
22	  1.680	 64.300	  1.005	  1.450	  0.000
23	  1.680	 67.078	  1.005	  1.450	  0.000
24	  1.680	 69.856	  1.005	  1.450	  0.000
25	  1.680	 72.633	  1.005	  1.450	  0.000
26	  1.680	 75.411	  1.005	  1.450	  0.000
27	  1.680	 78.189	  1.005	  1.450	  0.000
28	  1.680	 80.967	  1.005	  1.450	  0.000
29	  1.680	 83.744	  1.005	  1.450	  0.000
30	  1.680	 86.522	  1.005	  1.450	  0.000
31	  1.680	 89.300	  1.005	  1.450	  0.000
32	  1.680	 92.078	  1.005	  1.450	  0.000
33	  1.680	 94.856	  1.005	  1.450	  0.000
34	  1.680	 97.633	  1.005	  1.450	  0.000
35	  1.680	100.411	  1.005	  1.450	  0.000
0	  1.800	  3.364	  1.005	  1.461	  0.000
1	  1.800	  6.141	  1.005	  1.461	  0.000
2	  1.800	  8.919	  1.005	  1.461	  0.000
3	  1.800	 11.697	  1.005	  1.461	  0.000
4	  1.800	 14.475	  1.005	  1.461	  0.000
5	  1.800	 17.252	  1.005	  1.461	  0.000
6	  1.800	 20.030	  1.005	  1.461	  0.000
7	  1.800	 22.808	  1.005	  1.461	  0.000
8	  1.800	 25.586	  1.005	  1.461	  0.000
9	  1.800	 28.364	  1.005	  1.461	  0.000
10	  1.800	 31.141	  1.005	  1.461	  0.000
11	  1.800	 33.919	  1.005	  1.461	  0.000
12	  1.800	 36.697	  1.005	  1.461	  0.000
13	  1.800	 39.475	  1.005	  1.461	  0.000
14	  1.800	 42.252	  1.005	  1.461	  0.000
15	  1.800	 45.030	  1.005	  1.461	  0.000
16	  1.800	 47.808	  1.005	  1.461	  0.000
17	  1.800	 50.586	  1.005	  1.461	  0.000
18	  1.800	 53.364	  1.005	  1.461	  0.000
19	  1.800	 56.141	  1.005	  1.461	  0.000
20	  1.800	 58.919	  1.005	  1.461	  0.000
21	  1.800	 61.697	  1.005	  1.461	  0.000
22	  1.800	 64.475	  1.005	  1.461	  0.000
23	  1.800	 67.252	  1.005	  1.461	  0.000
24	  1.800	 70.030	  1.005	  1.461	  0.000
25	  1.800	 72.808	  1.005	  1.461	  0.000
26	  1.800	 75.586	  1.005	  1.461	  0.000
27	  1.800	 78.364	  1.005	  1.461	  0.000
28	  1.800	 81.141	  1.005	  1.461	  0.000
29	  1.800	 83.919	  1.005	  1.461	  0.000
30	  1.800	 86.697	  1.005	  1.461	  0.000
31	  1.800	 89.475	  1.005	  1.461	  0.000
32	  1.800	 92.252	  1.005	  1.461	  0.000
33	  1.800	 95.030	  1.005	  1.461	  0.000
34	  1.800	 97.808	  1.005	  1.461	  0.000
35	  1.800	100.586	  1.005	  1.461	  0.000
0	  1.920	  3.539	  1.005	  1.469	  0.000
1	  1.920	  6.317	  1.005	  1.469	  0.000
2	  1.920	  9.095	  1.005	  1.469	  0.000
3	  1.920	 11.873	  1.005	  1.469	  0.000
4	  1.920	 14.650	  1.005	  1.469	  0.000
5	  1.920	 17.428	  1.005	  1.469	  0.000
6	  1.920	 20.206	  1.005	  1.469	  0.000
7	  1.920	 22.984	  1.005	  1.469	  0.000
8	  1.920	 25.762	  1.005	  1.469	  0.000
9	  1.920	 28.539	  1.005	  1.469	  0.000
10	  1.920	 31.317	  1.005	  1.469	  0.000
11	  1.920	 34.095	  1.005	  1.469	  0.000
12	  1.920	 36.873	  1.005	  1.469	  0.000
13	  1.920	 39.650	  1.005	  1.469	  0.000
14	  1.920	 42.428	  1.005	  1.469	  0.000
15	  1.920	 45.206	  1.005	  1.469	  0.000
16	  1.920	 47.984	  1.005	  1.469	  0.000
17	  1.920	 50.762	  1.005	  1.469	  0.000
18	  1.920	 53.539	  1.005	  1.469	  0.000
19	  1.920	 56.317	  1.005	  1.469	  0.000
20	  1.920	 59.095	  1.005	  1.469	  0.000
21	  1.920	 61.873	  1.005	  1.469	  0.000
22	  1.920	 64.650	  1.005	  1.469	  0.000
23	  1.920	 67.428	  1.005	  1.469	  0.000
24	  1.920	 70.206	  1.005	  1.469	  0.000
25	  1.920	 72.984	  1.005	  1.469	  0.000
26	  1.920	 75.762	  1.005	  1.469	  0.000
27	  1.920	 78.539	  1.005	  1.469	  0.000
28	  1.920	 81.317	  1.005	  1.469	  0.000
29	  1.920	 84.095	  1.005	  1.469	  0.000
30	  1.920	 86.873	  1.005	  1.469	  0.000
31	  1.920	 89.650	  1.005	  1.469	  0.000
32	  1.920	 92.428	  1.005	  1.469	  0.000
33	  1.920	 95.206	  1.005	  1.469	  0.000
34	  1.920	 97.984	  1.005	  1.469	  0.000
35	  1.920	100.762	  1.005	  1.469	  0.000
0	  2.040	  3.716	  1.005	  1.476	  0.000
1	  2.040	  6.494	  1.005	  1.476	  0.000
2	  2.040	  9.272	  1.005	  1.476	  0.000
3	  2.040	 12.049	  1.005	  1.476	  0.000
4	  2.040	 14.827	  1.005	  1.476	  0.000
5	  2.040	 17.605	  1.005	  1.476	  0.000
6	  2.040	 20.383	  1.005	  1.476	  0.000
7	  2.040	 23.160	  1.005	  1.476	  0.000
8	  2.040	 25.938	  1.005	  1.476	  0.000
9	  2.040	 28.716	  1.005	  1.476	  0.000
10	  2.040	 31.494	  1.005	  1.476	  0.000
11	  2.040	 34.272	  1.005	  1.476	  0.000
12	  2.040	 37.049	  1.005	  1.476	  0.000
13	  2.040	 39.827	  1.005	  1.476	  0.000
14	  2.040	 42.605	  1.005	  1.476	  0.000
15	  2.040	 45.383	  1.005	  1.476	  0.000
16	  2.040	 48.160	  1.005	  1.476	  0.000
17	  2.040	 50.938	  1.005	  1.476	  0.000
18	  2.040	 53.716	  1.005	  1.476	  0.000
19	  2.040	 56.494	  1.005	  1.476	  0.000
20	  2.040	 59.272	  1.005	  1.476	  0.000
21	  2.040	 62.049	  1.005	  1.476	  0.000
22	  2.040	 64.827	  1.005	  1.476	  0.000
23	  2.040	 67.605	  1.005	  1.476	  0.000
24	  2.040	 70.383	  1.005	  1.476	  0.000
25	  2.040	 73.160	  1.005	  1.476	  0.000
26	  2.040	 75.938	  1.005	  1.476	  0.000
27	  2.040	 78.716	  1.005	  1.476	  0.000
28	  2.040	 81.494	  1.005	  1.476	  0.000
29	  2.040	 84.272	  1.005	  1.476	  0.000
30	  2.040	 87.049	  1.005	  1.476	  0.000
31	  2.040	 89.827	  1.005	  1.476	  0.000
32	  2.040	 92.605	  1.005	  1.476	  0.000
33	  2.040	 95.383	  1.005	  1.476	  0.000
34	  2.040	 98.160	  1.005	  1.476	  0.000
35	  2.040	100.938	  1.005	  1.476	  0.000
0	  2.160	  3.893	  1.005	  1.481	  0.000
1	  2.160	  6.671	  1.005	  1.481	  0.000
2	  2.160	  9.449	  1.005	  1.481	  0.000
3	  2.160	 12.227	  1.005	  1.481	  0.000
4	  2.160	 15.004	  1.005	  1.481	  0.000
5	  2.160	 17.782	  1.005	  1.481	  0.000
6	  2.160	 20.560	  1.005	  1.481	  0.000
7	  2.160	 23.338	  1.005	  1.481	  0.000
8	  2.160	 26.116	  1.005	  1.481	  0.000
9	  2.160	 28.893	  1.005	  1.481	  0.000
10	  2.160	 31.671	  1.005	  1.481	  0.000
11	  2.160	 34.449	  1.005	  1.481	  0.000
12	  2.160	 37.227	  1.005	  1.481	  0.000
13	  2.160	 40.004	  1.005	  1.481	  0.000
14	  2.160	 42.782	  1.005	  1.481	  0.000
15	  2.160	 45.560	  1.005	  1.481	  0.000
16	  2.160	 48.338	  1.005	  1.481	  0.000
17	  2.160	 51.116	  1.005	  1.481	  0.000
18	  2.160	 53.893	  1.005	  1.481	  0.000
19	  2.160	 56.671	  1.005	  1.481	  0.000
20	  2.160	 59.449	  1.005	  1.481	  0.000
21	  2.160	 62.227	  1.005	  1.481	  0.000
22	  2.160	 65.004	  1.005	  1.481	  0.000
23	  2.160	 67.782	  1.005	  1.481	  0.000
24	  2.160	 70.560	  1.005	  1.481	  0.000
25	  2.160	 73.338	  1.005	  1.481	  0.000
26	  2.160	 76.116	  1.005	  1.481	  0.000
27	  2.160	 78.893	  1.005	  1.481	  0.000
28	  2.160	 81.671	  1.005	  1.481	  0.000
29	  2.160	 84.449	  1.005	  1.481	  0.000
30	  2.160	 87.227	  1.005	  1.481	  0.000
31	  2.160	 90.004	  1.005	  1.481	  0.000
32	  2.160	 92.782	  1.005	  1.481	  0.000
33	  2.160	 95.560	  1.005	  1.481	  0.000
34	  2.160	 98.338	  1.005	  1.481	  0.000
35	  2.160	101.116	  1.005	  1.481	  0.000
0	  2.280	  4.071	  1.005	  1.485	  0.000
1	  2.280	  6.849	  1.005	  1.485	  0.000
2	  2.280	  9.627	  1.005	  1.485	  0.000
3	  2.280	 12.405	  1.005	  1.485	  0.000
4	  2.280	 15.182	  1.005	  1.485	  0.000
5	  2.280	 17.960	  1.005	  1.485	  0.000
6	  2.280	 20.738	  1.005	  1.485	  0.000
7	  2.280	 23.516	  1.005	  1.485	  0.000
8	  2.280	 26.294	  1.005	  1.485	  0.000
9	  2.280	 29.071	  1.005	  1.485	  0.000
10	  2.280	 31.849	  1.005	  1.485	  0.000
11	  2.280	 34.627	  1.005	  1.485	  0.000
12	  2.280	 37.405	  1.005	  1.485	  0.000
13	  2.280	 40.182	  1.005	  1.485	  0.000
14	  2.280	 42.960	  1.005	  1.485	  0.000
15	  2.280	 45.738	  1.005	  1.485	  0.000
16	  2.280	 48.516	  1.005	  1.485	  0.000
17	  2.280	 51.294	  1.005	  1.485	  0.000
18	  2.280	 54.071	  1.005	  1.485	  0.000
19	  2.280	 56.849	  1.005	  1.485	  0.000
20	  2.280	 59.627	  1.005	  1.485	  0.000
21	  2.280	 62.405	  1.005	  1.485	  0.000
22	  2.280	 65.182	  1.005	  1.485	  0.000
23	  2.280	 67.960	  1.005	  1.485	  0.000
24	  2.280	 70.738	  1.005	  1.485	  0.000
25	  2.280	 73.516	  1.005	  1.485	  0.000
26	  2.280	 76.294	  1.005	  1.485	  0.000
27	  2.280	 79.071	  1.005	  1.485	  0.000
28	  2.280	 81.849	  1.005	  1.485	  0.000
29	  2.280	 84.627	  1.005	  1.485	  0.000
30	  2.280	 87.405	  1.005	  1.485	  0.000
31	  2.280	 90.182	  1.005	  1.485	  0.000
32	  2.280	 92.960	  1.005	  1.485	  0.000
33	  2.280	 95.738	  1.005	  1.485	  0.000
34	  2.280	 98.516	  1.005	  1.485	  0.000
35	  2.280	101.294	  1.005	  1.485	  0.000
0	  2.400	  4.250	  1.005	  1.488	  0.000
1	  2.400	  7.028	  1.005	  1.488	  0.000
2	  2.400	  9.805	  1.005	  1.488	  0.000
3	  2.400	 12.583	  1.005	  1.488	  0.000
4	  2.400	 15.361	  1.005	  1.488	  0.000
5	  2.400	 18.139	  1.005	  1.488	  0.000
6	  2.400	 20.916	  1.005	  1.488	  0.000
7	  2.400	 23.694	  1.005	  1.488	  0.000
8	  2.400	 26.472	  1.005	  1.488	  0.000
9	  2.400	 29.250	  1.005	  1.488	  0.000
10	  2.400	 32.028	  1.005	  1.488	  0.000
11	  2.400	 34.805	  1.005	  1.488	  0.000
12	  2.400	 37.583	  1.005	  1.488	  0.000
13	  2.400	 40.361	  1.005	  1.488	  0.000
14	  2.400	 43.139	  1.005	  1.488	  0.000
15	  2.400	 45.916	  1.005	  1.488	  0.000
16	  2.400	 48.694	  1.005	  1.488	  0.000
17	  2.400	 51.472	  1.005	  1.488	  0.000
18	  2.400	 54.250	  1.005	  1.488	  0.000
19	  2.400	 57.028	  1.005	  1.488	  0.000
20	  2.400	 59.805	  1.005	  1.488	  0.000
21	  2.400	 62.583	  1.005	  1.488	  0.000
22	  2.400	 65.361	  1.005	  1.488	  0.000
23	  2.400	 68.139	  1.005	  1.488	  0.000
24	  2.400	 70.916	  1.005	  1.488	  0.000
25	  2.400	 73.694	  1.005	  1.488	  0.000
26	  2.400	 76.472	  1.005	  1.488	  0.000
27	  2.400	 79.250	  1.005	  1.488	  0.000
28	  2.400	 82.028	  1.005	  1.488	  0.000
29	  2.400	 84.805	  1.005	  1.488	  0.000
30	  2.400	 87.583	  1.005	  1.488	  0.000
31	  2.400	 90.361	  1.005	  1.488	  0.000
32	  2.400	 93.139	  1.005	  1.488	  0.000
33	  2.400	 95.916	  1.005	  1.488	  0.000
34	  2.400	 98.694	  1.005	  1.488	  0.000
35	  2.400	101.472	  1.005	  1.488	  0.000
0	  2.520	  4.428	  1.005	  1.491	  0.000
1	  2.520	  7.206	  1.005	  1.491	  0.000
2	  2.520	  9.984	  1.005	  1.491	  0.000
3	  2.520	 12.762	  1.005	  1.491	  0.000
4	  2.520	 15.540	  1.005	  1.491	  0.000
5	  2.520	 18.317	  1.005	  1.491	  0.000
6	  2.520	 21.095	  1.005	  1.491	  0.000
7	  2.520	 23.873	  1.005	  1.491	  0.000
8	  2.520	 26.651	  1.005	  1.491	  0.000
9	  2.520	 29.428	  1.005	  1.491	  0.000
10	  2.520	 32.206	  1.005	  1.491	  0.000
11	  2.520	 34.984	  1.005	  1.491	  0.000
12	  2.520	 37.762	  1.005	  1.491	  0.000
13	  2.520	 40.540	  1.005	  1.491	  0.000
14	  2.520	 43.317	  1.005	  1.491	  0.000
15	  2.520	 46.095	  1.005	  1.491	  0.000
16	  2.520	 48.873	  1.005	  1.491	  0.000
17	  2.520	 51.651	  1.005	  1.491	  0.000
18	  2.520	 54.428	  1.005	  1.491	  0.000
19	  2.520	 57.206	  1.005	  1.491	  0.000
20	  2.520	 59.984	  1.005	  1.491	  0.000
21	  2.520	 62.762	  1.005	  1.491	  0.000
22	  2.520	 65.540	  1.005	  1.491	  0.000
23	  2.520	 68.317	  1.005	  1.491	  0.000
24	  2.520	 71.095	  1.005	  1.491	  0.000
25	  2.520	 73.873	  1.005	  1.491	  0.000
26	  2.520	 76.651	  1.005	  1.491	  0.000
27	  2.520	 79.428	  1.005	  1.491	  0.000
28	  2.520	 82.206	  1.005	  1.491	  0.000
29	  2.520	 84.984	  1.005	  1.491	  0.000
30	  2.520	 87.762	  1.005	  1.491	  0.000
31	  2.520	 90.540	  1.005	  1.491	  0.000
32	  2.520	 93.317	  1.005	  1.491	  0.000
33	  2.520	 96.095	  1.005	  1.491	  0.000
34	  2.520	 98.873	  1.005	  1.491	  0.000
35	  2.520	101.651	  1.005	  1.491	  0.000
0	  2.640	  4.607	  1.005	  1.493	  0.000
1	  2.640	  7.385	  1.005	  1.493	  0.000
2	  2.640	 10.163	  1.005	  1.493	  0.000
3	  2.640	 12.941	  1.005	  1.493	  0.000
4	  2.640	 15.719	  1.005	  1.493	  0.000
5	  2.640	 18.496	  1.005	  1.493	  0.000
6	  2.640	 21.274	  1.005	  1.493	  0.000
7	  2.640	 24.052	  1.005	  1.493	  0.000
8	  2.640	 26.830	  1.005	  1.493	  0.000
9	  2.640	 29.607	  1.005	  1.493	  0.000
10	  2.640	 32.385	  1.005	  1.493	  0.000
11	  2.640	 35.163	  1.005	  1.493	  0.000
12	  2.640	 37.941	  1.005	  1.493	  0.000
13	  2.640	 40.719	  1.005	  1.493	  0.000
14	  2.640	 43.496	  1.005	  1.493	  0.000
15	  2.640	 46.274	  1.005	  1.493	  0.000
16	  2.640	 49.052	  1.005	  1.493	  0.000
17	  2.640	 51.830	  1.005	  1.493	  0.000
18	  2.640	 54.607	  1.005	  1.493	  0.000
19	  2.640	 57.385	  1.005	  1.493	  0.000
20	  2.640	 60.163	  1.005	  1.493	  0.000
21	  2.640	 62.941	  1.005	  1.493	  0.000
22	  2.640	 65.719	  1.005	  1.493	  0.000
23	  2.640	 68.496	  1.005	  1.493	  0.000
24	  2.640	 71.274	  1.005	  1.493	  0.000
25	  2.640	 74.052	  1.005	  1.493	  0.000
26	  2.640	 76.830	  1.005	  1.493	  0.000
27	  2.640	 79.607	  1.005	  1.493	  0.000
28	  2.640	 82.385	  1.005	  1.493	  0.000
29	  2.640	 85.163	  1.005	  1.493	  0.000
30	  2.640	 87.941	  1.005	  1.493	  0.000
31	  2.640	 90.719	  1.005	  1.493	  0.000
32	  2.640	 93.496	  1.005	  1.493	  0.000
33	  2.640	 96.274	  1.005	  1.493	  0.000
34	  2.640	 99.052	  1.005	  1.493	  0.000
35	  2.640	101.830	  1.005	  1.493	  0.000
0	  2.760	  4.787	  1.005	  1.494	  0.000
1	  2.760	  7.564	  1.005	  1.494	  0.000
2	  2.760	 10.342	  1.005	  1.494	  0.000
3	  2.760	 13.120	  1.005	  1.494	  0.000
4	  2.760	 15.898	  1.005	  1.494	  0.000
5	  2.760	 18.676	  1.005	  1.494	  0.000
6	  2.760	 21.453	  1.005	  1.494	  0.000
7	  2.760	 24.231	  1.005	  1.494	  0.000
8	  2.760	 27.009	  1.005	  1.494	  0.000
9	  2.760	 29.787	  1.005	  1.494	  0.000
10	  2.760	 32.564	  1.005	  1.494	  0.000
11	  2.760	 35.342	  1.005	  1.494	  0.000
12	  2.760	 38.120	  1.005	  1.494	  0.000
13	  2.760	 40.898	  1.005	  1.494	  0.000
14	  2.760	 43.676	  1.005	  1.494	  0.000
15	  2.760	 46.453	  1.005	  1.494	  0.000
16	  2.760	 49.231	  1.005	  1.494	  0.000
17	  2.760	 52.009	  1.005	  1.494	  0.000
18	  2.760	 54.787	  1.005	  1.494	  0.000
19	  2.760	 57.564	  1.005	  1.494	  0.000
20	  2.760	 60.342	  1.005	  1.494	  0.000
21	  2.760	 63.120	  1.005	  1.494	  0.000
22	  2.760	 65.898	  1.005	  1.494	  0.000
23	  2.760	 68.676	  1.005	  1.494	  0.000
24	  2.760	 71.453	  1.005	  1.494	  0.000
25	  2.760	 74.231	  1.005	  1.494	  0.000
26	  2.760	 77.009	  1.005	  1.494	  0.000
27	  2.760	 79.787	  1.005	  1.494	  0.000
28	  2.760	 82.564	  1.005	  1.494	  0.000
29	  2.760	 85.342	  1.005	  1.494	  0.000
30	  2.760	 88.120	  1.005	  1.494	  0.000
31	  2.760	 90.898	  1.005	  1.494	  0.000
32	  2.760	 93.676	  1.005	  1.494	  0.000
33	  2.760	 96.453	  1.005	  1.494	  0.000
34	  2.760	 99.231	  1.005	  1.494	  0.000
35	  2.760	102.009	  1.005	  1.494	  0.000
0	  2.880	  4.966	  1.005	  1.496	  0.000
1	  2.880	  7.744	  1.005	  1.496	  0.000
2	  2.880	 10.522	  1.005	  1.496	  0.000
3	  2.880	 13.299	  1.005	  1.496	  0.000
4	  2.880	 16.077	  1.005	  1.496	  0.000
5	  2.880	 18.855	  1.005	  1.496	  0.000
6	  2.880	 21.633	  1.005	  1.496	  0.000
7	  2.880	 24.411	  1.005	  1.496	  0.000
8	  2.880	 27.188	  1.005	  1.496	  0.000
9	  2.880	 29.966	  1.005	  1.496	  0.000
10	  2.880	 32.744	  1.005	  1.496	  0.000
11	  2.880	 35.522	  1.005	  1.496	  0.000
12	  2.880	 38.299	  1.005	  1.496	  0.000
13	  2.880	 41.077	  1.005	  1.496	  0.000
14	  2.880	 43.855	  1.005	  1.496	  0.000
15	  2.880	 46.633	  1.005	  1.496	  0.000
16	  2.880	 49.411	  1.005	  1.496	  0.000
17	  2.880	 52.188	  1.005	  1.496	  0.000
18	  2.880	 54.966	  1.005	  1.496	  0.000
19	  2.880	 57.744	  1.005	  1.496	  0.000
20	  2.880	 60.522	  1.005	  1.496	  0.000
21	  2.880	 63.299	  1.005	  1.496	  0.000
22	  2.880	 66.077	  1.005	  1.496	  0.000
23	  2.880	 68.855	  1.005	  1.496	  0.000
24	  2.880	 71.633	  1.005	  1.496	  0.000
25	  2.880	 74.411	  1.005	  1.496	  0.000
26	  2.880	 77.188	  1.005	  1.496	  0.000
27	  2.880	 79.966	  1.005	  1.496	  0.000
28	  2.880	 82.744	  1.005	  1.496	  0.000
29	  2.880	 85.522	  1.005	  1.496	  0.000
30	  2.880	 88.299	  1.005	  1.496	  0.000
31	  2.880	 91.077	  1.005	  1.496	  0.000
32	  2.880	 93.855	  1.005	  1.496	  0.000
33	  2.880	 96.633	  1.005	  1.496	  0.000
34	  2.880	 99.411	  1.005	  1.496	  0.000
35	  2.880	102.188	  1.005	  1.496	  0.000
0	  3.000	  5.146	  1.005	  1.497	  0.000
1	  3.000	  7.923	  1.005	  1.497	  0.000
2	  3.000	 10.701	  1.005	  1.497	  0.000
3	  3.000	 13.479	  1.005	  1.497	  0.000
4	  3.000	 16.257	  1.005	  1.497	  0.000
5	  3.000	 19.035	  1.005	  1.497	  0.000
6	  3.000	 21.812	  1.005	  1.497	  0.000
7	  3.000	 24.590	  1.005	  1.497	  0.000
8	  3.000	 27.368	  1.005	  1.497	  0.000
9	  3.000	 30.146	  1.005	  1.497	  0.000
10	  3.000	 32.923	  1.005	  1.497	  0.000
11	  3.000	 35.701	  1.005	  1.497	  0.000
12	  3.000	 38.479	  1.005	  1.497	  0.000
13	  3.000	 41.257	  1.005	  1.497	  0.000
14	  3.000	 44.035	  1.005	  1.497	  0.000
15	  3.000	 46.812	  1.005	  1.497	  0.000
16	  3.000	 49.590	  1.005	  1.497	  0.000
17	  3.000	 52.368	  1.005	  1.497	  0.000
18	  3.000	 55.146	  1.005	  1.497	  0.000
19	  3.000	 57.923	  1.005	  1.497	  0.000
20	  3.000	 60.701	  1.005	  1.497	  0.000
21	  3.000	 63.479	  1.005	  1.497	  0.000
22	  3.000	 66.257	  1.005	  1.497	  0.000
23	  3.000	 69.035	  1.005	  1.497	  0.000
24	  3.000	 71.812	  1.005	  1.497	  0.000
25	  3.000	 74.590	  1.005	  1.497	  0.000
26	  3.000	 77.368	  1.005	  1.497	  0.000
27	  3.000	 80.146	  1.005	  1.497	  0.000
28	  3.000	 82.923	  1.005	  1.497	  0.000
29	  3.000	 85.701	  1.005	  1.497	  0.000
30	  3.000	 88.479	  1.005	  1.497	  0.000
31	  3.000	 91.257	  1.005	  1.497	  0.000
32	  3.000	 94.035	  1.005	  1.497	  0.000
33	  3.000	 96.812	  1.005	  1.497	  0.000
34	  3.000	 99.590	  1.005	  1.497	  0.000
35	  3.000	102.368	  1.005	  1.497	  0.000
