# id	 time	 x	 y	 vx	 vy
0	  0.000	  1.351	  1.000	  0.010	  0.010
1	  0.000	  4.054	  1.000	  0.010	  0.010
2	  0.000	  6.757	  1.000	  0.010	  0.010
3	  0.000	  9.459	  1.000	  0.010	  0.010
4	  0.000	 12.162	  1.000	  0.010	  0.010
5	  0.000	 14.865	  1.000	  0.010	  0.010
6	  0.000	 17.568	  1.000	  0.010	  0.010
7	  0.000	 20.270	  1.000	  0.010	  0.010
8	  0.000	 22.973	  1.000	  0.010	  0.010
9	  0.000	 25.676	  1.000	  0.010	  0.010
10	  0.000	 28.378	  1.000	  0.010	  0.010
11	  0.000	 31.081	  1.000	  0.010	  0.010
12	  0.000	 33.784	  1.000	  0.010	  0.010
13	  0.000	 36.486	  1.000	  0.010	  0.010
14	  0.000	 39.189	  1.000	  0.010	  0.010
15	  0.000	 41.892	  1.000	  0.010	  0.010
16	  0.000	 44.595	  1.000	  0.010	  0.010
17	  0.000	 47.297	  1.000	  0.010	  0.010
18	  0.000	 50.000	  1.000	  0.010	  0.010
19	  0.000	 52.703	  1.000	  0.010	  0.010
20	  0.000	 55.405	  1.000	  0.010	  0.010
21	  0.000	 58.108	  1.000	  0.010	  0.010
22	  0.000	 60.811	  1.000	  0.010	  0.010
23	  0.000	 63.514	  1.000	  0.010	  0.010
24	  0.000	 66.216	  1.000	  0.010	  0.010
25	  0.000	 68.919	  1.000	  0.010	  0.010
26	  0.000	 71.622	  1.000	  0.010	  0.010
27	  0.000	 74.324	  1.000	  0.010	  0.010
28	  0.000	 77.027	  1.000	  0.010	  0.010
29	  0.000	 79.730	  1.000	  0.010	  0.010
30	  0.000	 82.432	  1.000	  0.010	  0.010
31	  0.000	 85.135	  1.000	  0.010	  0.010
32	  0.000	 87.838	  1.000	  0.010	  0.010
33	  0.000	 90.541	  1.000	  0.010	  0.010
34	  0.000	 93.243	  1.000	  0.010	  0.010
35	  0.000	 95.946	  1.000	  0.010	  0.010
36	  0.000	 98.649	  1.000	  0.010	  0.010
0	  0.120	  1.371	  1.001	  0.331	  0.008
1	  0.120	  4.074	  1.001	  0.331	  0.008
2	  0.120	  6.776	  1.001	  0.331	  0.008
3	  0.120	  9.479	  1.001	  0.331	  0.008
4	  0.120	 12.182	  1.001	  0.331	  0.008
5	  0.120	 14.884	  1.001	  0.331	  0.008
6	  0.120	 17.587	  1.001	  0.331	  0.008
7	  0.120	 20.290	  1.001	  0.331	  0.008
8	  0.120	 22.993	  1.001	  0.331	  0.008
9	  0.120	 25.695	  1.001	  0.331	  0.008
10	  0.120	 28.398	  1.001	  0.331	  0.008
11	  0.120	 31.101	  1.001	  0.331	  0.008
12	  0.120	 33.803	  1.001	  0.331	  0.008
13	  0.120	 36.506	  1.001	  0.331	  0.008
14	  0.120	 39.209	  1.001	  0.331	  0.008
15	  0.120	 41.912	  1.001	  0.331	  0.008
16	  0.120	 44.614	  1.001	  0.331	  0.008
17	  0.120	 47.317	  1.001	  0.331	  0.008
18	  0.120	 50.020	  1.001	  0.331	  0.008
19	  0.120	 52.722	  1.001	  0.331	  0.008
20	  0.120	 55.425	  1.001	  0.331	  0.008
21	  0.120	 58.128	  1.001	  0.331	  0.008
22	  0.120	 60.830	  1.001	  0.331	  0.008
23	  0.120	 63.533	  1.001	  0.331	  0.008
24	  0.120	 66.236	  1.001	  0.331	  0.008
25	  0.120	 68.939	  1.001	  0.331	  0.008
26	  0.120	 71.641	  1.001	  0.331	  0.008
27	  0.120	 74.344	  1.001	  0.331	  0.008
28	  0.120	 77.047	  1.001	  0.331	  0.008
29	  0.120	 79.749	  1.001	  0.331	  0.008
30	  0.120	 82.452	  1.001	  0.331	  0.008
31	  0.120	 85.155	  1.001	  0.331	  0.008
32	  0.120	 87.857	  1.001	  0.331	  0.008
33	  0.120	 90.560	  1.001	  0.331	  0.008
34	  0.120	 93.263	  1.001	  0.331	  0.008
35	  0.120	 95.966	  1.001	  0.331	  0.008
36	  0.120	 98.668	  1.001	  0.331	  0.008
0	  0.240	  1.425	  1.002	  0.582	  0.006
1	  0.240	  4.128	  1.002	  0.582	  0.006
2	  0.240	  6.831	  1.002	  0.582	  0.006
3	  0.240	  9.533	  1.002	  0.582	  0.006
4	  0.240	 12.236	  1.002	  0.582	  0.006
5	  0.240	 14.939	  1.002	  0.582	  0.006
6	  0.240	 17.641	  1.002	  0.582	  0.006
7	  0.240	 20.344	  1.002	  0.582	  0.006
8	  0.240	 23.047	  1.002	  0.582	  0.006
9	  0.240	 25.749	  1.002	  0.582	  0.006
10	  0.240	 28.452	  1.002	  0.582	  0.006
11	  0.240	 31.155	  1.002	  0.582	  0.006
12	  0.240	 33.858	  1.002	  0.582	  0.006
13	  0.240	 36.560	  1.002	  0.582	  0.006
14	  0.240	 39.263	  1.002	  0.582	  0.006
15	  0.240	 41.966	  1.002	  0.582	  0.006
16	  0.240	 44.668	  1.002	  0.582	  0.006
17	  0.240	 47.371	  1.002	  0.582	  0.006
18	  0.240	 50.074	  1.002	  0.582	  0.006
19	  0.240	 52.776	  1.002	  0.582	  0.006
20	  0.240	 55.479	  1.002	  0.582	  0.006
21	  0.240	 58.182	  1.002	  0.582	  0.006
22	  0.240	 60.885	  1.002	  0.582	  0.006
23	  0.240	 63.587	  1.002	  0.582	  0.006
24	  0.240	 66.290	  1.002	  0.582	  0.006
25	  0.240	 68.993	  1.002	  0.582	  0.006
26	  0.240	 71.695	  1.002	  0.582	  0.006
27	  0.240	 74.398	  1.002	  0.582	  0.006
28	  0.240	 77.101	  1.002	  0.582	  0.006
29	  0.240	 79.803	  1.002	  0.582	  0.006
30	  0.240	 82.506	  1.002	  0.582	  0.006
31	  0.240	 85.209	  1.002	  0.582	  0.006
32	  0.240	 87.912	  1.002	  0.582	  0.006
33	  0.240	 90.614	  1.002	  0.582	  0.006
34	  0.240	 93.317	  1.002	  0.582	  0.006
35	  0.240	 96.020	  1.002	  0.582	  0.006
36	  0.240	 98.722	  1.002	  0.582	  0.006
0	  0.360	  1.506	  1.003	  0.780	  0.005
1	  0.360	  4.209	  1.003	  0.780	  0.005
2	  0.360	  6.912	  1.003	  0.780	  0.005
3	  0.360	  9.614	  1.003	  0.780	  0.005
4	  0.360	 12.317	  1.003	  0.780	  0.005
5	  0.360	 15.020	  1.003	  0.780	  0.005
6	  0.360	 17.723	  1.003	  0.780	  0.005
7	  0.360	 20.425	  1.003	  0.780	  0.005
8	  0.360	 23.128	  1.003	  0.780	  0.005
9	  0.360	 25.831	  1.003	  0.780	  0.005
10	  0.360	 28.533	  1.003	  0.780	  0.005
11	  0.360	 31.236	  1.003	  0.780	  0.005
12	  0.360	 33.939	  1.003	  0.780	  0.005
13	  0.360	 36.641	  1.003	  0.780	  0.005
14	  0.360	 39.344	  1.003	  0.780	  0.005
15	  0.360	 42.047	  1.003	  0.780	  0.005
16	  0.360	 44.750	  1.003	  0.780	  0.005
17	  0.360	 47.452	  1.003	  0.780	  0.005
18	  0.360	 50.155	  1.003	  0.780	  0.005
19	  0.360	 52.858	  1.003	  0.780	  0.005
20	  0.360	 55.560	  1.003	  0.780	  0.005
21	  0.360	 58.263	  1.003	  0.780	  0.005
22	  0.360	 60.966	  1.003	  0.780	  0.005
23	  0.360	 63.669	  1.003	  0.780	  0.005
24	  0.360	 66.371	  1.003	  0.780	  0.005
25	  0.360	 69.074	  1.003	  0.780	  0.005
26	  0.360	 71.777	  1.003	  0.780	  0.005
27	  0.360	 74.479	  1.003	  0.780	  0.005
28	  0.360	 77.182	  1.003	  0.780	  0.005
29	  0.360	 79.885	  1.003	  0.780	  0.005
30	  0.360	 82.587	  1.003	  0.780	  0.005
31	  0.360	 85.290	  1.003	  0.780	  0.005
32	  0.360	 87.993	  1.003	  0.780	  0.005
33	  0.360	 90.696	  1.003	  0.780	  0.005
34	  0.360	 93.398	  1.003	  0.780	  0.005
35	  0.360	 96.101	  1.003	  0.780	  0.005
36	  0.360	 98.804	  1.003	  0.780	  0.005
0	  0.480	  1.609	  1.003	  0.935	  0.004
1	  0.480	  4.312	  1.003	  0.935	  0.004
2	  0.480	  7.014	  1.003	  0.935	  0.004
3	  0.480	  9.717	  1.003	  0.935	  0.004
4	  0.480	 12.420	  1.003	  0.935	  0.004
5	  0.480	 15.122	  1.003	  0.935	  0.004
6	  0.480	 17.825	  1.003	  0.935	  0.004
7	  0.480	 20.528	  1.003	  0.935	  0.004
8	  0.480	 23.230	  1.003	  0.935	  0.004
9	  0.480	 25.933	  1.003	  0.935	  0.004
10	  0.480	 28.636	  1.003	  0.935	  0.004
11	  0.480	 31.339	  1.003	  0.935	  0.004
12	  0.480	 34.041	  1.003	  0.935	  0.004
13	  0.480	 36.744	  1.003	  0.935	  0.004
14	  0.480	 39.447	  1.003	  0.935	  0.004
15	  0.480	 42.149	  1.003	  0.935	  0.004
16	  0.480	 44.852	  1.003	  0.935	  0.004
17	  0.480	 47.555	  1.003	  0.935	  0.004
18	  0.480	 50.257	  1.003	  0.935	  0.004
19	  0.480	 52.960	  1.003	  0.935	  0.004
20	  0.480	 55.663	  1.003	  0.935	  0.004
21	  0.480	 58.366	  1.003	  0.935	  0.004
22	  0.480	 61.068	  1.003	  0.935	  0.004
23	  0.480	 63.771	  1.003	  0.935	  0.004
24	  0.480	 66.474	  1.003	  0.935	  0.004
25	  0.480	 69.176	  1.003	  0.935	  0.004
26	  0.480	 71.879	  1.003	  0.935	  0.004
27	  0.480	 74.582	  1.003	  0.935	  0.004
28	  0.480	 77.285	  1.003	  0.935	  0.004
29	  0.480	 79.987	  1.003	  0.935	  0.004
30	  0.480	 82.690	  1.003	  0.935	  0.004
31	  0.480	 85.393	  1.003	  0.935	  0.004
32	  0.480	 88.095	  1.003	  0.935	  0.004
33	  0.480	 90.798	  1.003	  0.935	  0.004
34	  0.480	 93.501	  1.003	  0.935	  0.004
35	  0.480	 96.203	  1.003	  0.935	  0.004
36	  0.480	 98.906	  1.003	  0.935	  0.004
0	  0.600	  1.728	  1.004	  1.057	  0.003
1	  0.600	  4.431	  1.004	  1.057	  0.003
2	  0.600	  7.133	  1.004	  1.057	  0.003
3	  0.600	  9.836	  1.004	  1.057	  0.003
4	  0.600	 12.539	  1.004	  1.057	  0.003
5	  0.600	 15.242	  1.004	  1.057	  0.003
6	  0.600	 17.944	  1.004	  1.057	  0.003
7	  0.600	 20.647	  1.004	  1.057	  0.003
8	  0.600	 23.350	  1.004	  1.057	  0.003
9	  0.600	 26.052	  1.004	  1.057	  0.003
10	  0.600	 28.755	  1.004	  1.057	  0.003
11	  0.600	 31.458	  1.004	  1.057	  0.003
12	  0.600	 34.160	  1.004	  1.057	  0.003
13	  0.600	 36.863	  1.004	  1.057	  0.003
14	  0.600	 39.566	  1.004	  1.057	  0.003
15	  0.600	 42.269	  1.004	  1.057	  0.003
16	  0.600	 44.971	  1.004	  1.057	  0.003
17	  0.600	 47.674	  1.004	  1.057	  0.003
18	  0.600	 50.377	  1.004	  1.057	  0.003
19	  0.600	 53.079	  1.004	  1.057	  0.003
20	  0.600	 55.782	  1.004	  1.057	  0.003
21	  0.600	 58.485	  1.004	  1.057	  0.003
22	  0.600	 61.187	  1.004	  1.057	  0.003
23	  0.600	 63.890	  1.004	  1.057	  0.003
24	  0.600	 66.593	  1.004	  1.057	  0.003
25	  0.600	 69.296	  1.004	  1.057	  0.003
26	  0.600	 71.998	  1.004	  1.057	  0.003
27	  0.600	 74.701	  1.004	  1.057	  0.003
28	  0.600	 77.404	  1.004	  1.057	  0.003
29	  0.600	 80.106	  1.004	  1.057	  0.003
30	  0.600	 82.809	  1.004	  1.057	  0.003
31	  0.600	 85.512	  1.004	  1.057	  0.003
32	  0.600	 88.215	  1.004	  1.057	  0.003
33	  0.600	 90.917	  1.004	  1.057	  0.003
34	  0.600	 93.620	  1.004	  1.057	  0.003
35	  0.600	 96.323	  1.004	  1.057	  0.003
36	  0.600	 99.025	  1.004	  1.057	  0.003
0	  0.720	  1.860	  1.004	  1.152	  0.002
1	  0.720	  4.563	  1.004	  1.152	  0.002
2	  0.720	  7.266	  1.004	  1.152	  0.002
3	  0.720	  9.968	  1.004	  1.152	  0.002
4	  0.720	 12.671	  1.004	  1.152	  0.002
5	  0.720	 15.374	  1.004	  1.152	  0.002
6	  0.720	 18.077	  1.004	  1.152	  0.002
7	  0.720	 20.779	  1.004	  1.152	  0.002
8	  0.720	 23.482	  1.004	  1.152	  0.002
9	  0.720	 26.185	  1.004	  1.152	  0.002
10	  0.720	 28.887	  1.004	  1.152	  0.002
11	  0.720	 31.590	  1.004	  1.152	  0.002
12	  0.720	 34.293	  1.004	  1.152	  0.002
13	  0.720	 36.995	  1.004	  1.152	  0.002
14	  0.720	 39.698	  1.004	  1.152	  0.002
15	  0.720	 42.401	  1.004	  1.152	  0.002
16	  0.720	 45.104	  1.004	  1.152	  0.002
17	  0.720	 47.806	  1.004	  1.152	  0.002
18	  0.720	 50.509	  1.004	  1.152	  0.002
19	  0.720	 53.212	  1.004	  1.152	  0.002
20	  0.720	 55.914	  1.004	  1.152	  0.002
21	  0.720	 58.617	  1.004	  1.152	  0.002
22	  0.720	 61.320	  1.004	  1.152	  0.002
23	  0.720	 64.022	  1.004	  1.152	  0.002
24	  0.720	 66.725	  1.004	  1.152	  0.002
25	  0.720	 69.428	  1.004	  1.152	  0.002
26	  0.720	 72.131	  1.004	  1.152	  0.002
27	  0.720	 74.833	  1.004	  1.152	  0.002
28	  0.720	 77.536	  1.004	  1.152	  0.002
29	  0.720	 80.239	  1.004	  1.152	  0.002
30	  0.720	 82.941	  1.004	  1.152	  0.002
31	  0.720	 85.644	  1.004	  1.152	  0.002
32	  0.720	 88.347	  1.004	  1.152	  0.002
33	  0.720	 91.049	  1.004	  1.152	  0.002
34	  0.720	 93.752	  1.004	  1.152	  0.002
35	  0.720	 96.455	  1.004	  1.152	  0.002
36	  0.720	 99.158	  1.004	  1.152	  0.002
0	  0.840	  2.003	  1.004	  1.227	  0.002
1	  0.840	  4.706	  1.004	  1.227	  0.002
2	  0.840	  7.408	  1.004	  1.227	  0.002
3	  0.840	 10.111	  1.004	  1.227	  0.002
4	  0.840	 12.814	  1.004	  1.227	  0.002
5	  0.840	 15.516	  1.004	  1.227	  0.002
6	  0.840	 18.219	  1.004	  1.227	  0.002
7	  0.840	 20.922	  1.004	  1.227	  0.002
8	  0.840	 23.624	  1.004	  1.227	  0.002
9	  0.840	 26.327	  1.004	  1.227	  0.002
10	  0.840	 29.030	  1.004	  1.227	  0.002
11	  0.840	 31.733	  1.004	  1.227	  0.002
12	  0.840	 34.435	  1.004	  1.227	  0.002
13	  0.840	 37.138	  1.004	  1.227	  0.002
14	  0.840	 39.841	  1.004	  1.227	  0.002
15	  0.840	 42.543	  1.004	  1.227	  0.002
16	  0.840	 45.246	  1.004	  1.227	  0.002
17	  0.840	 47.949	  1.004	  1.227	  0.002
18	  0.840	 50.652	  1.004	  1.227	  0.002
19	  0.840	 53.354	  1.004	  1.227	  0.002
20	  0.840	 56.057	  1.004	  1.227	  0.002
21	  0.840	 58.760	  1.004	  1.227	  0.002
22	  0.840	 61.462	  1.004	  1.227	  0.002
23	  0.840	 64.165	  1.004	  1.227	  0.002
24	  0.840	 66.868	  1.004	  1.227	  0.002
25	  0.840	 69.570	  1.004	  1.227	  0.002
26	  0.840	 72.273	  1.004	  1.227	  0.002
27	  0.840	 74.976	  1.004	  1.227	  0.002
28	  0.840	 77.679	  1.004	  1.227	  0.002
29	  0.840	 80.381	  1.004	  1.227	  0.002
30	  0.840	 83.084	  1.004	  1.227	  0.002
31	  0.840	 85.787	  1.004	  1.227	  0.002
32	  0.840	 88.489	  1.004	  1.227	  0.002
33	  0.840	 91.192	  1.004	  1.227	  0.002
34	  0.840	 93.895	  1.004	  1.227	  0.002
35	  0.840	 96.597	  1.004	  1.227	  0.002
36	  0.840	 99.300	  1.004	  1.227	  0.002
0	  0.960	  2.153	  1.004	  1.286	  0.001
1	  0.960	  4.856	  1.004	  1.286	  0.001
2	  0.960	  7.559	  1.004	  1.286	  0.001
3	  0.960	 10.262	  1.004	  1.286	  0.001
4	  0.960	 12.964	  1.004	  1.286	  0.001
5	  0.960	 15.667	  1.004	  1.286	  0.001
6	  0.960	 18.370	  1.004	  1.286	  0.001
7	  0.960	 21.072	  1.004	  1.286	  0.001
8	  0.960	 23.775	  1.004	  1.286	  0.001
9	  0.960	 26.478	  1.004	  1.286	  0.001
10	  0.960	 29.180	  1.004	  1.286	  0.001
11	  0.960	 31.883	  1.004	  1.286	  0.001
12	  0.960	 34.586	  1.004	  1.286	  0.001
13	  0.960	 37.289	  1.004	  1.286	  0.001
14	  0.960	 39.991	  1.004	  1.286	  0.001
15	  0.960	 42.694	  1.004	  1.286	  0.001
16	  0.960	 45.397	  1.004	  1.286	  0.001
17	  0.960	 48.099	  1.004	  1.286	  0.001
18	  0.960	 50.802	  1.004	  1.286	  0.001
19	  0.960	 53.505	  1.004	  1.286	  0.001
20	  0.960	 56.208	  1.004	  1.286	  0.001
21	  0.960	 58.910	  1.004	  1.286	  0.001
22	  0.960	 61.613	  1.004	  1.286	  0.001
23	  0.960	 64.316	  1.004	  1.286	  0.001
24	  0.960	 67.018	  1.004	  1.286	  0.001
25	  0.960	 69.721	  1.004	  1.286	  0.001
26	  0.960	 72.424	  1.004	  1.286	  0.001
27	  0.960	 75.126	  1.004	  1.286	  0.001
28	  0.960	 77.829	  1.004	  1.286	  0.001
29	  0.960	 80.532	  1.004	  1.286	  0.001
30	  0.960	 83.235	  1.004	  1.286	  0.001
31	  0.960	 85.937	  1.004	  1.286	  0.001
32	  0.960	 88.640	  1.004	  1.286	  0.001
33	  0.960	 91.343	  1.004	  1.286	  0.001
34	  0.960	 94.045	  1.004	  1.286	  0.001
35	  0.960	 96.748	  1.004	  1.286	  0.001
36	  0.960	 99.451	  1.004	  1.286	  0.001
0	  1.080	  2.310	  1.004	  1.332	  0.001
1	  1.080	  5.013	  1.004	  1.332	  0.001
2	  1.080	  7.716	  1.004	  1.332	  0.001
3	  1.080	 10.419	  1.004	  1.332	  0.001
4	  1.080	 13.121	  1.004	  1.332	  0.001
5	  1.080	 15.824	  1.004	  1.332	  0.001
6	  1.080	 18.527	  1.004	  1.332	  0.001
7	  1.080	 21.229	  1.004	  1.332	  0.001
8	  1.080	 23.932	  1.004	  1.332	  0.001
9	  1.080	 26.635	  1.004	  1.332	  0.001
10	  1.080	 29.337	  1.004	  1.332	  0.001
11	  1.080	 32.040	  1.004	  1.332	  0.001
12	  1.080	 34.743	  1.004	  1.332	  0.001
13	  1.080	 37.446	  1.004	  1.332	  0.001
14	  1.080	 40.148	  1.004	  1.332	  0.001
15	  1.080	 42.851	  1.004	  1.332	  0.001
16	  1.080	 45.554	  1.004	  1.332	  0.001
17	  1.080	 48.256	  1.004	  1.332	  0.001
18	  1.080	 50.959	  1.004	  1.332	  0.001
19	  1.080	 53.662	  1.004	  1.332	  0.001
20	  1.080	 56.364	  1.004	  1.332	  0.001
21	  1.080	 59.067	  1.004	  1.332	  0.001
22	  1.080	 61.770	  1.004	  1.332	  0.001
23	  1.080	 64.473	  1.004	  1.332	  0.001
24	  1.080	 67.175	  1.004	  1.332	  0.001
25	  1.080	 69.878	  1.004	  1.332	  0.001
26	  1.080	 72.581	  1.004	  1.332	  0.001
27	  1.080	 75.283	  1.004	  1.332	  0.001
28	  1.080	 77.986	  1.004	  1.332	  0.001
29	  1.080	 80.689	  1.004	  1.332	  0.001
30	  1.080	 83.391	  1.004	  1.332	  0.001
31	  1.080	 86.094	  1.004	  1.332	  0.001
32	  1.080	 88.797	  1.004	  1.332	  0.001
33	  1.080	 91.500	  1.004	  1.332	  0.001
34	  1.080	 94.202	  1.004	  1.332	  0.001
35	  1.080	 96.905	  1.004	  1.332	  0.001
36	  1.080	 99.608	  1.004	  1.332	  0.001
0	  1.200	  2.472	  1.005	  1.368	  0.001
1	  1.200	  5.175	  1.005	  1.368	  0.001
2	  1.200	  7.878	  1.005	  1.368	  0.001
3	  1.200	 10.580	  1.005	  1.368	  0.001
4	  1.200	 13.283	  1.005	  1.368	  0.001
5	  1.200	 15.986	  1.005	  1.368	  0.001
6	  1.200	 18.689	  1.005	  1.368	  0.001
7	  1.200	 21.391	  1.005	  1.368	  0.001
8	  1.200	 24.094	  1.005	  1.368	  0.001
9	  1.200	 26.797	  1.005	  1.368	  0.001
10	  1.200	 29.499	  1.005	  1.368	  0.001
11	  1.200	 32.202	  1.005	  1.368	  0.001
12	  1.200	 34.905	  1.005	  1.368	  0.001
13	  1.200	 37.607	  1.005	  1.368	  0.001
14	  1.200	 40.310	  1.005	  1.368	  0.001
15	  1.200	 43.013	  1.005	  1.368	  0.001
16	  1.200	 45.716	  1.005	  1.368	  0.001
17	  1.200	 48.418	  1.005	  1.368	  0.001
18	  1.200	 51.121	  1.005	  1.368	  0.001
19	  1.200	 53.824	  1.005	  1.368	  0.001
20	  1.200	 56.526	  1.005	  1.368	  0.001
21	  1.200	 59.229	  1.005	  1.368	  0.001
22	  1.200	 61.932	  1.005	  1.368	  0.001
23	  1.200	 64.634	  1.005	  1.368	  0.001
24	  1.200	 67.337	  1.005	  1.368	  0.001
25	  1.200	 70.040	  1.005	  1.368	  0.001
26	  1.200	 72.743	  1.005	  1.368	  0.001
27	  1.200	 75.445	  1.005	  1.368	  0.001
28	  1.200	 78.148	  1.005	  1.368	  0.001
29	  1.200	 80.851	  1.005	  1.368	  0.001
30	  1.200	 83.553	  1.005	  1.368	  0.001
31	  1.200	 86.256	  1.005	  1.368	  0.001
32	  1.200	 88.959	  1.005	  1.368	  0.001
33	  1.200	 91.662	  1.005	  1.368	  0.001
34	  1.200	 94.364	  1.005	  1.368	  0.001
35	  1.200	 97.067	  1.005	  1.368	  0.001
36	  1.200	 99.770	  1.005	  1.368	  0.001
0	  1.320	  2.638	  1.005	  1.396	  0.001
1	  1.320	  5.341	  1.005	  1.396	  0.001
2	  1.320	  8.044	  1.005	  1.396	  0.001
3	  1.320	 10.746	  1.005	  1.396	  0.001
4	  1.320	 13.449	  1.005	  1.396	  0.001
5	  1.320	 16.152	  1.005	  1.396	  0.001
6	  1.320	 18.854	  1.005	  1.396	  0.001
7	  1.320	 21.557	  1.005	  1.396	  0.001
8	  1.320	 24.260	  1.005	  1.396	  0.001
9	  1.320	 26.962	  1.005	  1.396	  0.001
10	  1.320	 29.665	  1.005	  1.396	  0.001
11	  1.320	 32.368	  1.005	  1.396	  0.001
12	  1.320	 35.071	  1.005	  1.396	  0.001
13	  1.320	 37.773	  1.005	  1.396	  0.001
14	  1.320	 40.476	  1.005	  1.396	  0.001
15	  1.320	 43.179	  1.005	  1.396	  0.001
16	  1.320	 45.881	  1.005	  1.396	  0.001
17	  1.320	 48.584	  1.005	  1.396	  0.001
18	  1.320	 51.287	  1.005	  1.396	  0.001
19	  1.320	 53.989	  1.005	  1.396	  0.001
20	  1.320	 56.692	  1.005	  1.396	  0.001
21	  1.320	 59.395	  1.005	  1.396	  0.001
22	  1.320	 62.098	  1.005	  1.396	  0.001
23	  1.320	 64.800	  1.005	  1.396	  0.001
24	  1.320	 67.503	  1.005	  1.396	  0.001
25	  1.320	 70.206	  1.005	  1.396	  0.001
26	  1.320	 72.908	  1.005	  1.396	  0.001
27	  1.320	 75.611	  1.005	  1.396	  0.001
28	  1.320	 78.314	  1.005	  1.396	  0.001
29	  1.320	 81.016	  1.005	  1.396	  0.001
30	  1.320	 83.719	  1.005	  1.396	  0.001
31	  1.320	 86.422	  1.005	  1.396	  0.001
32	  1.320	 89.125	  1.005	  1.396	  0.001
33	  1.320	 91.827	  1.005	  1.396	  0.001
34	  1.320	 94.530	  1.005	  1.396	  0.001
35	  1.320	 97.233	  1.005	  1.396	  0.001
36	  1.320	 99.935	  1.005	  1.396	  0.001
0	  1.440	  2.807	  1.005	  1.419	  0.001
1	  1.440	  5.510	  1.005	  1.419	  0.001
2	  1.440	  8.212	  1.005	  1.419	  0.001
3	  1.440	 10.915	  1.005	  1.419	  0.001
4	  1.440	 13.618	  1.005	  1.419	  0.001
5	  1.440	 16.320	  1.005	  1.419	  0.001
6	  1.440	 19.023	  1.005	  1.419	  0.001
7	  1.440	 21.726	  1.005	  1.419	  0.001
8	  1.440	 24.429	  1.005	  1.419	  0.001
9	  1.440	 27.131	  1.005	  1.419	  0.001
10	  1.440	 29.834	  1.005	  1.419	  0.001
11	  1.440	 32.537	  1.005	  1.419	  0.001
12	  1.440	 35.239	  1.005	  1.419	  0.001
13	  1.440	 37.942	  1.005	  1.419	  0.001
14	  1.440	 40.645	  1.005	  1.419	  0.001
15	  1.440	 43.348	  1.005	  1.419	  0.001
16	  1.440	 46.050	  1.005	  1.419	  0.001
17	  1.440	 48.753	  1.005	  1.419	  0.001
18	  1.440	 51.456	  1.005	  1.419	  0.001
19	  1.440	 54.158	  1.005	  1.419	  0.001
20	  1.440	 56.861	  1.005	  1.419	  0.001
21	  1.440	 59.564	  1.005	  1.419	  0.001
22	  1.440	 62.266	  1.005	  1.419	  0.001
23	  1.440	 64.969	  1.005	  1.419	  0.001
24	  1.440	 67.672	  1.005	  1.419	  0.001
25	  1.440	 70.375	  1.005	  1.419	  0.001
26	  1.440	 73.077	  1.005	  1.419	  0.001
27	  1.440	 75.780	  1.005	  1.419	  0.001
28	  1.440	 78.483	  1.005	  1.419	  0.001
29	  1.440	 81.185	  1.005	  1.419	  0.001
30	  1.440	 83.888	  1.005	  1.419	  0.001
31	  1.440	 86.591	  1.005	  1.419	  0.001
32	  1.440	 89.293	  1.005	  1.419	  0.001
33	  1.440	 91.996	  1.005	  1.419	  0.001
34	  1.440	 94.699	  1.005	  1.419	  0.001
35	  1.440	 97.402	  1.005	  1.419	  0.001
36	  1.440	100.104	  1.005	  1.419	  0.001
0	  1.560	  2.978	  1.005	  1.436	  0.000
1	  1.560	  5.681	  1.005	  1.436	  0.000
2	  1.560	  8.384	  1.005	  1.436	  0.000
3	  1.560	 11.086	  1.005	  1.436	  0.000
4	  1.560	 13.789	  1.005	  1.436	  0.000
5	  1.560	 16.492	  1.005	  1.436	  0.000
6	  1.560	 19.194	  1.005	  1.436	  0.000
7	  1.560	 21.897	  1.005	  1.436	  0.000
8	  1.560	 24.600	  1.005	  1.436	  0.000
9	  1.560	 27.303	  1.005	  1.436	  0.000
10	  1.560	 30.005	  1.005	  1.436	  0.000
11	  1.560	 32.708	  1.005	  1.436	  0.000
12	  1.560	 35.411	  1.005	  1.436	  0.000
13	  1.560	 38.113	  1.005	  1.436	  0.000
14	  1.560	 40.816	  1.005	  1.436	  0.000
15	  1.560	 43.519	  1.005	  1.436	  0.000
16	  1.560	 46.221	  1.005	  1.436	  0.000
17	  1.560	 48.924	  1.005	  1.436	  0.000
18	  1.560	 51.627	  1.005	  1.436	  0.000
19	  1.560	 54.330	  1.005	  1.436	  0.000
20	  1.560	 57.032	  1.005	  1.436	  0.000
21	  1.560	 59.735	  1.005	  1.436	  0.000
22	  1.560	 62.438	  1.005	  1.436	  0.000
23	  1.560	 65.140	  1.005	  1.436	  0.000
24	  1.560	 67.843	  1.005	  1.436	  0.000
25	  1.560	 70.546	  1.005	  1.436	  0.000
26	  1.560	 73.248	  1.005	  1.436	  0.000
27	  1.560	 75.951	  1.005	  1.436	  0.000
28	  1.560	 78.654	  1.005	  1.436	  0.000
29	  1.560	 81.357	  1.005	  1.436	  0.000
30	  1.560	 84.059	  1.005	  1.436	  0.000
31	  1.560	 86.762	  1.005	  1.436	  0.000
32	  1.560	 89.465	  1.005	  1.436	  0.000
33	  1.560	 92.167	  1.005	  1.436	  0.000
34	  1.560	 94.870	  1.005	  1.436	  0.000
35	  1.560	 97.573	  1.005	  1.436	  0.000
36	  1.560	100.276	  1.005	  1.436	  0.000
0	  1.680	  3.151	  1.005	  1.450	  0.000
1	  1.680	  5.854	  1.005	  1.450	  0.000
2	  1.680	  8.557	  1.005	  1.450	  0.000
3	  1.680	 11.259	  1.005	  1.450	  0.000
4	  1.680	 13.962	  1.005	  1.450	  0.000
5	  1.680	 16.665	  1.005	  1.450	  0.000
6	  1.680	 19.368	  1.005	  1.450	  0.000
7	  1.680	 22.070	  1.005	  1.450	  0.000
8	  1.680	 24.773	  1.005	  1.450	  0.000
9	  1.680	 27.476	  1.005	  1.450	  0.000
10	  1.680	 30.178	  1.005	  1.450	  0.000
11	  1.680	 32.881	  1.005	  1.450	  0.000
12	  1.680	 35.584	  1.005	  1.450	  0.000
13	  1.680	 38.286	  1.005	  1.450	  0.000
14	  1.680	 40.989	  1.005	  1.450	  0.000
15	  1.680	 43.692	  1.005	  1.450	  0.000
16	  1.680	 46.395	  1.005	  1.450	  0.000
17	  1.680	 49.097	  1.005	  1.450	  0.000
18	  1.680	 51.800	  1.005	  1.450	  0.000
19	  1.680	 54.503	  1.005	  1.450	  0.000
20	  1.680	 57.205	  1.005	  1.450	  0.000
21	  1.680	 59.908	  1.005	  1.450	  0.000
22	  1.680	 62.611	  1.005	  1.450	  0.000
23	  1.680	 65.314	  1.005	  1.450	  0.000
24	  1.680	 68.016	  1.005	  1.450	  0.000
25	  1.680	 70.719	  1.005	  1.450	  0.000
26	  1.680	 73.422	  1.005	  1.450	  0.000
27	  1.680	 76.124	  1.005	  1.450	  0.000
28	  1.680	 78.827	  1.005	  1.450	  0.000
29	  1.680	 81.530	  1.005	  1.450	  0.000
30	  1.680	 84.232	  1.005	  1.450	  0.000
31	  1.680	 86.935	  1.005	  1.450	  0.000
32	  1.680	 89.638	  1.005	  1.450	  0.000
33	  1.680	 92.341	  1.005	  1.450	  0.000
34	  1.680	 95.043	  1.005	  1.450	  0.000
35	  1.680	 97.746	  1.005	  1.450	  0.000
36	  1.680	100.449	  1.005	  1.450	  0.000
0	  1.800	  3.326	  1.005	  1.461	  0.000
1	  1.800	  6.029	  1.005	  1.461	  0.000
2	  1.800	  8.731	  1.005	  1.461	  0.000
3	  1.800	 11.434	  1.005	  1.461	  0.000
4	  1.800	 14.137	  1.005	  1.461	  0.000
5	  1.800	 16.839	  1.005	  1.461	  0.000
6	  1.800	 19.542	  1.005	  1.461	  0.000
7	  1.800	 22.245	  1.005	  1.461	  0.000
8	  1.800	 24.948	  1.005	  1.461	  0.000
9	  1.800	 27.650	  1.005	  1.461	  0.000
10	  1.800	 30.353	  1.005	  1.461	  0.000
11	  1.800	 33.056	  1.005	  1.461	  0.000
12	  1.800	 35.758	  1.005	  1.461	  0.000
13	  1.800	 38.461	  1.005	  1.461	  0.000
14	  1.800	 41.164	  1.005	  1.461	  0.000
15	  1.800	 43.867	  1.005	  1.461	  0.000
16	  1.800	 46.569	  1.005	  1.461	  0.000
17	  1.800	 49.272	  1.005	  1.461	  0.000
18	  1.800	 51.975	  1.005	  1.461	  0.000
19	  1.800	 54.677	  1.005	  1.461	  0.000
20	  1.800	 57.380	  1.005	  1.461	  0.000
21	  1.800	 60.083	  1.005	  1.461	  0.000
22	  1.800	 62.785	  1.005	  1.461	  0.000
23	  1.800	 65.488	  1.005	  1.461	  0.000
24	  1.800	 68.191	  1.005	  1.461	  0.000
25	  1.800	 70.894	  1.005	  1.461	  0.000
26	  1.800	 73.596	  1.005	  1.461	  0.000
27	  1.800	 76.299	  1.005	  1.461	  0.000
28	  1.800	 79.002	  1.005	  1.461	  0.000
29	  1.800	 81.704	  1.005	  1.461	  0.000
30	  1.800	 84.407	  1.005	  1.461	  0.000
31	  1.800	 87.110	  1.005	  1.461	  0.000
32	  1.800	 89.812	  1.005	  1.461	  0.000
33	  1.800	 92.515	  1.005	  1.461	  0.000
34	  1.800	 95.218	  1.005	  1.461	  0.000
35	  1.800	 97.921	  1.005	  1.461	  0.000
36	  1.800	100.623	  1.005	  1.461	  0.000
0	  1.920	  3.502	  1.005	  1.469	  0.000
1	  1.920	  6.204	  1.005	  1.469	  0.000
2	  1.920	  8.907	  1.005	  1.469	  0.000
3	  1.920	 11.610	  1.005	  1.469	  0.000
4	  1.920	 14.313	  1.005	  1.469	  0.000
5	  1.920	 17.015	  1.005	  1.469	  0.000
6	  1.920	 19.718	  1.005	  1.469	  0.000
7	  1.920	 22.421	  1.005	  1.469	  0.000
8	  1.920	 25.123	  1.005	  1.469	  0.000
9	  1.920	 27.826	  1.005	  1.469	  0.000
10	  1.920	 30.529	  1.005	  1.469	  0.000
11	  1.920	 33.231	  1.005	  1.469	  0.000
12	  1.920	 35.934	  1.005	  1.469	  0.000
13	  1.920	 38.637	  1.005	  1.469	  0.000
14	  1.920	 41.340	  1.005	  1.469	  0.000
15	  1.920	 44.042	  1.005	  1.469	  0.000
16	  1.920	 46.745	  1.005	  1.469	  0.000
17	  1.920	 49.448	  1.005	  1.469	  0.000
18	  1.920	 52.150	  1.005	  1.469	  0.000
19	  1.920	 54.853	  1.005	  1.469	  0.000
20	  1.920	 57.556	  1.005	  1.469	  0.000
21	  1.920	 60.259	  1.005	  1.469	  0.000
22	  1.920	 62.961	  1.005	  1.469	  0.000
23	  1.920	 65.664	  1.005	  1.469	  0.000
24	  1.920	 68.367	  1.005	  1.469	  0.000
25	  1.920	 71.069	  1.005	  1.469	  0.000
26	  1.920	 73.772	  1.005	  1.469	  0.000
27	  1.920	 76.475	  1.005	  1.469	  0.000
28	  1.920	 79.177	  1.005	  1.469	  0.000
29	  1.920	 81.880	  1.005	  1.469	  0.000
30	  1.920	 84.583	  1.005	  1.469	  0.000
31	  1.920	 87.286	  1.005	  1.469	  0.000
32	  1.920	 89.988	  1.005	  1.469	  0.000
33	  1.920	 92.691	  1.005	  1.469	  0.000
34	  1.920	 95.394	  1.005	  1.469	  0.000
35	  1.920	 98.096	  1.005	  1.469	  0.000
36	  1.920	100.799	  1.005	  1.469	  0.000
0	  2.040	  3.678	  1.005	  1.476	  0.000
1	  2.040	  6.381	  1.005	  1.476	  0.000
2	  2.040	  9.084	  1.005	  1.476	  0.000
3	  2.040	 11.787	  1.005	  1.476	  0.000
4	  2.040	 14.489	  1.005	  1.476	  0.000
5	  2.040	 17.192	  1.005	  1.476	  0.000
6	  2.040	 19.895	  1.005	  1.476	  0.000
7	  2.040	 22.597	  1.005	  1.476	  0.000
8	  2.040	 25.300	  1.005	  1.476	  0.000
9	  2.040	 28.003	  1.005	  1.476	  0.000
10	  2.040	 30.705	  1.005	  1.476	  0.000
11	  2.040	 33.408	  1.005	  1.476	  0.000
12	  2.040	 36.111	  1.005	  1.476	  0.000
13	  2.040	 38.814	  1.005	  1.476	  0.000
14	  2.040	 41.516	  1.005	  1.476	  0.000
15	  2.040	 44.219	  1.005	  1.476	  0.000
16	  2.040	 46.922	  1.005	  1.476	  0.000
17	  2.040	 49.624	  1.005	  1.476	  0.000
18	  2.040	 52.327	  1.005	  1.476	  0.000
19	  2.040	 55.030	  1.005	  1.476	  0.000
20	  2.040	 57.732	  1.005	  1.476	  0.000
21	  2.040	 60.435	  1.005	  1.476	  0.000
22	  2.040	 63.138	  1.005	  1.476	  0.000
23	  2.040	 65.841	  1.005	  1.476	  0.000
24	  2.040	 68.543	  1.005	  1.476	  0.000
25	  2.040	 71.246	  1.005	  1.476	  0.000
26	  2.040	 73.949	  1.005	  1.476	  0.000
27	  2.040	 76.651	  1.005	  1.476	  0.000
28	  2.040	 79.354	  1.005	  1.476	  0.000
29	  2.040	 82.057	  1.005	  1.476	  0.000
30	  2.040	 84.760	  1.005	  1.476	  0.000
31	  2.040	 87.462	  1.005	  1.476	  0.000
32	  2.040	 90.165	  1.005	  1.476	  0.000
33	  2.040	 92.868	  1.005	  1.476	  0.000
34	  2.040	 95.570	  1.005	  1.476	  0.000
35	  2.040	 98.273	  1.005	  1.476	  0.000
36	  2.040	100.976	  1.005	  1.476	  0.000
0	  2.160	  3.856	  1.005	  1.481	  0.000
1	  2.160	  6.559	  1.005	  1.481	  0.000
2	  2.160	  9.261	  1.005	  1.481	  0.000
3	  2.160	 11.964	  1.005	  1.481	  0.000
4	  2.160	 14.667	  1.005	  1.481	  0.000
5	  2.160	 17.369	  1.005	  1.481	  0.000
6	  2.160	 20.072	  1.005	  1.481	  0.000
7	  2.160	 22.775	  1.005	  1.481	  0.000
8	  2.160	 25.477	  1.005	  1.481	  0.000
9	  2.160	 28.180	  1.005	  1.481	  0.000
10	  2.160	 30.883	  1.005	  1.481	  0.000
11	  2.160	 33.586	  1.005	  1.481	  0.000
12	  2.160	 36.288	  1.005	  1.481	  0.000
13	  2.160	 38.991	  1.005	  1.481	  0.000
14	  2.160	 41.694	  1.005	  1.481	  0.000
15	  2.160	 44.396	  1.005	  1.481	  0.000
16	  2.160	 47.099	  1.005	  1.481	  0.000
17	  2.160	 49.802	  1.005	  1.481	  0.000
18	  2.160	 52.504	  1.005	  1.481	  0.000
19	  2.160	 55.207	  1.005	  1.481	  0.000
20	  2.160	 57.910	  1.005	  1.481	  0.000
21	  2.160	 60.613	  1.005	  1.481	  0.000
22	  2.160	 63.315	  1.005	  1.481	  0.000
23	  2.160	 66.018	  1.005	  1.481	  0.000
24	  2.160	 68.721	  1.005	  1.481	  0.000
25	  2.160	 71.423	  1.005	  1.481	  0.000
26	  2.160	 74.126	  1.005	  1.481	  0.000
27	  2.160	 76.829	  1.005	  1.481	  0.000
28	  2.160	 79.532	  1.005	  1.481	  0.000
29	  2.160	 82.234	  1.005	  1.481	  0.000
30	  2.160	 84.937	  1.005	  1.481	  0.000
31	  2.160	 87.640	  1.005	  1.481	  0.000
32	  2.160	 90.342	  1.005	  1.481	  0.000
33	  2.160	 93.045	  1.005	  1.481	  0.000
34	  2.160	 95.748	  1.005	  1.481	  0.000
35	  2.160	 98.450	  1.005	  1.481	  0.000
36	  2.160	101.153	  1.005	  1.481	  0.000
0	  2.280	  4.034	  1.005	  1.485	  0.000
1	  2.280	  6.736	  1.005	  1.485	  0.000
2	  2.280	  9.439	  1.005	  1.485	  0.000
3	  2.280	 12.142	  1.005	  1.485	  0.000
4	  2.280	 14.845	  1.005	  1.485	  0.000
5	  2.280	 17.547	  1.005	  1.485	  0.000
6	  2.280	 20.250	  1.005	  1.485	  0.000
7	  2.280	 22.953	  1.005	  1.485	  0.000
8	  2.280	 25.655	  1.005	  1.485	  0.000
9	  2.280	 28.358	  1.005	  1.485	  0.000
10	  2.280	 31.061	  1.005	  1.485	  0.000
11	  2.280	 33.764	  1.005	  1.485	  0.000
12	  2.280	 36.466	  1.005	  1.485	  0.000
13	  2.280	 39.169	  1.005	  1.485	  0.000
14	  2.280	 41.872	  1.005	  1.485	  0.000
15	  2.280	 44.574	  1.005	  1.485	  0.000
16	  2.280	 47.277	  1.005	  1.485	  0.000
17	  2.280	 49.980	  1.005	  1.485	  0.000
18	  2.280	 52.682	  1.005	  1.485	  0.000
19	  2.280	 55.385	  1.005	  1.485	  0.000
20	  2.280	 58.088	  1.005	  1.485	  0.000
21	  2.280	 60.791	  1.005	  1.485	  0.000
22	  2.280	 63.493	  1.005	  1.485	  0.000
23	  2.280	 66.196	  1.005	  1.485	  0.000
24	  2.280	 68.899	  1.005	  1.485	  0.000
25	  2.280	 71.601	  1.005	  1.485	  0.000
26	  2.280	 74.304	  1.005	  1.485	  0.000
27	  2.280	 77.007	  1.005	  1.485	  0.000
28	  2.280	 79.709	  1.005	  1.485	  0.000
29	  2.280	 82.412	  1.005	  1.485	  0.000
30	  2.280	 85.115	  1.005	  1.485	  0.000
31	  2.280	 87.818	  1.005	  1.485	  0.000
32	  2.280	 90.520	  1.005	  1.485	  0.000
33	  2.280	 93.223	  1.005	  1.485	  0.000
34	  2.280	 95.926	  1.005	  1.485	  0.000
35	  2.280	 98.628	  1.005	  1.485	  0.000
36	  2.280	101.331	  1.005	  1.485	  0.000
0	  2.400	  4.212	  1.005	  1.488	  0.000
1	  2.400	  6.915	  1.005	  1.488	  0.000
2	  2.400	  9.618	  1.005	  1.488	  0.000
3	  2.400	 12.320	  1.005	  1.488	  0.000
4	  2.400	 15.023	  1.005	  1.488	  0.000
5	  2.400	 17.726	  1.005	  1.488	  0.000
6	  2.400	 20.428	  1.005	  1.488	  0.000
7	  2.400	 23.131	  1.005	  1.488	  0.000
8	  2.400	 25.834	  1.005	  1.488	  0.000
9	  2.400	 28.537	  1.005	  1.488	  0.000
10	  2.400	 31.239	  1.005	  1.488	  0.000
11	  2.400	 33.942	  1.005	  1.488	  0.000
12	  2.400	 36.645	  1.005	  1.488	  0.000
13	  2.400	 39.347	  1.005	  1.488	  0.000
14	  2.400	 42.050	  1.005	  1.488	  0.000
15	  2.400	 44.753	  1.005	  1.488	  0.000
16	  2.400	 47.455	  1.005	  1.488	  0.000
17	  2.400	 50.158	  1.005	  1.488	  0.000
18	  2.400	 52.861	  1.005	  1.488	  0.000
19	  2.400	 55.564	  1.005	  1.488	  0.000
20	  2.400	 58.266	  1.005	  1.488	  0.000
21	  2.400	 60.969	  1.005	  1.488	  0.000
22	  2.400	 63.672	  1.005	  1.488	  0.000
23	  2.400	 66.374	  1.005	  1.488	  0.000
24	  2.400	 69.077	  1.005	  1.488	  0.000
25	  2.400	 71.780	  1.005	  1.488	  0.000
26	  2.400	 74.482	  1.005	  1.488	  0.000
27	  2.400	 77.185	  1.005	  1.488	  0.000
28	  2.400	 79.888	  1.005	  1.488	  0.000
29	  2.400	 82.591	  1.005	  1.488	  0.000
30	  2.400	 85.293	  1.005	  1.488	  0.000
31	  2.400	 87.996	  1.005	  1.488	  0.000
32	  2.400	 90.699	  1.005	  1.488	  0.000
33	  2.400	 93.401	  1.005	  1.488	  0.000
34	  2.400	 96.104	  1.005	  1.488	  0.000
35	  2.400	 98.807	  1.005	  1.488	  0.000
36	  2.400	101.509	  1.005	  1.488	  0.000
0	  2.520	  4.391	  1.005	  1.491	  0.000
1	  2.520	  7.094	  1.005	  1.491	  0.000
2	  2.520	  9.796	  1.005	  1.491	  0.000
3	  2.520	 12.499	  1.005	  1.491	  0.000
4	  2.520	 15.202	  1.005	  1.491	  0.000
5	  2.520	 17.904	  1.005	  1.491	  0.000
6	  2.520	 20.607	  1.005	  1.491	  0.000
7	  2.520	 23.310	  1.005	  1.491	  0.000
8	  2.520	 26.013	  1.005	  1.491	  0.000
9	  2.520	 28.715	  1.005	  1.491	  0.000
10	  2.520	 31.418	  1.005	  1.491	  0.000
11	  2.520	 34.121	  1.005	  1.491	  0.000
12	  2.520	 36.823	  1.005	  1.491	  0.000
13	  2.520	 39.526	  1.005	  1.491	  0.000
14	  2.520	 42.229	  1.005	  1.491	  0.000
15	  2.520	 44.931	  1.005	  1.491	  0.000
16	  2.520	 47.634	  1.005	  1.491	  0.000
17	  2.520	 50.337	  1.005	  1.491	  0.000
18	  2.520	 53.040	  1.005	  1.491	  0.000
19	  2.520	 55.742	  1.005	  1.491	  0.000
20	  2.520	 58.445	  1.005	  1.491	  0.000
21	  2.520	 61.148	  1.005	  1.491	  0.000
22	  2.520	 63.850	  1.005	  1.491	  0.000
23	  2.520	 66.553	  1.005	  1.491	  0.000
24	  2.520	 69.256	  1.005	  1.491	  0.000
25	  2.520	 71.959	  1.005	  1.491	  0.000
26	  2.520	 74.661	  1.005	  1.491	  0.000
27	  2.520	 77.364	  1.005	  1.491	  0.000
28	  2.520	 80.067	  1.005	  1.491	  0.000
29	  2.520	 82.769	  1.005	  1.491	  0.000
30	  2.520	 85.472	  1.005	  1.491	  0.000
31	  2.520	 88.175	  1.005	  1.491	  0.000
32	  2.520	 90.877	  1.005	  1.491	  0.000
33	  2.520	 93.580	  1.005	  1.491	  0.000
34	  2.520	 96.283	  1.005	  1.491	  0.000
35	  2.520	 98.986	  1.005	  1.491	  0.000
36	  2.520	101.688	  1.005	  1.491	  0.000
0	  2.640	  4.570	  1.005	  1.493	  0.000
1	  2.640	  7.273	  1.005	  1.493	  0.000
2	  2.640	  9.975	  1.005	  1.493	  0.000
3	  2.640	 12.678	  1.005	  1.493	  0.000
4	  2.640	 15.381	  1.005	  1.493	  0.000
5	  2.640	 18.083	  1.005	  1.493	  0.000
6	  2.640	 20.786	  1.005	  1.493	  0.000
7	  2.640	 23.489	  1.005	  1.493	  0.000
8	  2.640	 26.192	  1.005	  1.493	  0.000
9	  2.640	 28.894	  1.005	  1.493	  0.000
10	  2.640	 31.597	  1.005	  1.493	  0.000
11	  2.640	 34.300	  1.005	  1.493	  0.000
12	  2.640	 37.002	  1.005	  1.493	  0.000
13	  2.640	 39.705	  1.005	  1.493	  0.000
14	  2.640	 42.408	  1.005	  1.493	  0.000
15	  2.640	 45.110	  1.005	  1.493	  0.000
16	  2.640	 47.813	  1.005	  1.493	  0.000
17	  2.640	 50.516	  1.005	  1.493	  0.000
18	  2.640	 53.219	  1.005	  1.493	  0.000
19	  2.640	 55.921	  1.005	  1.493	  0.000
20	  2.640	 58.624	  1.005	  1.493	  0.000
21	  2.640	 61.327	  1.005	  1.493	  0.000
22	  2.640	 64.029	  1.005	  1.493	  0.000
23	  2.640	 66.732	  1.005	  1.493	  0.000
24	  2.640	 69.435	  1.005	  1.493	  0.000
25	  2.640	 72.138	  1.005	  1.493	  0.000
26	  2.640	 74.840	  1.005	  1.493	  0.000
27	  2.640	 77.543	  1.005	  1.493	  0.000
28	  2.640	 80.246	  1.005	  1.493	  0.000
29	  2.640	 82.948	  1.005	  1.493	  0.000
30	  2.640	 85.651	  1.005	  1.493	  0.000
31	  2.640	 88.354	  1.005	  1.493	  0.000
32	  2.640	 91.056	  1.005	  1.493	  0.000
33	  2.640	 93.759	  1.005	  1.493	  0.000
34	  2.640	 96.462	  1.005	  1.493	  0.000
35	  2.640	 99.165	  1.005	  1.493	  0.000
36	  2.640	101.867	  1.005	  1.493	  0.000
0	  2.760	  4.749	  1.005	  1.494	  0.000
1	  2.760	  7.452	  1.005	  1.494	  0.000
2	  2.760	 10.155	  1.005	  1.494	  0.000
3	  2.760	 12.857	  1.005	  1.494	  0.000
4	  2.760	 15.560	  1.005	  1.494	  0.000
5	  2.760	 18.263	  1.005	  1.494	  0.000
6	  2.760	 20.965	  1.005	  1.494	  0.000
7	  2.760	 23.668	  1.005	  1.494	  0.000
8	  2.760	 26.371	  1.005	  1.494	  0.000
9	  2.760	 29.073	  1.005	  1.494	  0.000
10	  2.760	 31.776	  1.005	  1.494	  0.000
11	  2.760	 34.479	  1.005	  1.494	  0.000
12	  2.760	 37.182	  1.005	  1.494	  0.000
13	  2.760	 39.884	  1.005	  1.494	  0.000
14	  2.760	 42.587	  1.005	  1.494	  0.000
15	  2.760	 45.290	  1.005	  1.494	  0.000
16	  2.760	 47.992	  1.005	  1.494	  0.000
17	  2.760	 50.695	  1.005	  1.494	  0.000
18	  2.760	 53.398	  1.005	  1.494	  0.000
19	  2.760	 56.101	  1.005	  1.494	  0.000
20	  2.760	 58.803	  1.005	  1.494	  0.000
21	  2.760	 61.506	  1.005	  1.494	  0.000
22	  2.760	 64.209	  1.005	  1.494	  0.000
23	  2.760	 66.911	  1.005	  1.494	  0.000
24	  2.760	 69.614	  1.005	  1.494	  0.000
25	  2.760	 72.317	  1.005	  1.494	  0.000
26	  2.760	 75.019	  1.005	  1.494	  0.000
27	  2.760	 77.722	  1.005	  1.494	  0.000
28	  2.760	 80.425	  1.005	  1.494	  0.000
29	  2.760	 83.128	  1.005	  1.494	  0.000
30	  2.760	 85.830	  1.005	  1.494	  0.000
31	  2.760	 88.533	  1.005	  1.494	  0.000
32	  2.760	 91.236	  1.005	  1.494	  0.000
33	  2.760	 93.938	  1.005	  1.494	  0.000
34	  2.760	 96.641	  1.005	  1.494	  0.000
35	  2.760	 99.344	  1.005	  1.494	  0.000
36	  2.760	102.046	  1.005	  1.494	  0.000
0	  2.880	  4.929	  1.005	  1.496	  0.000
1	  2.880	  7.631	  1.005	  1.496	  0.000
2	  2.880	 10.334	  1.005	  1.496	  0.000
3	  2.880	 13.037	  1.005	  1.496	  0.000
4	  2.880	 15.739	  1.005	  1.496	  0.000
5	  2.880	 18.442	  1.005	  1.496	  0.000
6	  2.880	 21.145	  1.005	  1.496	  0.000
7	  2.880	 23.847	  1.005	  1.496	  0.000
8	  2.880	 26.550	  1.005	  1.496	  0.000
9	  2.880	 29.253	  1.005	  1.496	  0.000
10	  2.880	 31.956	  1.005	  1.496	  0.000
11	  2.880	 34.658	  1.005	  1.496	  0.000
12	  2.880	 37.361	  1.005	  1.496	  0.000
13	  2.880	 40.064	  1.005	  1.496	  0.000
14	  2.880	 42.766	  1.005	  1.496	  0.000
15	  2.880	 45.469	  1.005	  1.496	  0.000
16	  2.880	 48.172	  1.005	  1.496	  0.000
17	  2.880	 50.875	  1.005	  1.496	  0.000
18	  2.880	 53.577	  1.005	  1.496	  0.000
19	  2.880	 56.280	  1.005	  1.496	  0.000
20	  2.880	 58.983	  1.005	  1.496	  0.000
21	  2.880	 61.685	  1.005	  1.496	  0.000
22	  2.880	 64.388	  1.005	  1.496	  0.000
23	  2.880	 67.091	  1.005	  1.496	  0.000
24	  2.880	 69.793	  1.005	  1.496	  0.000
25	  2.880	 72.496	  1.005	  1.496	  0.000
26	  2.880	 75.199	  1.005	  1.496	  0.000
27	  2.880	 77.902	  1.005	  1.496	  0.000
28	  2.880	 80.604	  1.005	  1.496	  0.000
29	  2.880	 83.307	  1.005	  1.496	  0.000
30	  2.880	 86.010	  1.005	  1.496	  0.000
31	  2.880	 88.712	  1.005	  1.496	  0.000
32	  2.880	 91.415	  1.005	  1.496	  0.000
33	  2.880	 94.118	  1.005	  1.496	  0.000
34	  2.880	 96.820	  1.005	  1.496	  0.000
35	  2.880	 99.523	  1.005	  1.496	  0.000
36	  2.880	102.226	  1.005	  1.496	  0.000
0	  3.000	  5.108	  1.005	  1.497	  0.000
1	  3.000	  7.811	  1.005	  1.497	  0.000
2	  3.000	 10.513	  1.005	  1.497	  0.000
3	  3.000	 13.216	  1.005	  1.497	  0.000
4	  3.000	 15.919	  1.005	  1.497	  0.000
5	  3.000	 18.622	  1.005	  1.497	  0.000
6	  3.000	 21.324	  1.005	  1.497	  0.000
7	  3.000	 24.027	  1.005	  1.497	  0.000
8	  3.000	 26.730	  1.005	  1.497	  0.000
9	  3.000	 29.432	  1.005	  1.497	  0.000
10	  3.000	 32.135	  1.005	  1.497	  0.000
11	  3.000	 34.838	  1.005	  1.497	  0.000
12	  3.000	 37.541	  1.005	  1.497	  0.000
13	  3.000	 40.243	  1.005	  1.497	  0.000
14	  3.000	 42.946	  1.005	  1.497	  0.000
15	  3.000	 45.649	  1.005	  1.497	  0.000
16	  3.000	 48.351	  1.005	  1.497	  0.000
17	  3.000	 51.054	  1.005	  1.497	  0.000
18	  3.000	 53.757	  1.005	  1.497	  0.000
19	  3.000	 56.459	  1.005	  1.497	  0.000
20	  3.000	 59.162	  1.005	  1.497	  0.000
21	  3.000	 61.865	  1.005	  1.497	  0.000
22	  3.000	 64.568	  1.005	  1.497	  0.000
23	  3.000	 67.270	  1.005	  1.497	  0.000
24	  3.000	 69.973	  1.005	  1.497	  0.000
25	  3.000	 72.676	  1.005	  1.497	  0.000
26	  3.000	 75.378	  1.005	  1.497	  0.000
27	  3.000	 78.081	  1.005	  1.497	  0.000
28	  3.000	 80.784	  1.005	  1.497	  0.000
29	  3.000	 83.486	  1.005	  1.497	  0.000
30	  3.000	 86.189	  1.005	  1.497	  0.000
31	  3.000	 88.892	  1.005	  1.497	  0.000
32	  3.000	 91.595	  1.005	  1.497	  0.000
33	  3.000	 94.297	  1.005	  1.497	  0.000
34	  3.000	 97.000	  1.005	  1.497	  0.000
35	  3.000	 99.703	  1.005	  1.497	  0.000
36	  3.000	102.405	  1.005	  1.497	  0.000
