# id	 time	 x	 y	 vx	 vy
0	  0.000	  0.926	  1.000	  0.010	  0.010
1	  0.000	  2.778	  1.000	  0.010	  0.010
2	  0.000	  4.630	  1.000	  0.010	  0.010
3	  0.000	  6.481	  1.000	  0.010	  0.010
4	  0.000	  8.333	  1.000	  0.010	  0.010
5	  0.000	 10.185	  1.000	  0.010	  0.010
6	  0.000	 12.037	  1.000	  0.010	  0.010
7	  0.000	 13.889	  1.000	  0.010	  0.010
8	  0.000	 15.741	  1.000	  0.010	  0.010
9	  0.000	 17.593	  1.000	  0.010	  0.010
10	  0.000	 19.444	  1.000	  0.010	  0.010
11	  0.000	 21.296	  1.000	  0.010	  0.010
12	  0.000	 23.148	  1.000	  0.010	  0.010
13	  0.000	 25.000	  1.000	  0.010	  0.010
14	  0.000	 26.852	  1.000	  0.010	  0.010
15	  0.000	 28.704	  1.000	  0.010	  0.010
16	  0.000	 30.556	  1.000	  0.010	  0.010
17	  0.000	 32.407	  1.000	  0.010	  0.010
18	  0.000	 34.259	  1.000	  0.010	  0.010
19	  0.000	 36.111	  1.000	  0.010	  0.010
20	  0.000	 37.963	  1.000	  0.010	  0.010
21	  0.000	 39.815	  1.000	  0.010	  0.010
22	  0.000	 41.667	  1.000	  0.010	  0.010
23	  0.000	 43.519	  1.000	  0.010	  0.010
24	  0.000	 45.370	  1.000	  0.010	  0.010
25	  0.000	 47.222	  1.000	  0.010	  0.010
26	  0.000	 49.074	  1.000	  0.010	  0.010
27	  0.000	 50.926	  1.000	  0.010	  0.010
28	  0.000	 52.778	  1.000	  0.010	  0.010
29	  0.000	 54.630	  1.000	  0.010	  0.010
30	  0.000	 56.481	  1.000	  0.010	  0.010
31	  0.000	 58.333	  1.000	  0.010	  0.010
32	  0.000	 60.185	  1.000	  0.010	  0.010
33	  0.000	 62.037	  1.000	  0.010	  0.010
34	  0.000	 63.889	  1.000	  0.010	  0.010
35	  0.000	 65.741	  1.000	  0.010	  0.010
36	  0.000	 67.593	  1.000	  0.010	  0.010
37	  0.000	 69.444	  1.000	  0.010	  0.010
38	  0.000	 71.296	  1.000	  0.010	  0.010
39	  0.000	 73.148	  1.000	  0.010	  0.010
40	  0.000	 75.000	  1.000	  0.010	  0.010
41	  0.000	 76.852	  1.000	  0.010	  0.010
42	  0.000	 78.704	  1.000	  0.010	  0.010
43	  0.000	 80.556	  1.000	  0.010	  0.010
44	  0.000	 82.407	  1.000	  0.010	  0.010
45	  0.000	 84.259	  1.000	  0.010	  0.010
46	  0.000	 86.111	  1.000	  0.010	  0.010
47	  0.000	 87.963	  1.000	  0.010	  0.010
48	  0.000	 89.815	  1.000	  0.010	  0.010
49	  0.000	 91.667	  1.000	  0.010	  0.010
50	  0.000	 93.519	  1.000	  0.010	  0.010
51	  0.000	 95.370	  1.000	  0.010	  0.010
52	  0.000	 97.222	  1.000	  0.010	  0.010
53	  0.000	 99.074	  1.000	  0.010	  0.010
0	  0.120	  0.945	  1.001	  0.330	  0.008
1	  0.120	  2.797	  1.001	  0.330	  0.008
2	  0.120	  4.649	  1.001	  0.330	  0.008
3	  0.120	  6.501	  1.001	  0.330	  0.008
4	  0.120	  8.353	  1.001	  0.330	  0.008
5	  0.120	 10.205	  1.001	  0.330	  0.008
6	  0.120	 12.057	  1.001	  0.330	  0.008
7	  0.120	 13.908	  1.001	  0.330	  0.008
8	  0.120	 15.760	  1.001	  0.330	  0.008
9	  0.120	 17.612	  1.001	  0.330	  0.008
10	  0.120	 19.464	  1.001	  0.330	  0.008
11	  0.120	 21.316	  1.001	  0.330	  0.008
12	  0.120	 23.168	  1.001	  0.330	  0.008
13	  0.120	 25.020	  1.001	  0.330	  0.008
14	  0.120	 26.871	  1.001	  0.330	  0.008
15	  0.120	 28.723	  1.001	  0.330	  0.008
16	  0.120	 30.575	  1.001	  0.330	  0.008
17	  0.120	 32.427	  1.001	  0.330	  0.008
18	  0.120	 34.279	  1.001	  0.330	  0.008
19	  0.120	 36.131	  1.001	  0.330	  0.008
20	  0.120	 37.983	  1.001	  0.330	  0.008
21	  0.120	 39.834	  1.001	  0.330	  0.008
22	  0.120	 41.686	  1.001	  0.330	  0.008
23	  0.120	 43.538	  1.001	  0.330	  0.008
24	  0.120	 45.390	  1.001	  0.330	  0.008
25	  0.120	 47.242	  1.001	  0.330	  0.008
26	  0.120	 49.094	  1.001	  0.330	  0.008
27	  0.120	 50.945	  1.001	  0.330	  0.008
28	  0.120	 52.797	  1.001	  0.330	  0.008
29	  0.120	 54.649	  1.001	  0.330	  0.008
30	  0.120	 56.501	  1.001	  0.330	  0.008
31	  0.120	 58.353	  1.001	  0.330	  0.008
32	  0.120	 60.205	  1.001	  0.330	  0.008
33	  0.120	 62.057	  1.001	  0.330	  0.008
34	  0.120	 63.908	  1.001	  0.330	  0.008
35	  0.120	 65.760	  1.001	  0.330	  0.008
36	  0.120	 67.612	  1.001	  0.330	  0.008
37	  0.120	 69.464	  1.001	  0.330	  0.008
38	  0.120	 71.316	  1.001	  0.330	  0.008
39	  0.120	 73.168	  1.001	  0.330	  0.008
40	  0.120	 75.020	  1.001	  0.330	  0.008
41	  0.120	 76.871	  1.001	  0.330	  0.008
42	  0.120	 78.723	  1.001	  0.330	  0.008
43	  0.120	 80.575	  1.001	  0.330	  0.008
44	  0.120	 82.427	  1.001	  0.330	  0.008
45	  0.120	 84.279	  1.001	  0.330	  0.008
46	  0.120	 86.131	  1.001	  0.330	  0.008
47	  0.120	 87.983	  1.001	  0.330	  0.008
48	  0.120	 89.834	  1.001	  0.330	  0.008
49	  0.120	 91.686	  1.001	  0.330	  0.008
50	  0.120	 93.538	  1.001	  0.330	  0.008
51	  0.120	 95.390	  1.001	  0.330	  0.008
52	  0.120	 97.242	  1.001	  0.330	  0.008
53	  0.120	 99.094	  1.001	  0.330	  0.008
0	  0.240	  1.000	  1.002	  0.581	  0.006
1	  0.240	  2.851	  1.002	  0.581	  0.006
2	  0.240	  4.703	  1.002	  0.581	  0.006
3	  0.240	  6.555	  1.002	  0.581	  0.006
4	  0.240	  8.407	  1.002	  0.581	  0.006
5	  0.240	 10.259	  1.002	  0.581	  0.006
6	  0.240	 12.111	  1.002	  0.581	  0.006
7	  0.240	 13.962	  1.002	  0.581	  0.006
8	  0.240	 15.814	  1.002	  0.581	  0.006
9	  0.240	 17.666	  1.002	  0.581	  0.006
10	  0.240	 19.518	  1.002	  0.581	  0.006
11	  0.240	 21.370	  1.002	  0.581	  0.006
12	  0.240	 23.222	  1.002	  0.581	  0.006
13	  0.240	 25.074	  1.002	  0.581	  0.006
14	  0.240	 26.925	  1.002	  0.581	  0.006
15	  0.240	 28.777	  1.002	  0.581	  0.006
16	  0.240	 30.629	  1.002	  0.581	  0.006
17	  0.240	 32.481	  1.002	  0.581	  0.006
18	  0.240	 34.333	  1.002	  0.581	  0.006
19	  0.240	 36.185	  1.002	  0.581	  0.006
20	  0.240	 38.037	  1.002	  0.581	  0.006
21	  0.240	 39.888	  1.002	  0.581	  0.006
22	  0.240	 41.740	  1.002	  0.581	  0.006
23	  0.240	 43.592	  1.002	  0.581	  0.006
24	  0.240	 45.444	  1.002	  0.581	  0.006
25	  0.240	 47.296	  1.002	  0.581	  0.006
26	  0.240	 49.148	  1.002	  0.581	  0.006
27	  0.240	 51.000	  1.002	  0.581	  0.006
28	  0.240	 52.851	  1.002	  0.581	  0.006
29	  0.240	 54.703	  1.002	  0.581	  0.006
30	  0.240	 56.555	  1.002	  0.581	  0.006
31	  0.240	 58.407	  1.002	  0.581	  0.006
32	  0.240	 60.259	  1.002	  0.581	  0.006
33	  0.240	 62.111	  1.002	  0.581	  0.006
34	  0.240	 63.962	  1.002	  0.581	  0.006
35	  0.240	 65.814	  1.002	  0.581	  0.006
36	  0.240	 67.666	  1.002	  0.581	  0.006
37	  0.240	 69.518	  1.002	  0.581	  0.006
38	  0.240	 71.370	  1.002	  0.581	  0.006
39	  0.240	 73.222	  1.002	  0.581	  0.006
40	  0.240	 75.074	  1.002	  0.581	  0.006
41	  0.240	 76.925	  1.002	  0.581	  0.006
42	  0.240	 78.777	  1.002	  0.581	  0.006
43	  0.240	 80.629	  1.002	  0.581	  0.006
44	  0.240	 82.481	  1.002	  0.581	  0.006
45	  0.240	 84.333	  1.002	  0.581	  0.006
46	  0.240	 86.185	  1.002	  0.581	  0.006
47	  0.240	 88.037	  1.002	  0.581	  0.006
48	  0.240	 89.888	  1.002	  0.581	  0.006
49	  0.240	 91.740	  1.002	  0.581	  0.006
50	  0.240	 93.592	  1.002	  0.581	  0.006
51	  0.240	 95.444	  1.002	  0.581	  0.006
52	  0.240	 97.296	  1.002	  0.581	  0.006
53	  0.240	 99.148	  1.002	  0.581	  0.006
0	  0.360	  1.081	  1.003	  0.778	  0.005
1	  0.360	  2.932	  1.003	  0.778	  0.005
2	  0.360	  4.784	  1.003	  0.778	  0.005
3	  0.360	  6.636	  1.003	  0.778	  0.005
4	  0.360	  8.488	  1.003	  0.778	  0.005
5	  0.360	 10.340	  1.003	  0.778	  0.005
6	  0.360	 12.192	  1.003	  0.778	  0.005
7	  0.360	 14.044	  1.003	  0.778	  0.005
8	  0.360	 15.895	  1.003	  0.778	  0.005
9	  0.360	 17.747	  1.003	  0.778	  0.005
10	  0.360	 19.599	  1.003	  0.778	  0.005
11	  0.360	 21.451	  1.003	  0.778	  0.005
12	  0.360	 23.303	  1.003	  0.778	  0.005
13	  0.360	 25.155	  1.003	  0.778	  0.005
14	  0.360	 27.006	  1.003	  0.778	  0.005
15	  0.360	 28.858	  1.003	  0.778	  0.005
16	  0.360	 30.710	  1.003	  0.778	  0.005
17	  0.360	 32.562	  1.003	  0.778	  0.005
18	  0.360	 34.414	  1.003	  0.778	  0.005
19	  0.360	 36.266	  1.003	  0.778	  0.005
20	  0.360	 38.118	  1.003	  0.778	  0.005
21	  0.360	 39.969	  1.003	  0.778	  0.005
22	  0.360	 41.821	  1.003	  0.778	  0.005
23	  0.360	 43.673	  1.003	  0.778	  0.005
24	  0.360	 45.525	  1.003	  0.778	  0.005
25	  0.360	 47.377	  1.003	  0.778	  0.005
26	  0.360	 49.229	  1.003	  0.778	  0.005
27	  0.360	 51.081	  1.003	  0.778	  0.005
28	  0.360	 52.932	  1.003	  0.778	  0.005
29	  0.360	 54.784	  1.003	  0.778	  0.005
30	  0.360	 56.636	  1.003	  0.778	  0.005
31	  0.360	 58.488	  1.003	  0.778	  0.005
32	  0.360	 60.340	  1.003	  0.778	  0.005
33	  0.360	 62.192	  1.003	  0.778	  0.005
34	  0.360	 64.044	  1.003	  0.778	  0.005
35	  0.360	 65.895	  1.003	  0.778	  0.005
36	  0.360	 67.747	  1.003	  0.778	  0.005
37	  0.360	 69.599	  1.003	  0.778	  0.005
38	  0.360	 71.451	  1.003	  0.778	  0.005
39	  0.360	 73.303	  1.003	  0.778	  0.005
40	  0.360	 75.155	  1.003	  0.778	  0.005
41	  0.360	 77.006	  1.003	  0.778	  0.005
42	  0.360	 78.858	  1.003	  0.778	  0.005
43	  0.360	 80.710	  1.003	  0.778	  0.005
44	  0.360	 82.562	  1.003	  0.778	  0.005
45	  0.360	 84.414	  1.003	  0.778	  0.005
46	  0.360	 86.266	  1.003	  0.778	  0.005
47	  0.360	 88.118	  1.003	  0.778	  0.005
48	  0.360	 89.969	  1.003	  0.778	  0.005
49	  0.360	 91.821	  1.003	  0.778	  0.005
50	  0.360	 93.673	  1.003	  0.778	  0.005
51	  0.360	 95.525	  1.003	  0.778	  0.005
52	  0.360	 97.377	  1.003	  0.778	  0.005
53	  0.360	 99.229	  1.003	  0.778	  0.005
0	  0.480	  1.183	  1.003	  0.933	  0.004
1	  0.480	  3.035	  1.003	  0.933	  0.004
2	  0.480	  4.887	  1.003	  0.933	  0.004
3	  0.480	  6.738	  1.003	  0.933	  0.004
4	  0.480	  8.590	  1.003	  0.933	  0.004
5	  0.480	 10.442	  1.003	  0.933	  0.004
6	  0.480	 12.294	  1.003	  0.933	  0.004
7	  0.480	 14.146	  1.003	  0.933	  0.004
8	  0.480	 15.998	  1.003	  0.933	  0.004
9	  0.480	 17.849	  1.003	  0.933	  0.004
10	  0.480	 19.701	  1.003	  0.933	  0.004
11	  0.480	 21.553	  1.003	  0.933	  0.004
12	  0.480	 23.405	  1.003	  0.933	  0.004
13	  0.480	 25.257	  1.003	  0.933	  0.004
14	  0.480	 27.109	  1.003	  0.933	  0.004
15	  0.480	 28.961	  1.003	  0.933	  0.004
16	  0.480	 30.812	  1.003	  0.933	  0.004
17	  0.480	 32.664	  1.003	  0.933	  0.004
18	  0.480	 34.516	  1.003	  0.933	  0.004
19	  0.480	 36.368	  1.003	  0.933	  0.004
20	  0.480	 38.220	  1.003	  0.933	  0.004
21	  0.480	 40.072	  1.003	  0.933	  0.004
22	  0.480	 41.924	  1.003	  0.933	  0.004
23	  0.480	 43.775	  1.003	  0.933	  0.004
24	  0.480	 45.627	  1.003	  0.933	  0.004
25	  0.480	 47.479	  1.003	  0.933	  0.004
26	  0.480	 49.331	  1.003	  0.933	  0.004
27	  0.480	 51.183	  1.003	  0.933	  0.004
28	  0.480	 53.035	  1.003	  0.933	  0.004
29	  0.480	 54.887	  1.003	  0.933	  0.004
30	  0.480	 56.738	  1.003	  0.933	  0.004
31	  0.480	 58.590	  1.003	  0.933	  0.004
32	  0.480	 60.442	  1.003	  0.933	  0.004
33	  0.480	 62.294	  1.003	  0.933	  0.004
34	  0.480	 64.146	  1.003	  0.933	  0.004
35	  0.480	 65.998	  1.003	  0.933	  0.004
36	  0.480	 67.849	  1.003	  0.933	  0.004
37	  0.480	 69.701	  1.003	  0.933	  0.004
38	  0.480	 71.553	  1.003	  0.933	  0.004
39	  0.480	 73.405	  1.003	  0.933	  0.004
40	  0.480	 75.257	  1.003	  0.933	  0.004
41	  0.480	 77.109	  1.003	  0.933	  0.004
42	  0.480	 78.961	  1.003	  0.933	  0.004
43	  0.480	 80.812	  1.003	  0.933	  0.004
44	  0.480	 82.664	  1.003	  0.933	  0.004
45	  0.480	 84.516	  1.003	  0.933	  0.004
46	  0.480	 86.368	  1.003	  0.933	  0.004
47	  0.480	 88.220	  1.003	  0.933	  0.004
48	  0.480	 90.072	  1.003	  0.933	  0.004
49	  0.480	 91.924	  1.003	  0.933	  0.004
50	  0.480	 93.775	  1.003	  0.933	  0.004
51	  0.480	 95.627	  1.003	  0.933	  0.004
52	  0.480	 97.479	  1.003	  0.933	  0.004
53	  0.480	 99.331	  1.003	  0.933	  0.004
0	  0.600	  1.302	  1.004	  1.054	  0.003
1	  0.600	  3.154	  1.004	  1.054	  0.003
2	  0.600	  5.005	  1.004	  1.054	  0.003
3	  0.600	  6.857	  1.004	  1.054	  0.003
4	  0.600	  8.709	  1.004	  1.054	  0.003
5	  0.600	 10.561	  1.004	  1.054	  0.003
6	  0.600	 12.413	  1.004	  1.054	  0.003
7	  0.600	 14.265	  1.004	  1.054	  0.003
8	  0.600	 16.117	  1.004	  1.054	  0.003
9	  0.600	 17.968	  1.004	  1.054	  0.003
10	  0.600	 19.820	  1.004	  1.054	  0.003
11	  0.600	 21.672	  1.004	  1.054	  0.003
12	  0.600	 23.524	  1.004	  1.054	  0.003
13	  0.600	 25.376	  1.004	  1.054	  0.003
14	  0.600	 27.228	  1.004	  1.054	  0.003
15	  0.600	 29.079	  1.004	  1.054	  0.003
16	  0.600	 30.931	  1.004	  1.054	  0.003
17	  0.600	 32.783	  1.004	  1.054	  0.003
18	  0.600	 34.635	  1.004	  1.054	  0.003
19	  0.600	 36.487	  1.004	  1.054	  0.003
20	  0.600	 38.339	  1.004	  1.054	  0.003
21	  0.600	 40.191	  1.004	  1.054	  0.003
22	  0.600	 42.042	  1.004	  1.054	  0.003
23	  0.600	 43.894	  1.004	  1.054	  0.003
24	  0.600	 45.746	  1.004	  1.054	  0.003
25	  0.600	 47.598	  1.004	  1.054	  0.003
26	  0.600	 49.450	  1.004	  1.054	  0.003
27	  0.600	 51.302	  1.004	  1.054	  0.003
28	  0.600	 53.154	  1.004	  1.054	  0.003
29	  0.600	 55.005	  1.004	  1.054	  0.003
30	  0.600	 56.857	  1.004	  1.054	  0.003
31	  0.600	 58.709	  1.004	  1.054	  0.003
32	  0.600	 60.561	  1.004	  1.054	  0.003
33	  0.600	 62.413	  1.004	  1.054	  0.003
34	  0.600	 64.265	  1.004	  1.054	  0.003
35	  0.600	 66.117	  1.004	  1.054	  0.003
36	  0.600	 67.968	  1.004	  1.054	  0.003
37	  0.600	 69.820	  1.004	  1.054	  0.003
38	  0.600	 71.672	  1.004	  1.054	  0.003
39	  0.600	 73.524	  1.004	  1.054	  0.003
40	  0.600	 75.376	  1.004	  1.054	  0.003
41	  0.600	 77.228	  1.004	  1.054	  0.003
42	  0.600	 79.079	  1.004	  1.054	  0.003
43	  0.600	 80.931	  1.004	  1.054	  0.003
44	  0.600	 82.783	  1.004	  1.054	  0.003
45	  0.600	 84.635	  1.004	  1.054	  0.003
46	  0.600	 86.487	  1.004	  1.054	  0.003
47	  0.600	 88.339	  1.004	  1.054	  0.003
48	  0.600	 90.191	  1.004	  1.054	  0.003
49	  0.600	 92.042	  1.004	  1.054	  0.003
50	  0.600	 93.894	  1.004	  1.054	  0.003
51	  0.600	 95.746	  1.004	  1.054	  0.003
52	  0.600	 97.598	  1.004	  1.054	  0.003
53	  0.600	 99.450	  1.004	  1.054	  0.003
0	  0.720	  1.434	  1.004	  1.149	  0.002
1	  0.720	  3.286	  1.004	  1.149	  0.002
2	  0.720	  5.137	  1.004	  1.149	  0.002
3	  0.720	  6.989	  1.004	  1.149	  0.002
4	  0.720	  8.841	  1.004	  1.149	  0.002
5	  0.720	 10.693	  1.004	  1.149	  0.002
6	  0.720	 12.545	  1.004	  1.149	  0.002
7	  0.720	 14.397	  1.004	  1.149	  0.002
8	  0.720	 16.248	  1.004	  1.149	  0.002
9	  0.720	 18.100	  1.004	  1.149	  0.002
10	  0.720	 19.952	  1.004	  1.149	  0.002
11	  0.720	 21.804	  1.004	  1.149	  0.002
12	  0.720	 23.656	  1.004	  1.149	  0.002
13	  0.720	 25.508	  1.004	  1.149	  0.002
14	  0.720	 27.360	  1.004	  1.149	  0.002
15	  0.720	 29.211	  1.004	  1.149	  0.002
16	  0.720	 31.063	  1.004	  1.149	  0.002
17	  0.720	 32.915	  1.004	  1.149	  0.002
18	  0.720	 34.767	  1.004	  1.149	  0.002
19	  0.720	 36.619	  1.004	  1.149	  0.002
20	  0.720	 38.471	  1.004	  1.149	  0.002
21	  0.720	 40.323	  1.004	  1.149	  0.002
22	  0.720	 42.174	  1.004	  1.149	  0.002
23	  0.720	 44.026	  1.004	  1.149	  0.002
24	  0.720	 45.878	  1.004	  1.149	  0.002
25	  0.720	 47.730	  1.004	  1.149	  0.002
26	  0.720	 49.582	  1.004	  1.149	  0.002
27	  0.720	 51.434	  1.004	  1.149	  0.002
28	  0.720	 53.286	  1.004	  1.149	  0.002
29	  0.720	 55.137	  1.004	  1.149	  0.002
30	  0.720	 56.989	  1.004	  1.149	  0.002
31	  0.720	 58.841	  1.004	  1.149	  0.002
32	  0.720	 60.693	  1.004	  1.149	  0.002
33	  0.720	 62.545	  1.004	  1.149	  0.002
34	  0.720	 64.397	  1.004	  1.149	  0.002
35	  0.720	 66.248	  1.004	  1.149	  0.002
36	  0.720	 68.100	  1.004	  1.149	  0.002
37	  0.720	 69.952	  1.004	  1.149	  0.002
38	  0.720	 71.804	  1.004	  1.149	  0.002
39	  0.720	 73.656	  1.004	  1.149	  0.002
40	  0.720	 75.508	  1.004	  1.149	  0.002
41	  0.720	 77.360	  1.004	  1.149	  0.002
42	  0.720	 79.211	  1.004	  1.149	  0.002
43	  0.720	 81.063	  1.004	  1.149	  0.002
44	  0.720	 82.915	  1.004	  1.149	  0.002
45	  0.720	 84.767	  1.004	  1.149	  0.002
46	  0.720	 86.619	  1.004	  1.149	  0.002
47	  0.720	 88.471	  1.004	  1.149	  0.002
48	  0.720	 90.323	  1.004	  1.149	  0.002
49	  0.720	 92.174	  1.004	  1.149	  0.002
50	  0.720	 94.026	  1.004	  1.149	  0.002
51	  0.720	 95.878	  1.004	  1.149	  0.002
52	  0.720	 97.730	  1.004	  1.149	  0.002
53	  0.720	 99.582	  1.004	  1.149	  0.002
0	  0.840	  1.576	  1.004	  1.224	  0.002
1	  0.840	  3.428	  1.004	  1.224	  0.002
2	  0.840	  5.280	  1.004	  1.224	  0.002
3	  0.840	  7.131	  1.004	  1.224	  0.002
4	  0.840	  8.983	  1.004	  1.224	  0.002
5	  0.840	 10.835	  1.004	  1.224	  0.002
6	  0.840	 12.687	  1.004	  1.224	  0.002
7	  0.840	 14.539	  1.004	  1.224	  0.002
8	  0.840	 16.391	  1.004	  1.224	  0.002
9	  0.840	 18.243	  1.004	  1.224	  0.002
10	  0.840	 20.094	  1.004	  1.224	  0.002
11	  0.840	 21.946	  1.004	  1.224	  0.002
12	  0.840	 23.798	  1.004	  1.224	  0.002
13	  0.840	 25.650	  1.004	  1.224	  0.002
14	  0.840	 27.502	  1.004	  1.224	  0.002
15	  0.840	 29.354	  1.004	  1.224	  0.002
16	  0.840	 31.205	  1.004	  1.224	  0.002
17	  0.840	 33.057	  1.004	  1.224	  0.002
18	  0.840	 34.909	  1.004	  1.224	  0.002
19	  0.840	 36.761	  1.004	  1.224	  0.002
20	  0.840	 38.613	  1.004	  1.224	  0.002
21	  0.840	 40.465	  1.004	  1.224	  0.002
22	  0.840	 42.317	  1.004	  1.224	  0.002
23	  0.840	 44.168	  1.004	  1.224	  0.002
24	  0.840	 46.020	  1.004	  1.224	  0.002
25	  0.840	 47.872	  1.004	  1.224	  0.002
26	  0.840	 49.724	  1.004	  1.224	  0.002
27	  0.840	 51.576	  1.004	  1.224	  0.002
28	  0.840	 53.428	  1.004	  1.224	  0.002
29	  0.840	 55.280	  1.004	  1.224	  0.002
30	  0.840	 57.131	  1.004	  1.224	  0.002
31	  0.840	 58.983	  1.004	  1.224	  0.002
32	  0.840	 60.835	  1.004	  1.224	  0.002
33	  0.840	 62.687	  1.004	  1.224	  0.002
34	  0.840	 64.539	  1.004	  1.224	  0.002
35	  0.840	 66.391	  1.004	  1.224	  0.002
36	  0.840	 68.243	  1.004	  1.224	  0.002
37	  0.840	 70.094	  1.004	  1.224	  0.002
38	  0.840	 71.946	  1.004	  1.224	  0.002
39	  0.840	 73.798	  1.004	  1.224	  0.002
40	  0.840	 75.650	  1.004	  1.224	  0.002
41	  0.840	 77.502	  1.004	  1.224	  0.002
42	  0.840	 79.354	  1.004	  1.224	  0.002
43	  0.840	 81.205	  1.004	  1.224	  0.002
44	  0.840	 83.057	  1.004	  1.224	  0.002
45	  0.840	 84.909	  1.004	  1.224	  0.002
46	  0.840	 86.761	  1.004	  1.224	  0.002
47	  0.840	 88.613	  1.004	  1.224	  0.002
48	  0.840	 90.465	  1.004	  1.224	  0.002
49	  0.840	 92.317	  1.004	  1.224	  0.002
50	  0.840	 94.168	  1.004	  1.224	  0.002
51	  0.840	 96.020	  1.004	  1.224	  0.002
52	  0.840	 97.872	  1.004	  1.224	  0.002
53	  0.840	 99.724	  1.004	  1.224	  0.002
0	  0.960	  1.726	  1.004	  1.283	  0.001
1	  0.960	  3.578	  1.004	  1.283	  0.001
2	  0.960	  5.430	  1.004	  1.283	  0.001
3	  0.960	  7.282	  1.004	  1.283	  0.001
4	  0.960	  9.134	  1.004	  1.283	  0.001
5	  0.960	 10.985	  1.004	  1.283	  0.001
6	  0.960	 12.837	  1.004	  1.283	  0.001
7	  0.960	 14.689	  1.004	  1.283	  0.001
8	  0.960	 16.541	  1.004	  1.283	  0.001
9	  0.960	 18.393	  1.004	  1.283	  0.001
10	  0.960	 20.245	  1.004	  1.283	  0.001
11	  0.960	 22.096	  1.004	  1.283	  0.001
12	  0.960	 23.948	  1.004	  1.283	  0.001
13	  0.960	 25.800	  1.004	  1.283	  0.001
14	  0.960	 27.652	  1.004	  1.283	  0.001
15	  0.960	 29.504	  1.004	  1.283	  0.001
16	  0.960	 31.356	  1.004	  1.283	  0.001
17	  0.960	 33.208	  1.004	  1.283	  0.001
18	  0.960	 35.059	  1.004	  1.283	  0.001
19	  0.960	 36.911	  1.004	  1.283	  0.001
20	  0.960	 38.763	  1.004	  1.283	  0.001
21	  0.960	 40.615	  1.004	  1.283	  0.001
22	  0.960	 42.467	  1.004	  1.283	  0.001
23	  0.960	 44.319	  1.004	  1.283	  0.001
24	  0.960	 46.171	  1.004	  1.283	  0.001
25	  0.960	 48.022	  1.004	  1.283	  0.001
26	  0.960	 49.874	  1.004	  1.283	  0.001
27	  0.960	 51.726	  1.004	  1.283	  0.001
28	  0.960	 53.578	  1.004	  1.283	  0.001
29	  0.960	 55.430	  1.004	  1.283	  0.001
30	  0.960	 57.282	  1.004	  1.283	  0.001
31	  0.960	 59.134	  1.004	  1.283	  0.001
32	  0.960	 60.985	  1.004	  1.283	  0.001
33	  0.960	 62.837	  1.004	  1.283	  0.001
34	  0.960	 64.689	  1.004	  1.283	  0.001
35	  0.960	 66.541	  1.004	  1.283	  0.001
36	  0.960	 68.393	  1.004	  1.283	  0.001
37	  0.960	 70.245	  1.004	  1.283	  0.001
38	  0.960	 72.096	  1.004	  1.283	  0.001
39	  0.960	 73.948	  1.004	  1.283	  0.001
40	  0.960	 75.800	  1.004	  1.283	  0.001
41	  0.960	 77.652	  1.004	  1.283	  0.001
42	  0.960	 79.504	  1.004	  1.283	  0.001
43	  0.960	 81.356	  1.004	  1.283	  0.001
44	  0.960	 83.208	  1.004	  1.283	  0.001
45	  0.960	 85.059	  1.004	  1.283	  0.001
46	  0.960	 86.911	  1.004	  1.283	  0.001
47	  0.960	 88.763	  1.004	  1.283	  0.001
48	  0.960	 90.615	  1.004	  1.283	  0.001
49	  0.960	 92.467	  1.004	  1.283	  0.001
50	  0.960	 94.319	  1.004	  1.283	  0.001
51	  0.960	 96.171	  1.004	  1.283	  0.001
52	  0.960	 98.022	  1.004	  1.283	  0.001
53	  0.960	 99.874	  1.004	  1.283	  0.001
0	  1.080	  1.883	  1.004	  1.329	  0.001
1	  1.080	  3.735	  1.004	  1.329	  0.001
2	  1.080	  5.586	  1.004	  1.329	  0.001
3	  1.080	  7.438	  1.004	  1.329	  0.001
4	  1.080	  9.290	  1.004	  1.329	  0.001
5	  1.080	 11.142	  1.004	  1.329	  0.001
6	  1.080	 12.994	  1.004	  1.329	  0.001
7	  1.080	 14.846	  1.004	  1.329	  0.001
8	  1.080	 16.697	  1.004	  1.329	  0.001
9	  1.080	 18.549	  1.004	  1.329	  0.001
10	  1.080	 20.401	  1.004	  1.329	  0.001
11	  1.080	 22.253	  1.004	  1.329	  0.001
12	  1.080	 24.105	  1.004	  1.329	  0.001
13	  1.080	 25.957	  1.004	  1.329	  0.001
14	  1.080	 27.809	  1.004	  1.329	  0.001
15	  1.080	 29.660	  1.004	  1.329	  0.001
16	  1.080	 31.512	  1.004	  1.329	  0.001
17	  1.080	 33.364	  1.004	  1.329	  0.001
18	  1.080	 35.216	  1.004	  1.329	  0.001
19	  1.080	 37.068	  1.004	  1.329	  0.001
20	  1.080	 38.920	  1.004	  1.329	  0.001
21	  1.080	 40.772	  1.004	  1.329	  0.001
22	  1.080	 42.623	  1.004	  1.329	  0.001
23	  1.080	 44.475	  1.004	  1.329	  0.001
24	  1.080	 46.327	  1.004	  1.329	  0.001
25	  1.080	 48.179	  1.004	  1.329	  0.001
26	  1.080	 50.031	  1.004	  1.329	  0.001
27	  1.080	 51.883	  1.004	  1.329	  0.001
28	  1.080	 53.735	  1.004	  1.329	  0.001
29	  1.080	 55.586	  1.004	  1.329	  0.001
30	  1.080	 57.438	  1.004	  1.329	  0.001
31	  1.080	 59.290	  1.004	  1.329	  0.001
32	  1.080	 61.142	  1.004	  1.329	  0.001
33	  1.080	 62.994	  1.004	  1.329	  0.001
34	  1.080	 64.846	  1.004	  1.329	  0.001
35	  1.080	 66.697	  1.004	  1.329	  0.001
36	  1.080	 68.549	  1.004	  1.329	  0.001
37	  1.080	 70.401	  1.004	  1.329	  0.001
38	  1.080	 72.253	  1.004	  1.329	  0.001
39	  1.080	 74.105	  1.004	  1.329	  0.001
40	  1.080	 75.957	  1.004	  1.329	  0.001
41	  1.080	 77.809	  1.004	  1.329	  0.001
42	  1.080	 79.660	  1.004	  1.329	  0.001
43	  1.080	 81.512	  1.004	  1.329	  0.001
44	  1.080	 83.364	  1.004	  1.329	  0.001
45	  1.080	 85.216	  1.004	  1.329	  0.001
46	  1.080	 87.068	  1.004	  1.329	  0.001
47	  1.080	 88.920	  1.004	  1.329	  0.001
48	  1.080	 90.772	  1.004	  1.329	  0.001
49	  1.080	 92.623	  1.004	  1.329	  0.001
50	  1.080	 94.475	  1.004	  1.329	  0.001
51	  1.080	 96.327	  1.004	  1.329	  0.001
52	  1.080	 98.179	  1.004	  1.329	  0.001
53	  1.080	100.031	  1.004	  1.329	  0.001
0	  1.200	  2.044	  1.005	  1.365	  0.001
1	  1.200	  3.896	  1.005	  1.365	  0.001
2	  1.200	  5.748	  1.005	  1.365	  0.001
3	  1.200	  7.600	  1.005	  1.365	  0.001
4	  1.200	  9.452	  1.005	  1.365	  0.001
5	  1.200	 11.303	  1.005	  1.365	  0.001
6	  1.200	 13.155	  1.005	  1.365	  0.001
7	  1.200	 15.007	  1.005	  1.365	  0.001
8	  1.200	 16.859	  1.005	  1.365	  0.001
9	  1.200	 18.711	  1.005	  1.365	  0.001
10	  1.200	 20.563	  1.005	  1.365	  0.001
11	  1.200	 22.415	  1.005	  1.365	  0.001
12	  1.200	 24.266	  1.005	  1.365	  0.001
13	  1.200	 26.118	  1.005	  1.365	  0.001
14	  1.200	 27.970	  1.005	  1.365	  0.001
15	  1.200	 29.822	  1.005	  1.365	  0.001
16	  1.200	 31.674	  1.005	  1.365	  0.001
17	  1.200	 33.526	  1.005	  1.365	  0.001
18	  1.200	 35.378	  1.005	  1.365	  0.001
19	  1.200	 37.229	  1.005	  1.365	  0.001
20	  1.200	 39.081	  1.005	  1.365	  0.001
21	  1.200	 40.933	  1.005	  1.365	  0.001
22	  1.200	 42.785	  1.005	  1.365	  0.001
23	  1.200	 44.637	  1.005	  1.365	  0.001
24	  1.200	 46.489	  1.005	  1.365	  0.001
25	  1.200	 48.340	  1.005	  1.365	  0.001
26	  1.200	 50.192	  1.005	  1.365	  0.001
27	  1.200	 52.044	  1.005	  1.365	  0.001
28	  1.200	 53.896	  1.005	  1.365	  0.001
29	  1.200	 55.748	  1.005	  1.365	  0.001
30	  1.200	 57.600	  1.005	  1.365	  0.001
31	  1.200	 59.452	  1.005	  1.365	  0.001
32	  1.200	 61.303	  1.005	  1.365	  0.001
33	  1.200	 63.155	  1.005	  1.365	  0.001
34	  1.200	 65.007	  1.005	  1.365	  0.001
35	  1.200	 66.859	  1.005	  1.365	  0.001
36	  1.200	 68.711	  1.005	  1.365	  0.001
37	  1.200	 70.563	  1.005	  1.365	  0.001
38	  1.200	 72.415	  1.005	  1.365	  0.001
39	  1.200	 74.266	  1.005	  1.365	  0.001
40	  1.200	 76.118	  1.005	  1.365	  0.001
41	  1.200	 77.970	  1.005	  1.365	  0.001
42	  1.200	 79.822	  1.005	  1.365	  0.001
43	  1.200	 81.674	  1.005	  1.365	  0.001
44	  1.200	 83.526	  1.005	  1.365	  0.001
45	  1.200	 85.378	  1.005	  1.365	  0.001
46	  1.200	 87.229	  1.005	  1.365	  0.001
47	  1.200	 89.081	  1.005	  1.365	  0.001
48	  1.200	 90.933	  1.005	  1.365	  0.001
49	  1.200	 92.785	  1.005	  1.365	  0.001
50	  1.200	 94.637	  1.005	  1.365	  0.001
51	  1.200	 96.489	  1.005	  1.365	  0.001
52	  1.200	 98.340	  1.005	  1.365	  0.001
53	  1.200	100.192	  1.005	  1.365	  0.001
0	  1.320	  2.210	  1.005	  1.393	  0.001
1	  1.320	  4.061	  1.005	  1.393	  0.001
2	  1.320	  5.913	  1.005	  1.393	  0.001
3	  1.320	  7.765	  1.005	  1.393	  0.001
4	  1.320	  9.617	  1.005	  1.393	  0.001
5	  1.320	 11.469	  1.005	  1.393	  0.001
6	  1.320	 13.321	  1.005	  1.393	  0.001
7	  1.320	 15.173	  1.005	  1.393	  0.001
8	  1.320	 17.024	  1.005	  1.393	  0.001
9	  1.320	 18.876	  1.005	  1.393	  0.001
10	  1.320	 20.728	  1.005	  1.393	  0.001
11	  1.320	 22.580	  1.005	  1.393	  0.001
12	  1.320	 24.432	  1.005	  1.393	  0.001
13	  1.320	 26.284	  1.005	  1.393	  0.001
14	  1.320	 28.136	  1.005	  1.393	  0.001
15	  1.320	 29.987	  1.005	  1.393	  0.001
16	  1.320	 31.839	  1.005	  1.393	  0.001
17	  1.320	 33.691	  1.005	  1.393	  0.001
18	  1.320	 35.543	  1.005	  1.393	  0.001
19	  1.320	 37.395	  1.005	  1.393	  0.001
20	  1.320	 39.247	  1.005	  1.393	  0.001
21	  1.320	 41.098	  1.005	  1.393	  0.001
22	  1.320	 42.950	  1.005	  1.393	  0.001
23	  1.320	 44.802	  1.005	  1.393	  0.001
24	  1.320	 46.654	  1.005	  1.393	  0.001
25	  1.320	 48.506	  1.005	  1.393	  0.001
26	  1.320	 50.358	  1.005	  1.393	  0.001
27	  1.320	 52.210	  1.005	  1.393	  0.001
28	  1.320	 54.061	  1.005	  1.393	  0.001
29	  1.320	 55.913	  1.005	  1.393	  0.001
30	  1.320	 57.765	  1.005	  1.393	  0.001
31	  1.320	 59.617	  1.005	  1.393	  0.001
32	  1.320	 61.469	  1.005	  1.393	  0.001
33	  1.320	 63.321	  1.005	  1.393	  0.001
34	  1.320	 65.173	  1.005	  1.393	  0.001
35	  1.320	 67.024	  1.005	  1.393	  0.001
36	  1.320	 68.876	  1.005	  1.393	  0.001
37	  1.320	 70.728	  1.005	  1.393	  0.001
38	  1.320	 72.580	  1.005	  1.393	  0.001
39	  1.320	 74.432	  1.005	  1.393	  0.001
40	  1.320	 76.284	  1.005	  1.393	  0.001
41	  1.320	 78.136	  1.005	  1.393	  0.001
42	  1.320	 79.987	  1.005	  1.393	  0.001
43	  1.320	 81.839	  1.005	  1.393	  0.001
44	  1.320	 83.691	  1.005	  1.393	  0.001
45	  1.320	 85.543	  1.005	  1.393	  0.001
46	  1.320	 87.395	  1.005	  1.393	  0.001
47	  1.320	 89.247	  1.005	  1.393	  0.001
48	  1.320	 91.098	  1.005	  1.393	  0.001
49	  1.320	 92.950	  1.005	  1.393	  0.001
50	  1.320	 94.802	  1.005	  1.393	  0.001
51	  1.320	 96.654	  1.005	  1.393	  0.001
52	  1.320	 98.506	  1.005	  1.393	  0.001
53	  1.320	100.358	  1.005	  1.393	  0.001
0	  1.440	  2.378	  1.005	  1.415	  0.001
1	  1.440	  4.230	  1.005	  1.415	  0.001
2	  1.440	  6.082	  1.005	  1.415	  0.001
3	  1.440	  7.934	  1.005	  1.415	  0.001
4	  1.440	  9.785	  1.005	  1.415	  0.001
5	  1.440	 11.637	  1.005	  1.415	  0.001
6	  1.440	 13.489	  1.005	  1.415	  0.001
7	  1.440	 15.341	  1.005	  1.415	  0.001
8	  1.440	 17.193	  1.005	  1.415	  0.001
9	  1.440	 19.045	  1.005	  1.415	  0.001
10	  1.440	 20.897	  1.005	  1.415	  0.001
11	  1.440	 22.748	  1.005	  1.415	  0.001
12	  1.440	 24.600	  1.005	  1.415	  0.001
13	  1.440	 26.452	  1.005	  1.415	  0.001
14	  1.440	 28.304	  1.005	  1.415	  0.001
15	  1.440	 30.156	  1.005	  1.415	  0.001
16	  1.440	 32.008	  1.005	  1.415	  0.001
17	  1.440	 33.860	  1.005	  1.415	  0.001
18	  1.440	 35.711	  1.005	  1.415	  0.001
19	  1.440	 37.563	  1.005	  1.415	  0.001
20	  1.440	 39.415	  1.005	  1.415	  0.001
21	  1.440	 41.267	  1.005	  1.415	  0.001
22	  1.440	 43.119	  1.005	  1.415	  0.001
23	  1.440	 44.971	  1.005	  1.415	  0.001
24	  1.440	 46.822	  1.005	  1.415	  0.001
25	  1.440	 48.674	  1.005	  1.415	  0.001
26	  1.440	 50.526	  1.005	  1.415	  0.001
27	  1.440	 52.378	  1.005	  1.415	  0.001
28	  1.440	 54.230	  1.005	  1.415	  0.001
29	  1.440	 56.082	  1.005	  1.415	  0.001
30	  1.440	 57.934	  1.005	  1.415	  0.001
31	  1.440	 59.785	  1.005	  1.415	  0.001
32	  1.440	 61.637	  1.005	  1.415	  0.001
33	  1.440	 63.489	  1.005	  1.415	  0.001
34	  1.440	 65.341	  1.005	  1.415	  0.001
35	  1.440	 67.193	  1.005	  1.415	  0.001
36	  1.440	 69.045	  1.005	  1.415	  0.001
37	  1.440	 70.897	  1.005	  1.415	  0.001
38	  1.440	 72.748	  1.005	  1.415	  0.001
39	  1.440	 74.600	  1.005	  1.415	  0.001
40	  1.440	 76.452	  1.005	  1.415	  0.001
41	  1.440	 78.304	  1.005	  1.415	  0.001
42	  1.440	 80.156	  1.005	  1.415	  0.001
43	  1.440	 82.008	  1.005	  1.415	  0.001
44	  1.440	 83.860	  1.005	  1.415	  0.001
45	  1.440	 85.711	  1.005	  1.415	  0.001
46	  1.440	 87.563	  1.005	  1.415	  0.001
47	  1.440	 89.415	  1.005	  1.415	  0.001
48	  1.440	 91.267	  1.005	  1.415	  0.001
49	  1.440	 93.119	  1.005	  1.415	  0.001
50	  1.440	 94.971	  1.005	  1.415	  0.001
51	  1.440	 96.822	  1.005	  1.415	  0.001
52	  1.440	 98.674	  1.005	  1.415	  0.001
53	  1.440	100.526	  1.005	  1.415	  0.001
0	  1.560	  2.549	  1.005	  1.433	  0.000
1	  1.560	  4.401	  1.005	  1.433	  0.000
2	  1.560	  6.253	  1.005	  1.433	  0.000
3	  1.560	  8.104	  1.005	  1.433	  0.000
4	  1.560	  9.956	  1.005	  1.433	  0.000
5	  1.560	 11.808	  1.005	  1.433	  0.000
6	  1.560	 13.660	  1.005	  1.433	  0.000
7	  1.560	 15.512	  1.005	  1.433	  0.000
8	  1.560	 17.364	  1.005	  1.433	  0.000
9	  1.560	 19.216	  1.005	  1.433	  0.000
10	  1.560	 21.067	  1.005	  1.433	  0.000
11	  1.560	 22.919	  1.005	  1.433	  0.000
12	  1.560	 24.771	  1.005	  1.433	  0.000
13	  1.560	 26.623	  1.005	  1.433	  0.000
14	  1.560	 28.475	  1.005	  1.433	  0.000
15	  1.560	 30.327	  1.005	  1.433	  0.000
16	  1.560	 32.179	  1.005	  1.433	  0.000
17	  1.560	 34.030	  1.005	  1.433	  0.000
18	  1.560	 35.882	  1.005	  1.433	  0.000
19	  1.560	 37.734	  1.005	  1.433	  0.000
20	  1.560	 39.586	  1.005	  1.433	  0.000
21	  1.560	 41.438	  1.005	  1.433	  0.000
22	  1.560	 43.290	  1.005	  1.433	  0.000
23	  1.560	 45.141	  1.005	  1.433	  0.000
24	  1.560	 46.993	  1.005	  1.433	  0.000
25	  1.560	 48.845	  1.005	  1.433	  0.000
26	  1.560	 50.697	  1.005	  1.433	  0.000
27	  1.560	 52.549	  1.005	  1.433	  0.000
28	  1.560	 54.401	  1.005	  1.433	  0.000
29	  1.560	 56.253	  1.005	  1.433	  0.000
30	  1.560	 58.104	  1.005	  1.433	  0.000
31	  1.560	 59.956	  1.005	  1.433	  0.000
32	  1.560	 61.808	  1.005	  1.433	  0.000
33	  1.560	 63.660	  1.005	  1.433	  0.000
34	  1.560	 65.512	  1.005	  1.433	  0.000
35	  1.560	 67.364	  1.005	  1.433	  0.000
36	  1.560	 69.216	  1.005	  1.433	  0.000
37	  1.560	 71.067	  1.005	  1.433	  0.000
38	  1.560	 72.919	  1.005	  1.433	  0.000
39	  1.560	 74.771	  1.005	  1.433	  0.000
40	  1.560	 76.623	  1.005	  1.433	  0.000
41	  1.560	 78.475	  1.005	  1.433	  0.000
42	  1.560	 80.327	  1.005	  1.433	  0.000
43	  1.560	 82.179	  1.005	  1.433	  0.000
44	  1.560	 84.030	  1.005	  1.433	  0.000
45	  1.560	 85.882	  1.005	  1.433	  0.000
46	  1.560	 87.734	  1.005	  1.433	  0.000
47	  1.560	 89.586	  1.005	  1.433	  0.000
48	  1.560	 91.438	  1.005	  1.433	  0.000
49	  1.560	 93.290	  1.005	  1.433	  0.000
50	  1.560	 95.141	  1.005	  1.433	  0.000
51	  1.560	 96.993	  1.005	  1.433	  0.000
52	  1.560	 98.845	  1.005	  1.433	  0.000
53	  1.560	100.697	  1.005	  1.433	  0.000
0	  1.680	  2.722	  1.005	  1.446	  0.000
1	  1.680	  4.573	  1.005	  1.446	  0.000
2	  1.680	  6.425	  1.005	  1.446	  0.000
3	  1.680	  8.277	  1.005	  1.446	  0.000
4	  1.680	 10.129	  1.005	  1.446	  0.000
5	  1.680	 11.981	  1.005	  1.446	  0.000
6	  1.680	 13.833	  1.005	  1.446	  0.000
7	  1.680	 15.685	  1.005	  1.446	  0.000
8	  1.680	 17.536	  1.005	  1.446	  0.000
9	  1.680	 19.388	  1.005	  1.446	  0.000
10	  1.680	 21.240	  1.005	  1.446	  0.000
11	  1.680	 23.092	  1.005	  1.446	  0.000
12	  1.680	 24.944	  1.005	  1.446	  0.000
13	  1.680	 26.796	  1.005	  1.446	  0.000
14	  1.680	 28.648	  1.005	  1.446	  0.000
15	  1.680	 30.499	  1.005	  1.446	  0.000
16	  1.680	 32.351	  1.005	  1.446	  0.000
17	  1.680	 34.203	  1.005	  1.446	  0.000
18	  1.680	 36.055	  1.005	  1.446	  0.000
19	  1.680	 37.907	  1.005	  1.446	  0.000
20	  1.680	 39.759	  1.005	  1.446	  0.000
21	  1.680	 41.610	  1.005	  1.446	  0.000
22	  1.680	 43.462	  1.005	  1.446	  0.000
23	  1.680	 45.314	  1.005	  1.446	  0.000
24	  1.680	 47.166	  1.005	  1.446	  0.000
25	  1.680	 49.018	  1.005	  1.446	  0.000
26	  1.680	 50.870	  1.005	  1.446	  0.000
27	  1.680	 52.722	  1.005	  1.446	  0.000
28	  1.680	 54.573	  1.005	  1.446	  0.000
29	  1.680	 56.425	  1.005	  1.446	  0.000
30	  1.680	 58.277	  1.005	  1.446	  0.000
31	  1.680	 60.129	  1.005	  1.446	  0.000
32	  1.680	 61.981	  1.005	  1.446	  0.000
33	  1.680	 63.833	  1.005	  1.446	  0.000
34	  1.680	 65.685	  1.005	  1.446	  0.000
35	  1.680	 67.536	  1.005	  1.446	  0.000
36	  1.680	 69.388	  1.005	  1.446	  0.000
37	  1.680	 71.240	  1.005	  1.446	  0.000
38	  1.680	 73.092	  1.005	  1.446	  0.000
39	  1.680	 74.944	  1.005	  1.446	  0.000
40	  1.680	 76.796	  1.005	  1.446	  0.000
41	  1.680	 78.648	  1.005	  1.446	  0.000
42	  1.680	 80.499	  1.005	  1.446	  0.000
43	  1.680	 82.351	  1.005	  1.446	  0.000
44	  1.680	 84.203	  1.005	  1.446	  0.000
45	  1.680	 86.055	  1.005	  1.446	  0.000
46	  1.680	 87.907	  1.005	  1.446	  0.000
47	  1.680	 89.759	  1.005	  1.446	  0.000
48	  1.680	 91.610	  1.005	  1.446	  0.000
49	  1.680	 93.462	  1.005	  1.446	  0.000
50	  1.680	 95.314	  1.005	  1.446	  0.000
51	  1.680	 97.166	  1.005	  1.446	  0.000
52	  1.680	 99.018	  1.005	  1.446	  0.000
53	  1.680	100.870	  1.005	  1.446	  0.000
0	  1.800	  2.896	  1.005	  1.457	  0.000
1	  1.800	  4.748	  1.005	  1.457	  0.000
2	  1.800	  6.600	  1.005	  1.457	  0.000
3	  1.800	  8.451	  1.005	  1.457	  0.000
4	  1.800	 10.303	  1.005	  1.457	  0.000
5	  1.800	 12.155	  1.005	  1.457	  0.000
6	  1.800	 14.007	  1.005	  1.457	  0.000
7	  1.800	 15.859	  1.005	  1.457	  0.000
8	  1.800	 17.711	  1.005	  1.457	  0.000
9	  1.800	 19.562	  1.005	  1.457	  0.000
10	  1.800	 21.414	  1.005	  1.457	  0.000
11	  1.800	 23.266	  1.005	  1.457	  0.000
12	  1.800	 25.118	  1.005	  1.457	  0.000
13	  1.800	 26.970	  1.005	  1.457	  0.000
14	  1.800	 28.822	  1.005	  1.457	  0.000
15	  1.800	 30.674	  1.005	  1.457	  0.000
16	  1.800	 32.525	  1.005	  1.457	  0.000
17	  1.800	 34.377	  1.005	  1.457	  0.000
18	  1.800	 36.229	  1.005	  1.457	  0.000
19	  1.800	 38.081	  1.005	  1.457	  0.000
20	  1.800	 39.933	  1.005	  1.457	  0.000
21	  1.800	 41.785	  1.005	  1.457	  0.000
22	  1.800	 43.637	  1.005	  1.457	  0.000
23	  1.800	 45.488	  1.005	  1.457	  0.000
24	  1.800	 47.340	  1.005	  1.457	  0.000
25	  1.800	 49.192	  1.005	  1.457	  0.000
26	  1.800	 51.044	  1.005	  1.457	  0.000
27	  1.800	 52.896	  1.005	  1.457	  0.000
28	  1.800	 54.748	  1.005	  1.457	  0.000
29	  1.800	 56.600	  1.005	  1.457	  0.000
30	  1.800	 58.451	  1.005	  1.457	  0.000
31	  1.800	 60.303	  1.005	  1.457	  0.000
32	  1.800	 62.155	  1.005	  1.457	  0.000
33	  1.800	 64.007	  1.005	  1.457	  0.000
34	  1.800	 65.859	  1.005	  1.457	  0.000
35	  1.800	 67.711	  1.005	  1.457	  0.000
36	  1.800	 69.562	  1.005	  1.457	  0.000
37	  1.800	 71.414	  1.005	  1.457	  0.000
38	  1.800	 73.266	  1.005	  1.457	  0.000
39	  1.800	 75.118	  1.005	  1.457	  0.000
40	  1.800	 76.970	  1.005	  1.457	  0.000
41	  1.800	 78.822	  1.005	  1.457	  0.000
42	  1.800	 80.674	  1.005	  1.457	  0.000
43	  1.800	 82.525	  1.005	  1.457	  0.000
44	  1.800	 84.377	  1.005	  1.457	  0.000
45	  1.800	 86.229	  1.005	  1.457	  0.000
46	  1.800	 88.081	  1.005	  1.457	  0.000
47	  1.800	 89.933	  1.005	  1.457	  0.000
48	  1.800	 91.785	  1.005	  1.457	  0.000
49	  1.800	 93.637	  1.005	  1.457	  0.000
50	  1.800	 95.488	  1.005	  1.457	  0.000
51	  1.800	 97.340	  1.005	  1.457	  0.000
52	  1.800	 99.192	  1.005	  1.457	  0.000
53	  1.800	101.044	  1.005	  1.457	  0.000
0	  1.920	  3.071	  1.005	  1.466	  0.000
1	  1.920	  4.923	  1.005	  1.466	  0.000
2	  1.920	  6.775	  1.005	  1.466	  0.000
3	  1.920	  8.627	  1.005	  1.466	  0.000
4	  1.920	 10.479	  1.005	  1.466	  0.000
5	  1.920	 12.330	  1.005	  1.466	  0.000
6	  1.920	 14.182	  1.005	  1.466	  0.000
7	  1.920	 16.034	  1.005	  1.466	  0.000
8	  1.920	 17.886	  1.005	  1.466	  0.000
9	  1.920	 19.738	  1.005	  1.466	  0.000
10	  1.920	 21.590	  1.005	  1.466	  0.000
11	  1.920	 23.442	  1.005	  1.466	  0.000
12	  1.920	 25.293	  1.005	  1.466	  0.000
13	  1.920	 27.145	  1.005	  1.466	  0.000
14	  1.920	 28.997	  1.005	  1.466	  0.000
15	  1.920	 30.849	  1.005	  1.466	  0.000
16	  1.920	 32.701	  1.005	  1.466	  0.000
17	  1.920	 34.553	  1.005	  1.466	  0.000
18	  1.920	 36.404	  1.005	  1.466	  0.000
19	  1.920	 38.256	  1.005	  1.466	  0.000
20	  1.920	 40.108	  1.005	  1.466	  0.000
21	  1.920	 41.960	  1.005	  1.466	  0.000
22	  1.920	 43.812	  1.005	  1.466	  0.000
23	  1.920	 45.664	  1.005	  1.466	  0.000
24	  1.920	 47.516	  1.005	  1.466	  0.000
25	  1.920	 49.367	  1.005	  1.466	  0.000
26	  1.920	 51.219	  1.005	  1.466	  0.000
27	  1.920	 53.071	  1.005	  1.466	  0.000
28	  1.920	 54.923	  1.005	  1.466	  0.000
29	  1.920	 56.775	  1.005	  1.466	  0.000
30	  1.920	 58.627	  1.005	  1.466	  0.000
31	  1.920	 60.479	  1.005	  1.466	  0.000
32	  1.920	 62.330	  1.005	  1.466	  0.000
33	  1.920	 64.182	  1.005	  1.466	  0.000
34	  1.920	 66.034	  1.005	  1.466	  0.000
35	  1.920	 67.886	  1.005	  1.466	  0.000
36	  1.920	 69.738	  1.005	  1.466	  0.000
37	  1.920	 71.590	  1.005	  1.466	  0.000
38	  1.920	 73.442	  1.005	  1.466	  0.000
39	  1.920	 75.293	  1.005	  1.466	  0.000
40	  1.920	 77.145	  1.005	  1.466	  0.000
41	  1.920	 78.997	  1.005	  1.466	  0.000
42	  1.920	 80.849	  1.005	  1.466	  0.000
43	  1.920	 82.701	  1.005	  1.466	  0.000
44	  1.920	 84.553	  1.005	  1.466	  0.000
45	  1.920	 86.404	  1.005	  1.466	  0.000
46	  1.920	 88.256	  1.005	  1.466	  0.000
47	  1.920	 90.108	  1.005	  1.466	  0.000
48	  1.920	 91.960	  1.005	  1.466	  0.000
49	  1.920	 93.812	  1.005	  1.466	  0.000
50	  1.920	 95.664	  1.005	  1.466	  0.000
51	  1.920	 97.516	  1.005	  1.466	  0.000
52	  1.920	 99.367	  1.005	  1.466	  0.000
53	  1.920	101.219	  1.005	  1.466	  0.000
0	  2.040	  3.247	  1.005	  1.472	  0.000
1	  2.040	  5.099	  1.005	  1.472	  0.000
2	  2.040	  6.951	  1.005	  1.472	  0.000
3	  2.040	  8.803	  1.005	  1.472	  0.000
4	  2.040	 10.655	  1.005	  1.472	  0.000
5	  2.040	 12.507	  1.005	  1.472	  0.000
6	  2.040	 14.359	  1.005	  1.472	  0.000
7	  2.040	 16.210	  1.005	  1.472	  0.000
8	  2.040	 18.062	  1.005	  1.472	  0.000
9	  2.040	 19.914	  1.005	  1.472	  0.000
10	  2.040	 21.766	  1.005	  1.472	  0.000
11	  2.040	 23.618	  1.005	  1.472	  0.000
12	  2.040	 25.470	  1.005	  1.472	  0.000
13	  2.040	 27.321	  1.005	  1.472	  0.000
14	  2.040	 29.173	  1.005	  1.472	  0.000
15	  2.040	 31.025	  1.005	  1.472	  0.000
16	  2.040	 32.877	  1.005	  1.472	  0.000
17	  2.040	 34.729	  1.005	  1.472	  0.000
18	  2.040	 36.581	  1.005	  1.472	  0.000
19	  2.040	 38.433	  1.005	  1.472	  0.000
20	  2.040	 40.284	  1.005	  1.472	  0.000
21	  2.040	 42.136	  1.005	  1.472	  0.000
22	  2.040	 43.988	  1.005	  1.472	  0.000
23	  2.040	 45.840	  1.005	  1.472	  0.000
24	  2.040	 47.692	  1.005	  1.472	  0.000
25	  2.040	 49.544	  1.005	  1.472	  0.000
26	  2.040	 51.396	  1.005	  1.472	  0.000
27	  2.040	 53.247	  1.005	  1.472	  0.000
28	  2.040	 55.099	  1.005	  1.472	  0.000
29	  2.040	 56.951	  1.005	  1.472	  0.000
30	  2.040	 58.803	  1.005	  1.472	  0.000
31	  2.040	 60.655	  1.005	  1.472	  0.000
32	  2.040	 62.507	  1.005	  1.472	  0.000
33	  2.040	 64.359	  1.005	  1.472	  0.000
34	  2.040	 66.210	  1.005	  1.472	  0.000
35	  2.040	 68.062	  1.005	  1.472	  0.000
36	  2.040	 69.914	  1.005	  1.472	  0.000
37	  2.040	 71.766	  1.005	  1.472	  0.000
38	  2.040	 73.618	  1.005	  1.472	  0.000
39	  2.040	 75.470	  1.005	  1.472	  0.000
40	  2.040	 77.321	  1.005	  1.472	  0.000
41	  2.040	 79.173	  1.005	  1.472	  0.000
42	  2.040	 81.025	  1.005	  1.472	  0.000
43	  2.040	 82.877	  1.005	  1.472	  0.000
44	  2.040	 84.729	  1.005	  1.472	  0.000
45	  2.040	 86.581	  1.005	  1.472	  0.000
46	  2.040	 88.433	  1.005	  1.472	  0.000
47	  2.040	 90.284	  1.005	  1.472	  0.000
48	  2.040	 92.136	  1.005	  1.472	  0.000
49	  2.040	 93.988	  1.005	  1.472	  0.000
50	  2.040	 95.840	  1.005	  1.472	  0.000
51	  2.040	 97.692	  1.005	  1.472	  0.000
52	  2.040	 99.544	  1.005	  1.472	  0.000
53	  2.040	101.396	  1.005	  1.472	  0.000
0	  2.160	  3.424	  1.005	  1.477	  0.000
1	  2.160	  5.276	  1.005	  1.477	  0.000
2	  2.160	  7.128	  1.005	  1.477	  0.000
3	  2.160	  8.980	  1.005	  1.477	  0.000
4	  2.160	 10.832	  1.005	  1.477	  0.000
5	  2.160	 12.684	  1.005	  1.477	  0.000
6	  2.160	 14.535	  1.005	  1.477	  0.000
7	  2.160	 16.387	  1.005	  1.477	  0.000
8	  2.160	 18.239	  1.005	  1.477	  0.000
9	  2.160	 20.091	  1.005	  1.477	  0.000
10	  2.160	 21.943	  1.005	  1.477	  0.000
11	  2.160	 23.795	  1.005	  1.477	  0.000
12	  2.160	 25.647	  1.005	  1.477	  0.000
13	  2.160	 27.498	  1.005	  1.477	  0.000
14	  2.160	 29.350	  1.005	  1.477	  0.000
15	  2.160	 31.202	  1.005	  1.477	  0.000
16	  2.160	 33.054	  1.005	  1.477	  0.000
17	  2.160	 34.906	  1.005	  1.477	  0.000
18	  2.160	 36.758	  1.005	  1.477	  0.000
19	  2.160	 38.610	  1.005	  1.477	  0.000
20	  2.160	 40.461	  1.005	  1.477	  0.000
21	  2.160	 42.313	  1.005	  1.477	  0.000
22	  2.160	 44.165	  1.005	  1.477	  0.000
23	  2.160	 46.017	  1.005	  1.477	  0.000
24	  2.160	 47.869	  1.005	  1.477	  0.000
25	  2.160	 49.721	  1.005	  1.477	  0.000
26	  2.160	 51.573	  1.005	  1.477	  0.000
27	  2.160	 53.424	  1.005	  1.477	  0.000
28	  2.160	 55.276	  1.005	  1.477	  0.000
29	  2.160	 57.128	  1.005	  1.477	  0.000
30	  2.160	 58.980	  1.005	  1.477	  0.000
31	  2.160	 60.832	  1.005	  1.477	  0.000
32	  2.160	 62.684	  1.005	  1.477	  0.000
33	  2.160	 64.535	  1.005	  1.477	  0.000
34	  2.160	 66.387	  1.005	  1.477	  0.000
35	  2.160	 68.239	  1.005	  1.477	  0.000
36	  2.160	 70.091	  1.005	  1.477	  0.000
37	  2.160	 71.943	  1.005	  1.477	  0.000
38	  2.160	 73.795	  1.005	  1.477	  0.000
39	  2.160	 75.647	  1.005	  1.477	  0.000
40	  2.160	 77.498	  1.005	  1.477	  0.000
41	  2.160	 79.350	  1.005	  1.477	  0.000
42	  2.160	 81.202	  1.005	  1.477	  0.000
43	  2.160	 83.054	  1.005	  1.477	  0.000
44	  2.160	 84.906	  1.005	  1.477	  0.000
45	  2.160	 86.758	  1.005	  1.477	  0.000
46	  2.160	 88.610	  1.005	  1.477	  0.000
47	  2.160	 90.461	  1.005	  1.477	  0.000
48	  2.160	 92.313	  1.005	  1.477	  0.000
49	  2.160	 94.165	  1.005	  1.477	  0.000
50	  2.160	 96.017	  1.005	  1.477	  0.000
51	  2.160	 97.869	  1.005	  1.477	  0.000
52	  2.160	 99.721	  1.005	  1.477	  0.000
53	  2.160	101.573	  1.005	  1.477	  0.000
0	  2.280	  3.602	  1.005	  1.482	  0.000
1	  2.280	  5.454	  1.005	  1.482	  0.000
2	  2.280	  7.306	  1.005	  1.482	  0.000
3	  2.280	  9.157	  1.005	  1.482	  0.000
4	  2.280	 11.009	  1.005	  1.482	  0.000
5	  2.280	 12.861	  1.005	  1.482	  0.000
6	  2.280	 14.713	  1.005	  1.482	  0.000
7	  2.280	 16.565	  1.005	  1.482	  0.000
8	  2.280	 18.417	  1.005	  1.482	  0.000
9	  2.280	 20.269	  1.005	  1.482	  0.000
10	  2.280	 22.120	  1.005	  1.482	  0.000
11	  2.280	 23.972	  1.005	  1.482	  0.000
12	  2.280	 25.824	  1.005	  1.482	  0.000
13	  2.280	 27.676	  1.005	  1.482	  0.000
14	  2.280	 29.528	  1.005	  1.482	  0.000
15	  2.280	 31.380	  1.005	  1.482	  0.000
16	  2.280	 33.232	  1.005	  1.482	  0.000
17	  2.280	 35.083	  1.005	  1.482	  0.000
18	  2.280	 36.935	  1.005	  1.482	  0.000
19	  2.280	 38.787	  1.005	  1.482	  0.000
20	  2.280	 40.639	  1.005	  1.482	  0.000
21	  2.280	 42.491	  1.005	  1.482	  0.000
22	  2.280	 44.343	  1.005	  1.482	  0.000
23	  2.280	 46.195	  1.005	  1.482	  0.000
24	  2.280	 48.046	  1.005	  1.482	  0.000
25	  2.280	 49.898	  1.005	  1.482	  0.000
26	  2.280	 51.750	  1.005	  1.482	  0.000
27	  2.280	 53.602	  1.005	  1.482	  0.000
28	  2.280	 55.454	  1.005	  1.482	  0.000
29	  2.280	 57.306	  1.005	  1.482	  0.000
30	  2.280	 59.157	  1.005	  1.482	  0.000
31	  2.280	 61.009	  1.005	  1.482	  0.000
32	  2.280	 62.861	  1.005	  1.482	  0.000
33	  2.280	 64.713	  1.005	  1.482	  0.000
34	  2.280	 66.565	  1.005	  1.482	  0.000
35	  2.280	 68.417	  1.005	  1.482	  0.000
36	  2.280	 70.269	  1.005	  1.482	  0.000
37	  2.280	 72.120	  1.005	  1.482	  0.000
38	  2.280	 73.972	  1.005	  1.482	  0.000
39	  2.280	 75.824	  1.005	  1.482	  0.000
40	  2.280	 77.676	  1.005	  1.482	  0.000
41	  2.280	 79.528	  1.005	  1.482	  0.000
42	  2.280	 81.380	  1.005	  1.482	  0.000
43	  2.280	 83.232	  1.005	  1.482	  0.000
44	  2.280	 85.083	  1.005	  1.482	  0.000
45	  2.280	 86.935	  1.005	  1.482	  0.000
46	  2.280	 88.787	  1.005	  1.482	  0.000
47	  2.280	 90.639	  1.005	  1.482	  0.000
48	  2.280	 92.491	  1.005	  1.482	  0.000
49	  2.280	 94.343	  1.005	  1.482	  0.000
50	  2.280	 96.195	  1.005	  1.482	  0.000
51	  2.280	 98.046	  1.005	  1.482	  0.000
52	  2.280	 99.898	  1.005	  1.482	  0.000
53	  2.280	101.750	  1.005	  1.482	  0.000
0	  2.400	  3.780	  1.005	  1.485	  0.000
1	  2.400	  5.632	  1.005	  1.485	  0.000
2	  2.400	  7.484	  1.005	  1.485	  0.000
3	  2.400	  9.335	  1.005	  1.485	  0.000
4	  2.400	 11.187	  1.005	  1.485	  0.000
5	  2.400	 13.039	  1.005	  1.485	  0.000
6	  2.400	 14.891	  1.005	  1.485	  0.000
7	  2.400	 16.743	  1.005	  1.485	  0.000
8	  2.400	 18.595	  1.005	  1.485	  0.000
9	  2.400	 20.447	  1.005	  1.485	  0.000
10	  2.400	 22.298	  1.005	  1.485	  0.000
11	  2.400	 24.150	  1.005	  1.485	  0.000
12	  2.400	 26.002	  1.005	  1.485	  0.000
13	  2.400	 27.854	  1.005	  1.485	  0.000
14	  2.400	 29.706	  1.005	  1.485	  0.000
15	  2.400	 31.558	  1.005	  1.485	  0.000
16	  2.400	 33.410	  1.005	  1.485	  0.000
17	  2.400	 35.261	  1.005	  1.485	  0.000
18	  2.400	 37.113	  1.005	  1.485	  0.000
19	  2.400	 38.965	  1.005	  1.485	  0.000
20	  2.400	 40.817	  1.005	  1.485	  0.000
21	  2.400	 42.669	  1.005	  1.485	  0.000
22	  2.400	 44.521	  1.005	  1.485	  0.000
23	  2.400	 46.372	  1.005	  1.485	  0.000
24	  2.400	 48.224	  1.005	  1.485	  0.000
25	  2.400	 50.076	  1.005	  1.485	  0.000
26	  2.400	 51.928	  1.005	  1.485	  0.000
27	  2.400	 53.780	  1.005	  1.485	  0.000
28	  2.400	 55.632	  1.005	  1.485	  0.000
29	  2.400	 57.484	  1.005	  1.485	  0.000
30	  2.400	 59.335	  1.005	  1.485	  0.000
31	  2.400	 61.187	  1.005	  1.485	  0.000
32	  2.400	 63.039	  1.005	  1.485	  0.000
33	  2.400	 64.891	  1.005	  1.485	  0.000
34	  2.400	 66.743	  1.005	  1.485	  0.000
35	  2.400	 68.595	  1.005	  1.485	  0.000
36	  2.400	 70.447	  1.005	  1.485	  0.000
37	  2.400	 72.298	  1.005	  1.485	  0.000
38	  2.400	 74.150	  1.005	  1.485	  0.000
39	  2.400	 76.002	  1.005	  1.485	  0.000
40	  2.400	 77.854	  1.005	  1.485	  0.000
41	  2.400	 79.706	  1.005	  1.485	  0.000
42	  2.400	 81.558	  1.005	  1.485	  0.000
43	  2.400	 83.410	  1.005	  1.485	  0.000
44	  2.400	 85.261	  1.005	  1.485	  0.000
45	  2.400	 87.113	  1.005	  1.485	  0.000
46	  2.400	 88.965	  1.005	  1.485	  0.000
47	  2.400	 90.817	  1.005	  1.485	  0.000
48	  2.400	 92.669	  1.005	  1.485	  0.000
49	  2.400	 94.521	  1.005	  1.485	  0.000
50	  2.400	 96.372	  1.005	  1.485	  0.000
51	  2.400	 98.224	  1.005	  1.485	  0.000
52	  2.400	100.076	  1.005	  1.485	  0.000
53	  2.400	101.928	  1.005	  1.485	  0.000
0	  2.520	  3.958	  1.005	  1.487	  0.000
1	  2.520	  5.810	  1.005	  1.487	  0.000
2	  2.520	  7.662	  1.005	  1.487	  0.000
3	  2.520	  9.514	  1.005	  1.487	  0.000
4	  2.520	 11.366	  1.005	  1.487	  0.000
5	  2.520	 13.217	  1.005	  1.487	  0.000
6	  2.520	 15.069	  1.005	  1.487	  0.000
7	  2.520	 16.921	  1.005	  1.487	  0.000
8	  2.520	 18.773	  1.005	  1.487	  0.000
9	  2.520	 20.625	  1.005	  1.487	  0.000
10	  2.520	 22.477	  1.005	  1.487	  0.000
11	  2.520	 24.329	  1.005	  1.487	  0.000
12	  2.520	 26.180	  1.005	  1.487	  0.000
13	  2.520	 28.032	  1.005	  1.487	  0.000
14	  2.520	 29.884	  1.005	  1.487	  0.000
15	  2.520	 31.736	  1.005	  1.487	  0.000
16	  2.520	 33.588	  1.005	  1.487	  0.000
17	  2.520	 35.440	  1.005	  1.487	  0.000
18	  2.520	 37.292	  1.005	  1.487	  0.000
19	  2.520	 39.143	  1.005	  1.487	  0.000
20	  2.520	 40.995	  1.005	  1.487	  0.000
21	  2.520	 42.847	  1.005	  1.487	  0.000
22	  2.520	 44.699	  1.005	  1.487	  0.000
23	  2.520	 46.551	  1.005	  1.487	  0.000
24	  2.520	 48.403	  1.005	  1.487	  0.000
25	  2.520	 50.254	  1.005	  1.487	  0.000
26	  2.520	 52.106	  1.005	  1.487	  0.000
27	  2.520	 53.958	  1.005	  1.487	  0.000
28	  2.520	 55.810	  1.005	  1.487	  0.000
29	  2.520	 57.662	  1.005	  1.487	  0.000
30	  2.520	 59.514	  1.005	  1.487	  0.000
31	  2.520	 61.366	  1.005	  1.487	  0.000
32	  2.520	 63.217	  1.005	  1.487	  0.000
33	  2.520	 65.069	  1.005	  1.487	  0.000
34	  2.520	 66.921	  1.005	  1.487	  0.000
35	  2.520	 68.773	  1.005	  1.487	  0.000
36	  2.520	 70.625	  1.005	  1.487	  0.000
37	  2.520	 72.477	  1.005	  1.487	  0.000
38	  2.520	 74.329	  1.005	  1.487	  0.000
39	  2.520	 76.180	  1.005	  1.487	  0.000
40	  2.520	 78.032	  1.005	  1.487	  0.000
41	  2.520	 79.884	  1.005	  1.487	  0.000
42	  2.520	 81.736	  1.005	  1.487	  0.000
43	  2.520	 83.588	  1.005	  1.487	  0.000
44	  2.520	 85.440	  1.005	  1.487	  0.000
45	  2.520	 87.292	  1.005	  1.487	  0.000
46	  2.520	 89.143	  1.005	  1.487	  0.000
47	  2.520	 90.995	  1.005	  1.487	  0.000
48	  2.520	 92.847	  1.005	  1.487	  0.000
49	  2.520	 94.699	  1.005	  1.487	  0.000
50	  2.520	 96.551	  1.005	  1.487	  0.000
51	  2.520	 98.403	  1.005	  1.487	  0.000
52	  2.520	100.254	  1.005	  1.487	  0.000
53	  2.520	102.106	  1.005	  1.487	  0.000
0	  2.640	  4.137	  1.005	  1.489	  0.000
1	  2.640	  5.989	  1.005	  1.489	  0.000
2	  2.640	  7.840	  1.005	  1.489	  0.000
3	  2.640	  9.692	  1.005	  1.489	  0.000
4	  2.640	 11.544	  1.005	  1.489	  0.000
5	  2.640	 13.396	  1.005	  1.489	  0.000
6	  2.640	 15.248	  1.005	  1.489	  0.000
7	  2.640	 17.100	  1.005	  1.489	  0.000
8	  2.640	 18.952	  1.005	  1.489	  0.000
9	  2.640	 20.803	  1.005	  1.489	  0.000
10	  2.640	 22.655	  1.005	  1.489	  0.000
11	  2.640	 24.507	  1.005	  1.489	  0.000
12	  2.640	 26.359	  1.005	  1.489	  0.000
13	  2.640	 28.211	  1.005	  1.489	  0.000
14	  2.640	 30.063	  1.005	  1.489	  0.000
15	  2.640	 31.915	  1.005	  1.489	  0.000
16	  2.640	 33.766	  1.005	  1.489	  0.000
17	  2.640	 35.618	  1.005	  1.489	  0.000
18	  2.640	 37.470	  1.005	  1.489	  0.000
19	  2.640	 39.322	  1.005	  1.489	  0.000
20	  2.640	 41.174	  1.005	  1.489	  0.000
21	  2.640	 43.026	  1.005	  1.489	  0.000
22	  2.640	 44.878	  1.005	  1.489	  0.000
23	  2.640	 46.729	  1.005	  1.489	  0.000
24	  2.640	 48.581	  1.005	  1.489	  0.000
25	  2.640	 50.433	  1.005	  1.489	  0.000
26	  2.640	 52.285	  1.005	  1.489	  0.000
27	  2.640	 54.137	  1.005	  1.489	  0.000
28	  2.640	 55.989	  1.005	  1.489	  0.000
29	  2.640	 57.840	  1.005	  1.489	  0.000
30	  2.640	 59.692	  1.005	  1.489	  0.000
31	  2.640	 61.544	  1.005	  1.489	  0.000
32	  2.640	 63.396	  1.005	  1.489	  0.000
33	  2.640	 65.248	  1.005	  1.489	  0.000
34	  2.640	 67.100	  1.005	  1.489	  0.000
35	  2.640	 68.952	  1.005	  1.489	  0.000
36	  2.640	 70.803	  1.005	  1.489	  0.000
37	  2.640	 72.655	  1.005	  1.489	  0.000
38	  2.640	 74.507	  1.005	  1.489	  0.000
39	  2.640	 76.359	  1.005	  1.489	  0.000
40	  2.640	 78.211	  1.005	  1.489	  0.000
41	  2.640	 80.063	  1.005	  1.489	  0.000
42	  2.640	 81.915	  1.005	  1.489	  0.000
43	  2.640	 83.766	  1.005	  1.489	  0.000
44	  2.640	 85.618	  1.005	  1.489	  0.000
45	  2.640	 87.470	  1.005	  1.489	  0.000
46	  2.640	 89.322	  1.005	  1.489	  0.000
47	  2.640	 91.174	  1.005	  1.489	  0.000
48	  2.640	 93.026	  1.005	  1.489	  0.000
49	  2.640	 94.878	  1.005	  1.489	  0.000
50	  2.640	 96.729	  1.005	  1.489	  0.000
51	  2.640	 98.581	  1.005	  1.489	  0.000
52	  2.640	100.433	  1.005	  1.489	  0.000
53	  2.640	102.285	  1.005	  1.489	  0.000
0	  2.760	  4.316	  1.005	  1.491	  0.000
1	  2.760	  6.167	  1.005	  1.491	  0.000
2	  2.760	  8.019	  1.005	  1.491	  0.000
3	  2.760	  9.871	  1.005	  1.491	  0.000
4	  2.760	 11.723	  1.005	  1.491	  0.000
5	  2.760	 13.575	  1.005	  1.491	  0.000
6	  2.760	 15.427	  1.005	  1.491	  0.000
7	  2.760	 17.279	  1.005	  1.491	  0.000
8	  2.760	 19.130	  1.005	  1.491	  0.000
9	  2.760	 20.982	  1.005	  1.491	  0.000
10	  2.760	 22.834	  1.005	  1.491	  0.000
11	  2.760	 24.686	  1.005	  1.491	  0.000
12	  2.760	 26.538	  1.005	  1.491	  0.000
13	  2.760	 28.390	  1.005	  1.491	  0.000
14	  2.760	 30.241	  1.005	  1.491	  0.000
15	  2.760	 32.093	  1.005	  1.491	  0.000
16	  2.760	 33.945	  1.005	  1.491	  0.000
17	  2.760	 35.797	  1.005	  1.491	  0.000
18	  2.760	 37.649	  1.005	  1.491	  0.000
19	  2.760	 39.501	  1.005	  1.491	  0.000
20	  2.760	 41.353	  1.005	  1.491	  0.000
21	  2.760	 43.204	  1.005	  1.491	  0.000
22	  2.760	 45.056	  1.005	  1.491	  0.000
23	  2.760	 46.908	  1.005	  1.491	  0.000
24	  2.760	 48.760	  1.005	  1.491	  0.000
25	  2.760	 50.612	  1.005	  1.491	  0.000
26	  2.760	 52.464	  1.005	  1.491	  0.000
27	  2.760	 54.316	  1.005	  1.491	  0.000
28	  2.760	 56.167	  1.005	  1.491	  0.000
29	  2.760	 58.019	  1.005	  1.491	  0.000
30	  2.760	 59.871	  1.005	  1.491	  0.000
31	  2.760	 61.723	  1.005	  1.491	  0.000
32	  2.760	 63.575	  1.005	  1.491	  0.000
33	  2.760	 65.427	  1.005	  1.491	  0.000
34	  2.760	 67.279	  1.005	  1.491	  0.000
35	  2.760	 69.130	  1.005	  1.491	  0.000
36	  2.760	 70.982	  1.005	  1.491	  0.000
37	  2.760	 72.834	  1.005	  1.491	  0.000
38	  2.760	 74.686	  1.005	  1.491	  0.000
39	  2.760	 76.538	  1.005	  1.491	  0.000
40	  2.760	 78.390	  1.005	  1.491	  0.000
41	  2.760	 80.241	  1.005	  1.491	  0.000
42	  2.760	 82.093	  1.005	  1.491	  0.000
43	  2.760	 83.945	  1.005	  1.491	  0.000
44	  2.760	 85.797	  1.005	  1.491	  0.000
45	  2.760	 87.649	  1.005	  1.491	  0.000
46	  2.760	 89.501	  1.005	  1.491	  0.000
47	  2.760	 91.353	  1.005	  1.491	  0.000
48	  2.760	 93.204	  1.005	  1.491	  0.000
49	  2.760	 95.056	  1.005	  1.491	  0.000
50	  2.760	 96.908	  1.005	  1.491	  0.000
51	  2.760	 98.760	  1.005	  1.491	  0.000
52	  2.760	100.612	  1.005	  1.491	  0.000
53	  2.760	102.464	  1.005	  1.491	  0.000
0	  2.880	  4.495	  1.005	  1.492	  0.000
1	  2.880	  6.346	  1.005	  1.492	  0.000
2	  2.880	  8.198	  1.005	  1.492	  0.000
3	  2.880	 10.050	  1.005	  1.492	  0.000
4	  2.880	 11.902	  1.005	  1.492	  0.000
5	  2.880	 13.754	  1.005	  1.492	  0.000
6	  2.880	 15.606	  1.005	  1.492	  0.000
7	  2.880	 17.457	  1.005	  1.492	  0.000
8	  2.880	 19.309	  1.005	  1.492	  0.000
9	  2.880	 21.161	  1.005	  1.492	  0.000
10	  2.880	 23.013	  1.005	  1.492	  0.000
11	  2.880	 24.865	  1.005	  1.492	  0.000
12	  2.880	 26.717	  1.005	  1.492	  0.000
13	  2.880	 28.569	  1.005	  1.492	  0.000
14	  2.880	 30.420	  1.005	  1.492	  0.000
15	  2.880	 32.272	  1.005	  1.492	  0.000
16	  2.880	 34.124	  1.005	  1.492	  0.000
17	  2.880	 35.976	  1.005	  1.492	  0.000
18	  2.880	 37.828	  1.005	  1.492	  0.000
19	  2.880	 39.680	  1.005	  1.492	  0.000
20	  2.880	 41.532	  1.005	  1.492	  0.000
21	  2.880	 43.383	  1.005	  1.492	  0.000
22	  2.880	 45.235	  1.005	  1.492	  0.000
23	  2.880	 47.087	  1.005	  1.492	  0.000
24	  2.880	 48.939	  1.005	  1.492	  0.000
25	  2.880	 50.791	  1.005	  1.492	  0.000
26	  2.880	 52.643	  1.005	  1.492	  0.000
27	  2.880	 54.495	  1.005	  1.492	  0.000
28	  2.880	 56.346	  1.005	  1.492	  0.000
29	  2.880	 58.198	  1.005	  1.492	  0.000
30	  2.880	 60.050	  1.005	  1.492	  0.000
31	  2.880	 61.902	  1.005	  1.492	  0.000
32	  2.880	 63.754	  1.005	  1.492	  0.000
33	  2.880	 65.606	  1.005	  1.492	  0.000
34	  2.880	 67.457	  1.005	  1.492	  0.000
35	  2.880	 69.309	  1.005	  1.492	  0.000
36	  2.880	 71.161	  1.005	  1.492	  0.000
37	  2.880	 73.013	  1.005	  1.492	  0.000
38	  2.880	 74.865	  1.005	  1.492	  0.000
39	  2.880	 76.717	  1.005	  1.492	  0.000
40	  2.880	 78.569	  1.005	  1.492	  0.000
41	  2.880	 80.420	  1.005	  1.492	  0.000
42	  2.880	 82.272	  1.005	  1.492	  0.000
43	  2.880	 84.124	  1.005	  1.492	  0.000
44	  2.880	 85.976	  1.005	  1.492	  0.000
45	  2.880	 87.828	  1.005	  1.492	  0.000
46	  2.880	 89.680	  1.005	  1.492	  0.000
47	  2.880	 91.532	  1.005	  1.492	  0.000
48	  2.880	 93.383	  1.005	  1.492	  0.000
49	  2.880	 95.235	  1.005	  1.492	  0.000
50	  2.880	 97.087	  1.005	  1.492	  0.000
51	  2.880	 98.939	  1.005	  1.492	  0.000
52	  2.880	100.791	  1.005	  1.492	  0.000
53	  2.880	102.643	  1.005	  1.492	  0.000
0	  3.000	  4.674	  1.005	  1.493	  0.000
1	  3.000	  6.525	  1.005	  1.493	  0.000
2	  3.000	  8.377	  1.005	  1.493	  0.000
3	  3.000	 10.229	  1.005	  1.493	  0.000
4	  3.000	 12.081	  1.005	  1.493	  0.000
5	  3.000	 13.933	  1.005	  1.493	  0.000
6	  3.000	 15.785	  1.005	  1.493	  0.000
7	  3.000	 17.637	  1.005	  1.493	  0.000
8	  3.000	 19.488	  1.005	  1.493	  0.000
9	  3.000	 21.340	  1.005	  1.493	  0.000
10	  3.000	 23.192	  1.005	  1.493	  0.000
11	  3.000	 25.044	  1.005	  1.493	  0.000
12	  3.000	 26.896	  1.005	  1.493	  0.000
13	  3.000	 28.748	  1.005	  1.493	  0.000
14	  3.000	 30.600	  1.005	  1.493	  0.000
15	  3.000	 32.451	  1.005	  1.493	  0.000
16	  3.000	 34.303	  1.005	  1.493	  0.000
17	  3.000	 36.155	  1.005	  1.493	  0.000
18	  3.000	 38.007	  1.005	  1.493	  0.000
19	  3.000	 39.859	  1.005	  1.493	  0.000
20	  3.000	 41.711	  1.005	  1.493	  0.000
21	  3.000	 43.563	  1.005	  1.493	  0.000
22	  3.000	 45.414	  1.005	  1.493	  0.000
23	  3.000	 47.266	  1.005	  1.493	  0.000
24	  3.000	 49.118	  1.005	  1.493	  0.000
25	  3.000	 50.970	  1.005	  1.493	  0.000
26	  3.000	 52.822	  1.005	  1.493	  0.000
27	  3.000	 54.674	  1.005	  1.493	  0.000
28	  3.000	 56.525	  1.005	  1.493	  0.000
29	  3.000	 58.377	  1.005	  1.493	  0.000
30	  3.000	 60.229	  1.005	  1.493	  0.000
31	  3.000	 62.081	  1.005	  1.493	  0.000
32	  3.000	 63.933	  1.005	  1.493	  0.000
33	  3.000	 65.785	  1.005	  1.493	  0.000
34	  3.000	 67.637	  1.005	  1.493	  0.000
35	  3.000	 69.488	  1.005	  1.493	  0.000
36	  3.000	 71.340	  1.005	  1.493	  0.000
37	  3.000	 73.192	  1.005	  1.493	  0.000
38	  3.000	 75.044	  1.005	  1.493	  0.000
39	  3.000	 76.896	  1.005	  1.493	  0.000
40	  3.000	 78.748	  1.005	  1.493	  0.000
41	  3.000	 80.600	  1.005	  1.493	  0.000
42	  3.000	 82.451	  1.005	  1.493	  0.000
43	  3.000	 84.303	  1.005	  1.493	  0.000
44	  3.000	 86.155	  1.005	  1.493	  0.000
45	  3.000	 88.007	  1.005	  1.493	  0.000
46	  3.000	 89.859	  1.005	  1.493	  0.000
47	  3.000	 91.711	  1.005	  1.493	  0.000
48	  3.000	 93.563	  1.005	  1.493	  0.000
49	  3.000	 95.414	  1.005	  1.493	  0.000
50	  3.000	 97.266	  1.005	  1.493	  0.000
51	  3.000	 99.118	  1.005	  1.493	  0.000
52	  3.000	100.970	  1.005	  1.493	  0.000
53	  3.000	102.822	  1.005	  1.493	  0.000
