# id	 time	 x	 y	 vx	 vy
0	  0.000	  5.000	  1.000	  0.000	  0.000
0	  0.120	  5.017	  1.000	  0.288	  0.000
0	  0.240	  5.064	  1.000	  0.515	  0.000
0	  0.360	  5.136	  1.000	  0.692	  0.000
0	  0.480	  5.227	  1.000	  0.832	  0.000
0	  0.600	  5.333	  1.000	  0.941	  0.000
0	  0.720	  5.451	  1.000	  1.027	  0.000
0	  0.840	  5.578	  1.000	  1.094	  0.000
0	  0.960	  5.713	  1.000	  1.147	  0.000
0	  1.080	  5.853	  1.000	  1.189	  0.000
0	  1.200	  5.997	  1.000	  1.221	  0.000
0	  1.320	  6.145	  1.000	  1.247	  0.000
0	  1.440	  6.296	  1.000	  1.267	  0.000
0	  1.560	  6.449	  1.000	  1.283	  0.000
0	  1.680	  6.604	  1.000	  1.295	  0.000
0	  1.800	  6.760	  1.000	  1.305	  0.000
0	  1.920	  6.917	  1.000	  1.312	  0.000
0	  2.040	  7.074	  1.000	  1.318	  0.000
0	  2.160	  7.233	  1.000	  1.323	  0.000
0	  2.280	  7.392	  1.000	  1.327	  0.000
0	  2.400	  7.551	  1.000	  1.329	  0.000
0	  2.520	  7.711	  1.000	  1.332	  0.000
0	  2.640	  7.871	  1.000	  1.334	  0.000
0	  2.760	  8.031	  1.000	  1.335	  0.000
0	  2.880	  8.191	  1.000	  1.336	  0.000
0	  3.000	  8.352	  1.000	  1.337	  0.000
0	  3.120	  8.512	  1.000	  1.338	  0.000
0	  3.240	  8.673	  1.000	  1.338	  0.000
0	  3.360	  8.833	  1.000	  1.338	  0.000
0	  3.480	  8.994	  1.000	  1.339	  0.000
0	  3.600	  9.154	  1.000	  1.339	  0.000
0	  3.720	  9.315	  1.000	  1.339	  0.000
0	  3.840	  9.476	  1.000	  1.339	  0.000
0	  3.960	  9.637	  1.000	  1.340	  0.000
0	  4.080	  9.797	  1.000	  1.340	  0.000
0	  4.200	  9.958	  1.000	  1.340	  0.000
0	  4.320	 10.119	  1.000	  1.340	  0.000
0	  4.440	 10.280	  1.000	  1.340	  0.000
0	  4.560	 10.440	  1.000	  1.340	  0.000
0	  4.680	 10.601	  1.000	  1.340	  0.000
0	  4.800	 10.762	  1.000	  1.340	  0.000
0	  4.920	 10.923	  1.000	  1.340	  0.000
0	  5.040	 11.084	  1.000	  1.340	  0.000
0	  5.160	 11.244	  1.000	  1.340	  0.000
0	  5.280	 11.405	  1.000	  1.340	  0.000
0	  5.400	 11.566	  1.000	  1.340	  0.000
0	  5.520	 11.727	  1.000	  1.340	  0.000
0	  5.640	 11.888	  1.000	  1.340	  0.000
0	  5.760	 12.048	  1.000	  1.340	  0.000
0	  5.880	 12.209	  1.000	  1.340	  0.000
0	  6.000	 12.370	  1.000	  1.340	  0.000
0	  6.120	 12.531	  1.000	  1.340	  0.000
0	  6.240	 12.692	  1.000	  1.340	  0.000
0	  6.360	 12.852	  1.000	  1.340	  0.000
0	  6.480	 13.013	  1.000	  1.340	  0.000
0	  6.600	 13.174	  1.000	  1.340	  0.000
0	  6.720	 13.335	  1.000	  1.340	  0.000
0	  6.840	 13.496	  1.000	  1.340	  0.000
0	  6.960	 13.656	  1.000	  1.340	  0.000
0	  7.080	 13.817	  1.000	  1.340	  0.000
0	  7.200	 13.978	  1.000	  1.340	  0.000
0	  7.320	 14.139	  1.000	  1.340	  0.000
0	  7.440	 14.300	  1.000	  1.340	  0.000
0	  7.560	 14.460	  1.000	  1.340	  0.000
0	  7.680	 14.621	  1.000	  1.340	  0.000
0	  7.800	 14.782	  1.000	  1.340	  0.000
0	  7.920	 14.943	  1.000	  1.340	  0.000
0	  8.040	 15.104	  1.000	  1.340	  0.000
0	  8.160	 15.264	  1.000	  1.340	  0.000
0	  8.280	 15.425	  1.000	  1.340	  0.000
0	  8.400	 15.586	  1.000	  1.340	  0.000
0	  8.520	 15.747	  1.000	  1.340	  0.000
0	  8.640	 15.908	  1.000	  1.340	  0.000
0	  8.760	 16.068	  1.000	  1.340	  0.000
0	  8.880	 16.229	  1.000	  1.340	  0.000
0	  9.000	 16.390	  1.000	  1.340	  0.000
0	  9.120	 16.551	  1.000	  1.340	  0.000
0	  9.240	 16.712	  1.000	  1.340	  0.000
0	  9.360	 16.872	  1.000	  1.340	  0.000
0	  9.480	 17.033	  1.000	  1.340	  0.000
0	  9.600	 17.194	  1.000	  1.340	  0.000
0	  9.720	 17.355	  1.000	  1.340	  0.000
0	  9.840	 17.516	  1.000	  1.340	  0.000
0	  9.960	 17.676	  1.000	  1.340	  0.000
0	 10.080	 17.837	  1.000	  1.340	  0.000
0	 10.200	 17.998	  1.000	  1.340	  0.000
0	 10.320	 18.159	  1.000	  1.340	  0.000
0	 10.440	 18.320	  1.000	  1.340	  0.000
0	 10.560	 18.480	  1.000	  1.340	  0.000
0	 10.680	 18.641	  1.000	  1.340	  0.000
0	 10.800	 18.802	  1.000	  1.340	  0.000
0	 10.920	 18.963	  1.000	  1.340	  0.000
0	 11.040	 19.124	  1.000	  1.340	  0.000
0	 11.160	 19.284	  1.000	  1.340	  0.000
0	 11.280	 19.445	  1.000	  1.340	  0.000
0	 11.400	 19.606	  1.000	  1.340	  0.000
0	 11.520	 19.767	  1.000	  1.340	  0.000
0	 11.640	 19.928	  1.000	  1.340	  0.000
0	 11.760	 20.088	  1.000	  1.340	  0.000
0	 11.880	 20.249	  1.000	  1.340	  0.000
0	 12.000	 20.410	  1.000	  1.340	  0.000
0	 12.120	 20.571	  1.000	  1.340	  0.000
0	 12.240	 20.732	  1.000	  1.340	  0.000
0	 12.360	 20.892	  1.000	  1.340	  0.000
0	 12.480	 21.053	  1.000	  1.340	  0.000
0	 12.600	 21.214	  1.000	  1.340	  0.000
0	 12.720	 21.375	  1.000	  1.340	  0.000
0	 12.840	 21.536	  1.000	  1.340	  0.000
0	 12.960	 21.696	  1.000	  1.340	  0.000
0	 13.080	 21.857	  1.000	  1.340	  0.000
0	 13.200	 22.018	  1.000	  1.340	  0.000
0	 13.320	 22.179	  1.000	  1.340	  0.000
0	 13.440	 22.340	  1.000	  1.340	  0.000
0	 13.560	 22.500	  1.000	  1.340	  0.000
0	 13.680	 22.661	  1.000	  1.340	  0.000
0	 13.800	 22.822	  1.000	  1.340	  0.000
0	 13.920	 22.983	  1.000	  1.340	  0.000
0	 14.040	 23.144	  1.000	  1.340	  0.000
0	 14.160	 23.304	  1.000	  1.340	  0.000
0	 14.280	 23.465	  1.000	  1.340	  0.000
0	 14.400	 23.626	  1.000	  1.340	  0.000
0	 14.520	 23.787	  1.000	  1.340	  0.000
0	 14.640	 23.948	  1.000	  1.340	  0.000
0	 14.760	 24.108	  1.000	  1.340	  0.000
0	 14.880	 24.269	  1.000	  1.340	  0.000
0	 15.000	 24.430	  1.000	  1.340	  0.000
0	 15.120	 24.591	  1.000	  1.340	  0.000
0	 15.240	 24.752	  1.000	  1.340	  0.000
0	 15.360	 24.912	  1.000	  1.340	  0.000
0	 15.480	 25.073	  1.000	  1.340	  0.000
0	 15.600	 25.234	  1.000	  1.340	  0.000
0	 15.720	 25.395	  1.000	  1.340	  0.000
0	 15.840	 25.556	  1.000	  1.340	  0.000
0	 15.960	 25.716	  1.000	  1.340	  0.000
0	 16.080	 25.877	  1.000	  1.340	  0.000
0	 16.200	 26.038	  1.000	  1.340	  0.000
0	 16.320	 26.199	  1.000	  1.340	  0.000
0	 16.440	 26.360	  1.000	  1.340	  0.000
0	 16.560	 26.520	  1.000	  1.340	  0.000
0	 16.680	 26.681	  1.000	  1.340	  0.000
0	 16.800	 26.842	  1.000	  1.340	  0.000
0	 16.920	 27.003	  1.000	  1.340	  0.000
0	 17.040	 27.164	  1.000	  1.340	  0.000
0	 17.160	 27.324	  1.000	  1.340	  0.000
0	 17.280	 27.485	  1.000	  1.340	  0.000
0	 17.400	 27.646	  1.000	  1.340	  0.000
0	 17.520	 27.807	  1.000	  1.340	  0.000
0	 17.640	 27.968	  1.000	  1.340	  0.000
0	 17.760	 28.128	  1.000	  1.340	  0.000
0	 17.880	 28.289	  1.000	  1.340	  0.000
0	 18.000	 28.450	  1.000	  1.340	  0.000
0	 18.120	 28.611	  1.000	  1.340	  0.000
0	 18.240	 28.772	  1.000	  1.340	  0.000
0	 18.360	 28.932	  1.000	  1.340	  0.000
0	 18.480	 29.093	  1.000	  1.340	  0.000
0	 18.600	 29.254	  1.000	  1.340	  0.000
0	 18.720	 29.415	  1.000	  1.340	  0.000
0	 18.840	 29.576	  1.000	  1.340	  0.000
0	 18.960	 29.736	  1.000	  1.340	  0.000
0	 19.080	 29.897	  1.000	  1.340	  0.000
0	 19.200	 30.058	  1.000	  1.340	  0.000
0	 19.320	 30.219	  1.000	  1.340	  0.000
0	 19.440	 30.380	  1.000	  1.340	  0.000
0	 19.560	 30.540	  1.000	  1.340	  0.000
0	 19.680	 30.701	  1.000	  1.340	  0.000
0	 19.800	 30.862	  1.000	  1.340	  0.000
0	 19.920	 31.023	  1.000	  1.340	  0.000
0	 20.040	 31.184	  1.000	  1.340	  0.000
0	 20.160	 31.344	  1.000	  1.340	  0.000
0	 20.280	 31.505	  1.000	  1.340	  0.000
0	 20.400	 31.666	  1.000	  1.340	  0.000
0	 20.520	 31.827	  1.000	  1.340	  0.000
0	 20.640	 31.988	  1.000	  1.340	  0.000
0	 20.760	 32.148	  1.000	  1.340	  0.000
0	 20.880	 32.309	  1.000	  1.340	  0.000
0	 21.000	 32.470	  1.000	  1.340	  0.000
0	 21.120	 32.631	  1.000	  1.340	  0.000
0	 21.240	 32.792	  1.000	  1.340	  0.000
0	 21.360	 32.952	  1.000	  1.340	  0.000
0	 21.480	 33.113	  1.000	  1.340	  0.000
0	 21.600	 33.274	  1.000	  1.340	  0.000
0	 21.720	 33.435	  1.000	  1.340	  0.000
0	 21.840	 33.596	  1.000	  1.340	  0.000
0	 21.960	 33.756	  1.000	  1.340	  0.000
0	 22.080	 33.917	  1.000	  1.340	  0.000
0	 22.200	 34.078	  1.000	  1.340	  0.000
0	 22.320	 34.239	  1.000	  1.340	  0.000
0	 22.440	 34.400	  1.000	  1.340	  0.000
0	 22.560	 34.560	  1.000	  1.340	  0.000
0	 22.680	 34.721	  1.000	  1.340	  0.000
0	 22.800	 34.882	  1.000	  1.340	  0.000
0	 22.920	 35.043	  1.000	  1.340	  0.000
0	 23.040	 35.204	  1.000	  1.340	  0.000
0	 23.160	 35.364	  1.000	  1.340	  0.000
0	 23.280	 35.525	  1.000	  1.340	  0.000
0	 23.400	 35.686	  1.000	  1.340	  0.000
0	 23.520	 35.847	  1.000	  1.340	  0.000
0	 23.640	 36.008	  1.000	  1.340	  0.000
0	 23.760	 36.168	  1.000	  1.340	  0.000
0	 23.880	 36.329	  1.000	  1.340	  0.000
0	 24.000	 36.490	  1.000	  1.340	  0.000
0	 24.120	 36.651	  1.000	  1.340	  0.000
0	 24.240	 36.812	  1.000	  1.340	  0.000
0	 24.360	 36.972	  1.000	  1.340	  0.000
0	 24.480	 37.133	  1.000	  1.340	  0.000
0	 24.600	 37.294	  1.000	  1.340	  0.000
0	 24.720	 37.455	  1.000	  1.340	  0.000
0	 24.840	 37.616	  1.000	  1.340	  0.000
0	 24.960	 37.776	  1.000	  1.340	  0.000
0	 25.080	 37.937	  1.000	  1.340	  0.000
0	 25.200	 38.098	  1.000	  1.340	  0.000
0	 25.320	 38.259	  1.000	  1.340	  0.000
0	 25.440	 38.420	  1.000	  1.340	  0.000
0	 25.560	 38.580	  1.000	  1.340	  0.000
0	 25.680	 38.741	  1.000	  1.340	  0.000
0	 25.800	 38.902	  1.000	  1.340	  0.000
0	 25.920	 39.063	  1.000	  1.340	  0.000
0	 26.040	 39.224	  1.000	  1.340	  0.000
0	 26.160	 39.384	  1.000	  1.340	  0.000
0	 26.280	 39.545	  1.000	  1.340	  0.000
0	 26.400	 39.706	  1.000	  1.340	  0.000
0	 26.520	 39.867	  1.000	  1.340	  0.000
0	 26.640	 40.028	  1.000	  1.340	  0.000
0	 26.760	 40.188	  1.000	  1.340	  0.000
0	 26.880	 40.349	  1.000	  1.340	  0.000
0	 27.000	 40.510	  1.000	  1.340	  0.000
0	 27.120	 40.671	  1.000	  1.340	  0.000
0	 27.240	 40.832	  1.000	  1.340	  0.000
0	 27.360	 40.992	  1.000	  1.340	  0.000
0	 27.480	 41.153	  1.000	  1.340	  0.000
0	 27.600	 41.314	  1.000	  1.340	  0.000
0	 27.720	 41.475	  1.000	  1.340	  0.000
0	 27.840	 41.636	  1.000	  1.340	  0.000
0	 27.960	 41.796	  1.000	  1.340	  0.000
0	 28.080	 41.957	  1.000	  1.340	  0.000
0	 28.200	 42.118	  1.000	  1.340	  0.000
0	 28.320	 42.279	  1.000	  1.340	  0.000
0	 28.440	 42.440	  1.000	  1.340	  0.000
0	 28.560	 42.600	  1.000	  1.340	  0.000
0	 28.680	 42.761	  1.000	  1.340	  0.000
0	 28.800	 42.922	  1.000	  1.340	  0.000
0	 28.920	 43.083	  1.000	  1.340	  0.000
0	 29.040	 43.244	  1.000	  1.340	  0.000
0	 29.160	 43.404	  1.000	  1.340	  0.000
0	 29.280	 43.565	  1.000	  1.340	  0.000
0	 29.400	 43.726	  1.000	  1.340	  0.000
0	 29.520	 43.887	  1.000	  1.340	  0.000
0	 29.640	 44.048	  1.000	  1.340	  0.000
0	 29.760	 44.208	  1.000	  1.340	  0.000
0	 29.880	 44.369	  1.000	  1.340	  0.000
0	 30.000	 44.530	  1.000	  1.340	  0.000
0	 30.120	 44.691	  1.000	  1.340	  0.000
0	 30.240	 44.852	  1.000	  1.340	  0.000
0	 30.360	 45.012	  1.000	  1.340	  0.000
0	 30.480	 45.173	  1.000	  1.340	  0.000
0	 30.600	 45.334	  1.000	  1.340	  0.000
0	 30.720	 45.495	  1.000	  1.340	  0.000
0	 30.840	 45.656	  1.000	  1.340	  0.000
0	 30.960	 45.816	  1.000	  1.340	  0.000
0	 31.080	 45.977	  1.000	  1.340	  0.000
0	 31.200	 46.138	  1.000	  1.340	  0.000
0	 31.320	 46.299	  1.000	  1.340	  0.000
0	 31.440	 46.460	  1.000	  1.340	  0.000
0	 31.560	 46.620	  1.000	  1.340	  0.000
0	 31.680	 46.781	  1.000	  1.340	  0.000
0	 31.800	 46.942	  1.000	  1.340	  0.000
0	 31.920	 47.103	  1.000	  1.340	  0.000
0	 32.040	 47.264	  1.000	  1.340	  0.000
0	 32.160	 47.424	  1.000	  1.340	  0.000
0	 32.280	 47.585	  1.000	  1.340	  0.000
0	 32.400	 47.746	  1.000	  1.340	  0.000
0	 32.520	 47.907	  1.000	  1.340	  0.000
0	 32.640	 48.068	  1.000	  1.340	  0.000
0	 32.760	 48.228	  1.000	  1.340	  0.000
0	 32.880	 48.389	  1.000	  1.340	  0.000
0	 33.000	 48.550	  1.000	  1.340	  0.000
0	 33.120	 48.711	  1.000	  1.340	  0.000
0	 33.240	 48.872	  1.000	  1.340	  0.000
0	 33.360	 49.032	  1.000	  1.340	  0.000
0	 33.480	 49.193	  1.000	  1.340	  0.000
0	 33.600	 49.354	  1.000	  1.340	  0.000
0	 33.720	 49.515	  1.000	  1.340	  0.000
0	 33.840	 49.676	  1.000	  1.340	  0.000
0	 33.960	 49.836	  1.000	  1.340	  0.000
0	 34.080	 49.997	  1.000	  1.340	  0.000
0	 34.200	 50.158	  1.000	  1.340	  0.000
0	 34.320	 50.319	  1.000	  1.340	  0.000
0	 34.440	 50.480	  1.000	  1.340	  0.000
0	 34.560	 50.640	  1.000	  1.340	  0.000
0	 34.680	 50.801	  1.000	  1.340	  0.000
0	 34.800	 50.962	  1.000	  1.340	  0.000
0	 34.920	 51.123	  1.000	  1.340	  0.000
0	 35.040	 51.284	  1.000	  1.340	  0.000
0	 35.160	 51.444	  1.000	  1.340	  0.000
0	 35.280	 51.605	  1.000	  1.340	  0.000
0	 35.400	 51.766	  1.000	  1.340	  0.000
0	 35.520	 51.927	  1.000	  1.340	  0.000
0	 35.640	 52.088	  1.000	  1.340	  0.000
0	 35.760	 52.248	  1.000	  1.340	  0.000
0	 35.880	 52.409	  1.000	  1.340	  0.000
0	 36.000	 52.570	  1.000	  1.340	  0.000
0	 36.120	 52.731	  1.000	  1.340	  0.000
0	 36.240	 52.892	  1.000	  1.340	  0.000
0	 36.360	 53.052	  1.000	  1.340	  0.000
0	 36.480	 53.213	  1.000	  1.340	  0.000
0	 36.600	 53.374	  1.000	  1.340	  0.000
0	 36.720	 53.535	  1.000	  1.340	  0.000
0	 36.840	 53.696	  1.000	  1.340	  0.000
0	 36.960	 53.856	  1.000	  1.340	  0.000
0	 37.080	 54.017	  1.000	  1.340	  0.000
0	 37.200	 54.178	  1.000	  1.340	  0.000
0	 37.320	 54.339	  1.000	  1.340	  0.000
0	 37.440	 54.500	  1.000	  1.340	  0.000
0	 37.560	 54.660	  1.000	  1.340	  0.000
0	 37.680	 54.821	  1.000	  1.340	  0.000
0	 37.800	 54.982	  1.000	  1.340	  0.000
0	 37.920	 55.143	  1.000	  1.340	  0.000
0	 38.040	 55.304	  1.000	  1.340	  0.000
0	 38.160	 55.464	  1.000	  1.340	  0.000
0	 38.280	 55.625	  1.000	  1.340	  0.000
0	 38.400	 55.786	  1.000	  1.340	  0.000
0	 38.520	 55.947	  1.000	  1.340	  0.000
0	 38.640	 56.108	  1.000	  1.340	  0.000
0	 38.760	 56.268	  1.000	  1.340	  0.000
0	 38.880	 56.429	  1.000	  1.340	  0.000
0	 39.000	 56.590	  1.000	  1.340	  0.000
0	 39.120	 56.751	  1.000	  1.340	  0.000
0	 39.240	 56.912	  1.000	  1.340	  0.000
0	 39.360	 57.072	  1.000	  1.340	  0.000
0	 39.480	 57.233	  1.000	  1.340	  0.000
0	 39.600	 57.394	  1.000	  1.340	  0.000
0	 39.720	 57.555	  1.000	  1.340	  0.000
0	 39.840	 57.716	  1.000	  1.340	  0.000
0	 39.960	 57.876	  1.000	  1.340	  0.000
0	 40.080	 58.037	  1.000	  1.340	  0.000
0	 40.200	 58.198	  1.000	  1.340	  0.000
0	 40.320	 58.359	  1.000	  1.340	  0.000
0	 40.440	 58.520	  1.000	  1.340	  0.000
0	 40.560	 58.680	  1.000	  1.340	  0.000
0	 40.680	 58.841	  1.000	  1.340	  0.000
0	 40.800	 59.002	  1.000	  1.340	  0.000
0	 40.920	 59.163	  1.000	  1.340	  0.000
0	 41.040	 59.324	  1.000	  1.340	  0.000
0	 41.160	 59.484	  1.000	  1.340	  0.000
0	 41.280	 59.645	  1.000	  1.340	  0.000
0	 41.400	 59.806	  1.000	  1.340	  0.000
0	 41.520	 59.967	  1.000	  1.340	  0.000
0	 41.640	 60.128	  1.000	  1.340	  0.000
0	 41.760	 60.288	  1.000	  1.340	  0.000
0	 41.880	 60.449	  1.000	  1.340	  0.000
0	 42.000	 60.610	  1.000	  1.340	  0.000
0	 42.120	 60.771	  1.000	  1.340	  0.000
0	 42.240	 60.932	  1.000	  1.340	  0.000
0	 42.360	 61.092	  1.000	  1.340	  0.000
0	 42.480	 61.253	  1.000	  1.340	  0.000
0	 42.600	 61.414	  1.000	  1.340	  0.000
0	 42.720	 61.575	  1.000	  1.340	  0.000
0	 42.840	 61.736	  1.000	  1.340	  0.000
0	 42.960	 61.896	  1.000	  1.340	  0.000
0	 43.080	 62.057	  1.000	  1.340	  0.000
0	 43.200	 62.218	  1.000	  1.340	  0.000
0	 43.320	 62.379	  1.000	  1.340	  0.000
0	 43.440	 62.540	  1.000	  1.340	  0.000
0	 43.560	 62.700	  1.000	  1.340	  0.000
0	 43.680	 62.861	  1.000	  1.340	  0.000
0	 43.800	 63.022	  1.000	  1.340	  0.000
0	 43.920	 63.183	  1.000	  1.340	  0.000
0	 44.040	 63.344	  1.000	  1.340	  0.000
0	 44.160	 63.504	  1.000	  1.340	  0.000
0	 44.280	 63.665	  1.000	  1.340	  0.000
0	 44.400	 63.826	  1.000	  1.340	  0.000
0	 44.520	 63.987	  1.000	  1.340	  0.000
0	 44.640	 64.148	  1.000	  1.340	  0.000
0	 44.760	 64.308	  1.000	  1.340	  0.000
0	 44.880	 64.469	  1.000	  1.340	  0.000
0	 45.000	 64.630	  1.000	  1.340	  0.000
0	 45.120	 64.791	  1.000	  1.340	  0.000
0	 45.240	 64.952	  1.000	  1.340	  0.000
0	 45.360	 65.112	  1.000	  1.340	  0.000
0	 45.480	 65.273	  1.000	  1.340	  0.000
0	 45.600	 65.434	  1.000	  1.340	  0.000
0	 45.720	 65.595	  1.000	  1.340	  0.000
0	 45.840	 65.756	  1.000	  1.340	  0.000
0	 45.960	 65.916	  1.000	  1.340	  0.000
0	 46.080	 66.077	  1.000	  1.340	  0.000
0	 46.200	 66.238	  1.000	  1.340	  0.000
0	 46.320	 66.399	  1.000	  1.340	  0.000
0	 46.440	 66.560	  1.000	  1.340	  0.000
0	 46.560	 66.720	  1.000	  1.340	  0.000
0	 46.680	 66.881	  1.000	  1.340	  0.000
0	 46.800	 67.042	  1.000	  1.340	  0.000
0	 46.920	 67.203	  1.000	  1.340	  0.000
0	 47.040	 67.364	  1.000	  1.340	  0.000
0	 47.160	 67.524	  1.000	  1.340	  0.000
0	 47.280	 67.685	  1.000	  1.340	  0.000
0	 47.400	 67.846	  1.000	  1.340	  0.000
0	 47.520	 68.007	  1.000	  1.340	  0.000
0	 47.640	 68.168	  1.000	  1.340	  0.000
0	 47.760	 68.328	  1.000	  1.340	  0.000
0	 47.880	 68.489	  1.000	  1.340	  0.000
0	 48.000	 68.650	  1.000	  1.340	  0.000
0	 48.120	 68.811	  1.000	  1.340	  0.000
0	 48.240	 68.972	  1.000	  1.340	  0.000
0	 48.360	 69.132	  1.000	  1.340	  0.000
0	 48.480	 69.293	  1.000	  1.340	  0.000
0	 48.600	 69.454	  1.000	  1.340	  0.000
0	 48.720	 69.615	  1.000	  1.340	  0.000
0	 48.840	 69.776	  1.000	  1.340	  0.000
0	 48.960	 69.936	  1.000	  1.340	  0.000
0	 49.080	 70.097	  1.000	  1.340	  0.000
0	 49.200	 70.258	  1.000	  1.340	  0.000
0	 49.320	 70.419	  1.000	  1.340	  0.000
0	 49.440	 70.580	  1.000	  1.340	  0.000
0	 49.560	 70.740	  1.000	  1.340	  0.000
0	 49.680	 70.901	  1.000	  1.340	  0.000
0	 49.800	 71.062	  1.000	  1.340	  0.000
0	 49.920	 71.223	  1.000	  1.340	  0.000
0	 50.040	 71.384	  1.000	  1.340	  0.000
0	 50.160	 71.544	  1.000	  1.340	  0.000
0	 50.280	 71.705	  1.000	  1.340	  0.000
0	 50.400	 71.866	  1.000	  1.340	  0.000
0	 50.520	 72.027	  1.000	  1.340	  0.000
0	 50.640	 72.188	  1.000	  1.340	  0.000
0	 50.760	 72.348	  1.000	  1.340	  0.000
0	 50.880	 72.509	  1.000	  1.340	  0.000
0	 51.000	 72.670	  1.000	  1.340	  0.000
0	 51.120	 72.831	  1.000	  1.340	  0.000
0	 51.240	 72.992	  1.000	  1.340	  0.000
0	 51.360	 73.152	  1.000	  1.340	  0.000
0	 51.480	 73.313	  1.000	  1.340	  0.000
0	 51.600	 73.474	  1.000	  1.340	  0.000
0	 51.720	 73.635	  1.000	  1.340	  0.000
0	 51.840	 73.796	  1.000	  1.340	  0.000
0	 51.960	 73.956	  1.000	  1.340	  0.000
0	 52.080	 74.117	  1.000	  1.340	  0.000
0	 52.200	 74.278	  1.000	  1.340	  0.000
0	 52.320	 74.439	  1.000	  1.340	  0.000
0	 52.440	 74.600	  1.000	  1.340	  0.000
0	 52.560	 74.760	  1.000	  1.340	  0.000
0	 52.680	 74.921	  1.000	  1.340	  0.000
0	 52.800	 75.082	  1.000	  1.340	  0.000
0	 52.920	 75.243	  1.000	  1.340	  0.000
0	 53.040	 75.404	  1.000	  1.340	  0.000
0	 53.160	 75.564	  1.000	  1.340	  0.000
0	 53.280	 75.725	  1.000	  1.340	  0.000
0	 53.400	 75.886	  1.000	  1.340	  0.000
0	 53.520	 76.047	  1.000	  1.340	  0.000
0	 53.640	 76.208	  1.000	  1.340	  0.000
0	 53.760	 76.368	  1.000	  1.340	  0.000
0	 53.880	 76.529	  1.000	  1.340	  0.000
0	 54.000	 76.690	  1.000	  1.340	  0.000
0	 54.120	 76.851	  1.000	  1.340	  0.000
0	 54.240	 77.012	  1.000	  1.340	  0.000
0	 54.360	 77.172	  1.000	  1.340	  0.000
0	 54.480	 77.333	  1.000	  1.340	  0.000
0	 54.600	 77.494	  1.000	  1.340	  0.000
0	 54.720	 77.655	  1.000	  1.340	  0.000
0	 54.840	 77.816	  1.000	  1.340	  0.000
0	 54.960	 77.976	  1.000	  1.340	  0.000
0	 55.080	 78.137	  1.000	  1.340	  0.000
0	 55.200	 78.298	  1.000	  1.340	  0.000
0	 55.320	 78.459	  1.000	  1.340	  0.000
0	 55.440	 78.620	  1.000	  1.340	  0.000
0	 55.560	 78.780	  1.000	  1.340	  0.000
0	 55.680	 78.941	  1.000	  1.340	  0.000
0	 55.800	 79.102	  1.000	  1.340	  0.000
0	 55.920	 79.263	  1.000	  1.340	  0.000
0	 56.040	 79.424	  1.000	  1.340	  0.000
0	 56.160	 79.584	  1.000	  1.340	  0.000
0	 56.280	 79.745	  1.000	  1.340	  0.000
0	 56.400	 79.906	  1.000	  1.340	  0.000
0	 56.520	 80.067	  1.000	  1.340	  0.000
0	 56.640	 80.228	  1.000	  1.340	  0.000
0	 56.760	 80.388	  1.000	  1.340	  0.000
0	 56.880	 80.549	  1.000	  1.340	  0.000
0	 57.000	 80.710	  1.000	  1.340	  0.000
0	 57.120	 80.871	  1.000	  1.340	  0.000
0	 57.240	 81.032	  1.000	  1.340	  0.000
0	 57.360	 81.192	  1.000	  1.340	  0.000
0	 57.480	 81.353	  1.000	  1.340	  0.000
0	 57.600	 81.514	  1.000	  1.340	  0.000
0	 57.720	 81.675	  1.000	  1.340	  0.000
0	 57.840	 81.836	  1.000	  1.340	  0.000
0	 57.960	 81.996	  1.000	  1.340	  0.000
0	 58.080	 82.157	  1.000	  1.340	  0.000
0	 58.200	 82.318	  1.000	  1.340	  0.000
0	 58.320	 82.479	  1.000	  1.340	  0.000
0	 58.440	 82.640	  1.000	  1.340	  0.000
0	 58.560	 82.800	  1.000	  1.340	  0.000
0	 58.680	 82.961	  1.000	  1.340	  0.000
0	 58.800	 83.122	  1.000	  1.340	  0.000
0	 58.920	 83.283	  1.000	  1.340	  0.000
0	 59.040	 83.444	  1.000	  1.340	  0.000
0	 59.160	 83.604	  1.000	  1.340	  0.000
0	 59.280	 83.765	  1.000	  1.340	  0.000
0	 59.400	 83.926	  1.000	  1.340	  0.000
0	 59.520	 84.087	  1.000	  1.340	  0.000
0	 59.640	 84.248	  1.000	  1.340	  0.000
0	 59.760	 84.408	  1.000	  1.340	  0.000
0	 59.880	 84.569	  1.000	  1.340	  0.000
0	 60.000	 84.730	  1.000	  1.340	  0.000
0	 60.120	 84.891	  1.000	  1.340	  0.000
0	 60.240	 85.052	  1.000	  1.340	  0.000
0	 60.360	 85.212	  1.000	  1.340	  0.000
0	 60.480	 85.373	  1.000	  1.340	  0.000
0	 60.600	 85.534	  1.000	  1.340	  0.000
0	 60.720	 85.695	  1.000	  1.340	  0.000
0	 60.840	 85.856	  1.000	  1.340	  0.000
0	 60.960	 86.016	  1.000	  1.340	  0.000
0	 61.080	 86.177	  1.000	  1.340	  0.000
0	 61.200	 86.338	  1.000	  1.340	  0.000
0	 61.320	 86.499	  1.000	  1.340	  0.000
0	 61.440	 86.660	  1.000	  1.340	  0.000
0	 61.560	 86.820	  1.000	  1.340	  0.000
0	 61.680	 86.981	  1.000	  1.340	  0.000
0	 61.800	 87.142	  1.000	  1.340	  0.000
0	 61.920	 87.303	  1.000	  1.340	  0.000
0	 62.040	 87.464	  1.000	  1.340	  0.000
0	 62.160	 87.624	  1.000	  1.340	  0.000
0	 62.280	 87.785	  1.000	  1.340	  0.000
0	 62.400	 87.946	  1.000	  1.340	  0.000
0	 62.520	 88.107	  1.000	  1.340	  0.000
0	 62.640	 88.268	  1.000	  1.340	  0.000
0	 62.760	 88.428	  1.000	  1.340	  0.000
0	 62.880	 88.589	  1.000	  1.340	  0.000
0	 63.000	 88.750	  1.000	  1.340	  0.000
0	 63.120	 88.911	  1.000	  1.340	  0.000
0	 63.240	 89.072	  1.000	  1.340	  0.000
0	 63.360	 89.232	  1.000	  1.340	  0.000
0	 63.480	 89.393	  1.000	  1.340	  0.000
0	 63.600	 89.554	  1.000	  1.340	  0.000
0	 63.720	 89.715	  1.000	  1.340	  0.000
0	 63.840	 89.876	  1.000	  1.340	  0.000
0	 63.960	 90.036	  1.000	  1.340	  0.000
0	 64.080	 90.197	  1.000	  1.340	  0.000
0	 64.200	 90.358	  1.000	  1.340	  0.000
0	 64.320	 90.519	  1.000	  1.340	  0.000
0	 64.440	 90.680	  1.000	  1.340	  0.000
0	 64.560	 90.840	  1.000	  1.340	  0.000
0	 64.680	 91.001	  1.000	  1.340	  0.000
0	 64.800	 91.162	  1.000	  1.340	  0.000
0	 64.920	 91.323	  1.000	  1.340	  0.000
0	 65.040	 91.484	  1.000	  1.340	  0.000
0	 65.160	 91.644	  1.000	  1.340	  0.000
0	 65.280	 91.805	  1.000	  1.340	  0.000
0	 65.400	 91.966	  1.000	  1.340	  0.000
0	 65.520	 92.127	  1.000	  1.340	  0.000
0	 65.640	 92.288	  1.000	  1.340	  0.000
0	 65.760	 92.448	  1.000	  1.340	  0.000
0	 65.880	 92.609	  1.000	  1.340	  0.000
0	 66.000	 92.770	  1.000	  1.340	  0.000
0	 66.120	 92.931	  1.000	  1.340	  0.000
0	 66.240	 93.092	  1.000	  1.340	  0.000
0	 66.360	 93.252	  1.000	  1.340	  0.000
0	 66.480	 93.413	  1.000	  1.340	  0.000
0	 66.600	 93.574	  1.000	  1.340	  0.000
0	 66.720	 93.735	  1.000	  1.340	  0.000
0	 66.840	 93.896	  1.000	  1.340	  0.000
0	 66.960	 94.056	  1.000	  1.340	  0.000
0	 67.080	 94.217	  1.000	  1.340	  0.000
0	 67.200	 94.378	  1.000	  1.340	  0.000
0	 67.320	 94.539	  1.000	  1.340	  0.000
0	 67.440	 94.700	  1.000	  1.340	  0.000
0	 67.560	 94.860	  1.000	  1.340	  0.000
0	 67.680	 95.021	  1.000	  1.340	  0.000
0	 67.800	 95.182	  1.000	  1.340	  0.000
0	 67.920	 95.343	  1.000	  1.340	  0.000
0	 68.040	 95.504	  1.000	  1.340	  0.000
0	 68.160	 95.664	  1.000	  1.340	  0.000
0	 68.280	 95.825	  1.000	  1.340	  0.000
0	 68.400	 95.986	  1.000	  1.340	  0.000
0	 68.520	 96.147	  1.000	  1.340	  0.000
0	 68.640	 96.308	  1.000	  1.340	  0.000
0	 68.760	 96.468	  1.000	  1.340	  0.000
0	 68.880	 96.629	  1.000	  1.340	  0.000
0	 69.000	 96.790	  1.000	  1.340	  0.000
0	 69.120	 96.951	  1.000	  1.340	  0.000
0	 69.240	 97.112	  1.000	  1.340	  0.000
0	 69.360	 97.272	  1.000	  1.340	  0.000
0	 69.480	 97.433	  1.000	  1.340	  0.000
0	 69.600	 97.594	  1.000	  1.340	  0.000
0	 69.720	 97.755	  1.000	  1.340	  0.000
0	 69.840	 97.916	  1.000	  1.340	  0.000
0	 69.960	 98.076	  1.000	  1.340	  0.000
0	 70.080	 98.237	  1.000	  1.340	  0.000
0	 70.200	 98.398	  1.000	  1.340	  0.000
0	 70.320	 98.559	  1.000	  1.340	  0.000
0	 70.440	 98.720	  1.000	  1.340	  0.000
0	 70.560	 98.880	  1.000	  1.340	  0.000
0	 70.680	 99.041	  1.000	  1.340	  0.000
0	 70.800	 99.202	  1.000	  1.340	  0.000
0	 70.920	 99.363	  1.000	  1.340	  0.000
0	 71.040	 99.524	  1.000	  1.340	  0.000
0	 71.160	 99.684	  1.000	  1.340	  0.000
0	 71.280	 99.845	  1.000	  1.340	  0.000
0	 71.400	100.006	  1.000	  1.340	  0.000
0	 71.520	100.167	  1.000	  1.340	  0.000
0	 71.640	100.328	  1.000	  1.340	  0.000
0	 71.760	100.488	  1.000	  1.340	  0.000
0	 71.880	100.649	  1.000	  1.340	  0.000
0	 72.000	100.810	  1.000	  1.340	  0.000
0	 72.120	100.971	  1.000	  1.340	  0.000
0	 72.240	101.132	  1.000	  1.340	  0.000
0	 72.360	101.292	  1.000	  1.340	  0.000
0	 72.480	101.453	  1.000	  1.340	  0.000
0	 72.600	101.614	  1.000	  1.340	  0.000
0	 72.720	101.775	  1.000	  1.340	  0.000
0	 72.840	101.936	  1.000	  1.340	  0.000
0	 72.960	102.096	  1.000	  1.340	  0.000
0	 73.080	102.257	  1.000	  1.340	  0.000
0	 73.200	102.418	  1.000	  1.340	  0.000
0	 73.320	102.579	  1.000	  1.340	  0.000
0	 73.440	102.740	  1.000	  1.340	  0.000
0	 73.560	102.900	  1.000	  1.340	  0.000
0	 73.680	103.061	  1.000	  1.340	  0.000
0	 73.800	103.222	  1.000	  1.340	  0.000
0	 73.920	103.383	  1.000	  1.340	  0.000
0	 74.040	103.544	  1.000	  1.340	  0.000
0	 74.160	103.704	  1.000	  1.340	  0.000
0	 74.280	103.865	  1.000	  1.340	  0.000
0	 74.400	104.026	  1.000	  1.340	  0.000
0	 74.520	104.187	  1.000	  1.340	  0.000
0	 74.640	104.348	  1.000	  1.340	  0.000
0	 74.760	104.508	  1.000	  1.340	  0.000
0	 74.880	104.669	  1.000	  1.340	  0.000
0	 75.000	104.830	  1.000	  1.340	  0.000
0	 75.120	104.991	  1.000	  1.340	  0.000
0	 75.240	105.152	  1.000	  1.340	  0.000
0	 75.360	105.312	  1.000	  1.340	  0.000
0	 75.480	105.473	  1.000	  1.340	  0.000
0	 75.600	105.634	  1.000	  1.340	  0.000
0	 75.720	105.795	  1.000	  1.340	  0.000
0	 75.840	105.956	  1.000	  1.340	  0.000
0	 75.960	106.116	  1.000	  1.340	  0.000
0	 76.080	106.277	  1.000	  1.340	  0.000
0	 76.200	106.438	  1.000	  1.340	  0.000
0	 76.320	106.599	  1.000	  1.340	  0.000
0	 76.440	106.760	  1.000	  1.340	  0.000
0	 76.560	106.920	  1.000	  1.340	  0.000
0	 76.680	107.081	  1.000	  1.340	  0.000
0	 76.800	107.242	  1.000	  1.340	  0.000
0	 76.920	107.403	  1.000	  1.340	  0.000
0	 77.040	107.564	  1.000	  1.340	  0.000
0	 77.160	107.724	  1.000	  1.340	  0.000
0	 77.280	107.885	  1.000	  1.340	  0.000
0	 77.400	108.046	  1.000	  1.340	  0.000
0	 77.520	108.207	  1.000	  1.340	  0.000
0	 77.640	108.368	  1.000	  1.340	  0.000
0	 77.760	108.528	  1.000	  1.340	  0.000
0	 77.880	108.689	  1.000	  1.340	  0.000
0	 78.000	108.850	  1.000	  1.340	  0.000
0	 78.120	109.011	  1.000	  1.340	  0.000
0	 78.240	109.172	  1.000	  1.340	  0.000
0	 78.360	109.332	  1.000	  1.340	  0.000
0	 78.480	109.493	  1.000	  1.340	  0.000
0	 78.600	109.654	  1.000	  1.340	  0.000
0	 78.720	109.815	  1.000	  1.340	  0.000
0	 78.840	109.976	  1.000	  1.340	  0.000
0	 78.960	110.136	  1.000	  1.340	  0.000
0	 79.080	110.297	  1.000	  1.340	  0.000
0	 79.200	110.458	  1.000	  1.340	  0.000
0	 79.320	110.619	  1.000	  1.340	  0.000
0	 79.440	110.780	  1.000	  1.340	  0.000
0	 79.560	110.940	  1.000	  1.340	  0.000
0	 79.680	111.101	  1.000	  1.340	  0.000
0	 79.800	111.262	  1.000	  1.340	  0.000
0	 79.920	111.423	  1.000	  1.340	  0.000
0	 80.040	111.584	  1.000	  1.340	  0.000
0	 80.160	111.744	  1.000	  1.340	  0.000
0	 80.280	111.905	  1.000	  1.340	  0.000
0	 80.400	112.066	  1.000	  1.340	  0.000
0	 80.520	112.227	  1.000	  1.340	  0.000
0	 80.640	112.388	  1.000	  1.340	  0.000
0	 80.760	112.548	  1.000	  1.340	  0.000
0	 80.880	112.709	  1.000	  1.340	  0.000
0	 81.000	112.870	  1.000	  1.340	  0.000
0	 81.120	113.031	  1.000	  1.340	  0.000
0	 81.240	113.192	  1.000	  1.340	  0.000
0	 81.360	113.352	  1.000	  1.340	  0.000
0	 81.480	113.513	  1.000	  1.340	  0.000
0	 81.600	113.674	  1.000	  1.340	  0.000
0	 81.720	113.835	  1.000	  1.340	  0.000
0	 81.840	113.996	  1.000	  1.340	  0.000
0	 81.960	114.156	  1.000	  1.340	  0.000
0	 82.080	114.317	  1.000	  1.340	  0.000
0	 82.200	114.478	  1.000	  1.340	  0.000
0	 82.320	114.639	  1.000	  1.340	  0.000
0	 82.440	114.800	  1.000	  1.340	  0.000
0	 82.560	114.960	  1.000	  1.340	  0.000
0	 82.680	115.121	  1.000	  1.340	  0.000
0	 82.800	115.282	  1.000	  1.340	  0.000
0	 82.920	115.443	  1.000	  1.340	  0.000
0	 83.040	115.604	  1.000	  1.340	  0.000
0	 83.160	115.764	  1.000	  1.340	  0.000
0	 83.280	115.925	  1.000	  1.340	  0.000
0	 83.400	116.086	  1.000	  1.340	  0.000
0	 83.520	116.247	  1.000	  1.340	  0.000
0	 83.640	116.408	  1.000	  1.340	  0.000
0	 83.760	116.568	  1.000	  1.340	  0.000
0	 83.880	116.729	  1.000	  1.340	  0.000
0	 84.000	116.890	  1.000	  1.340	  0.000
0	 84.120	117.051	  1.000	  1.340	  0.000
0	 84.240	117.212	  1.000	  1.340	  0.000
0	 84.360	117.372	  1.000	  1.340	  0.000
0	 84.480	117.533	  1.000	  1.340	  0.000
0	 84.600	117.694	  1.000	  1.340	  0.000
0	 84.720	117.855	  1.000	  1.340	  0.000
0	 84.840	118.016	  1.000	  1.340	  0.000
0	 84.960	118.176	  1.000	  1.340	  0.000
0	 85.080	118.337	  1.000	  1.340	  0.000
0	 85.200	118.498	  1.000	  1.340	  0.000
0	 85.320	118.659	  1.000	  1.340	  0.000
0	 85.440	118.820	  1.000	  1.340	  0.000
0	 85.560	118.980	  1.000	  1.340	  0.000
0	 85.680	119.141	  1.000	  1.340	  0.000
0	 85.800	119.302	  1.000	  1.340	  0.000
0	 85.920	119.463	  1.000	  1.340	  0.000
0	 86.040	119.624	  1.000	  1.340	  0.000
0	 86.160	119.784	  1.000	  1.340	  0.000
0	 86.280	119.945	  1.000	  1.340	  0.000
0	 86.400	120.106	  1.000	  1.340	  0.000
0	 86.520	120.267	  1.000	  1.340	  0.000
0	 86.640	120.428	  1.000	  1.340	  0.000
0	 86.760	120.588	  1.000	  1.340	  0.000
0	 86.880	120.749	  1.000	  1.340	  0.000
0	 87.000	120.910	  1.000	  1.340	  0.000
0	 87.120	121.071	  1.000	  1.340	  0.000
0	 87.240	121.232	  1.000	  1.340	  0.000
0	 87.360	121.392	  1.000	  1.340	  0.000
0	 87.480	121.553	  1.000	  1.340	  0.000
0	 87.600	121.714	  1.000	  1.340	  0.000
0	 87.720	121.875	  1.000	  1.340	  0.000
0	 87.840	122.036	  1.000	  1.340	  0.000
0	 87.960	122.196	  1.000	  1.340	  0.000
0	 88.080	122.357	  1.000	  1.340	  0.000
0	 88.200	122.518	  1.000	  1.340	  0.000
0	 88.320	122.679	  1.000	  1.340	  0.000
0	 88.440	122.840	  1.000	  1.340	  0.000
0	 88.560	123.000	  1.000	  1.340	  0.000
0	 88.680	123.161	  1.000	  1.340	  0.000
0	 88.800	123.322	  1.000	  1.340	  0.000
0	 88.920	123.483	  1.000	  1.340	  0.000
0	 89.040	123.644	  1.000	  1.340	  0.000
0	 89.160	123.804	  1.000	  1.340	  0.000
0	 89.280	123.965	  1.000	  1.340	  0.000
0	 89.400	124.126	  1.000	  1.340	  0.000
0	 89.520	124.287	  1.000	  1.340	  0.000
0	 89.640	124.448	  1.000	  1.340	  0.000
0	 89.760	124.608	  1.000	  1.340	  0.000
0	 89.880	124.769	  1.000	  1.340	  0.000
0	 90.000	124.930	  1.000	  1.340	  0.000
0	 90.120	125.091	  1.000	  1.340	  0.000
0	 90.240	125.252	  1.000	  1.340	  0.000
0	 90.360	125.412	  1.000	  1.340	  0.000
0	 90.480	125.573	  1.000	  1.340	  0.000
0	 90.600	125.734	  1.000	  1.340	  0.000
0	 90.720	125.895	  1.000	  1.340	  0.000
0	 90.840	126.056	  1.000	  1.340	  0.000
0	 90.960	126.216	  1.000	  1.340	  0.000
0	 91.080	126.377	  1.000	  1.340	  0.000
0	 91.200	126.538	  1.000	  1.340	  0.000
0	 91.320	126.699	  1.000	  1.340	  0.000
0	 91.440	126.860	  1.000	  1.340	  0.000
0	 91.560	127.020	  1.000	  1.340	  0.000
0	 91.680	127.181	  1.000	  1.340	  0.000
0	 91.800	127.342	  1.000	  1.340	  0.000
0	 91.920	127.503	  1.000	  1.340	  0.000
0	 92.040	127.664	  1.000	  1.340	  0.000
0	 92.160	127.824	  1.000	  1.340	  0.000
0	 92.280	127.985	  1.000	  1.340	  0.000
0	 92.400	128.146	  1.000	  1.340	  0.000
0	 92.520	128.307	  1.000	  1.340	  0.000
0	 92.640	128.468	  1.000	  1.340	  0.000
0	 92.760	128.628	  1.000	  1.340	  0.000
0	 92.880	128.789	  1.000	  1.340	  0.000
0	 93.000	128.950	  1.000	  1.340	  0.000
0	 93.120	129.111	  1.000	  1.340	  0.000
0	 93.240	129.272	  1.000	  1.340	  0.000
0	 93.360	129.432	  1.000	  1.340	  0.000
0	 93.480	129.593	  1.000	  1.340	  0.000
0	 93.600	129.754	  1.000	  1.340	  0.000
0	 93.720	129.915	  1.000	  1.340	  0.000
0	 93.840	130.076	  1.000	  1.340	  0.000
0	 93.960	130.236	  1.000	  1.340	  0.000
0	 94.080	130.397	  1.000	  1.340	  0.000
0	 94.200	130.558	  1.000	  1.340	  0.000
0	 94.320	130.719	  1.000	  1.340	  0.000
0	 94.440	130.880	  1.000	  1.340	  0.000
0	 94.560	131.040	  1.000	  1.340	  0.000
0	 94.680	131.201	  1.000	  1.340	  0.000
0	 94.800	131.362	  1.000	  1.340	  0.000
0	 94.920	131.523	  1.000	  1.340	  0.000
0	 95.040	131.684	  1.000	  1.340	  0.000
0	 95.160	131.844	  1.000	  1.340	  0.000
0	 95.280	132.005	  1.000	  1.340	  0.000
0	 95.400	132.166	  1.000	  1.340	  0.000
0	 95.520	132.327	  1.000	  1.340	  0.000
0	 95.640	132.488	  1.000	  1.340	  0.000
0	 95.760	132.648	  1.000	  1.340	  0.000
0	 95.880	132.809	  1.000	  1.340	  0.000
0	 96.000	132.970	  1.000	  1.340	  0.000
0	 96.120	133.131	  1.000	  1.340	  0.000
0	 96.240	133.292	  1.000	  1.340	  0.000
0	 96.360	133.452	  1.000	  1.340	  0.000
0	 96.480	133.613	  1.000	  1.340	  0.000
0	 96.600	133.774	  1.000	  1.340	  0.000
0	 96.720	133.935	  1.000	  1.340	  0.000
0	 96.840	134.096	  1.000	  1.340	  0.000
0	 96.960	134.256	  1.000	  1.340	  0.000
0	 97.080	134.417	  1.000	  1.340	  0.000
0	 97.200	134.578	  1.000	  1.340	  0.000
0	 97.320	134.739	  1.000	  1.340	  0.000
0	 97.440	134.900	  1.000	  1.340	  0.000
0	 97.560	135.060	  1.000	  1.340	  0.000
0	 97.680	135.221	  1.000	  1.340	  0.000
0	 97.800	135.382	  1.000	  1.340	  0.000
0	 97.920	135.543	  1.000	  1.340	  0.000
0	 98.040	135.704	  1.000	  1.340	  0.000
0	 98.160	135.864	  1.000	  1.340	  0.000
0	 98.280	136.025	  1.000	  1.340	  0.000
0	 98.400	136.186	  1.000	  1.340	  0.000
0	 98.520	136.347	  1.000	  1.340	  0.000
0	 98.640	136.508	  1.000	  1.340	  0.000
0	 98.760	136.668	  1.000	  1.340	  0.000
0	 98.880	136.829	  1.000	  1.340	  0.000
0	 99.000	136.990	  1.000	  1.340	  0.000
0	 99.120	137.151	  1.000	  1.340	  0.000
0	 99.240	137.312	  1.000	  1.340	  0.000
0	 99.360	137.472	  1.000	  1.340	  0.000
0	 99.480	137.633	  1.000	  1.340	  0.000
0	 99.600	137.794	  1.000	  1.340	  0.000
0	 99.720	137.955	  1.000	  1.340	  0.000
0	 99.840	138.116	  1.000	  1.340	  0.000
0	 99.960	138.276	  1.000	  1.340	  0.000
