# id	 time	 x	 y	 vx	 vy
0	  0.000	  1.000	  1.000	  0.010	  0.010
1	  0.000	  3.000	  1.000	  0.010	  0.010
2	  0.000	  5.000	  1.000	  0.010	  0.010
3	  0.000	  7.000	  1.000	  0.010	  0.010
4	  0.000	  9.000	  1.000	  0.010	  0.010
5	  0.000	 11.000	  1.000	  0.010	  0.010
6	  0.000	 13.000	  1.000	  0.010	  0.010
7	  0.000	 15.000	  1.000	  0.010	  0.010
8	  0.000	 17.000	  1.000	  0.010	  0.010
9	  0.000	 19.000	  1.000	  0.010	  0.010
10	  0.000	 21.000	  1.000	  0.010	  0.010
11	  0.000	 23.000	  1.000	  0.010	  0.010
12	  0.000	 25.000	  1.000	  0.010	  0.010
13	  0.000	 27.000	  1.000	  0.010	  0.010
14	  0.000	 29.000	  1.000	  0.010	  0.010
15	  0.000	 31.000	  1.000	  0.010	  0.010
16	  0.000	 33.000	  1.000	  0.010	  0.010
17	  0.000	 35.000	  1.000	  0.010	  0.010
18	  0.000	 37.000	  1.000	  0.010	  0.010
19	  0.000	 39.000	  1.000	  0.010	  0.010
20	  0.000	 41.000	  1.000	  0.010	  0.010
21	  0.000	 43.000	  1.000	  0.010	  0.010
22	  0.000	 45.000	  1.000	  0.010	  0.010
23	  0.000	 47.000	  1.000	  0.010	  0.010
24	  0.000	 49.000	  1.000	  0.010	  0.010
25	  0.000	 51.000	  1.000	  0.010	  0.010
26	  0.000	 53.000	  1.000	  0.010	  0.010
27	  0.000	 55.000	  1.000	  0.010	  0.010
28	  0.000	 57.000	  1.000	  0.010	  0.010
29	  0.000	 59.000	  1.000	  0.010	  0.010
30	  0.000	 61.000	  1.000	  0.010	  0.010
31	  0.000	 63.000	  1.000	  0.010	  0.010
32	  0.000	 65.000	  1.000	  0.010	  0.010
33	  0.000	 67.000	  1.000	  0.010	  0.010
34	  0.000	 69.000	  1.000	  0.010	  0.010
35	  0.000	 71.000	  1.000	  0.010	  0.010
36	  0.000	 73.000	  1.000	  0.010	  0.010
37	  0.000	 75.000	  1.000	  0.010	  0.010
38	  0.000	 77.000	  1.000	  0.010	  0.010
39	  0.000	 79.000	  1.000	  0.010	  0.010
40	  0.000	 81.000	  1.000	  0.010	  0.010
41	  0.000	 83.000	  1.000	  0.010	  0.010
42	  0.000	 85.000	  1.000	  0.010	  0.010
43	  0.000	 87.000	  1.000	  0.010	  0.010
44	  0.000	 89.000	  1.000	  0.010	  0.010
45	  0.000	 91.000	  1.000	  0.010	  0.010
46	  0.000	 93.000	  1.000	  0.010	  0.010
47	  0.000	 95.000	  1.000	  0.010	  0.010
48	  0.000	 97.000	  1.000	  0.010	  0.010
49	  0.000	 99.000	  1.000	  0.010	  0.010
0	  0.120	  1.020	  1.001	  0.331	  0.008
1	  0.120	  3.020	  1.001	  0.331	  0.008
2	  0.120	  5.020	  1.001	  0.331	  0.008
3	  0.120	  7.020	  1.001	  0.331	  0.008
4	  0.120	  9.020	  1.001	  0.331	  0.008
5	  0.120	 11.020	  1.001	  0.331	  0.008
6	  0.120	 13.020	  1.001	  0.331	  0.008
7	  0.120	 15.020	  1.001	  0.331	  0.008
8	  0.120	 17.020	  1.001	  0.331	  0.008
9	  0.120	 19.020	  1.001	  0.331	  0.008
10	  0.120	 21.020	  1.001	  0.331	  0.008
11	  0.120	 23.020	  1.001	  0.331	  0.008
12	  0.120	 25.020	  1.001	  0.331	  0.008
13	  0.120	 27.020	  1.001	  0.331	  0.008
14	  0.120	 29.020	  1.001	  0.331	  0.008
15	  0.120	 31.020	  1.001	  0.331	  0.008
16	  0.120	 33.020	  1.001	  0.331	  0.008
17	  0.120	 35.020	  1.001	  0.331	  0.008
18	  0.120	 37.020	  1.001	  0.331	  0.008
19	  0.120	 39.020	  1.001	  0.331	  0.008
20	  0.120	 41.020	  1.001	  0.331	  0.008
21	  0.120	 43.020	  1.001	  0.331	  0.008
22	  0.120	 45.020	  1.001	  0.331	  0.008
23	  0.120	 47.020	  1.001	  0.331	  0.008
24	  0.120	 49.020	  1.001	  0.331	  0.008
25	  0.120	 51.020	  1.001	  0.331	  0.008
26	  0.120	 53.020	  1.001	  0.331	  0.008
27	  0.120	 55.020	  1.001	  0.331	  0.008
28	  0.120	 57.020	  1.001	  0.331	  0.008
29	  0.120	 59.020	  1.001	  0.331	  0.008
30	  0.120	 61.020	  1.001	  0.331	  0.008
31	  0.120	 63.020	  1.001	  0.331	  0.008
32	  0.120	 65.020	  1.001	  0.331	  0.008
33	  0.120	 67.020	  1.001	  0.331	  0.008
34	  0.120	 69.020	  1.001	  0.331	  0.008
35	  0.120	 71.020	  1.001	  0.331	  0.008
36	  0.120	 73.020	  1.001	  0.331	  0.008
37	  0.120	 75.020	  1.001	  0.331	  0.008
38	  0.120	 77.020	  1.001	  0.331	  0.008
39	  0.120	 79.020	  1.001	  0.331	  0.008
40	  0.120	 81.020	  1.001	  0.331	  0.008
41	  0.120	 83.020	  1.001	  0.331	  0.008
42	  0.120	 85.020	  1.001	  0.331	  0.008
43	  0.120	 87.020	  1.001	  0.331	  0.008
44	  0.120	 89.020	  1.001	  0.331	  0.008
45	  0.120	 91.020	  1.001	  0.331	  0.008
46	  0.120	 93.020	  1.001	  0.331	  0.008
47	  0.120	 95.020	  1.001	  0.331	  0.008
48	  0.120	 97.020	  1.001	  0.331	  0.008
49	  0.120	 99.020	  1.001	  0.331	  0.008
0	  0.240	  1.074	  1.002	  0.582	  0.006
1	  0.240	  3.074	  1.002	  0.582	  0.006
2	  0.240	  5.074	  1.002	  0.582	  0.006
3	  0.240	  7.074	  1.002	  0.582	  0.006
4	  0.240	  9.074	  1.002	  0.582	  0.006
5	  0.240	 11.074	  1.002	  0.582	  0.006
6	  0.240	 13.074	  1.002	  0.582	  0.006
7	  0.240	 15.074	  1.002	  0.582	  0.006
8	  0.240	 17.074	  1.002	  0.582	  0.006
9	  0.240	 19.074	  1.002	  0.582	  0.006
10	  0.240	 21.074	  1.002	  0.582	  0.006
11	  0.240	 23.074	  1.002	  0.582	  0.006
12	  0.240	 25.074	  1.002	  0.582	  0.006
13	  0.240	 27.074	  1.002	  0.582	  0.006
14	  0.240	 29.074	  1.002	  0.582	  0.006
15	  0.240	 31.074	  1.002	  0.582	  0.006
16	  0.240	 33.074	  1.002	  0.582	  0.006
17	  0.240	 35.074	  1.002	  0.582	  0.006
18	  0.240	 37.074	  1.002	  0.582	  0.006
19	  0.240	 39.074	  1.002	  0.582	  0.006
20	  0.240	 41.074	  1.002	  0.582	  0.006
21	  0.240	 43.074	  1.002	  0.582	  0.006
22	  0.240	 45.074	  1.002	  0.582	  0.006
23	  0.240	 47.074	  1.002	  0.582	  0.006
24	  0.240	 49.074	  1.002	  0.582	  0.006
25	  0.240	 51.074	  1.002	  0.582	  0.006
26	  0.240	 53.074	  1.002	  0.582	  0.006
27	  0.240	 55.074	  1.002	  0.582	  0.006
28	  0.240	 57.074	  1.002	  0.582	  0.006
29	  0.240	 59.074	  1.002	  0.582	  0.006
30	  0.240	 61.074	  1.002	  0.582	  0.006
31	  0.240	 63.074	  1.002	  0.582	  0.006
32	  0.240	 65.074	  1.002	  0.582	  0.006
33	  0.240	 67.074	  1.002	  0.582	  0.006
34	  0.240	 69.074	  1.002	  0.582	  0.006
35	  0.240	 71.074	  1.002	  0.582	  0.006
36	  0.240	 73.074	  1.002	  0.582	  0.006
37	  0.240	 75.074	  1.002	  0.582	  0.006
38	  0.240	 77.074	  1.002	  0.582	  0.006
39	  0.240	 79.074	  1.002	  0.582	  0.006
40	  0.240	 81.074	  1.002	  0.582	  0.006
41	  0.240	 83.074	  1.002	  0.582	  0.006
42	  0.240	 85.074	  1.002	  0.582	  0.006
43	  0.240	 87.074	  1.002	  0.582	  0.006
44	  0.240	 89.074	  1.002	  0.582	  0.006
45	  0.240	 91.074	  1.002	  0.582	  0.006
46	  0.240	 93.074	  1.002	  0.582	  0.006
47	  0.240	 95.074	  1.002	  0.582	  0.006
48	  0.240	 97.074	  1.002	  0.582	  0.006
49	  0.240	 99.074	  1.002	  0.582	  0.006
0	  0.360	  1.155	  1.003	  0.780	  0.005
1	  0.360	  3.155	  1.003	  0.780	  0.005
2	  0.360	  5.155	  1.003	  0.780	  0.005
3	  0.360	  7.155	  1.003	  0.780	  0.005
4	  0.360	  9.155	  1.003	  0.780	  0.005
5	  0.360	 11.155	  1.003	  0.780	  0.005
6	  0.360	 13.155	  1.003	  0.780	  0.005
7	  0.360	 15.155	  1.003	  0.780	  0.005
8	  0.360	 17.155	  1.003	  0.780	  0.005
9	  0.360	 19.155	  1.003	  0.780	  0.005
10	  0.360	 21.155	  1.003	  0.780	  0.005
11	  0.360	 23.155	  1.003	  0.780	  0.005
12	  0.360	 25.155	  1.003	  0.780	  0.005
13	  0.360	 27.155	  1.003	  0.780	  0.005
14	  0.360	 29.155	  1.003	  0.780	  0.005
15	  0.360	 31.155	  1.003	  0.780	  0.005
16	  0.360	 33.155	  1.003	  0.780	  0.005
17	  0.360	 35.155	  1.003	  0.780	  0.005
18	  0.360	 37.155	  1.003	  0.780	  0.005
19	  0.360	 39.155	  1.003	  0.780	  0.005
20	  0.360	 41.155	  1.003	  0.780	  0.005
21	  0.360	 43.155	  1.003	  0.780	  0.005
22	  0.360	 45.155	  1.003	  0.780	  0.005
23	  0.360	 47.155	  1.003	  0.780	  0.005
24	  0.360	 49.155	  1.003	  0.780	  0.005
25	  0.360	 51.155	  1.003	  0.780	  0.005
26	  0.360	 53.155	  1.003	  0.780	  0.005
27	  0.360	 55.155	  1.003	  0.780	  0.005
28	  0.360	 57.155	  1.003	  0.780	  0.005
29	  0.360	 59.155	  1.003	  0.780	  0.005
30	  0.360	 61.155	  1.003	  0.780	  0.005
31	  0.360	 63.155	  1.003	  0.780	  0.005
32	  0.360	 65.155	  1.003	  0.780	  0.005
33	  0.360	 67.155	  1.003	  0.780	  0.005
34	  0.360	 69.155	  1.003	  0.780	  0.005
35	  0.360	 71.155	  1.003	  0.780	  0.005
36	  0.360	 73.155	  1.003	  0.780	  0.005
37	  0.360	 75.155	  1.003	  0.780	  0.005
38	  0.360	 77.155	  1.003	  0.780	  0.005
39	  0.360	 79.155	  1.003	  0.780	  0.005
40	  0.360	 81.155	  1.003	  0.780	  0.005
41	  0.360	 83.155	  1.003	  0.780	  0.005
42	  0.360	 85.155	  1.003	  0.780	  0.005
43	  0.360	 87.155	  1.003	  0.780	  0.005
44	  0.360	 89.155	  1.003	  0.780	  0.005
45	  0.360	 91.155	  1.003	  0.780	  0.005
46	  0.360	 93.155	  1.003	  0.780	  0.005
47	  0.360	 95.155	  1.003	  0.780	  0.005
48	  0.360	 97.155	  1.003	  0.780	  0.005
49	  0.360	 99.155	  1.003	  0.780	  0.005
0	  0.480	  1.257	  1.003	  0.935	  0.004
1	  0.480	  3.257	  1.003	  0.935	  0.004
2	  0.480	  5.257	  1.003	  0.935	  0.004
3	  0.480	  7.257	  1.003	  0.935	  0.004
4	  0.480	  9.257	  1.003	  0.935	  0.004
5	  0.480	 11.257	  1.003	  0.935	  0.004
6	  0.480	 13.257	  1.003	  0.935	  0.004
7	  0.480	 15.257	  1.003	  0.935	  0.004
8	  0.480	 17.257	  1.003	  0.935	  0.004
9	  0.480	 19.257	  1.003	  0.935	  0.004
10	  0.480	 21.257	  1.003	  0.935	  0.004
11	  0.480	 23.257	  1.003	  0.935	  0.004
12	  0.480	 25.257	  1.003	  0.935	  0.004
13	  0.480	 27.257	  1.003	  0.935	  0.004
14	  0.480	 29.257	  1.003	  0.935	  0.004
15	  0.480	 31.257	  1.003	  0.935	  0.004
16	  0.480	 33.257	  1.003	  0.935	  0.004
17	  0.480	 35.257	  1.003	  0.935	  0.004
18	  0.480	 37.257	  1.003	  0.935	  0.004
19	  0.480	 39.257	  1.003	  0.935	  0.004
20	  0.480	 41.257	  1.003	  0.935	  0.004
21	  0.480	 43.257	  1.003	  0.935	  0.004
22	  0.480	 45.257	  1.003	  0.935	  0.004
23	  0.480	 47.257	  1.003	  0.935	  0.004
24	  0.480	 49.257	  1.003	  0.935	  0.004
25	  0.480	 51.257	  1.003	  0.935	  0.004
26	  0.480	 53.257	  1.003	  0.935	  0.004
27	  0.480	 55.257	  1.003	  0.935	  0.004
28	  0.480	 57.257	  1.003	  0.935	  0.004
29	  0.480	 59.257	  1.003	  0.935	  0.004
30	  0.480	 61.257	  1.003	  0.935	  0.004
31	  0.480	 63.257	  1.003	  0.935	  0.004
32	  0.480	 65.257	  1.003	  0.935	  0.004
33	  0.480	 67.257	  1.003	  0.935	  0.004
34	  0.480	 69.257	  1.003	  0.935	  0.004
35	  0.480	 71.257	  1.003	  0.935	  0.004
36	  0.480	 73.257	  1.003	  0.935	  0.004
37	  0.480	 75.257	  1.003	  0.935	  0.004
38	  0.480	 77.257	  1.003	  0.935	  0.004
39	  0.480	 79.257	  1.003	  0.935	  0.004
40	  0.480	 81.257	  1.003	  0.935	  0.004
41	  0.480	 83.257	  1.003	  0.935	  0.004
42	  0.480	 85.257	  1.003	  0.935	  0.004
43	  0.480	 87.257	  1.003	  0.935	  0.004
44	  0.480	 89.257	  1.003	  0.935	  0.004
45	  0.480	 91.257	  1.003	  0.935	  0.004
46	  0.480	 93.257	  1.003	  0.935	  0.004
47	  0.480	 95.257	  1.003	  0.935	  0.004
48	  0.480	 97.257	  1.003	  0.935	  0.004
49	  0.480	 99.257	  1.003	  0.935	  0.004
0	  0.600	  1.377	  1.004	  1.056	  0.003
1	  0.600	  3.377	  1.004	  1.056	  0.003
2	  0.600	  5.377	  1.004	  1.056	  0.003
3	  0.600	  7.377	  1.004	  1.056	  0.003
4	  0.600	  9.377	  1.004	  1.056	  0.003
5	  0.600	 11.377	  1.004	  1.056	  0.003
6	  0.600	 13.377	  1.004	  1.056	  0.003
7	  0.600	 15.377	  1.004	  1.056	  0.003
8	  0.600	 17.377	  1.004	  1.056	  0.003
9	  0.600	 19.377	  1.004	  1.056	  0.003
10	  0.600	 21.377	  1.004	  1.056	  0.003
11	  0.600	 23.377	  1.004	  1.056	  0.003
12	  0.600	 25.377	  1.004	  1.056	  0.003
13	  0.600	 27.377	  1.004	  1.056	  0.003
14	  0.600	 29.377	  1.004	  1.056	  0.003
15	  0.600	 31.377	  1.004	  1.056	  0.003
16	  0.600	 33.377	  1.004	  1.056	  0.003
17	  0.600	 35.377	  1.004	  1.056	  0.003
18	  0.600	 37.377	  1.004	  1.056	  0.003
19	  0.600	 39.377	  1.004	  1.056	  0.003
20	  0.600	 41.377	  1.004	  1.056	  0.003
21	  0.600	 43.377	  1.004	  1.056	  0.003
22	  0.600	 45.377	  1.004	  1.056	  0.003
23	  0.600	 47.377	  1.004	  1.056	  0.003
24	  0.600	 49.377	  1.004	  1.056	  0.003
25	  0.600	 51.377	  1.004	  1.056	  0.003
26	  0.600	 53.377	  1.004	  1.056	  0.003
27	  0.600	 55.377	  1.004	  1.056	  0.003
28	  0.600	 57.377	  1.004	  1.056	  0.003
29	  0.600	 59.377	  1.004	  1.056	  0.003
30	  0.600	 61.377	  1.004	  1.056	  0.003
31	  0.600	 63.377	  1.004	  1.056	  0.003
32	  0.600	 65.377	  1.004	  1.056	  0.003
33	  0.600	 67.377	  1.004	  1.056	  0.003
34	  0.600	 69.377	  1.004	  1.056	  0.003
35	  0.600	 71.377	  1.004	  1.056	  0.003
36	  0.600	 73.377	  1.004	  1.056	  0.003
37	  0.600	 75.377	  1.004	  1.056	  0.003
38	  0.600	 77.377	  1.004	  1.056	  0.003
39	  0.600	 79.377	  1.004	  1.056	  0.003
40	  0.600	 81.377	  1.004	  1.056	  0.003
41	  0.600	 83.377	  1.004	  1.056	  0.003
42	  0.600	 85.377	  1.004	  1.056	  0.003
43	  0.600	 87.377	  1.004	  1.056	  0.003
44	  0.600	 89.377	  1.004	  1.056	  0.003
45	  0.600	 91.377	  1.004	  1.056	  0.003
46	  0.600	 93.377	  1.004	  1.056	  0.003
47	  0.600	 95.377	  1.004	  1.056	  0.003
48	  0.600	 97.377	  1.004	  1.056	  0.003
49	  0.600	 99.377	  1.004	  1.056	  0.003
0	  0.720	  1.509	  1.004	  1.152	  0.002
1	  0.720	  3.509	  1.004	  1.152	  0.002
2	  0.720	  5.509	  1.004	  1.152	  0.002
3	  0.720	  7.509	  1.004	  1.152	  0.002
4	  0.720	  9.509	  1.004	  1.152	  0.002
5	  0.720	 11.509	  1.004	  1.152	  0.002
6	  0.720	 13.509	  1.004	  1.152	  0.002
7	  0.720	 15.509	  1.004	  1.152	  0.002
8	  0.720	 17.509	  1.004	  1.152	  0.002
9	  0.720	 19.509	  1.004	  1.152	  0.002
10	  0.720	 21.509	  1.004	  1.152	  0.002
11	  0.720	 23.509	  1.004	  1.152	  0.002
12	  0.720	 25.509	  1.004	  1.152	  0.002
13	  0.720	 27.509	  1.004	  1.152	  0.002
14	  0.720	 29.509	  1.004	  1.152	  0.002
15	  0.720	 31.509	  1.004	  1.152	  0.002
16	  0.720	 33.509	  1.004	  1.152	  0.002
17	  0.720	 35.509	  1.004	  1.152	  0.002
18	  0.720	 37.509	  1.004	  1.152	  0.002
19	  0.720	 39.509	  1.004	  1.152	  0.002
20	  0.720	 41.509	  1.004	  1.152	  0.002
21	  0.720	 43.509	  1.004	  1.152	  0.002
22	  0.720	 45.509	  1.004	  1.152	  0.002
23	  0.720	 47.509	  1.004	  1.152	  0.002
24	  0.720	 49.509	  1.004	  1.152	  0.002
25	  0.720	 51.509	  1.004	  1.152	  0.002
26	  0.720	 53.509	  1.004	  1.152	  0.002
27	  0.720	 55.509	  1.004	  1.152	  0.002
28	  0.720	 57.509	  1.004	  1.152	  0.002
29	  0.720	 59.509	  1.004	  1.152	  0.002
30	  0.720	 61.509	  1.004	  1.152	  0.002
31	  0.720	 63.509	  1.004	  1.152	  0.002
32	  0.720	 65.509	  1.004	  1.152	  0.002
33	  0.720	 67.509	  1.004	  1.152	  0.002
34	  0.720	 69.509	  1.004	  1.152	  0.002
35	  0.720	 71.509	  1.004	  1.152	  0.002
36	  0.720	 73.509	  1.004	  1.152	  0.002
37	  0.720	 75.509	  1.004	  1.152	  0.002
38	  0.720	 77.509	  1.004	  1.152	  0.002
39	  0.720	 79.509	  1.004	  1.152	  0.002
40	  0.720	 81.509	  1.004	  1.152	  0.002
41	  0.720	 83.509	  1.004	  1.152	  0.002
42	  0.720	 85.509	  1.004	  1.152	  0.002
43	  0.720	 87.509	  1.004	  1.152	  0.002
44	  0.720	 89.509	  1.004	  1.152	  0.002
45	  0.720	 91.509	  1.004	  1.152	  0.002
46	  0.720	 93.509	  1.004	  1.152	  0.002
47	  0.720	 95.509	  1.004	  1.152	  0.002
48	  0.720	 97.509	  1.004	  1.152	  0.002
49	  0.720	 99.509	  1.004	  1.152	  0.002
0	  0.840	  1.651	  1.004	  1.227	  0.002
1	  0.840	  3.651	  1.004	  1.227	  0.002
2	  0.840	  5.651	  1.004	  1.227	  0.002
3	  0.840	  7.651	  1.004	  1.227	  0.002
4	  0.840	  9.651	  1.004	  1.227	  0.002
5	  0.840	 11.651	  1.004	  1.227	  0.002
6	  0.840	 13.651	  1.004	  1.227	  0.002
7	  0.840	 15.651	  1.004	  1.227	  0.002
8	  0.840	 17.651	  1.004	  1.227	  0.002
9	  0.840	 19.651	  1.004	  1.227	  0.002
10	  0.840	 21.651	  1.004	  1.227	  0.002
11	  0.840	 23.651	  1.004	  1.227	  0.002
12	  0.840	 25.651	  1.004	  1.227	  0.002
13	  0.840	 27.651	  1.004	  1.227	  0.002
14	  0.840	 29.651	  1.004	  1.227	  0.002
15	  0.840	 31.651	  1.004	  1.227	  0.002
16	  0.840	 33.651	  1.004	  1.227	  0.002
17	  0.840	 35.651	  1.004	  1.227	  0.002
18	  0.840	 37.651	  1.004	  1.227	  0.002
19	  0.840	 39.651	  1.004	  1.227	  0.002
20	  0.840	 41.651	  1.004	  1.227	  0.002
21	  0.840	 43.651	  1.004	  1.227	  0.002
22	  0.840	 45.651	  1.004	  1.227	  0.002
23	  0.840	 47.651	  1.004	  1.227	  0.002
24	  0.840	 49.651	  1.004	  1.227	  0.002
25	  0.840	 51.651	  1.004	  1.227	  0.002
26	  0.840	 53.651	  1.004	  1.227	  0.002
27	  0.840	 55.651	  1.004	  1.227	  0.002
28	  0.840	 57.651	  1.004	  1.227	  0.002
29	  0.840	 59.651	  1.004	  1.227	  0.002
30	  0.840	 61.651	  1.004	  1.227	  0.002
31	  0.840	 63.651	  1.004	  1.227	  0.002
32	  0.840	 65.651	  1.004	  1.227	  0.002
33	  0.840	 67.651	  1.004	  1.227	  0.002
34	  0.840	 69.651	  1.004	  1.227	  0.002
35	  0.840	 71.651	  1.004	  1.227	  0.002
36	  0.840	 73.651	  1.004	  1.227	  0.002
37	  0.840	 75.651	  1.004	  1.227	  0.002
38	  0.840	 77.651	  1.004	  1.227	  0.002
39	  0.840	 79.651	  1.004	  1.227	  0.002
40	  0.840	 81.651	  1.004	  1.227	  0.002
41	  0.840	 83.651	  1.004	  1.227	  0.002
42	  0.840	 85.651	  1.004	  1.227	  0.002
43	  0.840	 87.651	  1.004	  1.227	  0.002
44	  0.840	 89.651	  1.004	  1.227	  0.002
45	  0.840	 91.651	  1.004	  1.227	  0.002
46	  0.840	 93.651	  1.004	  1.227	  0.002
47	  0.840	 95.651	  1.004	  1.227	  0.002
48	  0.840	 97.651	  1.004	  1.227	  0.002
49	  0.840	 99.651	  1.004	  1.227	  0.002
0	  0.960	  1.802	  1.004	  1.285	  0.001
1	  0.960	  3.802	  1.004	  1.285	  0.001
2	  0.960	  5.802	  1.004	  1.285	  0.001
3	  0.960	  7.802	  1.004	  1.285	  0.001
4	  0.960	  9.802	  1.004	  1.285	  0.001
5	  0.960	 11.802	  1.004	  1.285	  0.001
6	  0.960	 13.802	  1.004	  1.285	  0.001
7	  0.960	 15.802	  1.004	  1.285	  0.001
8	  0.960	 17.802	  1.004	  1.285	  0.001
9	  0.960	 19.802	  1.004	  1.285	  0.001
10	  0.960	 21.802	  1.004	  1.285	  0.001
11	  0.960	 23.802	  1.004	  1.285	  0.001
12	  0.960	 25.802	  1.004	  1.285	  0.001
13	  0.960	 27.802	  1.004	  1.285	  0.001
14	  0.960	 29.802	  1.004	  1.285	  0.001
15	  0.960	 31.802	  1.004	  1.285	  0.001
16	  0.960	 33.802	  1.004	  1.285	  0.001
17	  0.960	 35.802	  1.004	  1.285	  0.001
18	  0.960	 37.802	  1.004	  1.285	  0.001
19	  0.960	 39.802	  1.004	  1.285	  0.001
20	  0.960	 41.802	  1.004	  1.285	  0.001
21	  0.960	 43.802	  1.004	  1.285	  0.001
22	  0.960	 45.802	  1.004	  1.285	  0.001
23	  0.960	 47.802	  1.004	  1.285	  0.001
24	  0.960	 49.802	  1.004	  1.285	  0.001
25	  0.960	 51.802	  1.004	  1.285	  0.001
26	  0.960	 53.802	  1.004	  1.285	  0.001
27	  0.960	 55.802	  1.004	  1.285	  0.001
28	  0.960	 57.802	  1.004	  1.285	  0.001
29	  0.960	 59.802	  1.004	  1.285	  0.001
30	  0.960	 61.802	  1.004	  1.285	  0.001
31	  0.960	 63.802	  1.004	  1.285	  0.001
32	  0.960	 65.802	  1.004	  1.285	  0.001
33	  0.960	 67.802	  1.004	  1.285	  0.001
34	  0.960	 69.802	  1.004	  1.285	  0.001
35	  0.960	 71.802	  1.004	  1.285	  0.001
36	  0.960	 73.802	  1.004	  1.285	  0.001
37	  0.960	 75.802	  1.004	  1.285	  0.001
38	  0.960	 77.802	  1.004	  1.285	  0.001
39	  0.960	 79.802	  1.004	  1.285	  0.001
40	  0.960	 81.802	  1.004	  1.285	  0.001
41	  0.960	 83.802	  1.004	  1.285	  0.001
42	  0.960	 85.802	  1.004	  1.285	  0.001
43	  0.960	 87.802	  1.004	  1.285	  0.001
44	  0.960	 89.802	  1.004	  1.285	  0.001
45	  0.960	 91.802	  1.004	  1.285	  0.001
46	  0.960	 93.802	  1.004	  1.285	  0.001
47	  0.960	 95.802	  1.004	  1.285	  0.001
48	  0.960	 97.802	  1.004	  1.285	  0.001
49	  0.960	 99.802	  1.004	  1.285	  0.001
0	  1.080	  1.959	  1.004	  1.331	  0.001
1	  1.080	  3.959	  1.004	  1.331	  0.001
2	  1.080	  5.959	  1.004	  1.331	  0.001
3	  1.080	  7.959	  1.004	  1.331	  0.001
4	  1.080	  9.959	  1.004	  1.331	  0.001
5	  1.080	 11.959	  1.004	  1.331	  0.001
6	  1.080	 13.959	  1.004	  1.331	  0.001
7	  1.080	 15.959	  1.004	  1.331	  0.001
8	  1.080	 17.959	  1.004	  1.331	  0.001
9	  1.080	 19.959	  1.004	  1.331	  0.001
10	  1.080	 21.959	  1.004	  1.331	  0.001
11	  1.080	 23.959	  1.004	  1.331	  0.001
12	  1.080	 25.959	  1.004	  1.331	  0.001
13	  1.080	 27.959	  1.004	  1.331	  0.001
14	  1.080	 29.959	  1.004	  1.331	  0.001
15	  1.080	 31.959	  1.004	  1.331	  0.001
16	  1.080	 33.959	  1.004	  1.331	  0.001
17	  1.080	 35.959	  1.004	  1.331	  0.001
18	  1.080	 37.959	  1.004	  1.331	  0.001
19	  1.080	 39.959	  1.004	  1.331	  0.001
20	  1.080	 41.959	  1.004	  1.331	  0.001
21	  1.080	 43.959	  1.004	  1.331	  0.001
22	  1.080	 45.959	  1.004	  1.331	  0.001
23	  1.080	 47.959	  1.004	  1.331	  0.001
24	  1.080	 49.959	  1.004	  1.331	  0.001
25	  1.080	 51.959	  1.004	  1.331	  0.001
26	  1.080	 53.959	  1.004	  1.331	  0.001
27	  1.080	 55.959	  1.004	  1.331	  0.001
28	  1.080	 57.959	  1.004	  1.331	  0.001
29	  1.080	 59.959	  1.004	  1.331	  0.001
30	  1.080	 61.959	  1.004	  1.331	  0.001
31	  1.080	 63.959	  1.004	  1.331	  0.001
32	  1.080	 65.959	  1.004	  1.331	  0.001
33	  1.080	 67.959	  1.004	  1.331	  0.001
34	  1.080	 69.959	  1.004	  1.331	  0.001
35	  1.080	 71.959	  1.004	  1.331	  0.001
36	  1.080	 73.959	  1.004	  1.331	  0.001
37	  1.080	 75.959	  1.004	  1.331	  0.001
38	  1.080	 77.959	  1.004	  1.331	  0.001
39	  1.080	 79.959	  1.004	  1.331	  0.001
40	  1.080	 81.959	  1.004	  1.331	  0.001
41	  1.080	 83.959	  1.004	  1.331	  0.001
42	  1.080	 85.959	  1.004	  1.331	  0.001
43	  1.080	 87.959	  1.004	  1.331	  0.001
44	  1.080	 89.959	  1.004	  1.331	  0.001
45	  1.080	 91.959	  1.004	  1.331	  0.001
46	  1.080	 93.959	  1.004	  1.331	  0.001
47	  1.080	 95.959	  1.004	  1.331	  0.001
48	  1.080	 97.959	  1.004	  1.331	  0.001
49	  1.080	 99.959	  1.004	  1.331	  0.001
0	  1.200	  2.121	  1.005	  1.368	  0.001
1	  1.200	  4.121	  1.005	  1.368	  0.001
2	  1.200	  6.121	  1.005	  1.368	  0.001
3	  1.200	  8.121	  1.005	  1.368	  0.001
4	  1.200	 10.121	  1.005	  1.368	  0.001
5	  1.200	 12.121	  1.005	  1.368	  0.001
6	  1.200	 14.121	  1.005	  1.368	  0.001
7	  1.200	 16.121	  1.005	  1.368	  0.001
8	  1.200	 18.121	  1.005	  1.368	  0.001
9	  1.200	 20.121	  1.005	  1.368	  0.001
10	  1.200	 22.121	  1.005	  1.368	  0.001
11	  1.200	 24.121	  1.005	  1.368	  0.001
12	  1.200	 26.121	  1.005	  1.368	  0.001
13	  1.200	 28.121	  1.005	  1.368	  0.001
14	  1.200	 30.121	  1.005	  1.368	  0.001
15	  1.200	 32.121	  1.005	  1.368	  0.001
16	  1.200	 34.121	  1.005	  1.368	  0.001
17	  1.200	 36.121	  1.005	  1.368	  0.001
18	  1.200	 38.121	  1.005	  1.368	  0.001
19	  1.200	 40.121	  1.005	  1.368	  0.001
20	  1.200	 42.121	  1.005	  1.368	  0.001
21	  1.200	 44.121	  1.005	  1.368	  0.001
22	  1.200	 46.121	  1.005	  1.368	  0.001
23	  1.200	 48.121	  1.005	  1.368	  0.001
24	  1.200	 50.121	  1.005	  1.368	  0.001
25	  1.200	 52.121	  1.005	  1.368	  0.001
26	  1.200	 54.121	  1.005	  1.368	  0.001
27	  1.200	 56.121	  1.005	  1.368	  0.001
28	  1.200	 58.121	  1.005	  1.368	  0.001
29	  1.200	 60.121	  1.005	  1.368	  0.001
30	  1.200	 62.121	  1.005	  1.368	  0.001
31	  1.200	 64.121	  1.005	  1.368	  0.001
32	  1.200	 66.121	  1.005	  1.368	  0.001
33	  1.200	 68.121	  1.005	  1.368	  0.001
34	  1.200	 70.121	  1.005	  1.368	  0.001
35	  1.200	 72.121	  1.005	  1.368	  0.001
36	  1.200	 74.121	  1.005	  1.368	  0.001
37	  1.200	 76.121	  1.005	  1.368	  0.001
38	  1.200	 78.121	  1.005	  1.368	  0.001
39	  1.200	 80.121	  1.005	  1.368	  0.001
40	  1.200	 82.121	  1.005	  1.368	  0.001
41	  1.200	 84.121	  1.005	  1.368	  0.001
42	  1.200	 86.121	  1.005	  1.368	  0.001
43	  1.200	 88.121	  1.005	  1.368	  0.001
44	  1.200	 90.121	  1.005	  1.368	  0.001
45	  1.200	 92.121	  1.005	  1.368	  0.001
46	  1.200	 94.121	  1.005	  1.368	  0.001
47	  1.200	 96.121	  1.005	  1.368	  0.001
48	  1.200	 98.121	  1.005	  1.368	  0.001
49	  1.200	100.121	  1.005	  1.368	  0.001
0	  1.320	  2.286	  1.005	  1.396	  0.001
1	  1.320	  4.286	  1.005	  1.396	  0.001
2	  1.320	  6.286	  1.005	  1.396	  0.001
3	  1.320	  8.286	  1.005	  1.396	  0.001
4	  1.320	 10.286	  1.005	  1.396	  0.001
5	  1.320	 12.286	  1.005	  1.396	  0.001
6	  1.320	 14.286	  1.005	  1.396	  0.001
7	  1.320	 16.286	  1.005	  1.396	  0.001
8	  1.320	 18.286	  1.005	  1.396	  0.001
9	  1.320	 20.286	  1.005	  1.396	  0.001
10	  1.320	 22.286	  1.005	  1.396	  0.001
11	  1.320	 24.286	  1.005	  1.396	  0.001
12	  1.320	 26.286	  1.005	  1.396	  0.001
13	  1.320	 28.286	  1.005	  1.396	  0.001
14	  1.320	 30.286	  1.005	  1.396	  0.001
15	  1.320	 32.286	  1.005	  1.396	  0.001
16	  1.320	 34.286	  1.005	  1.396	  0.001
17	  1.320	 36.286	  1.005	  1.396	  0.001
18	  1.320	 38.286	  1.005	  1.396	  0.001
19	  1.320	 40.286	  1.005	  1.396	  0.001
20	  1.320	 42.286	  1.005	  1.396	  0.001
21	  1.320	 44.286	  1.005	  1.396	  0.001
22	  1.320	 46.286	  1.005	  1.396	  0.001
23	  1.320	 48.286	  1.005	  1.396	  0.001
24	  1.320	 50.286	  1.005	  1.396	  0.001
25	  1.320	 52.286	  1.005	  1.396	  0.001
26	  1.320	 54.286	  1.005	  1.396	  0.001
27	  1.320	 56.286	  1.005	  1.396	  0.001
28	  1.320	 58.286	  1.005	  1.396	  0.001
29	  1.320	 60.286	  1.005	  1.396	  0.001
30	  1.320	 62.286	  1.005	  1.396	  0.001
31	  1.320	 64.286	  1.005	  1.396	  0.001
32	  1.320	 66.286	  1.005	  1.396	  0.001
33	  1.320	 68.286	  1.005	  1.396	  0.001
34	  1.320	 70.286	  1.005	  1.396	  0.001
35	  1.320	 72.286	  1.005	  1.396	  0.001
36	  1.320	 74.286	  1.005	  1.396	  0.001
37	  1.320	 76.286	  1.005	  1.396	  0.001
38	  1.320	 78.286	  1.005	  1.396	  0.001
39	  1.320	 80.286	  1.005	  1.396	  0.001
40	  1.320	 82.286	  1.005	  1.396	  0.001
41	  1.320	 84.286	  1.005	  1.396	  0.001
42	  1.320	 86.286	  1.005	  1.396	  0.001
43	  1.320	 88.286	  1.005	  1.396	  0.001
44	  1.320	 90.286	  1.005	  1.396	  0.001
45	  1.320	 92.286	  1.005	  1.396	  0.001
46	  1.320	 94.286	  1.005	  1.396	  0.001
47	  1.320	 96.286	  1.005	  1.396	  0.001
48	  1.320	 98.286	  1.005	  1.396	  0.001
49	  1.320	100.286	  1.005	  1.396	  0.001
0	  1.440	  2.455	  1.005	  1.418	  0.001
1	  1.440	  4.455	  1.005	  1.418	  0.001
2	  1.440	  6.455	  1.005	  1.418	  0.001
3	  1.440	  8.455	  1.005	  1.418	  0.001
4	  1.440	 10.455	  1.005	  1.418	  0.001
5	  1.440	 12.455	  1.005	  1.418	  0.001
6	  1.440	 14.455	  1.005	  1.418	  0.001
7	  1.440	 16.455	  1.005	  1.418	  0.001
8	  1.440	 18.455	  1.005	  1.418	  0.001
9	  1.440	 20.455	  1.005	  1.418	  0.001
10	  1.440	 22.455	  1.005	  1.418	  0.001
11	  1.440	 24.455	  1.005	  1.418	  0.001
12	  1.440	 26.455	  1.005	  1.418	  0.001
13	  1.440	 28.455	  1.005	  1.418	  0.001
14	  1.440	 30.455	  1.005	  1.418	  0.001
15	  1.440	 32.455	  1.005	  1.418	  0.001
16	  1.440	 34.455	  1.005	  1.418	  0.001
17	  1.440	 36.455	  1.005	  1.418	  0.001
18	  1.440	 38.455	  1.005	  1.418	  0.001
19	  1.440	 40.455	  1.005	  1.418	  0.001
20	  1.440	 42.455	  1.005	  1.418	  0.001
21	  1.440	 44.455	  1.005	  1.418	  0.001
22	  1.440	 46.455	  1.005	  1.418	  0.001
23	  1.440	 48.455	  1.005	  1.418	  0.001
24	  1.440	 50.455	  1.005	  1.418	  0.001
25	  1.440	 52.455	  1.005	  1.418	  0.001
26	  1.440	 54.455	  1.005	  1.418	  0.001
27	  1.440	 56.455	  1.005	  1.418	  0.001
28	  1.440	 58.455	  1.005	  1.418	  0.001
29	  1.440	 60.455	  1.005	  1.418	  0.001
30	  1.440	 62.455	  1.005	  1.418	  0.001
31	  1.440	 64.455	  1.005	  1.418	  0.001
32	  1.440	 66.455	  1.005	  1.418	  0.001
33	  1.440	 68.455	  1.005	  1.418	  0.001
34	  1.440	 70.455	  1.005	  1.418	  0.001
35	  1.440	 72.455	  1.005	  1.418	  0.001
36	  1.440	 74.455	  1.005	  1.418	  0.001
37	  1.440	 76.455	  1.005	  1.418	  0.001
38	  1.440	 78.455	  1.005	  1.418	  0.001
39	  1.440	 80.455	  1.005	  1.418	  0.001
40	  1.440	 82.455	  1.005	  1.418	  0.001
41	  1.440	 84.455	  1.005	  1.418	  0.001
42	  1.440	 86.455	  1.005	  1.418	  0.001
43	  1.440	 88.455	  1.005	  1.418	  0.001
44	  1.440	 90.455	  1.005	  1.418	  0.001
45	  1.440	 92.455	  1.005	  1.418	  0.001
46	  1.440	 94.455	  1.005	  1.418	  0.001
47	  1.440	 96.455	  1.005	  1.418	  0.001
48	  1.440	 98.455	  1.005	  1.418	  0.001
49	  1.440	100.455	  1.005	  1.418	  0.001
0	  1.560	  2.626	  1.005	  1.436	  0.000
1	  1.560	  4.626	  1.005	  1.436	  0.000
2	  1.560	  6.626	  1.005	  1.436	  0.000
3	  1.560	  8.626	  1.005	  1.436	  0.000
4	  1.560	 10.626	  1.005	  1.436	  0.000
5	  1.560	 12.626	  1.005	  1.436	  0.000
6	  1.560	 14.626	  1.005	  1.436	  0.000
7	  1.560	 16.626	  1.005	  1.436	  0.000
8	  1.560	 18.626	  1.005	  1.436	  0.000
9	  1.560	 20.626	  1.005	  1.436	  0.000
10	  1.560	 22.626	  1.005	  1.436	  0.000
11	  1.560	 24.626	  1.005	  1.436	  0.000
12	  1.560	 26.626	  1.005	  1.436	  0.000
13	  1.560	 28.626	  1.005	  1.436	  0.000
14	  1.560	 30.626	  1.005	  1.436	  0.000
15	  1.560	 32.626	  1.005	  1.436	  0.000
16	  1.560	 34.626	  1.005	  1.436	  0.000
17	  1.560	 36.626	  1.005	  1.436	  0.000
18	  1.560	 38.626	  1.005	  1.436	  0.000
19	  1.560	 40.626	  1.005	  1.436	  0.000
20	  1.560	 42.626	  1.005	  1.436	  0.000
21	  1.560	 44.626	  1.005	  1.436	  0.000
22	  1.560	 46.626	  1.005	  1.436	  0.000
23	  1.560	 48.626	  1.005	  1.436	  0.000
24	  1.560	 50.626	  1.005	  1.436	  0.000
25	  1.560	 52.626	  1.005	  1.436	  0.000
26	  1.560	 54.626	  1.005	  1.436	  0.000
27	  1.560	 56.626	  1.005	  1.436	  0.000
28	  1.560	 58.626	  1.005	  1.436	  0.000
29	  1.560	 60.626	  1.005	  1.436	  0.000
30	  1.560	 62.626	  1.005	  1.436	  0.000
31	  1.560	 64.626	  1.005	  1.436	  0.000
32	  1.560	 66.626	  1.005	  1.436	  0.000
33	  1.560	 68.626	  1.005	  1.436	  0.000
34	  1.560	 70.626	  1.005	  1.436	  0.000
35	  1.560	 72.626	  1.005	  1.436	  0.000
36	  1.560	 74.626	  1.005	  1.436	  0.000
37	  1.560	 76.626	  1.005	  1.436	  0.000
38	  1.560	 78.626	  1.005	  1.436	  0.000
39	  1.560	 80.626	  1.005	  1.436	  0.000
40	  1.560	 82.626	  1.005	  1.436	  0.000
41	  1.560	 84.626	  1.005	  1.436	  0.000
42	  1.560	 86.626	  1.005	  1.436	  0.000
43	  1.560	 88.626	  1.005	  1.436	  0.000
44	  1.560	 90.626	  1.005	  1.436	  0.000
45	  1.560	 92.626	  1.005	  1.436	  0.000
46	  1.560	 94.626	  1.005	  1.436	  0.000
47	  1.560	 96.626	  1.005	  1.436	  0.000
48	  1.560	 98.626	  1.005	  1.436	  0.000
49	  1.560	100.626	  1.005	  1.436	  0.000
0	  1.680	  2.799	  1.005	  1.449	  0.000
1	  1.680	  4.799	  1.005	  1.449	  0.000
2	  1.680	  6.799	  1.005	  1.449	  0.000
3	  1.680	  8.799	  1.005	  1.449	  0.000
4	  1.680	 10.799	  1.005	  1.449	  0.000
5	  1.680	 12.799	  1.005	  1.449	  0.000
6	  1.680	 14.799	  1.005	  1.449	  0.000
7	  1.680	 16.799	  1.005	  1.449	  0.000
8	  1.680	 18.799	  1.005	  1.449	  0.000
9	  1.680	 20.799	  1.005	  1.449	  0.000
10	  1.680	 22.799	  1.005	  1.449	  0.000
11	  1.680	 24.799	  1.005	  1.449	  0.000
12	  1.680	 26.799	  1.005	  1.449	  0.000
13	  1.680	 28.799	  1.005	  1.449	  0.000
14	  1.680	 30.799	  1.005	  1.449	  0.000
15	  1.680	 32.799	  1.005	  1.449	  0.000
16	  1.680	 34.799	  1.005	  1.449	  0.000
17	  1.680	 36.799	  1.005	  1.449	  0.000
18	  1.680	 38.799	  1.005	  1.449	  0.000
19	  1.680	 40.799	  1.005	  1.449	  0.000
20	  1.680	 42.799	  1.005	  1.449	  0.000
21	  1.680	 44.799	  1.005	  1.449	  0.000
22	  1.680	 46.799	  1.005	  1.449	  0.000
23	  1.680	 48.799	  1.005	  1.449	  0.000
24	  1.680	 50.799	  1.005	  1.449	  0.000
25	  1.680	 52.799	  1.005	  1.449	  0.000
26	  1.680	 54.799	  1.005	  1.449	  0.000
27	  1.680	 56.799	  1.005	  1.449	  0.000
28	  1.680	 58.799	  1.005	  1.449	  0.000
29	  1.680	 60.799	  1.005	  1.449	  0.000
30	  1.680	 62.799	  1.005	  1.449	  0.000
31	  1.680	 64.799	  1.005	  1.449	  0.000
32	  1.680	 66.799	  1.005	  1.449	  0.000
33	  1.680	 68.799	  1.005	  1.449	  0.000
34	  1.680	 70.799	  1.005	  1.449	  0.000
35	  1.680	 72.799	  1.005	  1.449	  0.000
36	  1.680	 74.799	  1.005	  1.449	  0.000
37	  1.680	 76.799	  1.005	  1.449	  0.000
38	  1.680	 78.799	  1.005	  1.449	  0.000
39	  1.680	 80.799	  1.005	  1.449	  0.000
40	  1.680	 82.799	  1.005	  1.449	  0.000
41	  1.680	 84.799	  1.005	  1.449	  0.000
42	  1.680	 86.799	  1.005	  1.449	  0.000
43	  1.680	 88.799	  1.005	  1.449	  0.000
44	  1.680	 90.799	  1.005	  1.449	  0.000
45	  1.680	 92.799	  1.005	  1.449	  0.000
46	  1.680	 94.799	  1.005	  1.449	  0.000
47	  1.680	 96.799	  1.005	  1.449	  0.000
48	  1.680	 98.799	  1.005	  1.449	  0.000
49	  1.680	100.799	  1.005	  1.449	  0.000
0	  1.800	  2.974	  1.005	  1.460	  0.000
1	  1.800	  4.974	  1.005	  1.460	  0.000
2	  1.800	  6.974	  1.005	  1.460	  0.000
3	  1.800	  8.974	  1.005	  1.460	  0.000
4	  1.800	 10.974	  1.005	  1.460	  0.000
5	  1.800	 12.974	  1.005	  1.460	  0.000
6	  1.800	 14.974	  1.005	  1.460	  0.000
7	  1.800	 16.974	  1.005	  1.460	  0.000
8	  1.800	 18.974	  1.005	  1.460	  0.000
9	  1.800	 20.974	  1.005	  1.460	  0.000
10	  1.800	 22.974	  1.005	  1.460	  0.000
11	  1.800	 24.974	  1.005	  1.460	  0.000
12	  1.800	 26.974	  1.005	  1.460	  0.000
13	  1.800	 28.974	  1.005	  1.460	  0.000
14	  1.800	 30.974	  1.005	  1.460	  0.000
15	  1.800	 32.974	  1.005	  1.460	  0.000
16	  1.800	 34.974	  1.005	  1.460	  0.000
17	  1.800	 36.974	  1.005	  1.460	  0.000
18	  1.800	 38.974	  1.005	  1.460	  0.000
19	  1.800	 40.974	  1.005	  1.460	  0.000
20	  1.800	 42.974	  1.005	  1.460	  0.000
21	  1.800	 44.974	  1.005	  1.460	  0.000
22	  1.800	 46.974	  1.005	  1.460	  0.000
23	  1.800	 48.974	  1.005	  1.460	  0.000
24	  1.800	 50.974	  1.005	  1.460	  0.000
25	  1.800	 52.974	  1.005	  1.460	  0.000
26	  1.800	 54.974	  1.005	  1.460	  0.000
27	  1.800	 56.974	  1.005	  1.460	  0.000
28	  1.800	 58.974	  1.005	  1.460	  0.000
29	  1.800	 60.974	  1.005	  1.460	  0.000
30	  1.800	 62.974	  1.005	  1.460	  0.000
31	  1.800	 64.974	  1.005	  1.460	  0.000
32	  1.800	 66.974	  1.005	  1.460	  0.000
33	  1.800	 68.974	  1.005	  1.460	  0.000
34	  1.800	 70.974	  1.005	  1.460	  0.000
35	  1.800	 72.974	  1.005	  1.460	  0.000
36	  1.800	 74.974	  1.005	  1.460	  0.000
37	  1.800	 76.974	  1.005	  1.460	  0.000
38	  1.800	 78.974	  1.005	  1.460	  0.000
39	  1.800	 80.974	  1.005	  1.460	  0.000
40	  1.800	 82.974	  1.005	  1.460	  0.000
41	  1.800	 84.974	  1.005	  1.460	  0.000
42	  1.800	 86.974	  1.005	  1.460	  0.000
43	  1.800	 88.974	  1.005	  1.460	  0.000
44	  1.800	 90.974	  1.005	  1.460	  0.000
45	  1.800	 92.974	  1.005	  1.460	  0.000
46	  1.800	 94.974	  1.005	  1.460	  0.000
47	  1.800	 96.974	  1.005	  1.460	  0.000
48	  1.800	 98.974	  1.005	  1.460	  0.000
49	  1.800	100.974	  1.005	  1.460	  0.000
0	  1.920	  3.150	  1.005	  1.469	  0.000
1	  1.920	  5.150	  1.005	  1.469	  0.000
2	  1.920	  7.150	  1.005	  1.469	  0.000
3	  1.920	  9.150	  1.005	  1.469	  0.000
4	  1.920	 11.150	  1.005	  1.469	  0.000
5	  1.920	 13.150	  1.005	  1.469	  0.000
6	  1.920	 15.150	  1.005	  1.469	  0.000
7	  1.920	 17.150	  1.005	  1.469	  0.000
8	  1.920	 19.150	  1.005	  1.469	  0.000
9	  1.920	 21.150	  1.005	  1.469	  0.000
10	  1.920	 23.150	  1.005	  1.469	  0.000
11	  1.920	 25.150	  1.005	  1.469	  0.000
12	  1.920	 27.150	  1.005	  1.469	  0.000
13	  1.920	 29.150	  1.005	  1.469	  0.000
14	  1.920	 31.150	  1.005	  1.469	  0.000
15	  1.920	 33.150	  1.005	  1.469	  0.000
16	  1.920	 35.150	  1.005	  1.469	  0.000
17	  1.920	 37.150	  1.005	  1.469	  0.000
18	  1.920	 39.150	  1.005	  1.469	  0.000
19	  1.920	 41.150	  1.005	  1.469	  0.000
20	  1.920	 43.150	  1.005	  1.469	  0.000
21	  1.920	 45.150	  1.005	  1.469	  0.000
22	  1.920	 47.150	  1.005	  1.469	  0.000
23	  1.920	 49.150	  1.005	  1.469	  0.000
24	  1.920	 51.150	  1.005	  1.469	  0.000
25	  1.920	 53.150	  1.005	  1.469	  0.000
26	  1.920	 55.150	  1.005	  1.469	  0.000
27	  1.920	 57.150	  1.005	  1.469	  0.000
28	  1.920	 59.150	  1.005	  1.469	  0.000
29	  1.920	 61.150	  1.005	  1.469	  0.000
30	  1.920	 63.150	  1.005	  1.469	  0.000
31	  1.920	 65.150	  1.005	  1.469	  0.000
32	  1.920	 67.150	  1.005	  1.469	  0.000
33	  1.920	 69.150	  1.005	  1.469	  0.000
34	  1.920	 71.150	  1.005	  1.469	  0.000
35	  1.920	 73.150	  1.005	  1.469	  0.000
36	  1.920	 75.150	  1.005	  1.469	  0.000
37	  1.920	 77.150	  1.005	  1.469	  0.000
38	  1.920	 79.150	  1.005	  1.469	  0.000
39	  1.920	 81.150	  1.005	  1.469	  0.000
40	  1.920	 83.150	  1.005	  1.469	  0.000
41	  1.920	 85.150	  1.005	  1.469	  0.000
42	  1.920	 87.150	  1.005	  1.469	  0.000
43	  1.920	 89.150	  1.005	  1.469	  0.000
44	  1.920	 91.150	  1.005	  1.469	  0.000
45	  1.920	 93.150	  1.005	  1.469	  0.000
46	  1.920	 95.150	  1.005	  1.469	  0.000
47	  1.920	 97.150	  1.005	  1.469	  0.000
48	  1.920	 99.150	  1.005	  1.469	  0.000
49	  1.920	101.150	  1.005	  1.469	  0.000
0	  2.040	  3.326	  1.005	  1.475	  0.000
1	  2.040	  5.326	  1.005	  1.475	  0.000
2	  2.040	  7.326	  1.005	  1.475	  0.000
3	  2.040	  9.326	  1.005	  1.475	  0.000
4	  2.040	 11.326	  1.005	  1.475	  0.000
5	  2.040	 13.326	  1.005	  1.475	  0.000
6	  2.040	 15.326	  1.005	  1.475	  0.000
7	  2.040	 17.326	  1.005	  1.475	  0.000
8	  2.040	 19.326	  1.005	  1.475	  0.000
9	  2.040	 21.326	  1.005	  1.475	  0.000
10	  2.040	 23.326	  1.005	  1.475	  0.000
11	  2.040	 25.326	  1.005	  1.475	  0.000
12	  2.040	 27.326	  1.005	  1.475	  0.000
13	  2.040	 29.326	  1.005	  1.475	  0.000
14	  2.040	 31.326	  1.005	  1.475	  0.000
15	  2.040	 33.326	  1.005	  1.475	  0.000
16	  2.040	 35.326	  1.005	  1.475	  0.000
17	  2.040	 37.326	  1.005	  1.475	  0.000
18	  2.040	 39.326	  1.005	  1.475	  0.000
19	  2.040	 41.326	  1.005	  1.475	  0.000
20	  2.040	 43.326	  1.005	  1.475	  0.000
21	  2.040	 45.326	  1.005	  1.475	  0.000
22	  2.040	 47.326	  1.005	  1.475	  0.000
23	  2.040	 49.326	  1.005	  1.475	  0.000
24	  2.040	 51.326	  1.005	  1.475	  0.000
25	  2.040	 53.326	  1.005	  1.475	  0.000
26	  2.040	 55.326	  1.005	  1.475	  0.000
27	  2.040	 57.326	  1.005	  1.475	  0.000
28	  2.040	 59.326	  1.005	  1.475	  0.000
29	  2.040	 61.326	  1.005	  1.475	  0.000
30	  2.040	 63.326	  1.005	  1.475	  0.000
31	  2.040	 65.326	  1.005	  1.475	  0.000
32	  2.040	 67.326	  1.005	  1.475	  0.000
33	  2.040	 69.326	  1.005	  1.475	  0.000
34	  2.040	 71.326	  1.005	  1.475	  0.000
35	  2.040	 73.326	  1.005	  1.475	  0.000
36	  2.040	 75.326	  1.005	  1.475	  0.000
37	  2.040	 77.326	  1.005	  1.475	  0.000
38	  2.040	 79.326	  1.005	  1.475	  0.000
39	  2.040	 81.326	  1.005	  1.475	  0.000
40	  2.040	 83.326	  1.005	  1.475	  0.000
41	  2.040	 85.326	  1.005	  1.475	  0.000
42	  2.040	 87.326	  1.005	  1.475	  0.000
43	  2.040	 89.326	  1.005	  1.475	  0.000
44	  2.040	 91.326	  1.005	  1.475	  0.000
45	  2.040	 93.326	  1.005	  1.475	  0.000
46	  2.040	 95.326	  1.005	  1.475	  0.000
47	  2.040	 97.326	  1.005	  1.475	  0.000
48	  2.040	 99.326	  1.005	  1.475	  0.000
49	  2.040	101.326	  1.005	  1.475	  0.000
0	  2.160	  3.504	  1.005	  1.480	  0.000
1	  2.160	  5.504	  1.005	  1.480	  0.000
2	  2.160	  7.504	  1.005	  1.480	  0.000
3	  2.160	  9.504	  1.005	  1.480	  0.000
4	  2.160	 11.504	  1.005	  1.480	  0.000
5	  2.160	 13.504	  1.005	  1.480	  0.000
6	  2.160	 15.504	  1.005	  1.480	  0.000
7	  2.160	 17.504	  1.005	  1.480	  0.000
8	  2.160	 19.504	  1.005	  1.480	  0.000
9	  2.160	 21.504	  1.005	  1.480	  0.000
10	  2.160	 23.504	  1.005	  1.480	  0.000
11	  2.160	 25.504	  1.005	  1.480	  0.000
12	  2.160	 27.504	  1.005	  1.480	  0.000
13	  2.160	 29.504	  1.005	  1.480	  0.000
14	  2.160	 31.504	  1.005	  1.480	  0.000
15	  2.160	 33.504	  1.005	  1.480	  0.000
16	  2.160	 35.504	  1.005	  1.480	  0.000
17	  2.160	 37.504	  1.005	  1.480	  0.000
18	  2.160	 39.504	  1.005	  1.480	  0.000
19	  2.160	 41.504	  1.005	  1.480	  0.000
20	  2.160	 43.504	  1.005	  1.480	  0.000
21	  2.160	 45.504	  1.005	  1.480	  0.000
22	  2.160	 47.504	  1.005	  1.480	  0.000
23	  2.160	 49.504	  1.005	  1.480	  0.000
24	  2.160	 51.504	  1.005	  1.480	  0.000
25	  2.160	 53.504	  1.005	  1.480	  0.000
26	  2.160	 55.504	  1.005	  1.480	  0.000
27	  2.160	 57.504	  1.005	  1.480	  0.000
28	  2.160	 59.504	  1.005	  1.480	  0.000
29	  2.160	 61.504	  1.005	  1.480	  0.000
30	  2.160	 63.504	  1.005	  1.480	  0.000
31	  2.160	 65.504	  1.005	  1.480	  0.000
32	  2.160	 67.504	  1.005	  1.480	  0.000
33	  2.160	 69.504	  1.005	  1.480	  0.000
34	  2.160	 71.504	  1.005	  1.480	  0.000
35	  2.160	 73.504	  1.005	  1.480	  0.000
36	  2.160	 75.504	  1.005	  1.480	  0.000
37	  2.160	 77.504	  1.005	  1.480	  0.000
38	  2.160	 79.504	  1.005	  1.480	  0.000
39	  2.160	 81.504	  1.005	  1.480	  0.000
40	  2.160	 83.504	  1.005	  1.480	  0.000
41	  2.160	 85.504	  1.005	  1.480	  0.000
42	  2.160	 87.504	  1.005	  1.480	  0.000
43	  2.160	 89.504	  1.005	  1.480	  0.000
44	  2.160	 91.504	  1.005	  1.480	  0.000
45	  2.160	 93.504	  1.005	  1.480	  0.000
46	  2.160	 95.504	  1.005	  1.480	  0.000
47	  2.160	 97.504	  1.005	  1.480	  0.000
48	  2.160	 99.504	  1.005	  1.480	  0.000
49	  2.160	101.504	  1.005	  1.480	  0.000
0	  2.280	  3.681	  1.005	  1.485	  0.000
1	  2.280	  5.681	  1.005	  1.485	  0.000
2	  2.280	  7.681	  1.005	  1.485	  0.000
3	  2.280	  9.681	  1.005	  1.485	  0.000
4	  2.280	 11.681	  1.005	  1.485	  0.000
5	  2.280	 13.681	  1.005	  1.485	  0.000
6	  2.280	 15.681	  1.005	  1.485	  0.000
7	  2.280	 17.681	  1.005	  1.485	  0.000
8	  2.280	 19.681	  1.005	  1.485	  0.000
9	  2.280	 21.681	  1.005	  1.485	  0.000
10	  2.280	 23.681	  1.005	  1.485	  0.000
11	  2.280	 25.681	  1.005	  1.485	  0.000
12	  2.280	 27.681	  1.005	  1.485	  0.000
13	  2.280	 29.681	  1.005	  1.485	  0.000
14	  2.280	 31.681	  1.005	  1.485	  0.000
15	  2.280	 33.681	  1.005	  1.485	  0.000
16	  2.280	 35.681	  1.005	  1.485	  0.000
17	  2.280	 37.681	  1.005	  1.485	  0.000
18	  2.280	 39.681	  1.005	  1.485	  0.000
19	  2.280	 41.681	  1.005	  1.485	  0.000
20	  2.280	 43.681	  1.005	  1.485	  0.000
21	  2.280	 45.681	  1.005	  1.485	  0.000
22	  2.280	 47.681	  1.005	  1.485	  0.000
23	  2.280	 49.681	  1.005	  1.485	  0.000
24	  2.280	 51.681	  1.005	  1.485	  0.000
25	  2.280	 53.681	  1.005	  1.485	  0.000
26	  2.280	 55.681	  1.005	  1.485	  0.000
27	  2.280	 57.681	  1.005	  1.485	  0.000
28	  2.280	 59.681	  1.005	  1.485	  0.000
29	  2.280	 61.681	  1.005	  1.485	  0.000
30	  2.280	 63.681	  1.005	  1.485	  0.000
31	  2.280	 65.681	  1.005	  1.485	  0.000
32	  2.280	 67.681	  1.005	  1.485	  0.000
33	  2.280	 69.681	  1.005	  1.485	  0.000
34	  2.280	 71.681	  1.005	  1.485	  0.000
35	  2.280	 73.681	  1.005	  1.485	  0.000
36	  2.280	 75.681	  1.005	  1.485	  0.000
37	  2.280	 77.681	  1.005	  1.485	  0.000
38	  2.280	 79.681	  1.005	  1.485	  0.000
39	  2.280	 81.681	  1.005	  1.485	  0.000
40	  2.280	 83.681	  1.005	  1.485	  0.000
41	  2.280	 85.681	  1.005	  1.485	  0.000
42	  2.280	 87.681	  1.005	  1.485	  0.000
43	  2.280	 89.681	  1.005	  1.485	  0.000
44	  2.280	 91.681	  1.005	  1.485	  0.000
45	  2.280	 93.681	  1.005	  1.485	  0.000
46	  2.280	 95.681	  1.005	  1.485	  0.000
47	  2.280	 97.681	  1.005	  1.485	  0.000
48	  2.280	 99.681	  1.005	  1.485	  0.000
49	  2.280	101.681	  1.005	  1.485	  0.000
0	  2.400	  3.860	  1.005	  1.488	  0.000
1	  2.400	  5.860	  1.005	  1.488	  0.000
2	  2.400	  7.860	  1.005	  1.488	  0.000
3	  2.400	  9.860	  1.005	  1.488	  0.000
4	  2.400	 11.860	  1.005	  1.488	  0.000
5	  2.400	 13.860	  1.005	  1.488	  0.000
6	  2.400	 15.860	  1.005	  1.488	  0.000
7	  2.400	 17.860	  1.005	  1.488	  0.000
8	  2.400	 19.860	  1.005	  1.488	  0.000
9	  2.400	 21.860	  1.005	  1.488	  0.000
10	  2.400	 23.860	  1.005	  1.488	  0.000
11	  2.400	 25.860	  1.005	  1.488	  0.000
12	  2.400	 27.860	  1.005	  1.488	  0.000
13	  2.400	 29.860	  1.005	  1.488	  0.000
14	  2.400	 31.860	  1.005	  1.488	  0.000
15	  2.400	 33.860	  1.005	  1.488	  0.000
16	  2.400	 35.860	  1.005	  1.488	  0.000
17	  2.400	 37.860	  1.005	  1.488	  0.000
18	  2.400	 39.860	  1.005	  1.488	  0.000
19	  2.400	 41.860	  1.005	  1.488	  0.000
20	  2.400	 43.860	  1.005	  1.488	  0.000
21	  2.400	 45.860	  1.005	  1.488	  0.000
22	  2.400	 47.860	  1.005	  1.488	  0.000
23	  2.400	 49.860	  1.005	  1.488	  0.000
24	  2.400	 51.860	  1.005	  1.488	  0.000
25	  2.400	 53.860	  1.005	  1.488	  0.000
26	  2.400	 55.860	  1.005	  1.488	  0.000
27	  2.400	 57.860	  1.005	  1.488	  0.000
28	  2.400	 59.860	  1.005	  1.488	  0.000
29	  2.400	 61.860	  1.005	  1.488	  0.000
30	  2.400	 63.860	  1.005	  1.488	  0.000
31	  2.400	 65.860	  1.005	  1.488	  0.000
32	  2.400	 67.860	  1.005	  1.488	  0.000
33	  2.400	 69.860	  1.005	  1.488	  0.000
34	  2.400	 71.860	  1.005	  1.488	  0.000
35	  2.400	 73.860	  1.005	  1.488	  0.000
36	  2.400	 75.860	  1.005	  1.488	  0.000
37	  2.400	 77.860	  1.005	  1.488	  0.000
38	  2.400	 79.860	  1.005	  1.488	  0.000
39	  2.400	 81.860	  1.005	  1.488	  0.000
40	  2.400	 83.860	  1.005	  1.488	  0.000
41	  2.400	 85.860	  1.005	  1.488	  0.000
42	  2.400	 87.860	  1.005	  1.488	  0.000
43	  2.400	 89.860	  1.005	  1.488	  0.000
44	  2.400	 91.860	  1.005	  1.488	  0.000
45	  2.400	 93.860	  1.005	  1.488	  0.000
46	  2.400	 95.860	  1.005	  1.488	  0.000
47	  2.400	 97.860	  1.005	  1.488	  0.000
48	  2.400	 99.860	  1.005	  1.488	  0.000
49	  2.400	101.860	  1.005	  1.488	  0.000
0	  2.520	  4.038	  1.005	  1.490	  0.000
1	  2.520	  6.038	  1.005	  1.490	  0.000
2	  2.520	  8.038	  1.005	  1.490	  0.000
3	  2.520	 10.038	  1.005	  1.490	  0.000
4	  2.520	 12.038	  1.005	  1.490	  0.000
5	  2.520	 14.038	  1.005	  1.490	  0.000
6	  2.520	 16.038	  1.005	  1.490	  0.000
7	  2.520	 18.038	  1.005	  1.490	  0.000
8	  2.520	 20.038	  1.005	  1.490	  0.000
9	  2.520	 22.038	  1.005	  1.490	  0.000
10	  2.520	 24.038	  1.005	  1.490	  0.000
11	  2.520	 26.038	  1.005	  1.490	  0.000
12	  2.520	 28.038	  1.005	  1.490	  0.000
13	  2.520	 30.038	  1.005	  1.490	  0.000
14	  2.520	 32.038	  1.005	  1.490	  0.000
15	  2.520	 34.038	  1.005	  1.490	  0.000
16	  2.520	 36.038	  1.005	  1.490	  0.000
17	  2.520	 38.038	  1.005	  1.490	  0.000
18	  2.520	 40.038	  1.005	  1.490	  0.000
19	  2.520	 42.038	  1.005	  1.490	  0.000
20	  2.520	 44.038	  1.005	  1.490	  0.000
21	  2.520	 46.038	  1.005	  1.490	  0.000
22	  2.520	 48.038	  1.005	  1.490	  0.000
23	  2.520	 50.038	  1.005	  1.490	  0.000
24	  2.520	 52.038	  1.005	  1.490	  0.000
25	  2.520	 54.038	  1.005	  1.490	  0.000
26	  2.520	 56.038	  1.005	  1.490	  0.000
27	  2.520	 58.038	  1.005	  1.490	  0.000
28	  2.520	 60.038	  1.005	  1.490	  0.000
29	  2.520	 62.038	  1.005	  1.490	  0.000
30	  2.520	 64.038	  1.005	  1.490	  0.000
31	  2.520	 66.038	  1.005	  1.490	  0.000
32	  2.520	 68.038	  1.005	  1.490	  0.000
33	  2.520	 70.038	  1.005	  1.490	  0.000
34	  2.520	 72.038	  1.005	  1.490	  0.000
35	  2.520	 74.038	  1.005	  1.490	  0.000
36	  2.520	 76.038	  1.005	  1.490	  0.000
37	  2.520	 78.038	  1.005	  1.490	  0.000
38	  2.520	 80.038	  1.005	  1.490	  0.000
39	  2.520	 82.038	  1.005	  1.490	  0.000
40	  2.520	 84.038	  1.005	  1.490	  0.000
41	  2.520	 86.038	  1.005	  1.490	  0.000
42	  2.520	 88.038	  1.005	  1.490	  0.000
43	  2.520	 90.038	  1.005	  1.490	  0.000
44	  2.520	 92.038	  1.005	  1.490	  0.000
45	  2.520	 94.038	  1.005	  1.490	  0.000
46	  2.520	 96.038	  1.005	  1.490	  0.000
47	  2.520	 98.038	  1.005	  1.490	  0.000
48	  2.520	100.038	  1.005	  1.490	  0.000
49	  2.520	102.038	  1.005	  1.490	  0.000
0	  2.640	  4.217	  1.005	  1.492	  0.000
1	  2.640	  6.217	  1.005	  1.492	  0.000
2	  2.640	  8.217	  1.005	  1.492	  0.000
3	  2.640	 10.217	  1.005	  1.492	  0.000
4	  2.640	 12.217	  1.005	  1.492	  0.000
5	  2.640	 14.217	  1.005	  1.492	  0.000
6	  2.640	 16.217	  1.005	  1.492	  0.000
7	  2.640	 18.217	  1.005	  1.492	  0.000
8	  2.640	 20.217	  1.005	  1.492	  0.000
9	  2.640	 22.217	  1.005	  1.492	  0.000
10	  2.640	 24.217	  1.005	  1.492	  0.000
11	  2.640	 26.217	  1.005	  1.492	  0.000
12	  2.640	 28.217	  1.005	  1.492	  0.000
13	  2.640	 30.217	  1.005	  1.492	  0.000
14	  2.640	 32.217	  1.005	  1.492	  0.000
15	  2.640	 34.217	  1.005	  1.492	  0.000
16	  2.640	 36.217	  1.005	  1.492	  0.000
17	  2.640	 38.217	  1.005	  1.492	  0.000
18	  2.640	 40.217	  1.005	  1.492	  0.000
19	  2.640	 42.217	  1.005	  1.492	  0.000
20	  2.640	 44.217	  1.005	  1.492	  0.000
21	  2.640	 46.217	  1.005	  1.492	  0.000
22	  2.640	 48.217	  1.005	  1.492	  0.000
23	  2.640	 50.217	  1.005	  1.492	  0.000
24	  2.640	 52.217	  1.005	  1.492	  0.000
25	  2.640	 54.217	  1.005	  1.492	  0.000
26	  2.640	 56.217	  1.005	  1.492	  0.000
27	  2.640	 58.217	  1.005	  1.492	  0.000
28	  2.640	 60.217	  1.005	  1.492	  0.000
29	  2.640	 62.217	  1.005	  1.492	  0.000
30	  2.640	 64.217	  1.005	  1.492	  0.000
31	  2.640	 66.217	  1.005	  1.492	  0.000
32	  2.640	 68.217	  1.005	  1.492	  0.000
33	  2.640	 70.217	  1.005	  1.492	  0.000
34	  2.640	 72.217	  1.005	  1.492	  0.000
35	  2.640	 74.217	  1.005	  1.492	  0.000
36	  2.640	 76.217	  1.005	  1.492	  0.000
37	  2.640	 78.217	  1.005	  1.492	  0.000
38	  2.640	 80.217	  1.005	  1.492	  0.000
39	  2.640	 82.217	  1.005	  1.492	  0.000
40	  2.640	 84.217	  1.005	  1.492	  0.000
41	  2.640	 86.217	  1.005	  1.492	  0.000
42	  2.640	 88.217	  1.005	  1.492	  0.000
43	  2.640	 90.217	  1.005	  1.492	  0.000
44	  2.640	 92.217	  1.005	  1.492	  0.000
45	  2.640	 94.217	  1.005	  1.492	  0.000
46	  2.640	 96.217	  1.005	  1.492	  0.000
47	  2.640	 98.217	  1.005	  1.492	  0.000
48	  2.640	100.217	  1.005	  1.492	  0.000
49	  2.640	102.217	  1.005	  1.492	  0.000
0	  2.760	  4.397	  1.005	  1.494	  0.000
1	  2.760	  6.397	  1.005	  1.494	  0.000
2	  2.760	  8.397	  1.005	  1.494	  0.000
3	  2.760	 10.397	  1.005	  1.494	  0.000
4	  2.760	 12.397	  1.005	  1.494	  0.000
5	  2.760	 14.397	  1.005	  1.494	  0.000
6	  2.760	 16.397	  1.005	  1.494	  0.000
7	  2.760	 18.397	  1.005	  1.494	  0.000
8	  2.760	 20.397	  1.005	  1.494	  0.000
9	  2.760	 22.397	  1.005	  1.494	  0.000
10	  2.760	 24.397	  1.005	  1.494	  0.000
11	  2.760	 26.397	  1.005	  1.494	  0.000
12	  2.760	 28.397	  1.005	  1.494	  0.000
13	  2.760	 30.397	  1.005	  1.494	  0.000
14	  2.760	 32.397	  1.005	  1.494	  0.000
15	  2.760	 34.397	  1.005	  1.494	  0.000
16	  2.760	 36.397	  1.005	  1.494	  0.000
17	  2.760	 38.397	  1.005	  1.494	  0.000
18	  2.760	 40.397	  1.005	  1.494	  0.000
19	  2.760	 42.397	  1.005	  1.494	  0.000
20	  2.760	 44.397	  1.005	  1.494	  0.000
21	  2.760	 46.397	  1.005	  1.494	  0.000
22	  2.760	 48.397	  1.005	  1.494	  0.000
23	  2.760	 50.397	  1.005	  1.494	  0.000
24	  2.760	 52.397	  1.005	  1.494	  0.000
25	  2.760	 54.397	  1.005	  1.494	  0.000
26	  2.760	 56.397	  1.005	  1.494	  0.000
27	  2.760	 58.397	  1.005	  1.494	  0.000
28	  2.760	 60.397	  1.005	  1.494	  0.000
29	  2.760	 62.397	  1.005	  1.494	  0.000
30	  2.760	 64.397	  1.005	  1.494	  0.000
31	  2.760	 66.397	  1.005	  1.494	  0.000
32	  2.760	 68.397	  1.005	  1.494	  0.000
33	  2.760	 70.397	  1.005	  1.494	  0.000
34	  2.760	 72.397	  1.005	  1.494	  0.000
35	  2.760	 74.397	  1.005	  1.494	  0.000
36	  2.760	 76.397	  1.005	  1.494	  0.000
37	  2.760	 78.397	  1.005	  1.494	  0.000
38	  2.760	 80.397	  1.005	  1.494	  0.000
39	  2.760	 82.397	  1.005	  1.494	  0.000
40	  2.760	 84.397	  1.005	  1.494	  0.000
41	  2.760	 86.397	  1.005	  1.494	  0.000
42	  2.760	 88.397	  1.005	  1.494	  0.000
43	  2.760	 90.397	  1.005	  1.494	  0.000
44	  2.760	 92.397	  1.005	  1.494	  0.000
45	  2.760	 94.397	  1.005	  1.494	  0.000
46	  2.760	 96.397	  1.005	  1.494	  0.000
47	  2.760	 98.397	  1.005	  1.494	  0.000
48	  2.760	100.397	  1.005	  1.494	  0.000
49	  2.760	102.397	  1.005	  1.494	  0.000
0	  2.880	  4.576	  1.005	  1.495	  0.000
1	  2.880	  6.576	  1.005	  1.495	  0.000
2	  2.880	  8.576	  1.005	  1.495	  0.000
3	  2.880	 10.576	  1.005	  1.495	  0.000
4	  2.880	 12.576	  1.005	  1.495	  0.000
5	  2.880	 14.576	  1.005	  1.495	  0.000
6	  2.880	 16.576	  1.005	  1.495	  0.000
7	  2.880	 18.576	  1.005	  1.495	  0.000
8	  2.880	 20.576	  1.005	  1.495	  0.000
9	  2.880	 22.576	  1.005	  1.495	  0.000
10	  2.880	 24.576	  1.005	  1.495	  0.000
11	  2.880	 26.576	  1.005	  1.495	  0.000
12	  2.880	 28.576	  1.005	  1.495	  0.000
13	  2.880	 30.576	  1.005	  1.495	  0.000
14	  2.880	 32.576	  1.005	  1.495	  0.000
15	  2.880	 34.576	  1.005	  1.495	  0.000
16	  2.880	 36.576	  1.005	  1.495	  0.000
17	  2.880	 38.576	  1.005	  1.495	  0.000
18	  2.880	 40.576	  1.005	  1.495	  0.000
19	  2.880	 42.576	  1.005	  1.495	  0.000
20	  2.880	 44.576	  1.005	  1.495	  0.000
21	  2.880	 46.576	  1.005	  1.495	  0.000
22	  2.880	 48.576	  1.005	  1.495	  0.000
23	  2.880	 50.576	  1.005	  1.495	  0.000
24	  2.880	 52.576	  1.005	  1.495	  0.000
25	  2.880	 54.576	  1.005	  1.495	  0.000
26	  2.880	 56.576	  1.005	  1.495	  0.000
27	  2.880	 58.576	  1.005	  1.495	  0.000
28	  2.880	 60.576	  1.005	  1.495	  0.000
29	  2.880	 62.576	  1.005	  1.495	  0.000
30	  2.880	 64.576	  1.005	  1.495	  0.000
31	  2.880	 66.576	  1.005	  1.495	  0.000
32	  2.880	 68.576	  1.005	  1.495	  0.000
33	  2.880	 70.576	  1.005	  1.495	  0.000
34	  2.880	 72.576	  1.005	  1.495	  0.000
35	  2.880	 74.576	  1.005	  1.495	  0.000
36	  2.880	 76.576	  1.005	  1.495	  0.000
37	  2.880	 78.576	  1.005	  1.495	  0.000
38	  2.880	 80.576	  1.005	  1.495	  0.000
39	  2.880	 82.576	  1.005	  1.495	  0.000
40	  2.880	 84.576	  1.005	  1.495	  0.000
41	  2.880	 86.576	  1.005	  1.495	  0.000
42	  2.880	 88.576	  1.005	  1.495	  0.000
43	  2.880	 90.576	  1.005	  1.495	  0.000
44	  2.880	 92.576	  1.005	  1.495	  0.000
45	  2.880	 94.576	  1.005	  1.495	  0.000
46	  2.880	 96.576	  1.005	  1.495	  0.000
47	  2.880	 98.576	  1.005	  1.495	  0.000
48	  2.880	100.576	  1.005	  1.495	  0.000
49	  2.880	102.576	  1.005	  1.495	  0.000
0	  3.000	  4.755	  1.005	  1.496	  0.000
1	  3.000	  6.755	  1.005	  1.496	  0.000
2	  3.000	  8.755	  1.005	  1.496	  0.000
3	  3.000	 10.755	  1.005	  1.496	  0.000
4	  3.000	 12.755	  1.005	  1.496	  0.000
5	  3.000	 14.755	  1.005	  1.496	  0.000
6	  3.000	 16.755	  1.005	  1.496	  0.000
7	  3.000	 18.755	  1.005	  1.496	  0.000
8	  3.000	 20.755	  1.005	  1.496	  0.000
9	  3.000	 22.755	  1.005	  1.496	  0.000
10	  3.000	 24.755	  1.005	  1.496	  0.000
11	  3.000	 26.755	  1.005	  1.496	  0.000
12	  3.000	 28.755	  1.005	  1.496	  0.000
13	  3.000	 30.755	  1.005	  1.496	  0.000
14	  3.000	 32.755	  1.005	  1.496	  0.000
15	  3.000	 34.755	  1.005	  1.496	  0.000
16	  3.000	 36.755	  1.005	  1.496	  0.000
17	  3.000	 38.755	  1.005	  1.496	  0.000
18	  3.000	 40.755	  1.005	  1.496	  0.000
19	  3.000	 42.755	  1.005	  1.496	  0.000
20	  3.000	 44.755	  1.005	  1.496	  0.000
21	  3.000	 46.755	  1.005	  1.496	  0.000
22	  3.000	 48.755	  1.005	  1.496	  0.000
23	  3.000	 50.755	  1.005	  1.496	  0.000
24	  3.000	 52.755	  1.005	  1.496	  0.000
25	  3.000	 54.755	  1.005	  1.496	  0.000
26	  3.000	 56.755	  1.005	  1.496	  0.000
27	  3.000	 58.755	  1.005	  1.496	  0.000
28	  3.000	 60.755	  1.005	  1.496	  0.000
29	  3.000	 62.755	  1.005	  1.496	  0.000
30	  3.000	 64.755	  1.005	  1.496	  0.000
31	  3.000	 66.755	  1.005	  1.496	  0.000
32	  3.000	 68.755	  1.005	  1.496	  0.000
33	  3.000	 70.755	  1.005	  1.496	  0.000
34	  3.000	 72.755	  1.005	  1.496	  0.000
35	  3.000	 74.755	  1.005	  1.496	  0.000
36	  3.000	 76.755	  1.005	  1.496	  0.000
37	  3.000	 78.755	  1.005	  1.496	  0.000
38	  3.000	 80.755	  1.005	  1.496	  0.000
39	  3.000	 82.755	  1.005	  1.496	  0.000
40	  3.000	 84.755	  1.005	  1.496	  0.000
41	  3.000	 86.755	  1.005	  1.496	  0.000
42	  3.000	 88.755	  1.005	  1.496	  0.000
43	  3.000	 90.755	  1.005	  1.496	  0.000
44	  3.000	 92.755	  1.005	  1.496	  0.000
45	  3.000	 94.755	  1.005	  1.496	  0.000
46	  3.000	 96.755	  1.005	  1.496	  0.000
47	  3.000	 98.755	  1.005	  1.496	  0.000
48	  3.000	100.755	  1.005	  1.496	  0.000
49	  3.000	102.755	  1.005	  1.496	  0.000
