# id	 time	 x	 y	 vx	 vy
0	  0.000	  0.794	  1.000	  0.010	  0.010
1	  0.000	  2.381	  1.000	  0.010	  0.010
2	  0.000	  3.968	  1.000	  0.010	  0.010
3	  0.000	  5.556	  1.000	  0.010	  0.010
4	  0.000	  7.143	  1.000	  0.010	  0.010
5	  0.000	  8.730	  1.000	  0.010	  0.010
6	  0.000	 10.317	  1.000	  0.010	  0.010
7	  0.000	 11.905	  1.000	  0.010	  0.010
8	  0.000	 13.492	  1.000	  0.010	  0.010
9	  0.000	 15.079	  1.000	  0.010	  0.010
10	  0.000	 16.667	  1.000	  0.010	  0.010
11	  0.000	 18.254	  1.000	  0.010	  0.010
12	  0.000	 19.841	  1.000	  0.010	  0.010
13	  0.000	 21.429	  1.000	  0.010	  0.010
14	  0.000	 23.016	  1.000	  0.010	  0.010
15	  0.000	 24.603	  1.000	  0.010	  0.010
16	  0.000	 26.190	  1.000	  0.010	  0.010
17	  0.000	 27.778	  1.000	  0.010	  0.010
18	  0.000	 29.365	  1.000	  0.010	  0.010
19	  0.000	 30.952	  1.000	  0.010	  0.010
20	  0.000	 32.540	  1.000	  0.010	  0.010
21	  0.000	 34.127	  1.000	  0.010	  0.010
22	  0.000	 35.714	  1.000	  0.010	  0.010
23	  0.000	 37.302	  1.000	  0.010	  0.010
24	  0.000	 38.889	  1.000	  0.010	  0.010
25	  0.000	 40.476	  1.000	  0.010	  0.010
26	  0.000	 42.063	  1.000	  0.010	  0.010
27	  0.000	 43.651	  1.000	  0.010	  0.010
28	  0.000	 45.238	  1.000	  0.010	  0.010
29	  0.000	 46.825	  1.000	  0.010	  0.010
30	  0.000	 48.413	  1.000	  0.010	  0.010
31	  0.000	 50.000	  1.000	  0.010	  0.010
32	  0.000	 51.587	  1.000	  0.010	  0.010
33	  0.000	 53.175	  1.000	  0.010	  0.010
34	  0.000	 54.762	  1.000	  0.010	  0.010
35	  0.000	 56.349	  1.000	  0.010	  0.010
36	  0.000	 57.937	  1.000	  0.010	  0.010
37	  0.000	 59.524	  1.000	  0.010	  0.010
38	  0.000	 61.111	  1.000	  0.010	  0.010
39	  0.000	 62.698	  1.000	  0.010	  0.010
40	  0.000	 64.286	  1.000	  0.010	  0.010
41	  0.000	 65.873	  1.000	  0.010	  0.010
42	  0.000	 67.460	  1.000	  0.010	  0.010
43	  0.000	 69.048	  1.000	  0.010	  0.010
44	  0.000	 70.635	  1.000	  0.010	  0.010
45	  0.000	 72.222	  1.000	  0.010	  0.010
46	  0.000	 73.810	  1.000	  0.010	  0.010
47	  0.000	 75.397	  1.000	  0.010	  0.010
48	  0.000	 76.984	  1.000	  0.010	  0.010
49	  0.000	 78.571	  1.000	  0.010	  0.010
50	  0.000	 80.159	  1.000	  0.010	  0.010
51	  0.000	 81.746	  1.000	  0.010	  0.010
52	  0.000	 83.333	  1.000	  0.010	  0.010
53	  0.000	 84.921	  1.000	  0.010	  0.010
54	  0.000	 86.508	  1.000	  0.010	  0.010
55	  0.000	 88.095	  1.000	  0.010	  0.010
56	  0.000	 89.683	  1.000	  0.010	  0.010
57	  0.000	 91.270	  1.000	  0.010	  0.010
58	  0.000	 92.857	  1.000	  0.010	  0.010
59	  0.000	 94.444	  1.000	  0.010	  0.010
60	  0.000	 96.032	  1.000	  0.010	  0.010
61	  0.000	 97.619	  1.000	  0.010	  0.010
62	  0.000	 99.206	  1.000	  0.010	  0.010
0	  0.120	  0.812	  1.001	  0.310	  0.008
1	  0.120	  2.399	  1.001	  0.310	  0.008
2	  0.120	  3.987	  1.001	  0.310	  0.008
3	  0.120	  5.574	  1.001	  0.310	  0.008
4	  0.120	  7.161	  1.001	  0.310	  0.008
5	  0.120	  8.749	  1.001	  0.310	  0.008
6	  0.120	 10.336	  1.001	  0.310	  0.008
7	  0.120	 11.923	  1.001	  0.310	  0.008
8	  0.120	 13.510	  1.001	  0.310	  0.008
9	  0.120	 15.098	  1.001	  0.310	  0.008
10	  0.120	 16.685	  1.001	  0.310	  0.008
11	  0.120	 18.272	  1.001	  0.310	  0.008
12	  0.120	 19.860	  1.001	  0.310	  0.008
13	  0.120	 21.447	  1.001	  0.310	  0.008
14	  0.120	 23.034	  1.001	  0.310	  0.008
15	  0.120	 24.622	  1.001	  0.310	  0.008
16	  0.120	 26.209	  1.001	  0.310	  0.008
17	  0.120	 27.796	  1.001	  0.310	  0.008
18	  0.120	 29.383	  1.001	  0.310	  0.008
19	  0.120	 30.971	  1.001	  0.310	  0.008
20	  0.120	 32.558	  1.001	  0.310	  0.008
21	  0.120	 34.145	  1.001	  0.310	  0.008
22	  0.120	 35.733	  1.001	  0.310	  0.008
23	  0.120	 37.320	  1.001	  0.310	  0.008
24	  0.120	 38.907	  1.001	  0.310	  0.008
25	  0.120	 40.495	  1.001	  0.310	  0.008
26	  0.120	 42.082	  1.001	  0.310	  0.008
27	  0.120	 43.669	  1.001	  0.310	  0.008
28	  0.120	 45.256	  1.001	  0.310	  0.008
29	  0.120	 46.844	  1.001	  0.310	  0.008
30	  0.120	 48.431	  1.001	  0.310	  0.008
31	  0.120	 50.018	  1.001	  0.310	  0.008
32	  0.120	 51.606	  1.001	  0.310	  0.008
33	  0.120	 53.193	  1.001	  0.310	  0.008
34	  0.120	 54.780	  1.001	  0.310	  0.008
35	  0.120	 56.368	  1.001	  0.310	  0.008
36	  0.120	 57.955	  1.001	  0.310	  0.008
37	  0.120	 59.542	  1.001	  0.310	  0.008
38	  0.120	 61.130	  1.001	  0.310	  0.008
39	  0.120	 62.717	  1.001	  0.310	  0.008
40	  0.120	 64.304	  1.001	  0.310	  0.008
41	  0.120	 65.891	  1.001	  0.310	  0.008
42	  0.120	 67.479	  1.001	  0.310	  0.008
43	  0.120	 69.066	  1.001	  0.310	  0.008
44	  0.120	 70.653	  1.001	  0.310	  0.008
45	  0.120	 72.241	  1.001	  0.310	  0.008
46	  0.120	 73.828	  1.001	  0.310	  0.008
47	  0.120	 75.415	  1.001	  0.310	  0.008
48	  0.120	 77.003	  1.001	  0.310	  0.008
49	  0.120	 78.590	  1.001	  0.310	  0.008
50	  0.120	 80.177	  1.001	  0.310	  0.008
51	  0.120	 81.764	  1.001	  0.310	  0.008
52	  0.120	 83.352	  1.001	  0.310	  0.008
53	  0.120	 84.939	  1.001	  0.310	  0.008
54	  0.120	 86.526	  1.001	  0.310	  0.008
55	  0.120	 88.114	  1.001	  0.310	  0.008
56	  0.120	 89.701	  1.001	  0.310	  0.008
57	  0.120	 91.288	  1.001	  0.310	  0.008
58	  0.120	 92.876	  1.001	  0.310	  0.008
59	  0.120	 94.463	  1.001	  0.310	  0.008
60	  0.120	 96.050	  1.001	  0.310	  0.008
61	  0.120	 97.637	  1.001	  0.310	  0.008
62	  0.120	 99.225	  1.001	  0.310	  0.008
0	  0.240	  0.863	  1.002	  0.545	  0.006
1	  0.240	  2.450	  1.002	  0.545	  0.006
2	  0.240	  4.037	  1.002	  0.545	  0.006
3	  0.240	  5.625	  1.002	  0.545	  0.006
4	  0.240	  7.212	  1.002	  0.545	  0.006
5	  0.240	  8.799	  1.002	  0.545	  0.006
6	  0.240	 10.386	  1.002	  0.545	  0.006
7	  0.240	 11.974	  1.002	  0.545	  0.006
8	  0.240	 13.561	  1.002	  0.545	  0.006
9	  0.240	 15.148	  1.002	  0.545	  0.006
10	  0.240	 16.736	  1.002	  0.545	  0.006
11	  0.240	 18.323	  1.002	  0.545	  0.006
12	  0.240	 19.910	  1.002	  0.545	  0.006
13	  0.240	 21.498	  1.002	  0.545	  0.006
14	  0.240	 23.085	  1.002	  0.545	  0.006
15	  0.240	 24.672	  1.002	  0.545	  0.006
16	  0.240	 26.260	  1.002	  0.545	  0.006
17	  0.240	 27.847	  1.002	  0.545	  0.006
18	  0.240	 29.434	  1.002	  0.545	  0.006
19	  0.240	 31.021	  1.002	  0.545	  0.006
20	  0.240	 32.609	  1.002	  0.545	  0.006
21	  0.240	 34.196	  1.002	  0.545	  0.006
22	  0.240	 35.783	  1.002	  0.545	  0.006
23	  0.240	 37.371	  1.002	  0.545	  0.006
24	  0.240	 38.958	  1.002	  0.545	  0.006
25	  0.240	 40.545	  1.002	  0.545	  0.006
26	  0.240	 42.133	  1.002	  0.545	  0.006
27	  0.240	 43.720	  1.002	  0.545	  0.006
28	  0.240	 45.307	  1.002	  0.545	  0.006
29	  0.240	 46.894	  1.002	  0.545	  0.006
30	  0.240	 48.482	  1.002	  0.545	  0.006
31	  0.240	 50.069	  1.002	  0.545	  0.006
32	  0.240	 51.656	  1.002	  0.545	  0.006
33	  0.240	 53.244	  1.002	  0.545	  0.006
34	  0.240	 54.831	  1.002	  0.545	  0.006
35	  0.240	 56.418	  1.002	  0.545	  0.006
36	  0.240	 58.006	  1.002	  0.545	  0.006
37	  0.240	 59.593	  1.002	  0.545	  0.006
38	  0.240	 61.180	  1.002	  0.545	  0.006
39	  0.240	 62.767	  1.002	  0.545	  0.006
40	  0.240	 64.355	  1.002	  0.545	  0.006
41	  0.240	 65.942	  1.002	  0.545	  0.006
42	  0.240	 67.529	  1.002	  0.545	  0.006
43	  0.240	 69.117	  1.002	  0.545	  0.006
44	  0.240	 70.704	  1.002	  0.545	  0.006
45	  0.240	 72.291	  1.002	  0.545	  0.006
46	  0.240	 73.879	  1.002	  0.545	  0.006
47	  0.240	 75.466	  1.002	  0.545	  0.006
48	  0.240	 77.053	  1.002	  0.545	  0.006
49	  0.240	 78.640	  1.002	  0.545	  0.006
50	  0.240	 80.228	  1.002	  0.545	  0.006
51	  0.240	 81.815	  1.002	  0.545	  0.006
52	  0.240	 83.402	  1.002	  0.545	  0.006
53	  0.240	 84.990	  1.002	  0.545	  0.006
54	  0.240	 86.577	  1.002	  0.545	  0.006
55	  0.240	 88.164	  1.002	  0.545	  0.006
56	  0.240	 89.752	  1.002	  0.545	  0.006
57	  0.240	 91.339	  1.002	  0.545	  0.006
58	  0.240	 92.926	  1.002	  0.545	  0.006
59	  0.240	 94.513	  1.002	  0.545	  0.006
60	  0.240	 96.101	  1.002	  0.545	  0.006
61	  0.240	 97.688	  1.002	  0.545	  0.006
62	  0.240	 99.275	  1.002	  0.545	  0.006
0	  0.360	  0.939	  1.003	  0.729	  0.005
1	  0.360	  2.526	  1.003	  0.729	  0.005
2	  0.360	  4.113	  1.003	  0.729	  0.005
3	  0.360	  5.701	  1.003	  0.729	  0.005
4	  0.360	  7.288	  1.003	  0.729	  0.005
5	  0.360	  8.875	  1.003	  0.729	  0.005
6	  0.360	 10.462	  1.003	  0.729	  0.005
7	  0.360	 12.050	  1.003	  0.729	  0.005
8	  0.360	 13.637	  1.003	  0.729	  0.005
9	  0.360	 15.224	  1.003	  0.729	  0.005
10	  0.360	 16.812	  1.003	  0.729	  0.005
11	  0.360	 18.399	  1.003	  0.729	  0.005
12	  0.360	 19.986	  1.003	  0.729	  0.005
13	  0.360	 21.574	  1.003	  0.729	  0.005
14	  0.360	 23.161	  1.003	  0.729	  0.005
15	  0.360	 24.748	  1.003	  0.729	  0.005
16	  0.360	 26.335	  1.003	  0.729	  0.005
17	  0.360	 27.923	  1.003	  0.729	  0.005
18	  0.360	 29.510	  1.003	  0.729	  0.005
19	  0.360	 31.097	  1.003	  0.729	  0.005
20	  0.360	 32.685	  1.003	  0.729	  0.005
21	  0.360	 34.272	  1.003	  0.729	  0.005
22	  0.360	 35.859	  1.003	  0.729	  0.005
23	  0.360	 37.447	  1.003	  0.729	  0.005
24	  0.360	 39.034	  1.003	  0.729	  0.005
25	  0.360	 40.621	  1.003	  0.729	  0.005
26	  0.360	 42.208	  1.003	  0.729	  0.005
27	  0.360	 43.796	  1.003	  0.729	  0.005
28	  0.360	 45.383	  1.003	  0.729	  0.005
29	  0.360	 46.970	  1.003	  0.729	  0.005
30	  0.360	 48.558	  1.003	  0.729	  0.005
31	  0.360	 50.145	  1.003	  0.729	  0.005
32	  0.360	 51.732	  1.003	  0.729	  0.005
33	  0.360	 53.320	  1.003	  0.729	  0.005
34	  0.360	 54.907	  1.003	  0.729	  0.005
35	  0.360	 56.494	  1.003	  0.729	  0.005
36	  0.360	 58.081	  1.003	  0.729	  0.005
37	  0.360	 59.669	  1.003	  0.729	  0.005
38	  0.360	 61.256	  1.003	  0.729	  0.005
39	  0.360	 62.843	  1.003	  0.729	  0.005
40	  0.360	 64.431	  1.003	  0.729	  0.005
41	  0.360	 66.018	  1.003	  0.729	  0.005
42	  0.360	 67.605	  1.003	  0.729	  0.005
43	  0.360	 69.193	  1.003	  0.729	  0.005
44	  0.360	 70.780	  1.003	  0.729	  0.005
45	  0.360	 72.367	  1.003	  0.729	  0.005
46	  0.360	 73.954	  1.003	  0.729	  0.005
47	  0.360	 75.542	  1.003	  0.729	  0.005
48	  0.360	 77.129	  1.003	  0.729	  0.005
49	  0.360	 78.716	  1.003	  0.729	  0.005
50	  0.360	 80.304	  1.003	  0.729	  0.005
51	  0.360	 81.891	  1.003	  0.729	  0.005
52	  0.360	 83.478	  1.003	  0.729	  0.005
53	  0.360	 85.066	  1.003	  0.729	  0.005
54	  0.360	 86.653	  1.003	  0.729	  0.005
55	  0.360	 88.240	  1.003	  0.729	  0.005
56	  0.360	 89.828	  1.003	  0.729	  0.005
57	  0.360	 91.415	  1.003	  0.729	  0.005
58	  0.360	 93.002	  1.003	  0.729	  0.005
59	  0.360	 94.589	  1.003	  0.729	  0.005
60	  0.360	 96.177	  1.003	  0.729	  0.005
61	  0.360	 97.764	  1.003	  0.729	  0.005
62	  0.360	 99.351	  1.003	  0.729	  0.005
0	  0.480	  1.034	  1.003	  0.874	  0.004
1	  0.480	  2.622	  1.003	  0.874	  0.004
2	  0.480	  4.209	  1.003	  0.874	  0.004
3	  0.480	  5.796	  1.003	  0.874	  0.004
4	  0.480	  7.384	  1.003	  0.874	  0.004
5	  0.480	  8.971	  1.003	  0.874	  0.004
6	  0.480	 10.558	  1.003	  0.874	  0.004
7	  0.480	 12.146	  1.003	  0.874	  0.004
8	  0.480	 13.733	  1.003	  0.874	  0.004
9	  0.480	 15.320	  1.003	  0.874	  0.004
10	  0.480	 16.907	  1.003	  0.874	  0.004
11	  0.480	 18.495	  1.003	  0.874	  0.004
12	  0.480	 20.082	  1.003	  0.874	  0.004
13	  0.480	 21.669	  1.003	  0.874	  0.004
14	  0.480	 23.257	  1.003	  0.874	  0.004
15	  0.480	 24.844	  1.003	  0.874	  0.004
16	  0.480	 26.431	  1.003	  0.874	  0.004
17	  0.480	 28.019	  1.003	  0.874	  0.004
18	  0.480	 29.606	  1.003	  0.874	  0.004
19	  0.480	 31.193	  1.003	  0.874	  0.004
20	  0.480	 32.780	  1.003	  0.874	  0.004
21	  0.480	 34.368	  1.003	  0.874	  0.004
22	  0.480	 35.955	  1.003	  0.874	  0.004
23	  0.480	 37.542	  1.003	  0.874	  0.004
24	  0.480	 39.130	  1.003	  0.874	  0.004
25	  0.480	 40.717	  1.003	  0.874	  0.004
26	  0.480	 42.304	  1.003	  0.874	  0.004
27	  0.480	 43.892	  1.003	  0.874	  0.004
28	  0.480	 45.479	  1.003	  0.874	  0.004
29	  0.480	 47.066	  1.003	  0.874	  0.004
30	  0.480	 48.653	  1.003	  0.874	  0.004
31	  0.480	 50.241	  1.003	  0.874	  0.004
32	  0.480	 51.828	  1.003	  0.874	  0.004
33	  0.480	 53.415	  1.003	  0.874	  0.004
34	  0.480	 55.003	  1.003	  0.874	  0.004
35	  0.480	 56.590	  1.003	  0.874	  0.004
36	  0.480	 58.177	  1.003	  0.874	  0.004
37	  0.480	 59.765	  1.003	  0.874	  0.004
38	  0.480	 61.352	  1.003	  0.874	  0.004
39	  0.480	 62.939	  1.003	  0.874	  0.004
40	  0.480	 64.526	  1.003	  0.874	  0.004
41	  0.480	 66.114	  1.003	  0.874	  0.004
42	  0.480	 67.701	  1.003	  0.874	  0.004
43	  0.480	 69.288	  1.003	  0.874	  0.004
44	  0.480	 70.876	  1.003	  0.874	  0.004
45	  0.480	 72.463	  1.003	  0.874	  0.004
46	  0.480	 74.050	  1.003	  0.874	  0.004
47	  0.480	 75.638	  1.003	  0.874	  0.004
48	  0.480	 77.225	  1.003	  0.874	  0.004
49	  0.480	 78.812	  1.003	  0.874	  0.004
50	  0.480	 80.399	  1.003	  0.874	  0.004
51	  0.480	 81.987	  1.003	  0.874	  0.004
52	  0.480	 83.574	  1.003	  0.874	  0.004
53	  0.480	 85.161	  1.003	  0.874	  0.004
54	  0.480	 86.749	  1.003	  0.874	  0.004
55	  0.480	 88.336	  1.003	  0.874	  0.004
56	  0.480	 89.923	  1.003	  0.874	  0.004
57	  0.480	 91.511	  1.003	  0.874	  0.004
58	  0.480	 93.098	  1.003	  0.874	  0.004
59	  0.480	 94.685	  1.003	  0.874	  0.004
60	  0.480	 96.272	  1.003	  0.874	  0.004
61	  0.480	 97.860	  1.003	  0.874	  0.004
62	  0.480	 99.447	  1.003	  0.874	  0.004
0	  0.600	  1.146	  1.004	  0.987	  0.003
1	  0.600	  2.733	  1.004	  0.987	  0.003
2	  0.600	  4.320	  1.004	  0.987	  0.003
3	  0.600	  5.908	  1.004	  0.987	  0.003
4	  0.600	  7.495	  1.004	  0.987	  0.003
5	  0.600	  9.082	  1.004	  0.987	  0.003
6	  0.600	 10.670	  1.004	  0.987	  0.003
7	  0.600	 12.257	  1.004	  0.987	  0.003
8	  0.600	 13.844	  1.004	  0.987	  0.003
9	  0.600	 15.431	  1.004	  0.987	  0.003
10	  0.600	 17.019	  1.004	  0.987	  0.003
11	  0.600	 18.606	  1.004	  0.987	  0.003
12	  0.600	 20.193	  1.004	  0.987	  0.003
13	  0.600	 21.781	  1.004	  0.987	  0.003
14	  0.600	 23.368	  1.004	  0.987	  0.003
15	  0.600	 24.955	  1.004	  0.987	  0.003
16	  0.600	 26.543	  1.004	  0.987	  0.003
17	  0.600	 28.130	  1.004	  0.987	  0.003
18	  0.600	 29.717	  1.004	  0.987	  0.003
19	  0.600	 31.305	  1.004	  0.987	  0.003
20	  0.600	 32.892	  1.004	  0.987	  0.003
21	  0.600	 34.479	  1.004	  0.987	  0.003
22	  0.600	 36.066	  1.004	  0.987	  0.003
23	  0.600	 37.654	  1.004	  0.987	  0.003
24	  0.600	 39.241	  1.004	  0.987	  0.003
25	  0.600	 40.828	  1.004	  0.987	  0.003
26	  0.600	 42.416	  1.004	  0.987	  0.003
27	  0.600	 44.003	  1.004	  0.987	  0.003
28	  0.600	 45.590	  1.004	  0.987	  0.003
29	  0.600	 47.178	  1.004	  0.987	  0.003
30	  0.600	 48.765	  1.004	  0.987	  0.003
31	  0.600	 50.352	  1.004	  0.987	  0.003
32	  0.600	 51.939	  1.004	  0.987	  0.003
33	  0.600	 53.527	  1.004	  0.987	  0.003
34	  0.600	 55.114	  1.004	  0.987	  0.003
35	  0.600	 56.701	  1.004	  0.987	  0.003
36	  0.600	 58.289	  1.004	  0.987	  0.003
37	  0.600	 59.876	  1.004	  0.987	  0.003
38	  0.600	 61.463	  1.004	  0.987	  0.003
39	  0.600	 63.051	  1.004	  0.987	  0.003
40	  0.600	 64.638	  1.004	  0.987	  0.003
41	  0.600	 66.225	  1.004	  0.987	  0.003
42	  0.600	 67.812	  1.004	  0.987	  0.003
43	  0.600	 69.400	  1.004	  0.987	  0.003
44	  0.600	 70.987	  1.004	  0.987	  0.003
45	  0.600	 72.574	  1.004	  0.987	  0.003
46	  0.600	 74.162	  1.004	  0.987	  0.003
47	  0.600	 75.749	  1.004	  0.987	  0.003
48	  0.600	 77.336	  1.004	  0.987	  0.003
49	  0.600	 78.924	  1.004	  0.987	  0.003
50	  0.600	 80.511	  1.004	  0.987	  0.003
51	  0.600	 82.098	  1.004	  0.987	  0.003
52	  0.600	 83.685	  1.004	  0.987	  0.003
53	  0.600	 85.273	  1.004	  0.987	  0.003
54	  0.600	 86.860	  1.004	  0.987	  0.003
55	  0.600	 88.447	  1.004	  0.987	  0.003
56	  0.600	 90.035	  1.004	  0.987	  0.003
57	  0.600	 91.622	  1.004	  0.987	  0.003
58	  0.600	 93.209	  1.004	  0.987	  0.003
59	  0.600	 94.797	  1.004	  0.987	  0.003
60	  0.600	 96.384	  1.004	  0.987	  0.003
61	  0.600	 97.971	  1.004	  0.987	  0.003
62	  0.600	 99.558	  1.004	  0.987	  0.003
0	  0.720	  1.269	  1.004	  1.076	  0.002
1	  0.720	  2.857	  1.004	  1.076	  0.002
2	  0.720	  4.444	  1.004	  1.076	  0.002
3	  0.720	  6.031	  1.004	  1.076	  0.002
4	  0.720	  7.619	  1.004	  1.076	  0.002
5	  0.720	  9.206	  1.004	  1.076	  0.002
6	  0.720	 10.793	  1.004	  1.076	  0.002
7	  0.720	 12.380	  1.004	  1.076	  0.002
8	  0.720	 13.968	  1.004	  1.076	  0.002
9	  0.720	 15.555	  1.004	  1.076	  0.002
10	  0.720	 17.142	  1.004	  1.076	  0.002
11	  0.720	 18.730	  1.004	  1.076	  0.002
12	  0.720	 20.317	  1.004	  1.076	  0.002
13	  0.720	 21.904	  1.004	  1.076	  0.002
14	  0.720	 23.492	  1.004	  1.076	  0.002
15	  0.720	 25.079	  1.004	  1.076	  0.002
16	  0.720	 26.666	  1.004	  1.076	  0.002
17	  0.720	 28.253	  1.004	  1.076	  0.002
18	  0.720	 29.841	  1.004	  1.076	  0.002
19	  0.720	 31.428	  1.004	  1.076	  0.002
20	  0.720	 33.015	  1.004	  1.076	  0.002
21	  0.720	 34.603	  1.004	  1.076	  0.002
22	  0.720	 36.190	  1.004	  1.076	  0.002
23	  0.720	 37.777	  1.004	  1.076	  0.002
24	  0.720	 39.365	  1.004	  1.076	  0.002
25	  0.720	 40.952	  1.004	  1.076	  0.002
26	  0.720	 42.539	  1.004	  1.076	  0.002
27	  0.720	 44.127	  1.004	  1.076	  0.002
28	  0.720	 45.714	  1.004	  1.076	  0.002
29	  0.720	 47.301	  1.004	  1.076	  0.002
30	  0.720	 48.888	  1.004	  1.076	  0.002
31	  0.720	 50.476	  1.004	  1.076	  0.002
32	  0.720	 52.063	  1.004	  1.076	  0.002
33	  0.720	 53.650	  1.004	  1.076	  0.002
34	  0.720	 55.238	  1.004	  1.076	  0.002
35	  0.720	 56.825	  1.004	  1.076	  0.002
36	  0.720	 58.412	  1.004	  1.076	  0.002
37	  0.720	 60.000	  1.004	  1.076	  0.002
38	  0.720	 61.587	  1.004	  1.076	  0.002
39	  0.720	 63.174	  1.004	  1.076	  0.002
40	  0.720	 64.761	  1.004	  1.076	  0.002
41	  0.720	 66.349	  1.004	  1.076	  0.002
42	  0.720	 67.936	  1.004	  1.076	  0.002
43	  0.720	 69.523	  1.004	  1.076	  0.002
44	  0.720	 71.111	  1.004	  1.076	  0.002
45	  0.720	 72.698	  1.004	  1.076	  0.002
46	  0.720	 74.285	  1.004	  1.076	  0.002
47	  0.720	 75.873	  1.004	  1.076	  0.002
48	  0.720	 77.460	  1.004	  1.076	  0.002
49	  0.720	 79.047	  1.004	  1.076	  0.002
50	  0.720	 80.634	  1.004	  1.076	  0.002
51	  0.720	 82.222	  1.004	  1.076	  0.002
52	  0.720	 83.809	  1.004	  1.076	  0.002
53	  0.720	 85.396	  1.004	  1.076	  0.002
54	  0.720	 86.984	  1.004	  1.076	  0.002
55	  0.720	 88.571	  1.004	  1.076	  0.002
56	  0.720	 90.158	  1.004	  1.076	  0.002
57	  0.720	 91.746	  1.004	  1.076	  0.002
58	  0.720	 93.333	  1.004	  1.076	  0.002
59	  0.720	 94.920	  1.004	  1.076	  0.002
60	  0.720	 96.507	  1.004	  1.076	  0.002
61	  0.720	 98.095	  1.004	  1.076	  0.002
62	  0.720	 99.682	  1.004	  1.076	  0.002
0	  0.840	  1.403	  1.004	  1.146	  0.002
1	  0.840	  2.990	  1.004	  1.146	  0.002
2	  0.840	  4.577	  1.004	  1.146	  0.002
3	  0.840	  6.164	  1.004	  1.146	  0.002
4	  0.840	  7.752	  1.004	  1.146	  0.002
5	  0.840	  9.339	  1.004	  1.146	  0.002
6	  0.840	 10.926	  1.004	  1.146	  0.002
7	  0.840	 12.514	  1.004	  1.146	  0.002
8	  0.840	 14.101	  1.004	  1.146	  0.002
9	  0.840	 15.688	  1.004	  1.146	  0.002
10	  0.840	 17.276	  1.004	  1.146	  0.002
11	  0.840	 18.863	  1.004	  1.146	  0.002
12	  0.840	 20.450	  1.004	  1.146	  0.002
13	  0.840	 22.037	  1.004	  1.146	  0.002
14	  0.840	 23.625	  1.004	  1.146	  0.002
15	  0.840	 25.212	  1.004	  1.146	  0.002
16	  0.840	 26.799	  1.004	  1.146	  0.002
17	  0.840	 28.387	  1.004	  1.146	  0.002
18	  0.840	 29.974	  1.004	  1.146	  0.002
19	  0.840	 31.561	  1.004	  1.146	  0.002
20	  0.840	 33.149	  1.004	  1.146	  0.002
21	  0.840	 34.736	  1.004	  1.146	  0.002
22	  0.840	 36.323	  1.004	  1.146	  0.002
23	  0.840	 37.910	  1.004	  1.146	  0.002
24	  0.840	 39.498	  1.004	  1.146	  0.002
25	  0.840	 41.085	  1.004	  1.146	  0.002
26	  0.840	 42.672	  1.004	  1.146	  0.002
27	  0.840	 44.260	  1.004	  1.146	  0.002
28	  0.840	 45.847	  1.004	  1.146	  0.002
29	  0.840	 47.434	  1.004	  1.146	  0.002
30	  0.840	 49.022	  1.004	  1.146	  0.002
31	  0.840	 50.609	  1.004	  1.146	  0.002
32	  0.840	 52.196	  1.004	  1.146	  0.002
33	  0.840	 53.784	  1.004	  1.146	  0.002
34	  0.840	 55.371	  1.004	  1.146	  0.002
35	  0.840	 56.958	  1.004	  1.146	  0.002
36	  0.840	 58.545	  1.004	  1.146	  0.002
37	  0.840	 60.133	  1.004	  1.146	  0.002
38	  0.840	 61.720	  1.004	  1.146	  0.002
39	  0.840	 63.307	  1.004	  1.146	  0.002
40	  0.840	 64.895	  1.004	  1.146	  0.002
41	  0.840	 66.482	  1.004	  1.146	  0.002
42	  0.840	 68.069	  1.004	  1.146	  0.002
43	  0.840	 69.657	  1.004	  1.146	  0.002
44	  0.840	 71.244	  1.004	  1.146	  0.002
45	  0.840	 72.831	  1.004	  1.146	  0.002
46	  0.840	 74.418	  1.004	  1.146	  0.002
47	  0.840	 76.006	  1.004	  1.146	  0.002
48	  0.840	 77.593	  1.004	  1.146	  0.002
49	  0.840	 79.180	  1.004	  1.146	  0.002
50	  0.840	 80.768	  1.004	  1.146	  0.002
51	  0.840	 82.355	  1.004	  1.146	  0.002
52	  0.840	 83.942	  1.004	  1.146	  0.002
53	  0.840	 85.530	  1.004	  1.146	  0.002
54	  0.840	 87.117	  1.004	  1.146	  0.002
55	  0.840	 88.704	  1.004	  1.146	  0.002
56	  0.840	 90.291	  1.004	  1.146	  0.002
57	  0.840	 91.879	  1.004	  1.146	  0.002
58	  0.840	 93.466	  1.004	  1.146	  0.002
59	  0.840	 95.053	  1.004	  1.146	  0.002
60	  0.840	 96.641	  1.004	  1.146	  0.002
61	  0.840	 98.228	  1.004	  1.146	  0.002
62	  0.840	 99.815	  1.004	  1.146	  0.002
0	  0.960	  1.543	  1.004	  1.201	  0.001
1	  0.960	  3.131	  1.004	  1.201	  0.001
2	  0.960	  4.718	  1.004	  1.201	  0.001
3	  0.960	  6.305	  1.004	  1.201	  0.001
4	  0.960	  7.892	  1.004	  1.201	  0.001
5	  0.960	  9.480	  1.004	  1.201	  0.001
6	  0.960	 11.067	  1.004	  1.201	  0.001
7	  0.960	 12.654	  1.004	  1.201	  0.001
8	  0.960	 14.242	  1.004	  1.201	  0.001
9	  0.960	 15.829	  1.004	  1.201	  0.001
10	  0.960	 17.416	  1.004	  1.201	  0.001
11	  0.960	 19.004	  1.004	  1.201	  0.001
12	  0.960	 20.591	  1.004	  1.201	  0.001
13	  0.960	 22.178	  1.004	  1.201	  0.001
14	  0.960	 23.765	  1.004	  1.201	  0.001
15	  0.960	 25.353	  1.004	  1.201	  0.001
16	  0.960	 26.940	  1.004	  1.201	  0.001
17	  0.960	 28.527	  1.004	  1.201	  0.001
18	  0.960	 30.115	  1.004	  1.201	  0.001
19	  0.960	 31.702	  1.004	  1.201	  0.001
20	  0.960	 33.289	  1.004	  1.201	  0.001
21	  0.960	 34.877	  1.004	  1.201	  0.001
22	  0.960	 36.464	  1.004	  1.201	  0.001
23	  0.960	 38.051	  1.004	  1.201	  0.001
24	  0.960	 39.639	  1.004	  1.201	  0.001
25	  0.960	 41.226	  1.004	  1.201	  0.001
26	  0.960	 42.813	  1.004	  1.201	  0.001
27	  0.960	 44.400	  1.004	  1.201	  0.001
28	  0.960	 45.988	  1.004	  1.201	  0.001
29	  0.960	 47.575	  1.004	  1.201	  0.001
30	  0.960	 49.162	  1.004	  1.201	  0.001
31	  0.960	 50.750	  1.004	  1.201	  0.001
32	  0.960	 52.337	  1.004	  1.201	  0.001
33	  0.960	 53.924	  1.004	  1.201	  0.001
34	  0.960	 55.512	  1.004	  1.201	  0.001
35	  0.960	 57.099	  1.004	  1.201	  0.001
36	  0.960	 58.686	  1.004	  1.201	  0.001
37	  0.960	 60.273	  1.004	  1.201	  0.001
38	  0.960	 61.861	  1.004	  1.201	  0.001
39	  0.960	 63.448	  1.004	  1.201	  0.001
40	  0.960	 65.035	  1.004	  1.201	  0.001
41	  0.960	 66.623	  1.004	  1.201	  0.001
42	  0.960	 68.210	  1.004	  1.201	  0.001
43	  0.960	 69.797	  1.004	  1.201	  0.001
44	  0.960	 71.385	  1.004	  1.201	  0.001
45	  0.960	 72.972	  1.004	  1.201	  0.001
46	  0.960	 74.559	  1.004	  1.201	  0.001
47	  0.960	 76.146	  1.004	  1.201	  0.001
48	  0.960	 77.734	  1.004	  1.201	  0.001
49	  0.960	 79.321	  1.004	  1.201	  0.001
50	  0.960	 80.908	  1.004	  1.201	  0.001
51	  0.960	 82.496	  1.004	  1.201	  0.001
52	  0.960	 84.083	  1.004	  1.201	  0.001
53	  0.960	 85.670	  1.004	  1.201	  0.001
54	  0.960	 87.258	  1.004	  1.201	  0.001
55	  0.960	 88.845	  1.004	  1.201	  0.001
56	  0.960	 90.432	  1.004	  1.201	  0.001
57	  0.960	 92.019	  1.004	  1.201	  0.001
58	  0.960	 93.607	  1.004	  1.201	  0.001
59	  0.960	 95.194	  1.004	  1.201	  0.001
60	  0.960	 96.781	  1.004	  1.201	  0.001
61	  0.960	 98.369	  1.004	  1.201	  0.001
62	  0.960	 99.956	  1.004	  1.201	  0.001
0	  1.080	  1.690	  1.004	  1.244	  0.001
1	  1.080	  3.277	  1.004	  1.244	  0.001
2	  1.080	  4.864	  1.004	  1.244	  0.001
3	  1.080	  6.452	  1.004	  1.244	  0.001
4	  1.080	  8.039	  1.004	  1.244	  0.001
5	  1.080	  9.626	  1.004	  1.244	  0.001
6	  1.080	 11.214	  1.004	  1.244	  0.001
7	  1.080	 12.801	  1.004	  1.244	  0.001
8	  1.080	 14.388	  1.004	  1.244	  0.001
9	  1.080	 15.976	  1.004	  1.244	  0.001
10	  1.080	 17.563	  1.004	  1.244	  0.001
11	  1.080	 19.150	  1.004	  1.244	  0.001
12	  1.080	 20.738	  1.004	  1.244	  0.001
13	  1.080	 22.325	  1.004	  1.244	  0.001
14	  1.080	 23.912	  1.004	  1.244	  0.001
15	  1.080	 25.499	  1.004	  1.244	  0.001
16	  1.080	 27.087	  1.004	  1.244	  0.001
17	  1.080	 28.674	  1.004	  1.244	  0.001
18	  1.080	 30.261	  1.004	  1.244	  0.001
19	  1.080	 31.849	  1.004	  1.244	  0.001
20	  1.080	 33.436	  1.004	  1.244	  0.001
21	  1.080	 35.023	  1.004	  1.244	  0.001
22	  1.080	 36.611	  1.004	  1.244	  0.001
23	  1.080	 38.198	  1.004	  1.244	  0.001
24	  1.080	 39.785	  1.004	  1.244	  0.001
25	  1.080	 41.372	  1.004	  1.244	  0.001
26	  1.080	 42.960	  1.004	  1.244	  0.001
27	  1.080	 44.547	  1.004	  1.244	  0.001
28	  1.080	 46.134	  1.004	  1.244	  0.001
29	  1.080	 47.722	  1.004	  1.244	  0.001
30	  1.080	 49.309	  1.004	  1.244	  0.001
31	  1.080	 50.896	  1.004	  1.244	  0.001
32	  1.080	 52.484	  1.004	  1.244	  0.001
33	  1.080	 54.071	  1.004	  1.244	  0.001
34	  1.080	 55.658	  1.004	  1.244	  0.001
35	  1.080	 57.245	  1.004	  1.244	  0.001
36	  1.080	 58.833	  1.004	  1.244	  0.001
37	  1.080	 60.420	  1.004	  1.244	  0.001
38	  1.080	 62.007	  1.004	  1.244	  0.001
39	  1.080	 63.595	  1.004	  1.244	  0.001
40	  1.080	 65.182	  1.004	  1.244	  0.001
41	  1.080	 66.769	  1.004	  1.244	  0.001
42	  1.080	 68.357	  1.004	  1.244	  0.001
43	  1.080	 69.944	  1.004	  1.244	  0.001
44	  1.080	 71.531	  1.004	  1.244	  0.001
45	  1.080	 73.118	  1.004	  1.244	  0.001
46	  1.080	 74.706	  1.004	  1.244	  0.001
47	  1.080	 76.293	  1.004	  1.244	  0.001
48	  1.080	 77.880	  1.004	  1.244	  0.001
49	  1.080	 79.468	  1.004	  1.244	  0.001
50	  1.080	 81.055	  1.004	  1.244	  0.001
51	  1.080	 82.642	  1.004	  1.244	  0.001
52	  1.080	 84.230	  1.004	  1.244	  0.001
53	  1.080	 85.817	  1.004	  1.244	  0.001
54	  1.080	 87.404	  1.004	  1.244	  0.001
55	  1.080	 88.991	  1.004	  1.244	  0.001
56	  1.080	 90.579	  1.004	  1.244	  0.001
57	  1.080	 92.166	  1.004	  1.244	  0.001
58	  1.080	 93.753	  1.004	  1.244	  0.001
59	  1.080	 95.341	  1.004	  1.244	  0.001
60	  1.080	 96.928	  1.004	  1.244	  0.001
61	  1.080	 98.515	  1.004	  1.244	  0.001
62	  1.080	100.103	  1.004	  1.244	  0.001
0	  1.200	  1.841	  1.005	  1.278	  0.001
1	  1.200	  3.428	  1.005	  1.278	  0.001
2	  1.200	  5.016	  1.005	  1.278	  0.001
3	  1.200	  6.603	  1.005	  1.278	  0.001
4	  1.200	  8.190	  1.005	  1.278	  0.001
5	  1.200	  9.778	  1.005	  1.278	  0.001
6	  1.200	 11.365	  1.005	  1.278	  0.001
7	  1.200	 12.952	  1.005	  1.278	  0.001
8	  1.200	 14.540	  1.005	  1.278	  0.001
9	  1.200	 16.127	  1.005	  1.278	  0.001
10	  1.200	 17.714	  1.005	  1.278	  0.001
11	  1.200	 19.301	  1.005	  1.278	  0.001
12	  1.200	 20.889	  1.005	  1.278	  0.001
13	  1.200	 22.476	  1.005	  1.278	  0.001
14	  1.200	 24.063	  1.005	  1.278	  0.001
15	  1.200	 25.651	  1.005	  1.278	  0.001
16	  1.200	 27.238	  1.005	  1.278	  0.001
17	  1.200	 28.825	  1.005	  1.278	  0.001
18	  1.200	 30.413	  1.005	  1.278	  0.001
19	  1.200	 32.000	  1.005	  1.278	  0.001
20	  1.200	 33.587	  1.005	  1.278	  0.001
21	  1.200	 35.174	  1.005	  1.278	  0.001
22	  1.200	 36.762	  1.005	  1.278	  0.001
23	  1.200	 38.349	  1.005	  1.278	  0.001
24	  1.200	 39.936	  1.005	  1.278	  0.001
25	  1.200	 41.524	  1.005	  1.278	  0.001
26	  1.200	 43.111	  1.005	  1.278	  0.001
27	  1.200	 44.698	  1.005	  1.278	  0.001
28	  1.200	 46.286	  1.005	  1.278	  0.001
29	  1.200	 47.873	  1.005	  1.278	  0.001
30	  1.200	 49.460	  1.005	  1.278	  0.001
31	  1.200	 51.047	  1.005	  1.278	  0.001
32	  1.200	 52.635	  1.005	  1.278	  0.001
33	  1.200	 54.222	  1.005	  1.278	  0.001
34	  1.200	 55.809	  1.005	  1.278	  0.001
35	  1.200	 57.397	  1.005	  1.278	  0.001
36	  1.200	 58.984	  1.005	  1.278	  0.001
37	  1.200	 60.571	  1.005	  1.278	  0.001
38	  1.200	 62.159	  1.005	  1.278	  0.001
39	  1.200	 63.746	  1.005	  1.278	  0.001
40	  1.200	 65.333	  1.005	  1.278	  0.001
41	  1.200	 66.921	  1.005	  1.278	  0.001
42	  1.200	 68.508	  1.005	  1.278	  0.001
43	  1.200	 70.095	  1.005	  1.278	  0.001
44	  1.200	 71.682	  1.005	  1.278	  0.001
45	  1.200	 73.270	  1.005	  1.278	  0.001
46	  1.200	 74.857	  1.005	  1.278	  0.001
47	  1.200	 76.444	  1.005	  1.278	  0.001
48	  1.200	 78.032	  1.005	  1.278	  0.001
49	  1.200	 79.619	  1.005	  1.278	  0.001
50	  1.200	 81.206	  1.005	  1.278	  0.001
51	  1.200	 82.794	  1.005	  1.278	  0.001
52	  1.200	 84.381	  1.005	  1.278	  0.001
53	  1.200	 85.968	  1.005	  1.278	  0.001
54	  1.200	 87.555	  1.005	  1.278	  0.001
55	  1.200	 89.143	  1.005	  1.278	  0.001
56	  1.200	 90.730	  1.005	  1.278	  0.001
57	  1.200	 92.317	  1.005	  1.278	  0.001
58	  1.200	 93.905	  1.005	  1.278	  0.001
59	  1.200	 95.492	  1.005	  1.278	  0.001
60	  1.200	 97.079	  1.005	  1.278	  0.001
61	  1.200	 98.667	  1.005	  1.278	  0.001
62	  1.200	100.254	  1.005	  1.278	  0.001
0	  1.320	  1.996	  1.005	  1.305	  0.001
1	  1.320	  3.583	  1.005	  1.305	  0.001
2	  1.320	  5.171	  1.005	  1.305	  0.001
3	  1.320	  6.758	  1.005	  1.305	  0.001
4	  1.320	  8.345	  1.005	  1.305	  0.001
5	  1.320	  9.933	  1.005	  1.305	  0.001
6	  1.320	 11.520	  1.005	  1.305	  0.001
7	  1.320	 13.107	  1.005	  1.305	  0.001
8	  1.320	 14.694	  1.005	  1.305	  0.001
9	  1.320	 16.282	  1.005	  1.305	  0.001
10	  1.320	 17.869	  1.005	  1.305	  0.001
11	  1.320	 19.456	  1.005	  1.305	  0.001
12	  1.320	 21.044	  1.005	  1.305	  0.001
13	  1.320	 22.631	  1.005	  1.305	  0.001
14	  1.320	 24.218	  1.005	  1.305	  0.001
15	  1.320	 25.806	  1.005	  1.305	  0.001
16	  1.320	 27.393	  1.005	  1.305	  0.001
17	  1.320	 28.980	  1.005	  1.305	  0.001
18	  1.320	 30.567	  1.005	  1.305	  0.001
19	  1.320	 32.155	  1.005	  1.305	  0.001
20	  1.320	 33.742	  1.005	  1.305	  0.001
21	  1.320	 35.329	  1.005	  1.305	  0.001
22	  1.320	 36.917	  1.005	  1.305	  0.001
23	  1.320	 38.504	  1.005	  1.305	  0.001
24	  1.320	 40.091	  1.005	  1.305	  0.001
25	  1.320	 41.679	  1.005	  1.305	  0.001
26	  1.320	 43.266	  1.005	  1.305	  0.001
27	  1.320	 44.853	  1.005	  1.305	  0.001
28	  1.320	 46.440	  1.005	  1.305	  0.001
29	  1.320	 48.028	  1.005	  1.305	  0.001
30	  1.320	 49.615	  1.005	  1.305	  0.001
31	  1.320	 51.202	  1.005	  1.305	  0.001
32	  1.320	 52.790	  1.005	  1.305	  0.001
33	  1.320	 54.377	  1.005	  1.305	  0.001
34	  1.320	 55.964	  1.005	  1.305	  0.001
35	  1.320	 57.552	  1.005	  1.305	  0.001
36	  1.320	 59.139	  1.005	  1.305	  0.001
37	  1.320	 60.726	  1.005	  1.305	  0.001
38	  1.320	 62.313	  1.005	  1.305	  0.001
39	  1.320	 63.901	  1.005	  1.305	  0.001
40	  1.320	 65.488	  1.005	  1.305	  0.001
41	  1.320	 67.075	  1.005	  1.305	  0.001
42	  1.320	 68.663	  1.005	  1.305	  0.001
43	  1.320	 70.250	  1.005	  1.305	  0.001
44	  1.320	 71.837	  1.005	  1.305	  0.001
45	  1.320	 73.425	  1.005	  1.305	  0.001
46	  1.320	 75.012	  1.005	  1.305	  0.001
47	  1.320	 76.599	  1.005	  1.305	  0.001
48	  1.320	 78.187	  1.005	  1.305	  0.001
49	  1.320	 79.774	  1.005	  1.305	  0.001
50	  1.320	 81.361	  1.005	  1.305	  0.001
51	  1.320	 82.948	  1.005	  1.305	  0.001
52	  1.320	 84.536	  1.005	  1.305	  0.001
53	  1.320	 86.123	  1.005	  1.305	  0.001
54	  1.320	 87.710	  1.005	  1.305	  0.001
55	  1.320	 89.298	  1.005	  1.305	  0.001
56	  1.320	 90.885	  1.005	  1.305	  0.001
57	  1.320	 92.472	  1.005	  1.305	  0.001
58	  1.320	 94.060	  1.005	  1.305	  0.001
59	  1.320	 95.647	  1.005	  1.305	  0.001
60	  1.320	 97.234	  1.005	  1.305	  0.001
61	  1.320	 98.821	  1.005	  1.305	  0.001
62	  1.320	100.409	  1.005	  1.305	  0.001
0	  1.440	  2.154	  1.005	  1.325	  0.001
1	  1.440	  3.741	  1.005	  1.325	  0.001
2	  1.440	  5.328	  1.005	  1.325	  0.001
3	  1.440	  6.916	  1.005	  1.325	  0.001
4	  1.440	  8.503	  1.005	  1.325	  0.001
5	  1.440	 10.090	  1.005	  1.325	  0.001
6	  1.440	 11.678	  1.005	  1.325	  0.001
7	  1.440	 13.265	  1.005	  1.325	  0.001
8	  1.440	 14.852	  1.005	  1.325	  0.001
9	  1.440	 16.440	  1.005	  1.325	  0.001
10	  1.440	 18.027	  1.005	  1.325	  0.001
11	  1.440	 19.614	  1.005	  1.325	  0.001
12	  1.440	 21.201	  1.005	  1.325	  0.001
13	  1.440	 22.789	  1.005	  1.325	  0.001
14	  1.440	 24.376	  1.005	  1.325	  0.001
15	  1.440	 25.963	  1.005	  1.325	  0.001
16	  1.440	 27.551	  1.005	  1.325	  0.001
17	  1.440	 29.138	  1.005	  1.325	  0.001
18	  1.440	 30.725	  1.005	  1.325	  0.001
19	  1.440	 32.313	  1.005	  1.325	  0.001
20	  1.440	 33.900	  1.005	  1.325	  0.001
21	  1.440	 35.487	  1.005	  1.325	  0.001
22	  1.440	 37.074	  1.005	  1.325	  0.001
23	  1.440	 38.662	  1.005	  1.325	  0.001
24	  1.440	 40.249	  1.005	  1.325	  0.001
25	  1.440	 41.836	  1.005	  1.325	  0.001
26	  1.440	 43.424	  1.005	  1.325	  0.001
27	  1.440	 45.011	  1.005	  1.325	  0.001
28	  1.440	 46.598	  1.005	  1.325	  0.001
29	  1.440	 48.186	  1.005	  1.325	  0.001
30	  1.440	 49.773	  1.005	  1.325	  0.001
31	  1.440	 51.360	  1.005	  1.325	  0.001
32	  1.440	 52.947	  1.005	  1.325	  0.001
33	  1.440	 54.535	  1.005	  1.325	  0.001
34	  1.440	 56.122	  1.005	  1.325	  0.001
35	  1.440	 57.709	  1.005	  1.325	  0.001
36	  1.440	 59.297	  1.005	  1.325	  0.001
37	  1.440	 60.884	  1.005	  1.325	  0.001
38	  1.440	 62.471	  1.005	  1.325	  0.001
39	  1.440	 64.059	  1.005	  1.325	  0.001
40	  1.440	 65.646	  1.005	  1.325	  0.001
41	  1.440	 67.233	  1.005	  1.325	  0.001
42	  1.440	 68.820	  1.005	  1.325	  0.001
43	  1.440	 70.408	  1.005	  1.325	  0.001
44	  1.440	 71.995	  1.005	  1.325	  0.001
45	  1.440	 73.582	  1.005	  1.325	  0.001
46	  1.440	 75.170	  1.005	  1.325	  0.001
47	  1.440	 76.757	  1.005	  1.325	  0.001
48	  1.440	 78.344	  1.005	  1.325	  0.001
49	  1.440	 79.932	  1.005	  1.325	  0.001
50	  1.440	 81.519	  1.005	  1.325	  0.001
51	  1.440	 83.106	  1.005	  1.325	  0.001
52	  1.440	 84.693	  1.005	  1.325	  0.001
53	  1.440	 86.281	  1.005	  1.325	  0.001
54	  1.440	 87.868	  1.005	  1.325	  0.001
55	  1.440	 89.455	  1.005	  1.325	  0.001
56	  1.440	 91.043	  1.005	  1.325	  0.001
57	  1.440	 92.630	  1.005	  1.325	  0.001
58	  1.440	 94.217	  1.005	  1.325	  0.001
59	  1.440	 95.805	  1.005	  1.325	  0.001
60	  1.440	 97.392	  1.005	  1.325	  0.001
61	  1.440	 98.979	  1.005	  1.325	  0.001
62	  1.440	100.566	  1.005	  1.325	  0.001
0	  1.560	  2.314	  1.005	  1.342	  0.000
1	  1.560	  3.901	  1.005	  1.342	  0.000
2	  1.560	  5.488	  1.005	  1.342	  0.000
3	  1.560	  7.076	  1.005	  1.342	  0.000
4	  1.560	  8.663	  1.005	  1.342	  0.000
5	  1.560	 10.250	  1.005	  1.342	  0.000
6	  1.560	 11.838	  1.005	  1.342	  0.000
7	  1.560	 13.425	  1.005	  1.342	  0.000
8	  1.560	 15.012	  1.005	  1.342	  0.000
9	  1.560	 16.599	  1.005	  1.342	  0.000
10	  1.560	 18.187	  1.005	  1.342	  0.000
11	  1.560	 19.774	  1.005	  1.342	  0.000
12	  1.560	 21.361	  1.005	  1.342	  0.000
13	  1.560	 22.949	  1.005	  1.342	  0.000
14	  1.560	 24.536	  1.005	  1.342	  0.000
15	  1.560	 26.123	  1.005	  1.342	  0.000
16	  1.560	 27.711	  1.005	  1.342	  0.000
17	  1.560	 29.298	  1.005	  1.342	  0.000
18	  1.560	 30.885	  1.005	  1.342	  0.000
19	  1.560	 32.473	  1.005	  1.342	  0.000
20	  1.560	 34.060	  1.005	  1.342	  0.000
21	  1.560	 35.647	  1.005	  1.342	  0.000
22	  1.560	 37.234	  1.005	  1.342	  0.000
23	  1.560	 38.822	  1.005	  1.342	  0.000
24	  1.560	 40.409	  1.005	  1.342	  0.000
25	  1.560	 41.996	  1.005	  1.342	  0.000
26	  1.560	 43.584	  1.005	  1.342	  0.000
27	  1.560	 45.171	  1.005	  1.342	  0.000
28	  1.560	 46.758	  1.005	  1.342	  0.000
29	  1.560	 48.346	  1.005	  1.342	  0.000
30	  1.560	 49.933	  1.005	  1.342	  0.000
31	  1.560	 51.520	  1.005	  1.342	  0.000
32	  1.560	 53.107	  1.005	  1.342	  0.000
33	  1.560	 54.695	  1.005	  1.342	  0.000
34	  1.560	 56.282	  1.005	  1.342	  0.000
35	  1.560	 57.869	  1.005	  1.342	  0.000
36	  1.560	 59.457	  1.005	  1.342	  0.000
37	  1.560	 61.044	  1.005	  1.342	  0.000
38	  1.560	 62.631	  1.005	  1.342	  0.000
39	  1.560	 64.219	  1.005	  1.342	  0.000
40	  1.560	 65.806	  1.005	  1.342	  0.000
41	  1.560	 67.393	  1.005	  1.342	  0.000
42	  1.560	 68.980	  1.005	  1.342	  0.000
43	  1.560	 70.568	  1.005	  1.342	  0.000
44	  1.560	 72.155	  1.005	  1.342	  0.000
45	  1.560	 73.742	  1.005	  1.342	  0.000
46	  1.560	 75.330	  1.005	  1.342	  0.000
47	  1.560	 76.917	  1.005	  1.342	  0.000
48	  1.560	 78.504	  1.005	  1.342	  0.000
49	  1.560	 80.092	  1.005	  1.342	  0.000
50	  1.560	 81.679	  1.005	  1.342	  0.000
51	  1.560	 83.266	  1.005	  1.342	  0.000
52	  1.560	 84.853	  1.005	  1.342	  0.000
53	  1.560	 86.441	  1.005	  1.342	  0.000
54	  1.560	 88.028	  1.005	  1.342	  0.000
55	  1.560	 89.615	  1.005	  1.342	  0.000
56	  1.560	 91.203	  1.005	  1.342	  0.000
57	  1.560	 92.790	  1.005	  1.342	  0.000
58	  1.560	 94.377	  1.005	  1.342	  0.000
59	  1.560	 95.965	  1.005	  1.342	  0.000
60	  1.560	 97.552	  1.005	  1.342	  0.000
61	  1.560	 99.139	  1.005	  1.342	  0.000
62	  1.560	100.726	  1.005	  1.342	  0.000
0	  1.680	  2.476	  1.005	  1.355	  0.000
1	  1.680	  4.063	  1.005	  1.355	  0.000
2	  1.680	  5.650	  1.005	  1.355	  0.000
3	  1.680	  7.237	  1.005	  1.355	  0.000
4	  1.680	  8.825	  1.005	  1.355	  0.000
5	  1.680	 10.412	  1.005	  1.355	  0.000
6	  1.680	 11.999	  1.005	  1.355	  0.000
7	  1.680	 13.587	  1.005	  1.355	  0.000
8	  1.680	 15.174	  1.005	  1.355	  0.000
9	  1.680	 16.761	  1.005	  1.355	  0.000
10	  1.680	 18.349	  1.005	  1.355	  0.000
11	  1.680	 19.936	  1.005	  1.355	  0.000
12	  1.680	 21.523	  1.005	  1.355	  0.000
13	  1.680	 23.110	  1.005	  1.355	  0.000
14	  1.680	 24.698	  1.005	  1.355	  0.000
15	  1.680	 26.285	  1.005	  1.355	  0.000
16	  1.680	 27.872	  1.005	  1.355	  0.000
17	  1.680	 29.460	  1.005	  1.355	  0.000
18	  1.680	 31.047	  1.005	  1.355	  0.000
19	  1.680	 32.634	  1.005	  1.355	  0.000
20	  1.680	 34.222	  1.005	  1.355	  0.000
21	  1.680	 35.809	  1.005	  1.355	  0.000
22	  1.680	 37.396	  1.005	  1.355	  0.000
23	  1.680	 38.983	  1.005	  1.355	  0.000
24	  1.680	 40.571	  1.005	  1.355	  0.000
25	  1.680	 42.158	  1.005	  1.355	  0.000
26	  1.680	 43.745	  1.005	  1.355	  0.000
27	  1.680	 45.333	  1.005	  1.355	  0.000
28	  1.680	 46.920	  1.005	  1.355	  0.000
29	  1.680	 48.507	  1.005	  1.355	  0.000
30	  1.680	 50.095	  1.005	  1.355	  0.000
31	  1.680	 51.682	  1.005	  1.355	  0.000
32	  1.680	 53.269	  1.005	  1.355	  0.000
33	  1.680	 54.856	  1.005	  1.355	  0.000
34	  1.680	 56.444	  1.005	  1.355	  0.000
35	  1.680	 58.031	  1.005	  1.355	  0.000
36	  1.680	 59.618	  1.005	  1.355	  0.000
37	  1.680	 61.206	  1.005	  1.355	  0.000
38	  1.680	 62.793	  1.005	  1.355	  0.000
39	  1.680	 64.380	  1.005	  1.355	  0.000
40	  1.680	 65.968	  1.005	  1.355	  0.000
41	  1.680	 67.555	  1.005	  1.355	  0.000
42	  1.680	 69.142	  1.005	  1.355	  0.000
43	  1.680	 70.729	  1.005	  1.355	  0.000
44	  1.680	 72.317	  1.005	  1.355	  0.000
45	  1.680	 73.904	  1.005	  1.355	  0.000
46	  1.680	 75.491	  1.005	  1.355	  0.000
47	  1.680	 77.079	  1.005	  1.355	  0.000
48	  1.680	 78.666	  1.005	  1.355	  0.000
49	  1.680	 80.253	  1.005	  1.355	  0.000
50	  1.680	 81.841	  1.005	  1.355	  0.000
51	  1.680	 83.428	  1.005	  1.355	  0.000
52	  1.680	 85.015	  1.005	  1.355	  0.000
53	  1.680	 86.603	  1.005	  1.355	  0.000
54	  1.680	 88.190	  1.005	  1.355	  0.000
55	  1.680	 89.777	  1.005	  1.355	  0.000
56	  1.680	 91.364	  1.005	  1.355	  0.000
57	  1.680	 92.952	  1.005	  1.355	  0.000
58	  1.680	 94.539	  1.005	  1.355	  0.000
59	  1.680	 96.126	  1.005	  1.355	  0.000
60	  1.680	 97.714	  1.005	  1.355	  0.000
61	  1.680	 99.301	  1.005	  1.355	  0.000
62	  1.680	100.888	  1.005	  1.355	  0.000
0	  1.800	  2.639	  1.005	  1.365	  0.000
1	  1.800	  4.226	  1.005	  1.365	  0.000
2	  1.800	  5.813	  1.005	  1.365	  0.000
3	  1.800	  7.401	  1.005	  1.365	  0.000
4	  1.800	  8.988	  1.005	  1.365	  0.000
5	  1.800	 10.575	  1.005	  1.365	  0.000
6	  1.800	 12.162	  1.005	  1.365	  0.000
7	  1.800	 13.750	  1.005	  1.365	  0.000
8	  1.800	 15.337	  1.005	  1.365	  0.000
9	  1.800	 16.924	  1.005	  1.365	  0.000
10	  1.800	 18.512	  1.005	  1.365	  0.000
11	  1.800	 20.099	  1.005	  1.365	  0.000
12	  1.800	 21.686	  1.005	  1.365	  0.000
13	  1.800	 23.274	  1.005	  1.365	  0.000
14	  1.800	 24.861	  1.005	  1.365	  0.000
15	  1.800	 26.448	  1.005	  1.365	  0.000
16	  1.800	 28.035	  1.005	  1.365	  0.000
17	  1.800	 29.623	  1.005	  1.365	  0.000
18	  1.800	 31.210	  1.005	  1.365	  0.000
19	  1.800	 32.797	  1.005	  1.365	  0.000
20	  1.800	 34.385	  1.005	  1.365	  0.000
21	  1.800	 35.972	  1.005	  1.365	  0.000
22	  1.800	 37.559	  1.005	  1.365	  0.000
23	  1.800	 39.147	  1.005	  1.365	  0.000
24	  1.800	 40.734	  1.005	  1.365	  0.000
25	  1.800	 42.321	  1.005	  1.365	  0.000
26	  1.800	 43.908	  1.005	  1.365	  0.000
27	  1.800	 45.496	  1.005	  1.365	  0.000
28	  1.800	 47.083	  1.005	  1.365	  0.000
29	  1.800	 48.670	  1.005	  1.365	  0.000
30	  1.800	 50.258	  1.005	  1.365	  0.000
31	  1.800	 51.845	  1.005	  1.365	  0.000
32	  1.800	 53.432	  1.005	  1.365	  0.000
33	  1.800	 55.020	  1.005	  1.365	  0.000
34	  1.800	 56.607	  1.005	  1.365	  0.000
35	  1.800	 58.194	  1.005	  1.365	  0.000
36	  1.800	 59.782	  1.005	  1.365	  0.000
37	  1.800	 61.369	  1.005	  1.365	  0.000
38	  1.800	 62.956	  1.005	  1.365	  0.000
39	  1.800	 64.543	  1.005	  1.365	  0.000
40	  1.800	 66.131	  1.005	  1.365	  0.000
41	  1.800	 67.718	  1.005	  1.365	  0.000
42	  1.800	 69.305	  1.005	  1.365	  0.000
43	  1.800	 70.893	  1.005	  1.365	  0.000
44	  1.800	 72.480	  1.005	  1.365	  0.000
45	  1.800	 74.067	  1.005	  1.365	  0.000
46	  1.800	 75.655	  1.005	  1.365	  0.000
47	  1.800	 77.242	  1.005	  1.365	  0.000
48	  1.800	 78.829	  1.005	  1.365	  0.000
49	  1.800	 80.416	  1.005	  1.365	  0.000
50	  1.800	 82.004	  1.005	  1.365	  0.000
51	  1.800	 83.591	  1.005	  1.365	  0.000
52	  1.800	 85.178	  1.005	  1.365	  0.000
53	  1.800	 86.766	  1.005	  1.365	  0.000
54	  1.800	 88.353	  1.005	  1.365	  0.000
55	  1.800	 89.940	  1.005	  1.365	  0.000
56	  1.800	 91.528	  1.005	  1.365	  0.000
57	  1.800	 93.115	  1.005	  1.365	  0.000
58	  1.800	 94.702	  1.005	  1.365	  0.000
59	  1.800	 96.289	  1.005	  1.365	  0.000
60	  1.800	 97.877	  1.005	  1.365	  0.000
61	  1.800	 99.464	  1.005	  1.365	  0.000
62	  1.800	101.051	  1.005	  1.365	  0.000
0	  1.920	  2.803	  1.005	  1.373	  0.000
1	  1.920	  4.390	  1.005	  1.373	  0.000
2	  1.920	  5.977	  1.005	  1.373	  0.000
3	  1.920	  7.565	  1.005	  1.373	  0.000
4	  1.920	  9.152	  1.005	  1.373	  0.000
5	  1.920	 10.739	  1.005	  1.373	  0.000
6	  1.920	 12.327	  1.005	  1.373	  0.000
7	  1.920	 13.914	  1.005	  1.373	  0.000
8	  1.920	 15.501	  1.005	  1.373	  0.000
9	  1.920	 17.089	  1.005	  1.373	  0.000
10	  1.920	 18.676	  1.005	  1.373	  0.000
11	  1.920	 20.263	  1.005	  1.373	  0.000
12	  1.920	 21.850	  1.005	  1.373	  0.000
13	  1.920	 23.438	  1.005	  1.373	  0.000
14	  1.920	 25.025	  1.005	  1.373	  0.000
15	  1.920	 26.612	  1.005	  1.373	  0.000
16	  1.920	 28.200	  1.005	  1.373	  0.000
17	  1.920	 29.787	  1.005	  1.373	  0.000
18	  1.920	 31.374	  1.005	  1.373	  0.000
19	  1.920	 32.962	  1.005	  1.373	  0.000
20	  1.920	 34.549	  1.005	  1.373	  0.000
21	  1.920	 36.136	  1.005	  1.373	  0.000
22	  1.920	 37.723	  1.005	  1.373	  0.000
23	  1.920	 39.311	  1.005	  1.373	  0.000
24	  1.920	 40.898	  1.005	  1.373	  0.000
25	  1.920	 42.485	  1.005	  1.373	  0.000
26	  1.920	 44.073	  1.005	  1.373	  0.000
27	  1.920	 45.660	  1.005	  1.373	  0.000
28	  1.920	 47.247	  1.005	  1.373	  0.000
29	  1.920	 48.835	  1.005	  1.373	  0.000
30	  1.920	 50.422	  1.005	  1.373	  0.000
31	  1.920	 52.009	  1.005	  1.373	  0.000
32	  1.920	 53.597	  1.005	  1.373	  0.000
33	  1.920	 55.184	  1.005	  1.373	  0.000
34	  1.920	 56.771	  1.005	  1.373	  0.000
35	  1.920	 58.358	  1.005	  1.373	  0.000
36	  1.920	 59.946	  1.005	  1.373	  0.000
37	  1.920	 61.533	  1.005	  1.373	  0.000
38	  1.920	 63.120	  1.005	  1.373	  0.000
39	  1.920	 64.708	  1.005	  1.373	  0.000
40	  1.920	 66.295	  1.005	  1.373	  0.000
41	  1.920	 67.882	  1.005	  1.373	  0.000
42	  1.920	 69.470	  1.005	  1.373	  0.000
43	  1.920	 71.057	  1.005	  1.373	  0.000
44	  1.920	 72.644	  1.005	  1.373	  0.000
45	  1.920	 74.231	  1.005	  1.373	  0.000
46	  1.920	 75.819	  1.005	  1.373	  0.000
47	  1.920	 77.406	  1.005	  1.373	  0.000
48	  1.920	 78.993	  1.005	  1.373	  0.000
49	  1.920	 80.581	  1.005	  1.373	  0.000
50	  1.920	 82.168	  1.005	  1.373	  0.000
51	  1.920	 83.755	  1.005	  1.373	  0.000
52	  1.920	 85.343	  1.005	  1.373	  0.000
53	  1.920	 86.930	  1.005	  1.373	  0.000
54	  1.920	 88.517	  1.005	  1.373	  0.000
55	  1.920	 90.104	  1.005	  1.373	  0.000
56	  1.920	 91.692	  1.005	  1.373	  0.000
57	  1.920	 93.279	  1.005	  1.373	  0.000
58	  1.920	 94.866	  1.005	  1.373	  0.000
59	  1.920	 96.454	  1.005	  1.373	  0.000
60	  1.920	 98.041	  1.005	  1.373	  0.000
61	  1.920	 99.628	  1.005	  1.373	  0.000
62	  1.920	101.216	  1.005	  1.373	  0.000
0	  2.040	  2.968	  1.005	  1.379	  0.000
1	  2.040	  4.555	  1.005	  1.379	  0.000
2	  2.040	  6.143	  1.005	  1.379	  0.000
3	  2.040	  7.730	  1.005	  1.379	  0.000
4	  2.040	  9.317	  1.005	  1.379	  0.000
5	  2.040	 10.904	  1.005	  1.379	  0.000
6	  2.040	 12.492	  1.005	  1.379	  0.000
7	  2.040	 14.079	  1.005	  1.379	  0.000
8	  2.040	 15.666	  1.005	  1.379	  0.000
9	  2.040	 17.254	  1.005	  1.379	  0.000
10	  2.040	 18.841	  1.005	  1.379	  0.000
11	  2.040	 20.428	  1.005	  1.379	  0.000
12	  2.040	 22.016	  1.005	  1.379	  0.000
13	  2.040	 23.603	  1.005	  1.379	  0.000
14	  2.040	 25.190	  1.005	  1.379	  0.000
15	  2.040	 26.777	  1.005	  1.379	  0.000
16	  2.040	 28.365	  1.005	  1.379	  0.000
17	  2.040	 29.952	  1.005	  1.379	  0.000
18	  2.040	 31.539	  1.005	  1.379	  0.000
19	  2.040	 33.127	  1.005	  1.379	  0.000
20	  2.040	 34.714	  1.005	  1.379	  0.000
21	  2.040	 36.301	  1.005	  1.379	  0.000
22	  2.040	 37.889	  1.005	  1.379	  0.000
23	  2.040	 39.476	  1.005	  1.379	  0.000
24	  2.040	 41.063	  1.005	  1.379	  0.000
25	  2.040	 42.650	  1.005	  1.379	  0.000
26	  2.040	 44.238	  1.005	  1.379	  0.000
27	  2.040	 45.825	  1.005	  1.379	  0.000
28	  2.040	 47.412	  1.005	  1.379	  0.000
29	  2.040	 49.000	  1.005	  1.379	  0.000
30	  2.040	 50.587	  1.005	  1.379	  0.000
31	  2.040	 52.174	  1.005	  1.379	  0.000
32	  2.040	 53.762	  1.005	  1.379	  0.000
33	  2.040	 55.349	  1.005	  1.379	  0.000
34	  2.040	 56.936	  1.005	  1.379	  0.000
35	  2.040	 58.523	  1.005	  1.379	  0.000
36	  2.040	 60.111	  1.005	  1.379	  0.000
37	  2.040	 61.698	  1.005	  1.379	  0.000
38	  2.040	 63.285	  1.005	  1.379	  0.000
39	  2.040	 64.873	  1.005	  1.379	  0.000
40	  2.040	 66.460	  1.005	  1.379	  0.000
41	  2.040	 68.047	  1.005	  1.379	  0.000
42	  2.040	 69.635	  1.005	  1.379	  0.000
43	  2.040	 71.222	  1.005	  1.379	  0.000
44	  2.040	 72.809	  1.005	  1.379	  0.000
45	  2.040	 74.396	  1.005	  1.379	  0.000
46	  2.040	 75.984	  1.005	  1.379	  0.000
47	  2.040	 77.571	  1.005	  1.379	  0.000
48	  2.040	 79.158	  1.005	  1.379	  0.000
49	  2.040	 80.746	  1.005	  1.379	  0.000
50	  2.040	 82.333	  1.005	  1.379	  0.000
51	  2.040	 83.920	  1.005	  1.379	  0.000
52	  2.040	 85.508	  1.005	  1.379	  0.000
53	  2.040	 87.095	  1.005	  1.379	  0.000
54	  2.040	 88.682	  1.005	  1.379	  0.000
55	  2.040	 90.270	  1.005	  1.379	  0.000
56	  2.040	 91.857	  1.005	  1.379	  0.000
57	  2.040	 93.444	  1.005	  1.379	  0.000
58	  2.040	 95.031	  1.005	  1.379	  0.000
59	  2.040	 96.619	  1.005	  1.379	  0.000
60	  2.040	 98.206	  1.005	  1.379	  0.000
61	  2.040	 99.793	  1.005	  1.379	  0.000
62	  2.040	101.381	  1.005	  1.379	  0.000
0	  2.160	  3.134	  1.005	  1.384	  0.000
1	  2.160	  4.721	  1.005	  1.384	  0.000
2	  2.160	  6.308	  1.005	  1.384	  0.000
3	  2.160	  7.896	  1.005	  1.384	  0.000
4	  2.160	  9.483	  1.005	  1.384	  0.000
5	  2.160	 11.070	  1.005	  1.384	  0.000
6	  2.160	 12.657	  1.005	  1.384	  0.000
7	  2.160	 14.245	  1.005	  1.384	  0.000
8	  2.160	 15.832	  1.005	  1.384	  0.000
9	  2.160	 17.419	  1.005	  1.384	  0.000
10	  2.160	 19.007	  1.005	  1.384	  0.000
11	  2.160	 20.594	  1.005	  1.384	  0.000
12	  2.160	 22.181	  1.005	  1.384	  0.000
13	  2.160	 23.769	  1.005	  1.384	  0.000
14	  2.160	 25.356	  1.005	  1.384	  0.000
15	  2.160	 26.943	  1.005	  1.384	  0.000
16	  2.160	 28.530	  1.005	  1.384	  0.000
17	  2.160	 30.118	  1.005	  1.384	  0.000
18	  2.160	 31.705	  1.005	  1.384	  0.000
19	  2.160	 33.292	  1.005	  1.384	  0.000
20	  2.160	 34.880	  1.005	  1.384	  0.000
21	  2.160	 36.467	  1.005	  1.384	  0.000
22	  2.160	 38.054	  1.005	  1.384	  0.000
23	  2.160	 39.642	  1.005	  1.384	  0.000
24	  2.160	 41.229	  1.005	  1.384	  0.000
25	  2.160	 42.816	  1.005	  1.384	  0.000
26	  2.160	 44.403	  1.005	  1.384	  0.000
27	  2.160	 45.991	  1.005	  1.384	  0.000
28	  2.160	 47.578	  1.005	  1.384	  0.000
29	  2.160	 49.165	  1.005	  1.384	  0.000
30	  2.160	 50.753	  1.005	  1.384	  0.000
31	  2.160	 52.340	  1.005	  1.384	  0.000
32	  2.160	 53.927	  1.005	  1.384	  0.000
33	  2.160	 55.515	  1.005	  1.384	  0.000
34	  2.160	 57.102	  1.005	  1.384	  0.000
35	  2.160	 58.689	  1.005	  1.384	  0.000
36	  2.160	 60.277	  1.005	  1.384	  0.000
37	  2.160	 61.864	  1.005	  1.384	  0.000
38	  2.160	 63.451	  1.005	  1.384	  0.000
39	  2.160	 65.038	  1.005	  1.384	  0.000
40	  2.160	 66.626	  1.005	  1.384	  0.000
41	  2.160	 68.213	  1.005	  1.384	  0.000
42	  2.160	 69.800	  1.005	  1.384	  0.000
43	  2.160	 71.388	  1.005	  1.384	  0.000
44	  2.160	 72.975	  1.005	  1.384	  0.000
45	  2.160	 74.562	  1.005	  1.384	  0.000
46	  2.160	 76.150	  1.005	  1.384	  0.000
47	  2.160	 77.737	  1.005	  1.384	  0.000
48	  2.160	 79.324	  1.005	  1.384	  0.000
49	  2.160	 80.911	  1.005	  1.384	  0.000
50	  2.160	 82.499	  1.005	  1.384	  0.000
51	  2.160	 84.086	  1.005	  1.384	  0.000
52	  2.160	 85.673	  1.005	  1.384	  0.000
53	  2.160	 87.261	  1.005	  1.384	  0.000
54	  2.160	 88.848	  1.005	  1.384	  0.000
55	  2.160	 90.435	  1.005	  1.384	  0.000
56	  2.160	 92.023	  1.005	  1.384	  0.000
57	  2.160	 93.610	  1.005	  1.384	  0.000
58	  2.160	 95.197	  1.005	  1.384	  0.000
59	  2.160	 96.784	  1.005	  1.384	  0.000
60	  2.160	 98.372	  1.005	  1.384	  0.000
61	  2.160	 99.959	  1.005	  1.384	  0.000
62	  2.160	101.546	  1.005	  1.384	  0.000
0	  2.280	  3.300	  1.005	  1.387	  0.000
1	  2.280	  4.887	  1.005	  1.387	  0.000
2	  2.280	  6.474	  1.005	  1.387	  0.000
3	  2.280	  8.062	  1.005	  1.387	  0.000
4	  2.280	  9.649	  1.005	  1.387	  0.000
5	  2.280	 11.236	  1.005	  1.387	  0.000
6	  2.280	 12.824	  1.005	  1.387	  0.000
7	  2.280	 14.411	  1.005	  1.387	  0.000
8	  2.280	 15.998	  1.005	  1.387	  0.000
9	  2.280	 17.586	  1.005	  1.387	  0.000
10	  2.280	 19.173	  1.005	  1.387	  0.000
11	  2.280	 20.760	  1.005	  1.387	  0.000
12	  2.280	 22.348	  1.005	  1.387	  0.000
13	  2.280	 23.935	  1.005	  1.387	  0.000
14	  2.280	 25.522	  1.005	  1.387	  0.000
15	  2.280	 27.109	  1.005	  1.387	  0.000
16	  2.280	 28.697	  1.005	  1.387	  0.000
17	  2.280	 30.284	  1.005	  1.387	  0.000
18	  2.280	 31.871	  1.005	  1.387	  0.000
19	  2.280	 33.459	  1.005	  1.387	  0.000
20	  2.280	 35.046	  1.005	  1.387	  0.000
21	  2.280	 36.633	  1.005	  1.387	  0.000
22	  2.280	 38.221	  1.005	  1.387	  0.000
23	  2.280	 39.808	  1.005	  1.387	  0.000
24	  2.280	 41.395	  1.005	  1.387	  0.000
25	  2.280	 42.982	  1.005	  1.387	  0.000
26	  2.280	 44.570	  1.005	  1.387	  0.000
27	  2.280	 46.157	  1.005	  1.387	  0.000
28	  2.280	 47.744	  1.005	  1.387	  0.000
29	  2.280	 49.332	  1.005	  1.387	  0.000
30	  2.280	 50.919	  1.005	  1.387	  0.000
31	  2.280	 52.506	  1.005	  1.387	  0.000
32	  2.280	 54.094	  1.005	  1.387	  0.000
33	  2.280	 55.681	  1.005	  1.387	  0.000
34	  2.280	 57.268	  1.005	  1.387	  0.000
35	  2.280	 58.855	  1.005	  1.387	  0.000
36	  2.280	 60.443	  1.005	  1.387	  0.000
37	  2.280	 62.030	  1.005	  1.387	  0.000
38	  2.280	 63.617	  1.005	  1.387	  0.000
39	  2.280	 65.205	  1.005	  1.387	  0.000
40	  2.280	 66.792	  1.005	  1.387	  0.000
41	  2.280	 68.379	  1.005	  1.387	  0.000
42	  2.280	 69.967	  1.005	  1.387	  0.000
43	  2.280	 71.554	  1.005	  1.387	  0.000
44	  2.280	 73.141	  1.005	  1.387	  0.000
45	  2.280	 74.728	  1.005	  1.387	  0.000
46	  2.280	 76.316	  1.005	  1.387	  0.000
47	  2.280	 77.903	  1.005	  1.387	  0.000
48	  2.280	 79.490	  1.005	  1.387	  0.000
49	  2.280	 81.078	  1.005	  1.387	  0.000
50	  2.280	 82.665	  1.005	  1.387	  0.000
51	  2.280	 84.252	  1.005	  1.387	  0.000
52	  2.280	 85.840	  1.005	  1.387	  0.000
53	  2.280	 87.427	  1.005	  1.387	  0.000
54	  2.280	 89.014	  1.005	  1.387	  0.000
55	  2.280	 90.601	  1.005	  1.387	  0.000
56	  2.280	 92.189	  1.005	  1.387	  0.000
57	  2.280	 93.776	  1.005	  1.387	  0.000
58	  2.280	 95.363	  1.005	  1.387	  0.000
59	  2.280	 96.951	  1.005	  1.387	  0.000
60	  2.280	 98.538	  1.005	  1.387	  0.000
61	  2.280	100.125	  1.005	  1.387	  0.000
62	  2.280	101.713	  1.005	  1.387	  0.000
0	  2.400	  3.467	  1.005	  1.390	  0.000
1	  2.400	  5.054	  1.005	  1.390	  0.000
2	  2.400	  6.641	  1.005	  1.390	  0.000
3	  2.400	  8.228	  1.005	  1.390	  0.000
4	  2.400	  9.816	  1.005	  1.390	  0.000
5	  2.400	 11.403	  1.005	  1.390	  0.000
6	  2.400	 12.990	  1.005	  1.390	  0.000
7	  2.400	 14.578	  1.005	  1.390	  0.000
8	  2.400	 16.165	  1.005	  1.390	  0.000
9	  2.400	 17.752	  1.005	  1.390	  0.000
10	  2.400	 19.340	  1.005	  1.390	  0.000
11	  2.400	 20.927	  1.005	  1.390	  0.000
12	  2.400	 22.514	  1.005	  1.390	  0.000
13	  2.400	 24.101	  1.005	  1.390	  0.000
14	  2.400	 25.689	  1.005	  1.390	  0.000
15	  2.400	 27.276	  1.005	  1.390	  0.000
16	  2.400	 28.863	  1.005	  1.390	  0.000
17	  2.400	 30.451	  1.005	  1.390	  0.000
18	  2.400	 32.038	  1.005	  1.390	  0.000
19	  2.400	 33.625	  1.005	  1.390	  0.000
20	  2.400	 35.213	  1.005	  1.390	  0.000
21	  2.400	 36.800	  1.005	  1.390	  0.000
22	  2.400	 38.387	  1.005	  1.390	  0.000
23	  2.400	 39.974	  1.005	  1.390	  0.000
24	  2.400	 41.562	  1.005	  1.390	  0.000
25	  2.400	 43.149	  1.005	  1.390	  0.000
26	  2.400	 44.736	  1.005	  1.390	  0.000
27	  2.400	 46.324	  1.005	  1.390	  0.000
28	  2.400	 47.911	  1.005	  1.390	  0.000
29	  2.400	 49.498	  1.005	  1.390	  0.000
30	  2.400	 51.086	  1.005	  1.390	  0.000
31	  2.400	 52.673	  1.005	  1.390	  0.000
32	  2.400	 54.260	  1.005	  1.390	  0.000
33	  2.400	 55.848	  1.005	  1.390	  0.000
34	  2.400	 57.435	  1.005	  1.390	  0.000
35	  2.400	 59.022	  1.005	  1.390	  0.000
36	  2.400	 60.609	  1.005	  1.390	  0.000
37	  2.400	 62.197	  1.005	  1.390	  0.000
38	  2.400	 63.784	  1.005	  1.390	  0.000
39	  2.400	 65.371	  1.005	  1.390	  0.000
40	  2.400	 66.959	  1.005	  1.390	  0.000
41	  2.400	 68.546	  1.005	  1.390	  0.000
42	  2.400	 70.133	  1.005	  1.390	  0.000
43	  2.400	 71.721	  1.005	  1.390	  0.000
44	  2.400	 73.308	  1.005	  1.390	  0.000
45	  2.400	 74.895	  1.005	  1.390	  0.000
46	  2.400	 76.482	  1.005	  1.390	  0.000
47	  2.400	 78.070	  1.005	  1.390	  0.000
48	  2.400	 79.657	  1.005	  1.390	  0.000
49	  2.400	 81.244	  1.005	  1.390	  0.000
50	  2.400	 82.832	  1.005	  1.390	  0.000
51	  2.400	 84.419	  1.005	  1.390	  0.000
52	  2.400	 86.006	  1.005	  1.390	  0.000
53	  2.400	 87.594	  1.005	  1.390	  0.000
54	  2.400	 89.181	  1.005	  1.390	  0.000
55	  2.400	 90.768	  1.005	  1.390	  0.000
56	  2.400	 92.355	  1.005	  1.390	  0.000
57	  2.400	 93.943	  1.005	  1.390	  0.000
58	  2.400	 95.530	  1.005	  1.390	  0.000
59	  2.400	 97.117	  1.005	  1.390	  0.000
60	  2.400	 98.705	  1.005	  1.390	  0.000
61	  2.400	100.292	  1.005	  1.390	  0.000
62	  2.400	101.879	  1.005	  1.390	  0.000
0	  2.520	  3.634	  1.005	  1.393	  0.000
1	  2.520	  5.221	  1.005	  1.393	  0.000
2	  2.520	  6.808	  1.005	  1.393	  0.000
3	  2.520	  8.395	  1.005	  1.393	  0.000
4	  2.520	  9.983	  1.005	  1.393	  0.000
5	  2.520	 11.570	  1.005	  1.393	  0.000
6	  2.520	 13.157	  1.005	  1.393	  0.000
7	  2.520	 14.745	  1.005	  1.393	  0.000
8	  2.520	 16.332	  1.005	  1.393	  0.000
9	  2.520	 17.919	  1.005	  1.393	  0.000
10	  2.520	 19.507	  1.005	  1.393	  0.000
11	  2.520	 21.094	  1.005	  1.393	  0.000
12	  2.520	 22.681	  1.005	  1.393	  0.000
13	  2.520	 24.268	  1.005	  1.393	  0.000
14	  2.520	 25.856	  1.005	  1.393	  0.000
15	  2.520	 27.443	  1.005	  1.393	  0.000
16	  2.520	 29.030	  1.005	  1.393	  0.000
17	  2.520	 30.618	  1.005	  1.393	  0.000
18	  2.520	 32.205	  1.005	  1.393	  0.000
19	  2.520	 33.792	  1.005	  1.393	  0.000
20	  2.520	 35.380	  1.005	  1.393	  0.000
21	  2.520	 36.967	  1.005	  1.393	  0.000
22	  2.520	 38.554	  1.005	  1.393	  0.000
23	  2.520	 40.141	  1.005	  1.393	  0.000
24	  2.520	 41.729	  1.005	  1.393	  0.000
25	  2.520	 43.316	  1.005	  1.393	  0.000
26	  2.520	 44.903	  1.005	  1.393	  0.000
27	  2.520	 46.491	  1.005	  1.393	  0.000
28	  2.520	 48.078	  1.005	  1.393	  0.000
29	  2.520	 49.665	  1.005	  1.393	  0.000
30	  2.520	 51.253	  1.005	  1.393	  0.000
31	  2.520	 52.840	  1.005	  1.393	  0.000
32	  2.520	 54.427	  1.005	  1.393	  0.000
33	  2.520	 56.014	  1.005	  1.393	  0.000
34	  2.520	 57.602	  1.005	  1.393	  0.000
35	  2.520	 59.189	  1.005	  1.393	  0.000
36	  2.520	 60.776	  1.005	  1.393	  0.000
37	  2.520	 62.364	  1.005	  1.393	  0.000
38	  2.520	 63.951	  1.005	  1.393	  0.000
39	  2.520	 65.538	  1.005	  1.393	  0.000
40	  2.520	 67.126	  1.005	  1.393	  0.000
41	  2.520	 68.713	  1.005	  1.393	  0.000
42	  2.520	 70.300	  1.005	  1.393	  0.000
43	  2.520	 71.887	  1.005	  1.393	  0.000
44	  2.520	 73.475	  1.005	  1.393	  0.000
45	  2.520	 75.062	  1.005	  1.393	  0.000
46	  2.520	 76.649	  1.005	  1.393	  0.000
47	  2.520	 78.237	  1.005	  1.393	  0.000
48	  2.520	 79.824	  1.005	  1.393	  0.000
49	  2.520	 81.411	  1.005	  1.393	  0.000
50	  2.520	 82.999	  1.005	  1.393	  0.000
51	  2.520	 84.586	  1.005	  1.393	  0.000
52	  2.520	 86.173	  1.005	  1.393	  0.000
53	  2.520	 87.761	  1.005	  1.393	  0.000
54	  2.520	 89.348	  1.005	  1.393	  0.000
55	  2.520	 90.935	  1.005	  1.393	  0.000
56	  2.520	 92.522	  1.005	  1.393	  0.000
57	  2.520	 94.110	  1.005	  1.393	  0.000
58	  2.520	 95.697	  1.005	  1.393	  0.000
59	  2.520	 97.284	  1.005	  1.393	  0.000
60	  2.520	 98.872	  1.005	  1.393	  0.000
61	  2.520	100.459	  1.005	  1.393	  0.000
62	  2.520	102.046	  1.005	  1.393	  0.000
0	  2.640	  3.801	  1.005	  1.395	  0.000
1	  2.640	  5.388	  1.005	  1.395	  0.000
2	  2.640	  6.975	  1.005	  1.395	  0.000
3	  2.640	  8.563	  1.005	  1.395	  0.000
4	  2.640	 10.150	  1.005	  1.395	  0.000
5	  2.640	 11.737	  1.005	  1.395	  0.000
6	  2.640	 13.325	  1.005	  1.395	  0.000
7	  2.640	 14.912	  1.005	  1.395	  0.000
8	  2.640	 16.499	  1.005	  1.395	  0.000
9	  2.640	 18.086	  1.005	  1.395	  0.000
10	  2.640	 19.674	  1.005	  1.395	  0.000
11	  2.640	 21.261	  1.005	  1.395	  0.000
12	  2.640	 22.848	  1.005	  1.395	  0.000
13	  2.640	 24.436	  1.005	  1.395	  0.000
14	  2.640	 26.023	  1.005	  1.395	  0.000
15	  2.640	 27.610	  1.005	  1.395	  0.000
16	  2.640	 29.198	  1.005	  1.395	  0.000
17	  2.640	 30.785	  1.005	  1.395	  0.000
18	  2.640	 32.372	  1.005	  1.395	  0.000
19	  2.640	 33.959	  1.005	  1.395	  0.000
20	  2.640	 35.547	  1.005	  1.395	  0.000
21	  2.640	 37.134	  1.005	  1.395	  0.000
22	  2.640	 38.721	  1.005	  1.395	  0.000
23	  2.640	 40.309	  1.005	  1.395	  0.000
24	  2.640	 41.896	  1.005	  1.395	  0.000
25	  2.640	 43.483	  1.005	  1.395	  0.000
26	  2.640	 45.071	  1.005	  1.395	  0.000
27	  2.640	 46.658	  1.005	  1.395	  0.000
28	  2.640	 48.245	  1.005	  1.395	  0.000
29	  2.640	 49.833	  1.005	  1.395	  0.000
30	  2.640	 51.420	  1.005	  1.395	  0.000
31	  2.640	 53.007	  1.005	  1.395	  0.000
32	  2.640	 54.594	  1.005	  1.395	  0.000
33	  2.640	 56.182	  1.005	  1.395	  0.000
34	  2.640	 57.769	  1.005	  1.395	  0.000
35	  2.640	 59.356	  1.005	  1.395	  0.000
36	  2.640	 60.944	  1.005	  1.395	  0.000
37	  2.640	 62.531	  1.005	  1.395	  0.000
38	  2.640	 64.118	  1.005	  1.395	  0.000
39	  2.640	 65.706	  1.005	  1.395	  0.000
40	  2.640	 67.293	  1.005	  1.395	  0.000
41	  2.640	 68.880	  1.005	  1.395	  0.000
42	  2.640	 70.467	  1.005	  1.395	  0.000
43	  2.640	 72.055	  1.005	  1.395	  0.000
44	  2.640	 73.642	  1.005	  1.395	  0.000
45	  2.640	 75.229	  1.005	  1.395	  0.000
46	  2.640	 76.817	  1.005	  1.395	  0.000
47	  2.640	 78.404	  1.005	  1.395	  0.000
48	  2.640	 79.991	  1.005	  1.395	  0.000
49	  2.640	 81.579	  1.005	  1.395	  0.000
50	  2.640	 83.166	  1.005	  1.395	  0.000
51	  2.640	 84.753	  1.005	  1.395	  0.000
52	  2.640	 86.340	  1.005	  1.395	  0.000
53	  2.640	 87.928	  1.005	  1.395	  0.000
54	  2.640	 89.515	  1.005	  1.395	  0.000
55	  2.640	 91.102	  1.005	  1.395	  0.000
56	  2.640	 92.690	  1.005	  1.395	  0.000
57	  2.640	 94.277	  1.005	  1.395	  0.000
58	  2.640	 95.864	  1.005	  1.395	  0.000
59	  2.640	 97.452	  1.005	  1.395	  0.000
60	  2.640	 99.039	  1.005	  1.395	  0.000
61	  2.640	100.626	  1.005	  1.395	  0.000
62	  2.640	102.213	  1.005	  1.395	  0.000
0	  2.760	  3.968	  1.005	  1.396	  0.000
1	  2.760	  5.555	  1.005	  1.396	  0.000
2	  2.760	  7.143	  1.005	  1.396	  0.000
3	  2.760	  8.730	  1.005	  1.396	  0.000
4	  2.760	 10.317	  1.005	  1.396	  0.000
5	  2.760	 11.905	  1.005	  1.396	  0.000
6	  2.760	 13.492	  1.005	  1.396	  0.000
7	  2.760	 15.079	  1.005	  1.396	  0.000
8	  2.760	 16.667	  1.005	  1.396	  0.000
9	  2.760	 18.254	  1.005	  1.396	  0.000
10	  2.760	 19.841	  1.005	  1.396	  0.000
11	  2.760	 21.429	  1.005	  1.396	  0.000
12	  2.760	 23.016	  1.005	  1.396	  0.000
13	  2.760	 24.603	  1.005	  1.396	  0.000
14	  2.760	 26.190	  1.005	  1.396	  0.000
15	  2.760	 27.778	  1.005	  1.396	  0.000
16	  2.760	 29.365	  1.005	  1.396	  0.000
17	  2.760	 30.952	  1.005	  1.396	  0.000
18	  2.760	 32.540	  1.005	  1.396	  0.000
19	  2.760	 34.127	  1.005	  1.396	  0.000
20	  2.760	 35.714	  1.005	  1.396	  0.000
21	  2.760	 37.302	  1.005	  1.396	  0.000
22	  2.760	 38.889	  1.005	  1.396	  0.000
23	  2.760	 40.476	  1.005	  1.396	  0.000
24	  2.760	 42.063	  1.005	  1.396	  0.000
25	  2.760	 43.651	  1.005	  1.396	  0.000
26	  2.760	 45.238	  1.005	  1.396	  0.000
27	  2.760	 46.825	  1.005	  1.396	  0.000
28	  2.760	 48.413	  1.005	  1.396	  0.000
29	  2.760	 50.000	  1.005	  1.396	  0.000
30	  2.760	 51.587	  1.005	  1.396	  0.000
31	  2.760	 53.175	  1.005	  1.396	  0.000
32	  2.760	 54.762	  1.005	  1.396	  0.000
33	  2.760	 56.349	  1.005	  1.396	  0.000
34	  2.760	 57.936	  1.005	  1.396	  0.000
35	  2.760	 59.524	  1.005	  1.396	  0.000
36	  2.760	 61.111	  1.005	  1.396	  0.000
37	  2.760	 62.698	  1.005	  1.396	  0.000
38	  2.760	 64.286	  1.005	  1.396	  0.000
39	  2.760	 65.873	  1.005	  1.396	  0.000
40	  2.760	 67.460	  1.005	  1.396	  0.000
41	  2.760	 69.048	  1.005	  1.396	  0.000
42	  2.760	 70.635	  1.005	  1.396	  0.000
43	  2.760	 72.222	  1.005	  1.396	  0.000
44	  2.760	 73.809	  1.005	  1.396	  0.000
45	  2.760	 75.397	  1.005	  1.396	  0.000
46	  2.760	 76.984	  1.005	  1.396	  0.000
47	  2.760	 78.571	  1.005	  1.396	  0.000
48	  2.760	 80.159	  1.005	  1.396	  0.000
49	  2.760	 81.746	  1.005	  1.396	  0.000
50	  2.760	 83.333	  1.005	  1.396	  0.000
51	  2.760	 84.921	  1.005	  1.396	  0.000
52	  2.760	 86.508	  1.005	  1.396	  0.000
53	  2.760	 88.095	  1.005	  1.396	  0.000
54	  2.760	 89.682	  1.005	  1.396	  0.000
55	  2.760	 91.270	  1.005	  1.396	  0.000
56	  2.760	 92.857	  1.005	  1.396	  0.000
57	  2.760	 94.444	  1.005	  1.396	  0.000
58	  2.760	 96.032	  1.005	  1.396	  0.000
59	  2.760	 97.619	  1.005	  1.396	  0.000
60	  2.760	 99.206	  1.005	  1.396	  0.000
61	  2.760	100.794	  1.005	  1.396	  0.000
62	  2.760	102.381	  1.005	  1.396	  0.000
0	  2.880	  4.136	  1.005	  1.397	  0.000
1	  2.880	  5.723	  1.005	  1.397	  0.000
2	  2.880	  7.310	  1.005	  1.397	  0.000
3	  2.880	  8.898	  1.005	  1.397	  0.000
4	  2.880	 10.485	  1.005	  1.397	  0.000
5	  2.880	 12.072	  1.005	  1.397	  0.000
6	  2.880	 13.660	  1.005	  1.397	  0.000
7	  2.880	 15.247	  1.005	  1.397	  0.000
8	  2.880	 16.834	  1.005	  1.397	  0.000
9	  2.880	 18.421	  1.005	  1.397	  0.000
10	  2.880	 20.009	  1.005	  1.397	  0.000
11	  2.880	 21.596	  1.005	  1.397	  0.000
12	  2.880	 23.183	  1.005	  1.397	  0.000
13	  2.880	 24.771	  1.005	  1.397	  0.000
14	  2.880	 26.358	  1.005	  1.397	  0.000
15	  2.880	 27.945	  1.005	  1.397	  0.000
16	  2.880	 29.533	  1.005	  1.397	  0.000
17	  2.880	 31.120	  1.005	  1.397	  0.000
18	  2.880	 32.707	  1.005	  1.397	  0.000
19	  2.880	 34.295	  1.005	  1.397	  0.000
20	  2.880	 35.882	  1.005	  1.397	  0.000
21	  2.880	 37.469	  1.005	  1.397	  0.000
22	  2.880	 39.056	  1.005	  1.397	  0.000
23	  2.880	 40.644	  1.005	  1.397	  0.000
24	  2.880	 42.231	  1.005	  1.397	  0.000
25	  2.880	 43.818	  1.005	  1.397	  0.000
26	  2.880	 45.406	  1.005	  1.397	  0.000
27	  2.880	 46.993	  1.005	  1.397	  0.000
28	  2.880	 48.580	  1.005	  1.397	  0.000
29	  2.880	 50.168	  1.005	  1.397	  0.000
30	  2.880	 51.755	  1.005	  1.397	  0.000
31	  2.880	 53.342	  1.005	  1.397	  0.000
32	  2.880	 54.929	  1.005	  1.397	  0.000
33	  2.880	 56.517	  1.005	  1.397	  0.000
34	  2.880	 58.104	  1.005	  1.397	  0.000
35	  2.880	 59.691	  1.005	  1.397	  0.000
36	  2.880	 61.279	  1.005	  1.397	  0.000
37	  2.880	 62.866	  1.005	  1.397	  0.000
38	  2.880	 64.453	  1.005	  1.397	  0.000
39	  2.880	 66.041	  1.005	  1.397	  0.000
40	  2.880	 67.628	  1.005	  1.397	  0.000
41	  2.880	 69.215	  1.005	  1.397	  0.000
42	  2.880	 70.802	  1.005	  1.397	  0.000
43	  2.880	 72.390	  1.005	  1.397	  0.000
44	  2.880	 73.977	  1.005	  1.397	  0.000
45	  2.880	 75.564	  1.005	  1.397	  0.000
46	  2.880	 77.152	  1.005	  1.397	  0.000
47	  2.880	 78.739	  1.005	  1.397	  0.000
48	  2.880	 80.326	  1.005	  1.397	  0.000
49	  2.880	 81.914	  1.005	  1.397	  0.000
50	  2.880	 83.501	  1.005	  1.397	  0.000
51	  2.880	 85.088	  1.005	  1.397	  0.000
52	  2.880	 86.675	  1.005	  1.397	  0.000
53	  2.880	 88.263	  1.005	  1.397	  0.000
54	  2.880	 89.850	  1.005	  1.397	  0.000
55	  2.880	 91.437	  1.005	  1.397	  0.000
56	  2.880	 93.025	  1.005	  1.397	  0.000
57	  2.880	 94.612	  1.005	  1.397	  0.000
58	  2.880	 96.199	  1.005	  1.397	  0.000
59	  2.880	 97.787	  1.005	  1.397	  0.000
60	  2.880	 99.374	  1.005	  1.397	  0.000
61	  2.880	100.961	  1.005	  1.397	  0.000
62	  2.880	102.548	  1.005	  1.397	  0.000
0	  3.000	  4.303	  1.005	  1.398	  0.000
1	  3.000	  5.891	  1.005	  1.398	  0.000
2	  3.000	  7.478	  1.005	  1.398	  0.000
3	  3.000	  9.065	  1.005	  1.398	  0.000
4	  3.000	 10.653	  1.005	  1.398	  0.000
5	  3.000	 12.240	  1.005	  1.398	  0.000
6	  3.000	 13.827	  1.005	  1.398	  0.000
7	  3.000	 15.415	  1.005	  1.398	  0.000
8	  3.000	 17.002	  1.005	  1.398	  0.000
9	  3.000	 18.589	  1.005	  1.398	  0.000
10	  3.000	 20.177	  1.005	  1.398	  0.000
11	  3.000	 21.764	  1.005	  1.398	  0.000
12	  3.000	 23.351	  1.005	  1.398	  0.000
13	  3.000	 24.938	  1.005	  1.398	  0.000
14	  3.000	 26.526	  1.005	  1.398	  0.000
15	  3.000	 28.113	  1.005	  1.398	  0.000
16	  3.000	 29.700	  1.005	  1.398	  0.000
17	  3.000	 31.288	  1.005	  1.398	  0.000
18	  3.000	 32.875	  1.005	  1.398	  0.000
19	  3.000	 34.462	  1.005	  1.398	  0.000
20	  3.000	 36.050	  1.005	  1.398	  0.000
21	  3.000	 37.637	  1.005	  1.398	  0.000
22	  3.000	 39.224	  1.005	  1.398	  0.000
23	  3.000	 40.811	  1.005	  1.398	  0.000
24	  3.000	 42.399	  1.005	  1.398	  0.000
25	  3.000	 43.986	  1.005	  1.398	  0.000
26	  3.000	 45.573	  1.005	  1.398	  0.000
27	  3.000	 47.161	  1.005	  1.398	  0.000
28	  3.000	 48.748	  1.005	  1.398	  0.000
29	  3.000	 50.335	  1.005	  1.398	  0.000
30	  3.000	 51.923	  1.005	  1.398	  0.000
31	  3.000	 53.510	  1.005	  1.398	  0.000
32	  3.000	 55.097	  1.005	  1.398	  0.000
33	  3.000	 56.684	  1.005	  1.398	  0.000
34	  3.000	 58.272	  1.005	  1.398	  0.000
35	  3.000	 59.859	  1.005	  1.398	  0.000
36	  3.000	 61.446	  1.005	  1.398	  0.000
37	  3.000	 63.034	  1.005	  1.398	  0.000
38	  3.000	 64.621	  1.005	  1.398	  0.000
39	  3.000	 66.208	  1.005	  1.398	  0.000
40	  3.000	 67.796	  1.005	  1.398	  0.000
41	  3.000	 69.383	  1.005	  1.398	  0.000
42	  3.000	 70.970	  1.005	  1.398	  0.000
43	  3.000	 72.557	  1.005	  1.398	  0.000
44	  3.000	 74.145	  1.005	  1.398	  0.000
45	  3.000	 75.732	  1.005	  1.398	  0.000
46	  3.000	 77.319	  1.005	  1.398	  0.000
47	  3.000	 78.907	  1.005	  1.398	  0.000
48	  3.000	 80.494	  1.005	  1.398	  0.000
49	  3.000	 82.081	  1.005	  1.398	  0.000
50	  3.000	 83.669	  1.005	  1.398	  0.000
51	  3.000	 85.256	  1.005	  1.398	  0.000
52	  3.000	 86.843	  1.005	  1.398	  0.000
53	  3.000	 88.430	  1.005	  1.398	  0.000
54	  3.000	 90.018	  1.005	  1.398	  0.000
55	  3.000	 91.605	  1.005	  1.398	  0.000
56	  3.000	 93.192	  1.005	  1.398	  0.000
57	  3.000	 94.780	  1.005	  1.398	  0.000
58	  3.000	 96.367	  1.005	  1.398	  0.000
59	  3.000	 97.954	  1.005	  1.398	  0.000
60	  3.000	 99.542	  1.005	  1.398	  0.000
61	  3.000	101.129	  1.005	  1.398	  0.000
62	  3.000	102.716	  1.005	  1.398	  0.000
