# id	 time	 x	 y	 vx	 vy
0	  0.000	  0.847	  1.000	  0.010	  0.010
1	  0.000	  2.542	  1.000	  0.010	  0.010
2	  0.000	  4.237	  1.000	  0.010	  0.010
3	  0.000	  5.932	  1.000	  0.010	  0.010
4	  0.000	  7.627	  1.000	  0.010	  0.010
5	  0.000	  9.322	  1.000	  0.010	  0.010
6	  0.000	 11.017	  1.000	  0.010	  0.010
7	  0.000	 12.712	  1.000	  0.010	  0.010
8	  0.000	 14.407	  1.000	  0.010	  0.010
9	  0.000	 16.102	  1.000	  0.010	  0.010
10	  0.000	 17.797	  1.000	  0.010	  0.010
11	  0.000	 19.492	  1.000	  0.010	  0.010
12	  0.000	 21.186	  1.000	  0.010	  0.010
13	  0.000	 22.881	  1.000	  0.010	  0.010
14	  0.000	 24.576	  1.000	  0.010	  0.010
15	  0.000	 26.271	  1.000	  0.010	  0.010
16	  0.000	 27.966	  1.000	  0.010	  0.010
17	  0.000	 29.661	  1.000	  0.010	  0.010
18	  0.000	 31.356	  1.000	  0.010	  0.010
19	  0.000	 33.051	  1.000	  0.010	  0.010
20	  0.000	 34.746	  1.000	  0.010	  0.010
21	  0.000	 36.441	  1.000	  0.010	  0.010
22	  0.000	 38.136	  1.000	  0.010	  0.010
23	  0.000	 39.831	  1.000	  0.010	  0.010
24	  0.000	 41.525	  1.000	  0.010	  0.010
25	  0.000	 43.220	  1.000	  0.010	  0.010
26	  0.000	 44.915	  1.000	  0.010	  0.010
27	  0.000	 46.610	  1.000	  0.010	  0.010
28	  0.000	 48.305	  1.000	  0.010	  0.010
29	  0.000	 50.000	  1.000	  0.010	  0.010
30	  0.000	 51.695	  1.000	  0.010	  0.010
31	  0.000	 53.390	  1.000	  0.010	  0.010
32	  0.000	 55.085	  1.000	  0.010	  0.010
33	  0.000	 56.780	  1.000	  0.010	  0.010
34	  0.000	 58.475	  1.000	  0.010	  0.010
35	  0.000	 60.169	  1.000	  0.010	  0.010
36	  0.000	 61.864	  1.000	  0.010	  0.010
37	  0.000	 63.559	  1.000	  0.010	  0.010
38	  0.000	 65.254	  1.000	  0.010	  0.010
39	  0.000	 66.949	  1.000	  0.010	  0.010
40	  0.000	 68.644	  1.000	  0.010	  0.010
41	  0.000	 70.339	  1.000	  0.010	  0.010
42	  0.000	 72.034	  1.000	  0.010	  0.010
43	  0.000	 73.729	  1.000	  0.010	  0.010
44	  0.000	 75.424	  1.000	  0.010	  0.010
45	  0.000	 77.119	  1.000	  0.010	  0.010
46	  0.000	 78.814	  1.000	  0.010	  0.010
47	  0.000	 80.508	  1.000	  0.010	  0.010
48	  0.000	 82.203	  1.000	  0.010	  0.010
49	  0.000	 83.898	  1.000	  0.010	  0.010
50	  0.000	 85.593	  1.000	  0.010	  0.010
51	  0.000	 87.288	  1.000	  0.010	  0.010
52	  0.000	 88.983	  1.000	  0.010	  0.010
53	  0.000	 90.678	  1.000	  0.010	  0.010
54	  0.000	 92.373	  1.000	  0.010	  0.010
55	  0.000	 94.068	  1.000	  0.010	  0.010
56	  0.000	 95.763	  1.000	  0.010	  0.010
57	  0.000	 97.458	  1.000	  0.010	  0.010
58	  0.000	 99.153	  1.000	  0.010	  0.010
0	  0.120	  0.867	  1.001	  0.325	  0.008
1	  0.120	  2.562	  1.001	  0.325	  0.008
2	  0.120	  4.257	  1.001	  0.325	  0.008
3	  0.120	  5.951	  1.001	  0.325	  0.008
4	  0.120	  7.646	  1.001	  0.325	  0.008
5	  0.120	  9.341	  1.001	  0.325	  0.008
6	  0.120	 11.036	  1.001	  0.325	  0.008
7	  0.120	 12.731	  1.001	  0.325	  0.008
8	  0.120	 14.426	  1.001	  0.325	  0.008
9	  0.120	 16.121	  1.001	  0.325	  0.008
10	  0.120	 17.816	  1.001	  0.325	  0.008
11	  0.120	 19.511	  1.001	  0.325	  0.008
12	  0.120	 21.206	  1.001	  0.325	  0.008
13	  0.120	 22.901	  1.001	  0.325	  0.008
14	  0.120	 24.596	  1.001	  0.325	  0.008
15	  0.120	 26.290	  1.001	  0.325	  0.008
16	  0.120	 27.985	  1.001	  0.325	  0.008
17	  0.120	 29.680	  1.001	  0.325	  0.008
18	  0.120	 31.375	  1.001	  0.325	  0.008
19	  0.120	 33.070	  1.001	  0.325	  0.008
20	  0.120	 34.765	  1.001	  0.325	  0.008
21	  0.120	 36.460	  1.001	  0.325	  0.008
22	  0.120	 38.155	  1.001	  0.325	  0.008
23	  0.120	 39.850	  1.001	  0.325	  0.008
24	  0.120	 41.545	  1.001	  0.325	  0.008
25	  0.120	 43.240	  1.001	  0.325	  0.008
26	  0.120	 44.935	  1.001	  0.325	  0.008
27	  0.120	 46.629	  1.001	  0.325	  0.008
28	  0.120	 48.324	  1.001	  0.325	  0.008
29	  0.120	 50.019	  1.001	  0.325	  0.008
30	  0.120	 51.714	  1.001	  0.325	  0.008
31	  0.120	 53.409	  1.001	  0.325	  0.008
32	  0.120	 55.104	  1.001	  0.325	  0.008
33	  0.120	 56.799	  1.001	  0.325	  0.008
34	  0.120	 58.494	  1.001	  0.325	  0.008
35	  0.120	 60.189	  1.001	  0.325	  0.008
36	  0.120	 61.884	  1.001	  0.325	  0.008
37	  0.120	 63.579	  1.001	  0.325	  0.008
38	  0.120	 65.274	  1.001	  0.325	  0.008
39	  0.120	 66.968	  1.001	  0.325	  0.008
40	  0.120	 68.663	  1.001	  0.325	  0.008
41	  0.120	 70.358	  1.001	  0.325	  0.008
42	  0.120	 72.053	  1.001	  0.325	  0.008
43	  0.120	 73.748	  1.001	  0.325	  0.008
44	  0.120	 75.443	  1.001	  0.325	  0.008
45	  0.120	 77.138	  1.001	  0.325	  0.008
46	  0.120	 78.833	  1.001	  0.325	  0.008
47	  0.120	 80.528	  1.001	  0.325	  0.008
48	  0.120	 82.223	  1.001	  0.325	  0.008
49	  0.120	 83.918	  1.001	  0.325	  0.008
50	  0.120	 85.613	  1.001	  0.325	  0.008
51	  0.120	 87.307	  1.001	  0.325	  0.008
52	  0.120	 89.002	  1.001	  0.325	  0.008
53	  0.120	 90.697	  1.001	  0.325	  0.008
54	  0.120	 92.392	  1.001	  0.325	  0.008
55	  0.120	 94.087	  1.001	  0.325	  0.008
56	  0.120	 95.782	  1.001	  0.325	  0.008
57	  0.120	 97.477	  1.001	  0.325	  0.008
58	  0.120	 99.172	  1.001	  0.325	  0.008
0	  0.240	  0.920	  1.002	  0.573	  0.006
1	  0.240	  2.615	  1.002	  0.573	  0.006
2	  0.240	  4.310	  1.002	  0.573	  0.006
3	  0.240	  6.005	  1.002	  0.573	  0.006
4	  0.240	  7.700	  1.002	  0.573	  0.006
5	  0.240	  9.395	  1.002	  0.573	  0.006
6	  0.240	 11.089	  1.002	  0.573	  0.006
7	  0.240	 12.784	  1.002	  0.573	  0.006
8	  0.240	 14.479	  1.002	  0.573	  0.006
9	  0.240	 16.174	  1.002	  0.573	  0.006
10	  0.240	 17.869	  1.002	  0.573	  0.006
11	  0.240	 19.564	  1.002	  0.573	  0.006
12	  0.240	 21.259	  1.002	  0.573	  0.006
13	  0.240	 22.954	  1.002	  0.573	  0.006
14	  0.240	 24.649	  1.002	  0.573	  0.006
15	  0.240	 26.344	  1.002	  0.573	  0.006
16	  0.240	 28.039	  1.002	  0.573	  0.006
17	  0.240	 29.734	  1.002	  0.573	  0.006
18	  0.240	 31.428	  1.002	  0.573	  0.006
19	  0.240	 33.123	  1.002	  0.573	  0.006
20	  0.240	 34.818	  1.002	  0.573	  0.006
21	  0.240	 36.513	  1.002	  0.573	  0.006
22	  0.240	 38.208	  1.002	  0.573	  0.006
23	  0.240	 39.903	  1.002	  0.573	  0.006
24	  0.240	 41.598	  1.002	  0.573	  0.006
25	  0.240	 43.293	  1.002	  0.573	  0.006
26	  0.240	 44.988	  1.002	  0.573	  0.006
27	  0.240	 46.683	  1.002	  0.573	  0.006
28	  0.240	 48.378	  1.002	  0.573	  0.006
29	  0.240	 50.073	  1.002	  0.573	  0.006
30	  0.240	 51.767	  1.002	  0.573	  0.006
31	  0.240	 53.462	  1.002	  0.573	  0.006
32	  0.240	 55.157	  1.002	  0.573	  0.006
33	  0.240	 56.852	  1.002	  0.573	  0.006
34	  0.240	 58.547	  1.002	  0.573	  0.006
35	  0.240	 60.242	  1.002	  0.573	  0.006
36	  0.240	 61.937	  1.002	  0.573	  0.006
37	  0.240	 63.632	  1.002	  0.573	  0.006
38	  0.240	 65.327	  1.002	  0.573	  0.006
39	  0.240	 67.022	  1.002	  0.573	  0.006
40	  0.240	 68.717	  1.002	  0.573	  0.006
41	  0.240	 70.412	  1.002	  0.573	  0.006
42	  0.240	 72.106	  1.002	  0.573	  0.006
43	  0.240	 73.801	  1.002	  0.573	  0.006
44	  0.240	 75.496	  1.002	  0.573	  0.006
45	  0.240	 77.191	  1.002	  0.573	  0.006
46	  0.240	 78.886	  1.002	  0.573	  0.006
47	  0.240	 80.581	  1.002	  0.573	  0.006
48	  0.240	 82.276	  1.002	  0.573	  0.006
49	  0.240	 83.971	  1.002	  0.573	  0.006
50	  0.240	 85.666	  1.002	  0.573	  0.006
51	  0.240	 87.361	  1.002	  0.573	  0.006
52	  0.240	 89.056	  1.002	  0.573	  0.006
53	  0.240	 90.750	  1.002	  0.573	  0.006
54	  0.240	 92.445	  1.002	  0.573	  0.006
55	  0.240	 94.140	  1.002	  0.573	  0.006
56	  0.240	 95.835	  1.002	  0.573	  0.006
57	  0.240	 97.530	  1.002	  0.573	  0.006
58	  0.240	 99.225	  1.002	  0.573	  0.006
0	  0.360	  1.000	  1.003	  0.767	  0.005
1	  0.360	  2.695	  1.003	  0.767	  0.005
2	  0.360	  4.390	  1.003	  0.767	  0.005
3	  0.360	  6.085	  1.003	  0.767	  0.005
4	  0.360	  7.779	  1.003	  0.767	  0.005
5	  0.360	  9.474	  1.003	  0.767	  0.005
6	  0.360	 11.169	  1.003	  0.767	  0.005
7	  0.360	 12.864	  1.003	  0.767	  0.005
8	  0.360	 14.559	  1.003	  0.767	  0.005
9	  0.360	 16.254	  1.003	  0.767	  0.005
10	  0.360	 17.949	  1.003	  0.767	  0.005
11	  0.360	 19.644	  1.003	  0.767	  0.005
12	  0.360	 21.339	  1.003	  0.767	  0.005
13	  0.360	 23.034	  1.003	  0.767	  0.005
14	  0.360	 24.729	  1.003	  0.767	  0.005
15	  0.360	 26.424	  1.003	  0.767	  0.005
16	  0.360	 28.118	  1.003	  0.767	  0.005
17	  0.360	 29.813	  1.003	  0.767	  0.005
18	  0.360	 31.508	  1.003	  0.767	  0.005
19	  0.360	 33.203	  1.003	  0.767	  0.005
20	  0.360	 34.898	  1.003	  0.767	  0.005
21	  0.360	 36.593	  1.003	  0.767	  0.005
22	  0.360	 38.288	  1.003	  0.767	  0.005
23	  0.360	 39.983	  1.003	  0.767	  0.005
24	  0.360	 41.678	  1.003	  0.767	  0.005
25	  0.360	 43.373	  1.003	  0.767	  0.005
26	  0.360	 45.068	  1.003	  0.767	  0.005
27	  0.360	 46.763	  1.003	  0.767	  0.005
28	  0.360	 48.457	  1.003	  0.767	  0.005
29	  0.360	 50.152	  1.003	  0.767	  0.005
30	  0.360	 51.847	  1.003	  0.767	  0.005
31	  0.360	 53.542	  1.003	  0.767	  0.005
32	  0.360	 55.237	  1.003	  0.767	  0.005
33	  0.360	 56.932	  1.003	  0.767	  0.005
34	  0.360	 58.627	  1.003	  0.767	  0.005
35	  0.360	 60.322	  1.003	  0.767	  0.005
36	  0.360	 62.017	  1.003	  0.767	  0.005
37	  0.360	 63.712	  1.003	  0.767	  0.005
38	  0.360	 65.407	  1.003	  0.767	  0.005
39	  0.360	 67.102	  1.003	  0.767	  0.005
40	  0.360	 68.796	  1.003	  0.767	  0.005
41	  0.360	 70.491	  1.003	  0.767	  0.005
42	  0.360	 72.186	  1.003	  0.767	  0.005
43	  0.360	 73.881	  1.003	  0.767	  0.005
44	  0.360	 75.576	  1.003	  0.767	  0.005
45	  0.360	 77.271	  1.003	  0.767	  0.005
46	  0.360	 78.966	  1.003	  0.767	  0.005
47	  0.360	 80.661	  1.003	  0.767	  0.005
48	  0.360	 82.356	  1.003	  0.767	  0.005
49	  0.360	 84.051	  1.003	  0.767	  0.005
50	  0.360	 85.746	  1.003	  0.767	  0.005
51	  0.360	 87.441	  1.003	  0.767	  0.005
52	  0.360	 89.135	  1.003	  0.767	  0.005
53	  0.360	 90.830	  1.003	  0.767	  0.005
54	  0.360	 92.525	  1.003	  0.767	  0.005
55	  0.360	 94.220	  1.003	  0.767	  0.005
56	  0.360	 95.915	  1.003	  0.767	  0.005
57	  0.360	 97.610	  1.003	  0.767	  0.005
58	  0.360	 99.305	  1.003	  0.767	  0.005
0	  0.480	  1.101	  1.003	  0.919	  0.004
1	  0.480	  2.796	  1.003	  0.919	  0.004
2	  0.480	  4.490	  1.003	  0.919	  0.004
3	  0.480	  6.185	  1.003	  0.919	  0.004
4	  0.480	  7.880	  1.003	  0.919	  0.004
5	  0.480	  9.575	  1.003	  0.919	  0.004
6	  0.480	 11.270	  1.003	  0.919	  0.004
7	  0.480	 12.965	  1.003	  0.919	  0.004
8	  0.480	 14.660	  1.003	  0.919	  0.004
9	  0.480	 16.355	  1.003	  0.919	  0.004
10	  0.480	 18.050	  1.003	  0.919	  0.004
11	  0.480	 19.745	  1.003	  0.919	  0.004
12	  0.480	 21.440	  1.003	  0.919	  0.004
13	  0.480	 23.134	  1.003	  0.919	  0.004
14	  0.480	 24.829	  1.003	  0.919	  0.004
15	  0.480	 26.524	  1.003	  0.919	  0.004
16	  0.480	 28.219	  1.003	  0.919	  0.004
17	  0.480	 29.914	  1.003	  0.919	  0.004
18	  0.480	 31.609	  1.003	  0.919	  0.004
19	  0.480	 33.304	  1.003	  0.919	  0.004
20	  0.480	 34.999	  1.003	  0.919	  0.004
21	  0.480	 36.694	  1.003	  0.919	  0.004
22	  0.480	 38.389	  1.003	  0.919	  0.004
23	  0.480	 40.084	  1.003	  0.919	  0.004
24	  0.480	 41.779	  1.003	  0.919	  0.004
25	  0.480	 43.473	  1.003	  0.919	  0.004
26	  0.480	 45.168	  1.003	  0.919	  0.004
27	  0.480	 46.863	  1.003	  0.919	  0.004
28	  0.480	 48.558	  1.003	  0.919	  0.004
29	  0.480	 50.253	  1.003	  0.919	  0.004
30	  0.480	 51.948	  1.003	  0.919	  0.004
31	  0.480	 53.643	  1.003	  0.919	  0.004
32	  0.480	 55.338	  1.003	  0.919	  0.004
33	  0.480	 57.033	  1.003	  0.919	  0.004
34	  0.480	 58.728	  1.003	  0.919	  0.004
35	  0.480	 60.423	  1.003	  0.919	  0.004
36	  0.480	 62.118	  1.003	  0.919	  0.004
37	  0.480	 63.812	  1.003	  0.919	  0.004
38	  0.480	 65.507	  1.003	  0.919	  0.004
39	  0.480	 67.202	  1.003	  0.919	  0.004
40	  0.480	 68.897	  1.003	  0.919	  0.004
41	  0.480	 70.592	  1.003	  0.919	  0.004
42	  0.480	 72.287	  1.003	  0.919	  0.004
43	  0.480	 73.982	  1.003	  0.919	  0.004
44	  0.480	 75.677	  1.003	  0.919	  0.004
45	  0.480	 77.372	  1.003	  0.919	  0.004
46	  0.480	 79.067	  1.003	  0.919	  0.004
47	  0.480	 80.762	  1.003	  0.919	  0.004
48	  0.480	 82.457	  1.003	  0.919	  0.004
49	  0.480	 84.151	  1.003	  0.919	  0.004
50	  0.480	 85.846	  1.003	  0.919	  0.004
51	  0.480	 87.541	  1.003	  0.919	  0.004
52	  0.480	 89.236	  1.003	  0.919	  0.004
53	  0.480	 90.931	  1.003	  0.919	  0.004
54	  0.480	 92.626	  1.003	  0.919	  0.004
55	  0.480	 94.321	  1.003	  0.919	  0.004
56	  0.480	 96.016	  1.003	  0.919	  0.004
57	  0.480	 97.711	  1.003	  0.919	  0.004
58	  0.480	 99.406	  1.003	  0.919	  0.004
0	  0.600	  1.218	  1.004	  1.039	  0.003
1	  0.600	  2.913	  1.004	  1.039	  0.003
2	  0.600	  4.608	  1.004	  1.039	  0.003
3	  0.600	  6.302	  1.004	  1.039	  0.003
4	  0.600	  7.997	  1.004	  1.039	  0.003
5	  0.600	  9.692	  1.004	  1.039	  0.003
6	  0.600	 11.387	  1.004	  1.039	  0.003
7	  0.600	 13.082	  1.004	  1.039	  0.003
8	  0.600	 14.777	  1.004	  1.039	  0.003
9	  0.600	 16.472	  1.004	  1.039	  0.003
10	  0.600	 18.167	  1.004	  1.039	  0.003
11	  0.600	 19.862	  1.004	  1.039	  0.003
12	  0.600	 21.557	  1.004	  1.039	  0.003
13	  0.600	 23.252	  1.004	  1.039	  0.003
14	  0.600	 24.947	  1.004	  1.039	  0.003
15	  0.600	 26.641	  1.004	  1.039	  0.003
16	  0.600	 28.336	  1.004	  1.039	  0.003
17	  0.600	 30.031	  1.004	  1.039	  0.003
18	  0.600	 31.726	  1.004	  1.039	  0.003
19	  0.600	 33.421	  1.004	  1.039	  0.003
20	  0.600	 35.116	  1.004	  1.039	  0.003
21	  0.600	 36.811	  1.004	  1.039	  0.003
22	  0.600	 38.506	  1.004	  1.039	  0.003
23	  0.600	 40.201	  1.004	  1.039	  0.003
24	  0.600	 41.896	  1.004	  1.039	  0.003
25	  0.600	 43.591	  1.004	  1.039	  0.003
26	  0.600	 45.286	  1.004	  1.039	  0.003
27	  0.600	 46.980	  1.004	  1.039	  0.003
28	  0.600	 48.675	  1.004	  1.039	  0.003
29	  0.600	 50.370	  1.004	  1.039	  0.003
30	  0.600	 52.065	  1.004	  1.039	  0.003
31	  0.600	 53.760	  1.004	  1.039	  0.003
32	  0.600	 55.455	  1.004	  1.039	  0.003
33	  0.600	 57.150	  1.004	  1.039	  0.003
34	  0.600	 58.845	  1.004	  1.039	  0.003
35	  0.600	 60.540	  1.004	  1.039	  0.003
36	  0.600	 62.235	  1.004	  1.039	  0.003
37	  0.600	 63.930	  1.004	  1.039	  0.003
38	  0.600	 65.625	  1.004	  1.039	  0.003
39	  0.600	 67.319	  1.004	  1.039	  0.003
40	  0.600	 69.014	  1.004	  1.039	  0.003
41	  0.600	 70.709	  1.004	  1.039	  0.003
42	  0.600	 72.404	  1.004	  1.039	  0.003
43	  0.600	 74.099	  1.004	  1.039	  0.003
44	  0.600	 75.794	  1.004	  1.039	  0.003
45	  0.600	 77.489	  1.004	  1.039	  0.003
46	  0.600	 79.184	  1.004	  1.039	  0.003
47	  0.600	 80.879	  1.004	  1.039	  0.003
48	  0.600	 82.574	  1.004	  1.039	  0.003
49	  0.600	 84.269	  1.004	  1.039	  0.003
50	  0.600	 85.964	  1.004	  1.039	  0.003
51	  0.600	 87.658	  1.004	  1.039	  0.003
52	  0.600	 89.353	  1.004	  1.039	  0.003
53	  0.600	 91.048	  1.004	  1.039	  0.003
54	  0.600	 92.743	  1.004	  1.039	  0.003
55	  0.600	 94.438	  1.004	  1.039	  0.003
56	  0.600	 96.133	  1.004	  1.039	  0.003
57	  0.600	 97.828	  1.004	  1.039	  0.003
58	  0.600	 99.523	  1.004	  1.039	  0.003
0	  0.720	  1.348	  1.004	  1.132	  0.002
1	  0.720	  3.043	  1.004	  1.132	  0.002
2	  0.720	  4.738	  1.004	  1.132	  0.002
3	  0.720	  6.432	  1.004	  1.132	  0.002
4	  0.720	  8.127	  1.004	  1.132	  0.002
5	  0.720	  9.822	  1.004	  1.132	  0.002
6	  0.720	 11.517	  1.004	  1.132	  0.002
7	  0.720	 13.212	  1.004	  1.132	  0.002
8	  0.720	 14.907	  1.004	  1.132	  0.002
9	  0.720	 16.602	  1.004	  1.132	  0.002
10	  0.720	 18.297	  1.004	  1.132	  0.002
11	  0.720	 19.992	  1.004	  1.132	  0.002
12	  0.720	 21.687	  1.004	  1.132	  0.002
13	  0.720	 23.382	  1.004	  1.132	  0.002
14	  0.720	 25.077	  1.004	  1.132	  0.002
15	  0.720	 26.771	  1.004	  1.132	  0.002
16	  0.720	 28.466	  1.004	  1.132	  0.002
17	  0.720	 30.161	  1.004	  1.132	  0.002
18	  0.720	 31.856	  1.004	  1.132	  0.002
19	  0.720	 33.551	  1.004	  1.132	  0.002
20	  0.720	 35.246	  1.004	  1.132	  0.002
21	  0.720	 36.941	  1.004	  1.132	  0.002
22	  0.720	 38.636	  1.004	  1.132	  0.002
23	  0.720	 40.331	  1.004	  1.132	  0.002
24	  0.720	 42.026	  1.004	  1.132	  0.002
25	  0.720	 43.721	  1.004	  1.132	  0.002
26	  0.720	 45.416	  1.004	  1.132	  0.002
27	  0.720	 47.110	  1.004	  1.132	  0.002
28	  0.720	 48.805	  1.004	  1.132	  0.002
29	  0.720	 50.500	  1.004	  1.132	  0.002
30	  0.720	 52.195	  1.004	  1.132	  0.002
31	  0.720	 53.890	  1.004	  1.132	  0.002
32	  0.720	 55.585	  1.004	  1.132	  0.002
33	  0.720	 57.280	  1.004	  1.132	  0.002
34	  0.720	 58.975	  1.004	  1.132	  0.002
35	  0.720	 60.670	  1.004	  1.132	  0.002
36	  0.720	 62.365	  1.004	  1.132	  0.002
37	  0.720	 64.060	  1.004	  1.132	  0.002
38	  0.720	 65.755	  1.004	  1.132	  0.002
39	  0.720	 67.449	  1.004	  1.132	  0.002
40	  0.720	 69.144	  1.004	  1.132	  0.002
41	  0.720	 70.839	  1.004	  1.132	  0.002
42	  0.720	 72.534	  1.004	  1.132	  0.002
43	  0.720	 74.229	  1.004	  1.132	  0.002
44	  0.720	 75.924	  1.004	  1.132	  0.002
45	  0.720	 77.619	  1.004	  1.132	  0.002
46	  0.720	 79.314	  1.004	  1.132	  0.002
47	  0.720	 81.009	  1.004	  1.132	  0.002
48	  0.720	 82.704	  1.004	  1.132	  0.002
49	  0.720	 84.399	  1.004	  1.132	  0.002
50	  0.720	 86.094	  1.004	  1.132	  0.002
51	  0.720	 87.788	  1.004	  1.132	  0.002
52	  0.720	 89.483	  1.004	  1.132	  0.002
53	  0.720	 91.178	  1.004	  1.132	  0.002
54	  0.720	 92.873	  1.004	  1.132	  0.002
55	  0.720	 94.568	  1.004	  1.132	  0.002
56	  0.720	 96.263	  1.004	  1.132	  0.002
57	  0.720	 97.958	  1.004	  1.132	  0.002
58	  0.720	 99.653	  1.004	  1.132	  0.002
0	  0.840	  1.488	  1.004	  1.206	  0.002
1	  0.840	  3.183	  1.004	  1.206	  0.002
2	  0.840	  4.878	  1.004	  1.206	  0.002
3	  0.840	  6.573	  1.004	  1.206	  0.002
4	  0.840	  8.268	  1.004	  1.206	  0.002
5	  0.840	  9.962	  1.004	  1.206	  0.002
6	  0.840	 11.657	  1.004	  1.206	  0.002
7	  0.840	 13.352	  1.004	  1.206	  0.002
8	  0.840	 15.047	  1.004	  1.206	  0.002
9	  0.840	 16.742	  1.004	  1.206	  0.002
10	  0.840	 18.437	  1.004	  1.206	  0.002
11	  0.840	 20.132	  1.004	  1.206	  0.002
12	  0.840	 21.827	  1.004	  1.206	  0.002
13	  0.840	 23.522	  1.004	  1.206	  0.002
14	  0.840	 25.217	  1.004	  1.206	  0.002
15	  0.840	 26.912	  1.004	  1.206	  0.002
16	  0.840	 28.607	  1.004	  1.206	  0.002
17	  0.840	 30.301	  1.004	  1.206	  0.002
18	  0.840	 31.996	  1.004	  1.206	  0.002
19	  0.840	 33.691	  1.004	  1.206	  0.002
20	  0.840	 35.386	  1.004	  1.206	  0.002
21	  0.840	 37.081	  1.004	  1.206	  0.002
22	  0.840	 38.776	  1.004	  1.206	  0.002
23	  0.840	 40.471	  1.004	  1.206	  0.002
24	  0.840	 42.166	  1.004	  1.206	  0.002
25	  0.840	 43.861	  1.004	  1.206	  0.002
26	  0.840	 45.556	  1.004	  1.206	  0.002
27	  0.840	 47.251	  1.004	  1.206	  0.002
28	  0.840	 48.945	  1.004	  1.206	  0.002
29	  0.840	 50.640	  1.004	  1.206	  0.002
30	  0.840	 52.335	  1.004	  1.206	  0.002
31	  0.840	 54.030	  1.004	  1.206	  0.002
32	  0.840	 55.725	  1.004	  1.206	  0.002
33	  0.840	 57.420	  1.004	  1.206	  0.002
34	  0.840	 59.115	  1.004	  1.206	  0.002
35	  0.840	 60.810	  1.004	  1.206	  0.002
36	  0.840	 62.505	  1.004	  1.206	  0.002
37	  0.840	 64.200	  1.004	  1.206	  0.002
38	  0.840	 65.895	  1.004	  1.206	  0.002
39	  0.840	 67.590	  1.004	  1.206	  0.002
40	  0.840	 69.284	  1.004	  1.206	  0.002
41	  0.840	 70.979	  1.004	  1.206	  0.002
42	  0.840	 72.674	  1.004	  1.206	  0.002
43	  0.840	 74.369	  1.004	  1.206	  0.002
44	  0.840	 76.064	  1.004	  1.206	  0.002
45	  0.840	 77.759	  1.004	  1.206	  0.002
46	  0.840	 79.454	  1.004	  1.206	  0.002
47	  0.840	 81.149	  1.004	  1.206	  0.002
48	  0.840	 82.844	  1.004	  1.206	  0.002
49	  0.840	 84.539	  1.004	  1.206	  0.002
50	  0.840	 86.234	  1.004	  1.206	  0.002
51	  0.840	 87.929	  1.004	  1.206	  0.002
52	  0.840	 89.623	  1.004	  1.206	  0.002
53	  0.840	 91.318	  1.004	  1.206	  0.002
54	  0.840	 93.013	  1.004	  1.206	  0.002
55	  0.840	 94.708	  1.004	  1.206	  0.002
56	  0.840	 96.403	  1.004	  1.206	  0.002
57	  0.840	 98.098	  1.004	  1.206	  0.002
58	  0.840	 99.793	  1.004	  1.206	  0.002
0	  0.960	  1.636	  1.004	  1.264	  0.001
1	  0.960	  3.331	  1.004	  1.264	  0.001
2	  0.960	  5.026	  1.004	  1.264	  0.001
3	  0.960	  6.721	  1.004	  1.264	  0.001
4	  0.960	  8.416	  1.004	  1.264	  0.001
5	  0.960	 10.110	  1.004	  1.264	  0.001
6	  0.960	 11.805	  1.004	  1.264	  0.001
7	  0.960	 13.500	  1.004	  1.264	  0.001
8	  0.960	 15.195	  1.004	  1.264	  0.001
9	  0.960	 16.890	  1.004	  1.264	  0.001
10	  0.960	 18.585	  1.004	  1.264	  0.001
11	  0.960	 20.280	  1.004	  1.264	  0.001
12	  0.960	 21.975	  1.004	  1.264	  0.001
13	  0.960	 23.670	  1.004	  1.264	  0.001
14	  0.960	 25.365	  1.004	  1.264	  0.001
15	  0.960	 27.060	  1.004	  1.264	  0.001
16	  0.960	 28.755	  1.004	  1.264	  0.001
17	  0.960	 30.449	  1.004	  1.264	  0.001
18	  0.960	 32.144	  1.004	  1.264	  0.001
19	  0.960	 33.839	  1.004	  1.264	  0.001
20	  0.960	 35.534	  1.004	  1.264	  0.001
21	  0.960	 37.229	  1.004	  1.264	  0.001
22	  0.960	 38.924	  1.004	  1.264	  0.001
23	  0.960	 40.619	  1.004	  1.264	  0.001
24	  0.960	 42.314	  1.004	  1.264	  0.001
25	  0.960	 44.009	  1.004	  1.264	  0.001
26	  0.960	 45.704	  1.004	  1.264	  0.001
27	  0.960	 47.399	  1.004	  1.264	  0.001
28	  0.960	 49.094	  1.004	  1.264	  0.001
29	  0.960	 50.788	  1.004	  1.264	  0.001
30	  0.960	 52.483	  1.004	  1.264	  0.001
31	  0.960	 54.178	  1.004	  1.264	  0.001
32	  0.960	 55.873	  1.004	  1.264	  0.001
33	  0.960	 57.568	  1.004	  1.264	  0.001
34	  0.960	 59.263	  1.004	  1.264	  0.001
35	  0.960	 60.958	  1.004	  1.264	  0.001
36	  0.960	 62.653	  1.004	  1.264	  0.001
37	  0.960	 64.348	  1.004	  1.264	  0.001
38	  0.960	 66.043	  1.004	  1.264	  0.001
39	  0.960	 67.738	  1.004	  1.264	  0.001
40	  0.960	 69.433	  1.004	  1.264	  0.001
41	  0.960	 71.127	  1.004	  1.264	  0.001
42	  0.960	 72.822	  1.004	  1.264	  0.001
43	  0.960	 74.517	  1.004	  1.264	  0.001
44	  0.960	 76.212	  1.004	  1.264	  0.001
45	  0.960	 77.907	  1.004	  1.264	  0.001
46	  0.960	 79.602	  1.004	  1.264	  0.001
47	  0.960	 81.297	  1.004	  1.264	  0.001
48	  0.960	 82.992	  1.004	  1.264	  0.001
49	  0.960	 84.687	  1.004	  1.264	  0.001
50	  0.960	 86.382	  1.004	  1.264	  0.001
51	  0.960	 88.077	  1.004	  1.264	  0.001
52	  0.960	 89.771	  1.004	  1.264	  0.001
53	  0.960	 91.466	  1.004	  1.264	  0.001
54	  0.960	 93.161	  1.004	  1.264	  0.001
55	  0.960	 94.856	  1.004	  1.264	  0.001
56	  0.960	 96.551	  1.004	  1.264	  0.001
57	  0.960	 98.246	  1.004	  1.264	  0.001
58	  0.960	 99.941	  1.004	  1.264	  0.001
0	  1.080	  1.790	  1.004	  1.309	  0.001
1	  1.080	  3.485	  1.004	  1.309	  0.001
2	  1.080	  5.180	  1.004	  1.309	  0.001
3	  1.080	  6.875	  1.004	  1.309	  0.001
4	  1.080	  8.570	  1.004	  1.309	  0.001
5	  1.080	 10.265	  1.004	  1.309	  0.001
6	  1.080	 11.960	  1.004	  1.309	  0.001
7	  1.080	 13.655	  1.004	  1.309	  0.001
8	  1.080	 15.349	  1.004	  1.309	  0.001
9	  1.080	 17.044	  1.004	  1.309	  0.001
10	  1.080	 18.739	  1.004	  1.309	  0.001
11	  1.080	 20.434	  1.004	  1.309	  0.001
12	  1.080	 22.129	  1.004	  1.309	  0.001
13	  1.080	 23.824	  1.004	  1.309	  0.001
14	  1.080	 25.519	  1.004	  1.309	  0.001
15	  1.080	 27.214	  1.004	  1.309	  0.001
16	  1.080	 28.909	  1.004	  1.309	  0.001
17	  1.080	 30.604	  1.004	  1.309	  0.001
18	  1.080	 32.299	  1.004	  1.309	  0.001
19	  1.080	 33.994	  1.004	  1.309	  0.001
20	  1.080	 35.688	  1.004	  1.309	  0.001
21	  1.080	 37.383	  1.004	  1.309	  0.001
22	  1.080	 39.078	  1.004	  1.309	  0.001
23	  1.080	 40.773	  1.004	  1.309	  0.001
24	  1.080	 42.468	  1.004	  1.309	  0.001
25	  1.080	 44.163	  1.004	  1.309	  0.001
26	  1.080	 45.858	  1.004	  1.309	  0.001
27	  1.080	 47.553	  1.004	  1.309	  0.001
28	  1.080	 49.248	  1.004	  1.309	  0.001
29	  1.080	 50.943	  1.004	  1.309	  0.001
30	  1.080	 52.638	  1.004	  1.309	  0.001
31	  1.080	 54.333	  1.004	  1.309	  0.001
32	  1.080	 56.027	  1.004	  1.309	  0.001
33	  1.080	 57.722	  1.004	  1.309	  0.001
34	  1.080	 59.417	  1.004	  1.309	  0.001
35	  1.080	 61.112	  1.004	  1.309	  0.001
36	  1.080	 62.807	  1.004	  1.309	  0.001
37	  1.080	 64.502	  1.004	  1.309	  0.001
38	  1.080	 66.197	  1.004	  1.309	  0.001
39	  1.080	 67.892	  1.004	  1.309	  0.001
40	  1.080	 69.587	  1.004	  1.309	  0.001
41	  1.080	 71.282	  1.004	  1.309	  0.001
42	  1.080	 72.977	  1.004	  1.309	  0.001
43	  1.080	 74.672	  1.004	  1.309	  0.001
44	  1.080	 76.366	  1.004	  1.309	  0.001
45	  1.080	 78.061	  1.004	  1.309	  0.001
46	  1.080	 79.756	  1.004	  1.309	  0.001
47	  1.080	 81.451	  1.004	  1.309	  0.001
48	  1.080	 83.146	  1.004	  1.309	  0.001
49	  1.080	 84.841	  1.004	  1.309	  0.001
50	  1.080	 86.536	  1.004	  1.309	  0.001
51	  1.080	 88.231	  1.004	  1.309	  0.001
52	  1.080	 89.926	  1.004	  1.309	  0.001
53	  1.080	 91.621	  1.004	  1.309	  0.001
54	  1.080	 93.316	  1.004	  1.309	  0.001
55	  1.080	 95.010	  1.004	  1.309	  0.001
56	  1.080	 96.705	  1.004	  1.309	  0.001
57	  1.080	 98.400	  1.004	  1.309	  0.001
58	  1.080	100.095	  1.004	  1.309	  0.001
0	  1.200	  1.949	  1.005	  1.345	  0.001
1	  1.200	  3.644	  1.005	  1.345	  0.001
2	  1.200	  5.339	  1.005	  1.345	  0.001
3	  1.200	  7.034	  1.005	  1.345	  0.001
4	  1.200	  8.729	  1.005	  1.345	  0.001
5	  1.200	 10.424	  1.005	  1.345	  0.001
6	  1.200	 12.119	  1.005	  1.345	  0.001
7	  1.200	 13.814	  1.005	  1.345	  0.001
8	  1.200	 15.509	  1.005	  1.345	  0.001
9	  1.200	 17.204	  1.005	  1.345	  0.001
10	  1.200	 18.898	  1.005	  1.345	  0.001
11	  1.200	 20.593	  1.005	  1.345	  0.001
12	  1.200	 22.288	  1.005	  1.345	  0.001
13	  1.200	 23.983	  1.005	  1.345	  0.001
14	  1.200	 25.678	  1.005	  1.345	  0.001
15	  1.200	 27.373	  1.005	  1.345	  0.001
16	  1.200	 29.068	  1.005	  1.345	  0.001
17	  1.200	 30.763	  1.005	  1.345	  0.001
18	  1.200	 32.458	  1.005	  1.345	  0.001
19	  1.200	 34.153	  1.005	  1.345	  0.001
20	  1.200	 35.848	  1.005	  1.345	  0.001
21	  1.200	 37.543	  1.005	  1.345	  0.001
22	  1.200	 39.237	  1.005	  1.345	  0.001
23	  1.200	 40.932	  1.005	  1.345	  0.001
24	  1.200	 42.627	  1.005	  1.345	  0.001
25	  1.200	 44.322	  1.005	  1.345	  0.001
26	  1.200	 46.017	  1.005	  1.345	  0.001
27	  1.200	 47.712	  1.005	  1.345	  0.001
28	  1.200	 49.407	  1.005	  1.345	  0.001
29	  1.200	 51.102	  1.005	  1.345	  0.001
30	  1.200	 52.797	  1.005	  1.345	  0.001
31	  1.200	 54.492	  1.005	  1.345	  0.001
32	  1.200	 56.187	  1.005	  1.345	  0.001
33	  1.200	 57.881	  1.005	  1.345	  0.001
34	  1.200	 59.576	  1.005	  1.345	  0.001
35	  1.200	 61.271	  1.005	  1.345	  0.001
36	  1.200	 62.966	  1.005	  1.345	  0.001
37	  1.200	 64.661	  1.005	  1.345	  0.001
38	  1.200	 66.356	  1.005	  1.345	  0.001
39	  1.200	 68.051	  1.005	  1.345	  0.001
40	  1.200	 69.746	  1.005	  1.345	  0.001
41	  1.200	 71.441	  1.005	  1.345	  0.001
42	  1.200	 73.136	  1.005	  1.345	  0.001
43	  1.200	 74.831	  1.005	  1.345	  0.001
44	  1.200	 76.526	  1.005	  1.345	  0.001
45	  1.200	 78.220	  1.005	  1.345	  0.001
46	  1.200	 79.915	  1.005	  1.345	  0.001
47	  1.200	 81.610	  1.005	  1.345	  0.001
48	  1.200	 83.305	  1.005	  1.345	  0.001
49	  1.200	 85.000	  1.005	  1.345	  0.001
50	  1.200	 86.695	  1.005	  1.345	  0.001
51	  1.200	 88.390	  1.005	  1.345	  0.001
52	  1.200	 90.085	  1.005	  1.345	  0.001
53	  1.200	 91.780	  1.005	  1.345	  0.001
54	  1.200	 93.475	  1.005	  1.345	  0.001
55	  1.200	 95.170	  1.005	  1.345	  0.001
56	  1.200	 96.865	  1.005	  1.345	  0.001
57	  1.200	 98.559	  1.005	  1.345	  0.001
58	  1.200	100.254	  1.005	  1.345	  0.001
0	  1.320	  2.112	  1.005	  1.373	  0.001
1	  1.320	  3.807	  1.005	  1.373	  0.001
2	  1.320	  5.502	  1.005	  1.373	  0.001
3	  1.320	  7.197	  1.005	  1.373	  0.001
4	  1.320	  8.892	  1.005	  1.373	  0.001
5	  1.320	 10.587	  1.005	  1.373	  0.001
6	  1.320	 12.282	  1.005	  1.373	  0.001
7	  1.320	 13.977	  1.005	  1.373	  0.001
8	  1.320	 15.672	  1.005	  1.373	  0.001
9	  1.320	 17.366	  1.005	  1.373	  0.001
10	  1.320	 19.061	  1.005	  1.373	  0.001
11	  1.320	 20.756	  1.005	  1.373	  0.001
12	  1.320	 22.451	  1.005	  1.373	  0.001
13	  1.320	 24.146	  1.005	  1.373	  0.001
14	  1.320	 25.841	  1.005	  1.373	  0.001
15	  1.320	 27.536	  1.005	  1.373	  0.001
16	  1.320	 29.231	  1.005	  1.373	  0.001
17	  1.320	 30.926	  1.005	  1.373	  0.001
18	  1.320	 32.621	  1.005	  1.373	  0.001
19	  1.320	 34.316	  1.005	  1.373	  0.001
20	  1.320	 36.011	  1.005	  1.373	  0.001
21	  1.320	 37.705	  1.005	  1.373	  0.001
22	  1.320	 39.400	  1.005	  1.373	  0.001
23	  1.320	 41.095	  1.005	  1.373	  0.001
24	  1.320	 42.790	  1.005	  1.373	  0.001
25	  1.320	 44.485	  1.005	  1.373	  0.001
26	  1.320	 46.180	  1.005	  1.373	  0.001
27	  1.320	 47.875	  1.005	  1.373	  0.001
28	  1.320	 49.570	  1.005	  1.373	  0.001
29	  1.320	 51.265	  1.005	  1.373	  0.001
30	  1.320	 52.960	  1.005	  1.373	  0.001
31	  1.320	 54.655	  1.005	  1.373	  0.001
32	  1.320	 56.350	  1.005	  1.373	  0.001
33	  1.320	 58.044	  1.005	  1.373	  0.001
34	  1.320	 59.739	  1.005	  1.373	  0.001
35	  1.320	 61.434	  1.005	  1.373	  0.001
36	  1.320	 63.129	  1.005	  1.373	  0.001
37	  1.320	 64.824	  1.005	  1.373	  0.001
38	  1.320	 66.519	  1.005	  1.373	  0.001
39	  1.320	 68.214	  1.005	  1.373	  0.001
40	  1.320	 69.909	  1.005	  1.373	  0.001
41	  1.320	 71.604	  1.005	  1.373	  0.001
42	  1.320	 73.299	  1.005	  1.373	  0.001
43	  1.320	 74.994	  1.005	  1.373	  0.001
44	  1.320	 76.689	  1.005	  1.373	  0.001
45	  1.320	 78.383	  1.005	  1.373	  0.001
46	  1.320	 80.078	  1.005	  1.373	  0.001
47	  1.320	 81.773	  1.005	  1.373	  0.001
48	  1.320	 83.468	  1.005	  1.373	  0.001
49	  1.320	 85.163	  1.005	  1.373	  0.001
50	  1.320	 86.858	  1.005	  1.373	  0.001
51	  1.320	 88.553	  1.005	  1.373	  0.001
52	  1.320	 90.248	  1.005	  1.373	  0.001
53	  1.320	 91.943	  1.005	  1.373	  0.001
54	  1.320	 93.638	  1.005	  1.373	  0.001
55	  1.320	 95.333	  1.005	  1.373	  0.001
56	  1.320	 97.027	  1.005	  1.373	  0.001
57	  1.320	 98.722	  1.005	  1.373	  0.001
58	  1.320	100.417	  1.005	  1.373	  0.001
0	  1.440	  2.278	  1.005	  1.394	  0.001
1	  1.440	  3.973	  1.005	  1.394	  0.001
2	  1.440	  5.668	  1.005	  1.394	  0.001
3	  1.440	  7.363	  1.005	  1.394	  0.001
4	  1.440	  9.058	  1.005	  1.394	  0.001
5	  1.440	 10.753	  1.005	  1.394	  0.001
6	  1.440	 12.448	  1.005	  1.394	  0.001
7	  1.440	 14.143	  1.005	  1.394	  0.001
8	  1.440	 15.838	  1.005	  1.394	  0.001
9	  1.440	 17.532	  1.005	  1.394	  0.001
10	  1.440	 19.227	  1.005	  1.394	  0.001
11	  1.440	 20.922	  1.005	  1.394	  0.001
12	  1.440	 22.617	  1.005	  1.394	  0.001
13	  1.440	 24.312	  1.005	  1.394	  0.001
14	  1.440	 26.007	  1.005	  1.394	  0.001
15	  1.440	 27.702	  1.005	  1.394	  0.001
16	  1.440	 29.397	  1.005	  1.394	  0.001
17	  1.440	 31.092	  1.005	  1.394	  0.001
18	  1.440	 32.787	  1.005	  1.394	  0.001
19	  1.440	 34.482	  1.005	  1.394	  0.001
20	  1.440	 36.177	  1.005	  1.394	  0.001
21	  1.440	 37.871	  1.005	  1.394	  0.001
22	  1.440	 39.566	  1.005	  1.394	  0.001
23	  1.440	 41.261	  1.005	  1.394	  0.001
24	  1.440	 42.956	  1.005	  1.394	  0.001
25	  1.440	 44.651	  1.005	  1.394	  0.001
26	  1.440	 46.346	  1.005	  1.394	  0.001
27	  1.440	 48.041	  1.005	  1.394	  0.001
28	  1.440	 49.736	  1.005	  1.394	  0.001
29	  1.440	 51.431	  1.005	  1.394	  0.001
30	  1.440	 53.126	  1.005	  1.394	  0.001
31	  1.440	 54.821	  1.005	  1.394	  0.001
32	  1.440	 56.515	  1.005	  1.394	  0.001
33	  1.440	 58.210	  1.005	  1.394	  0.001
34	  1.440	 59.905	  1.005	  1.394	  0.001
35	  1.440	 61.600	  1.005	  1.394	  0.001
36	  1.440	 63.295	  1.005	  1.394	  0.001
37	  1.440	 64.990	  1.005	  1.394	  0.001
38	  1.440	 66.685	  1.005	  1.394	  0.001
39	  1.440	 68.380	  1.005	  1.394	  0.001
40	  1.440	 70.075	  1.005	  1.394	  0.001
41	  1.440	 71.770	  1.005	  1.394	  0.001
42	  1.440	 73.465	  1.005	  1.394	  0.001
43	  1.440	 75.160	  1.005	  1.394	  0.001
44	  1.440	 76.854	  1.005	  1.394	  0.001
45	  1.440	 78.549	  1.005	  1.394	  0.001
46	  1.440	 80.244	  1.005	  1.394	  0.001
47	  1.440	 81.939	  1.005	  1.394	  0.001
48	  1.440	 83.634	  1.005	  1.394	  0.001
49	  1.440	 85.329	  1.005	  1.394	  0.001
50	  1.440	 87.024	  1.005	  1.394	  0.001
51	  1.440	 88.719	  1.005	  1.394	  0.001
52	  1.440	 90.414	  1.005	  1.394	  0.001
53	  1.440	 92.109	  1.005	  1.394	  0.001
54	  1.440	 93.804	  1.005	  1.394	  0.001
55	  1.440	 95.499	  1.005	  1.394	  0.001
56	  1.440	 97.193	  1.005	  1.394	  0.001
57	  1.440	 98.888	  1.005	  1.394	  0.001
58	  1.440	100.583	  1.005	  1.394	  0.001
0	  1.560	  2.447	  1.005	  1.412	  0.000
1	  1.560	  4.141	  1.005	  1.412	  0.000
2	  1.560	  5.836	  1.005	  1.412	  0.000
3	  1.560	  7.531	  1.005	  1.412	  0.000
4	  1.560	  9.226	  1.005	  1.412	  0.000
5	  1.560	 10.921	  1.005	  1.412	  0.000
6	  1.560	 12.616	  1.005	  1.412	  0.000
7	  1.560	 14.311	  1.005	  1.412	  0.000
8	  1.560	 16.006	  1.005	  1.412	  0.000
9	  1.560	 17.701	  1.005	  1.412	  0.000
10	  1.560	 19.396	  1.005	  1.412	  0.000
11	  1.560	 21.091	  1.005	  1.412	  0.000
12	  1.560	 22.786	  1.005	  1.412	  0.000
13	  1.560	 24.480	  1.005	  1.412	  0.000
14	  1.560	 26.175	  1.005	  1.412	  0.000
15	  1.560	 27.870	  1.005	  1.412	  0.000
16	  1.560	 29.565	  1.005	  1.412	  0.000
17	  1.560	 31.260	  1.005	  1.412	  0.000
18	  1.560	 32.955	  1.005	  1.412	  0.000
19	  1.560	 34.650	  1.005	  1.412	  0.000
20	  1.560	 36.345	  1.005	  1.412	  0.000
21	  1.560	 38.040	  1.005	  1.412	  0.000
22	  1.560	 39.735	  1.005	  1.412	  0.000
23	  1.560	 41.430	  1.005	  1.412	  0.000
24	  1.560	 43.124	  1.005	  1.412	  0.000
25	  1.560	 44.819	  1.005	  1.412	  0.000
26	  1.560	 46.514	  1.005	  1.412	  0.000
27	  1.560	 48.209	  1.005	  1.412	  0.000
28	  1.560	 49.904	  1.005	  1.412	  0.000
29	  1.560	 51.599	  1.005	  1.412	  0.000
30	  1.560	 53.294	  1.005	  1.412	  0.000
31	  1.560	 54.989	  1.005	  1.412	  0.000
32	  1.560	 56.684	  1.005	  1.412	  0.000
33	  1.560	 58.379	  1.005	  1.412	  0.000
34	  1.560	 60.074	  1.005	  1.412	  0.000
35	  1.560	 61.769	  1.005	  1.412	  0.000
36	  1.560	 63.463	  1.005	  1.412	  0.000
37	  1.560	 65.158	  1.005	  1.412	  0.000
38	  1.560	 66.853	  1.005	  1.412	  0.000
39	  1.560	 68.548	  1.005	  1.412	  0.000
40	  1.560	 70.243	  1.005	  1.412	  0.000
41	  1.560	 71.938	  1.005	  1.412	  0.000
42	  1.560	 73.633	  1.005	  1.412	  0.000
43	  1.560	 75.328	  1.005	  1.412	  0.000
44	  1.560	 77.023	  1.005	  1.412	  0.000
45	  1.560	 78.718	  1.005	  1.412	  0.000
46	  1.560	 80.413	  1.005	  1.412	  0.000
47	  1.560	 82.108	  1.005	  1.412	  0.000
48	  1.560	 83.802	  1.005	  1.412	  0.000
49	  1.560	 85.497	  1.005	  1.412	  0.000
50	  1.560	 87.192	  1.005	  1.412	  0.000
51	  1.560	 88.887	  1.005	  1.412	  0.000
52	  1.560	 90.582	  1.005	  1.412	  0.000
53	  1.560	 92.277	  1.005	  1.412	  0.000
54	  1.560	 93.972	  1.005	  1.412	  0.000
55	  1.560	 95.667	  1.005	  1.412	  0.000
56	  1.560	 97.362	  1.005	  1.412	  0.000
57	  1.560	 99.057	  1.005	  1.412	  0.000
58	  1.560	100.752	  1.005	  1.412	  0.000
0	  1.680	  2.617	  1.005	  1.425	  0.000
1	  1.680	  4.312	  1.005	  1.425	  0.000
2	  1.680	  6.007	  1.005	  1.425	  0.000
3	  1.680	  7.701	  1.005	  1.425	  0.000
4	  1.680	  9.396	  1.005	  1.425	  0.000
5	  1.680	 11.091	  1.005	  1.425	  0.000
6	  1.680	 12.786	  1.005	  1.425	  0.000
7	  1.680	 14.481	  1.005	  1.425	  0.000
8	  1.680	 16.176	  1.005	  1.425	  0.000
9	  1.680	 17.871	  1.005	  1.425	  0.000
10	  1.680	 19.566	  1.005	  1.425	  0.000
11	  1.680	 21.261	  1.005	  1.425	  0.000
12	  1.680	 22.956	  1.005	  1.425	  0.000
13	  1.680	 24.651	  1.005	  1.425	  0.000
14	  1.680	 26.346	  1.005	  1.425	  0.000
15	  1.680	 28.040	  1.005	  1.425	  0.000
16	  1.680	 29.735	  1.005	  1.425	  0.000
17	  1.680	 31.430	  1.005	  1.425	  0.000
18	  1.680	 33.125	  1.005	  1.425	  0.000
19	  1.680	 34.820	  1.005	  1.425	  0.000
20	  1.680	 36.515	  1.005	  1.425	  0.000
21	  1.680	 38.210	  1.005	  1.425	  0.000
22	  1.680	 39.905	  1.005	  1.425	  0.000
23	  1.680	 41.600	  1.005	  1.425	  0.000
24	  1.680	 43.295	  1.005	  1.425	  0.000
25	  1.680	 44.990	  1.005	  1.425	  0.000
26	  1.680	 46.684	  1.005	  1.425	  0.000
27	  1.680	 48.379	  1.005	  1.425	  0.000
28	  1.680	 50.074	  1.005	  1.425	  0.000
29	  1.680	 51.769	  1.005	  1.425	  0.000
30	  1.680	 53.464	  1.005	  1.425	  0.000
31	  1.680	 55.159	  1.005	  1.425	  0.000
32	  1.680	 56.854	  1.005	  1.425	  0.000
33	  1.680	 58.549	  1.005	  1.425	  0.000
34	  1.680	 60.244	  1.005	  1.425	  0.000
35	  1.680	 61.939	  1.005	  1.425	  0.000
36	  1.680	 63.634	  1.005	  1.425	  0.000
37	  1.680	 65.329	  1.005	  1.425	  0.000
38	  1.680	 67.023	  1.005	  1.425	  0.000
39	  1.680	 68.718	  1.005	  1.425	  0.000
40	  1.680	 70.413	  1.005	  1.425	  0.000
41	  1.680	 72.108	  1.005	  1.425	  0.000
42	  1.680	 73.803	  1.005	  1.425	  0.000
43	  1.680	 75.498	  1.005	  1.425	  0.000
44	  1.680	 77.193	  1.005	  1.425	  0.000
45	  1.680	 78.888	  1.005	  1.425	  0.000
46	  1.680	 80.583	  1.005	  1.425	  0.000
47	  1.680	 82.278	  1.005	  1.425	  0.000
48	  1.680	 83.973	  1.005	  1.425	  0.000
49	  1.680	 85.668	  1.005	  1.425	  0.000
50	  1.680	 87.362	  1.005	  1.425	  0.000
51	  1.680	 89.057	  1.005	  1.425	  0.000
52	  1.680	 90.752	  1.005	  1.425	  0.000
53	  1.680	 92.447	  1.005	  1.425	  0.000
54	  1.680	 94.142	  1.005	  1.425	  0.000
55	  1.680	 95.837	  1.005	  1.425	  0.000
56	  1.680	 97.532	  1.005	  1.425	  0.000
57	  1.680	 99.227	  1.005	  1.425	  0.000
58	  1.680	100.922	  1.005	  1.425	  0.000
0	  1.800	  2.788	  1.005	  1.436	  0.000
1	  1.800	  4.483	  1.005	  1.436	  0.000
2	  1.800	  6.178	  1.005	  1.436	  0.000
3	  1.800	  7.873	  1.005	  1.436	  0.000
4	  1.800	  9.568	  1.005	  1.436	  0.000
5	  1.800	 11.263	  1.005	  1.436	  0.000
6	  1.800	 12.958	  1.005	  1.436	  0.000
7	  1.800	 14.653	  1.005	  1.436	  0.000
8	  1.800	 16.348	  1.005	  1.436	  0.000
9	  1.800	 18.043	  1.005	  1.436	  0.000
10	  1.800	 19.737	  1.005	  1.436	  0.000
11	  1.800	 21.432	  1.005	  1.436	  0.000
12	  1.800	 23.127	  1.005	  1.436	  0.000
13	  1.800	 24.822	  1.005	  1.436	  0.000
14	  1.800	 26.517	  1.005	  1.436	  0.000
15	  1.800	 28.212	  1.005	  1.436	  0.000
16	  1.800	 29.907	  1.005	  1.436	  0.000
17	  1.800	 31.602	  1.005	  1.436	  0.000
18	  1.800	 33.297	  1.005	  1.436	  0.000
19	  1.800	 34.992	  1.005	  1.436	  0.000
20	  1.800	 36.687	  1.005	  1.436	  0.000
21	  1.800	 38.382	  1.005	  1.436	  0.000
22	  1.800	 40.076	  1.005	  1.436	  0.000
23	  1.800	 41.771	  1.005	  1.436	  0.000
24	  1.800	 43.466	  1.005	  1.436	  0.000
25	  1.800	 45.161	  1.005	  1.436	  0.000
26	  1.800	 46.856	  1.005	  1.436	  0.000
27	  1.800	 48.551	  1.005	  1.436	  0.000
28	  1.800	 50.246	  1.005	  1.436	  0.000
29	  1.800	 51.941	  1.005	  1.436	  0.000
30	  1.800	 53.636	  1.005	  1.436	  0.000
31	  1.800	 55.331	  1.005	  1.436	  0.000
32	  1.800	 57.026	  1.005	  1.436	  0.000
33	  1.800	 58.721	  1.005	  1.436	  0.000
34	  1.800	 60.415	  1.005	  1.436	  0.000
35	  1.800	 62.110	  1.005	  1.436	  0.000
36	  1.800	 63.805	  1.005	  1.436	  0.000
37	  1.800	 65.500	  1.005	  1.436	  0.000
38	  1.800	 67.195	  1.005	  1.436	  0.000
39	  1.800	 68.890	  1.005	  1.436	  0.000
40	  1.800	 70.585	  1.005	  1.436	  0.000
41	  1.800	 72.280	  1.005	  1.436	  0.000
42	  1.800	 73.975	  1.005	  1.436	  0.000
43	  1.800	 75.670	  1.005	  1.436	  0.000
44	  1.800	 77.365	  1.005	  1.436	  0.000
45	  1.800	 79.060	  1.005	  1.436	  0.000
46	  1.800	 80.754	  1.005	  1.436	  0.000
47	  1.800	 82.449	  1.005	  1.436	  0.000
48	  1.800	 84.144	  1.005	  1.436	  0.000
49	  1.800	 85.839	  1.005	  1.436	  0.000
50	  1.800	 87.534	  1.005	  1.436	  0.000
51	  1.800	 89.229	  1.005	  1.436	  0.000
52	  1.800	 90.924	  1.005	  1.436	  0.000
53	  1.800	 92.619	  1.005	  1.436	  0.000
54	  1.800	 94.314	  1.005	  1.436	  0.000
55	  1.800	 96.009	  1.005	  1.436	  0.000
56	  1.800	 97.704	  1.005	  1.436	  0.000
57	  1.800	 99.398	  1.005	  1.436	  0.000
58	  1.800	101.093	  1.005	  1.436	  0.000
0	  1.920	  2.961	  1.005	  1.444	  0.000
1	  1.920	  4.656	  1.005	  1.444	  0.000
2	  1.920	  6.351	  1.005	  1.444	  0.000
3	  1.920	  8.046	  1.005	  1.444	  0.000
4	  1.920	  9.741	  1.005	  1.444	  0.000
5	  1.920	 11.436	  1.005	  1.444	  0.000
6	  1.920	 13.131	  1.005	  1.444	  0.000
7	  1.920	 14.825	  1.005	  1.444	  0.000
8	  1.920	 16.520	  1.005	  1.444	  0.000
9	  1.920	 18.215	  1.005	  1.444	  0.000
10	  1.920	 19.910	  1.005	  1.444	  0.000
11	  1.920	 21.605	  1.005	  1.444	  0.000
12	  1.920	 23.300	  1.005	  1.444	  0.000
13	  1.920	 24.995	  1.005	  1.444	  0.000
14	  1.920	 26.690	  1.005	  1.444	  0.000
15	  1.920	 28.385	  1.005	  1.444	  0.000
16	  1.920	 30.080	  1.005	  1.444	  0.000
17	  1.920	 31.775	  1.005	  1.444	  0.000
18	  1.920	 33.470	  1.005	  1.444	  0.000
19	  1.920	 35.164	  1.005	  1.444	  0.000
20	  1.920	 36.859	  1.005	  1.444	  0.000
21	  1.920	 38.554	  1.005	  1.444	  0.000
22	  1.920	 40.249	  1.005	  1.444	  0.000
23	  1.920	 41.944	  1.005	  1.444	  0.000
24	  1.920	 43.639	  1.005	  1.444	  0.000
25	  1.920	 45.334	  1.005	  1.444	  0.000
26	  1.920	 47.029	  1.005	  1.444	  0.000
27	  1.920	 48.724	  1.005	  1.444	  0.000
28	  1.920	 50.419	  1.005	  1.444	  0.000
29	  1.920	 52.114	  1.005	  1.444	  0.000
30	  1.920	 53.809	  1.005	  1.444	  0.000
31	  1.920	 55.503	  1.005	  1.444	  0.000
32	  1.920	 57.198	  1.005	  1.444	  0.000
33	  1.920	 58.893	  1.005	  1.444	  0.000
34	  1.920	 60.588	  1.005	  1.444	  0.000
35	  1.920	 62.283	  1.005	  1.444	  0.000
36	  1.920	 63.978	  1.005	  1.444	  0.000
37	  1.920	 65.673	  1.005	  1.444	  0.000
38	  1.920	 67.368	  1.005	  1.444	  0.000
39	  1.920	 69.063	  1.005	  1.444	  0.000
40	  1.920	 70.758	  1.005	  1.444	  0.000
41	  1.920	 72.453	  1.005	  1.444	  0.000
42	  1.920	 74.148	  1.005	  1.444	  0.000
43	  1.920	 75.842	  1.005	  1.444	  0.000
44	  1.920	 77.537	  1.005	  1.444	  0.000
45	  1.920	 79.232	  1.005	  1.444	  0.000
46	  1.920	 80.927	  1.005	  1.444	  0.000
47	  1.920	 82.622	  1.005	  1.444	  0.000
48	  1.920	 84.317	  1.005	  1.444	  0.000
49	  1.920	 86.012	  1.005	  1.444	  0.000
50	  1.920	 87.707	  1.005	  1.444	  0.000
51	  1.920	 89.402	  1.005	  1.444	  0.000
52	  1.920	 91.097	  1.005	  1.444	  0.000
53	  1.920	 92.792	  1.005	  1.444	  0.000
54	  1.920	 94.487	  1.005	  1.444	  0.000
55	  1.920	 96.181	  1.005	  1.444	  0.000
56	  1.920	 97.876	  1.005	  1.444	  0.000
57	  1.920	 99.571	  1.005	  1.444	  0.000
58	  1.920	101.266	  1.005	  1.444	  0.000
0	  2.040	  3.135	  1.005	  1.451	  0.000
1	  2.040	  4.830	  1.005	  1.451	  0.000
2	  2.040	  6.525	  1.005	  1.451	  0.000
3	  2.040	  8.219	  1.005	  1.451	  0.000
4	  2.040	  9.914	  1.005	  1.451	  0.000
5	  2.040	 11.609	  1.005	  1.451	  0.000
6	  2.040	 13.304	  1.005	  1.451	  0.000
7	  2.040	 14.999	  1.005	  1.451	  0.000
8	  2.040	 16.694	  1.005	  1.451	  0.000
9	  2.040	 18.389	  1.005	  1.451	  0.000
10	  2.040	 20.084	  1.005	  1.451	  0.000
11	  2.040	 21.779	  1.005	  1.451	  0.000
12	  2.040	 23.474	  1.005	  1.451	  0.000
13	  2.040	 25.169	  1.005	  1.451	  0.000
14	  2.040	 26.864	  1.005	  1.451	  0.000
15	  2.040	 28.558	  1.005	  1.451	  0.000
16	  2.040	 30.253	  1.005	  1.451	  0.000
17	  2.040	 31.948	  1.005	  1.451	  0.000
18	  2.040	 33.643	  1.005	  1.451	  0.000
19	  2.040	 35.338	  1.005	  1.451	  0.000
20	  2.040	 37.033	  1.005	  1.451	  0.000
21	  2.040	 38.728	  1.005	  1.451	  0.000
22	  2.040	 40.423	  1.005	  1.451	  0.000
23	  2.040	 42.118	  1.005	  1.451	  0.000
24	  2.040	 43.813	  1.005	  1.451	  0.000
25	  2.040	 45.508	  1.005	  1.451	  0.000
26	  2.040	 47.203	  1.005	  1.451	  0.000
27	  2.040	 48.897	  1.005	  1.451	  0.000
28	  2.040	 50.592	  1.005	  1.451	  0.000
29	  2.040	 52.287	  1.005	  1.451	  0.000
30	  2.040	 53.982	  1.005	  1.451	  0.000
31	  2.040	 55.677	  1.005	  1.451	  0.000
32	  2.040	 57.372	  1.005	  1.451	  0.000
33	  2.040	 59.067	  1.005	  1.451	  0.000
34	  2.040	 60.762	  1.005	  1.451	  0.000
35	  2.040	 62.457	  1.005	  1.451	  0.000
36	  2.040	 64.152	  1.005	  1.451	  0.000
37	  2.040	 65.847	  1.005	  1.451	  0.000
38	  2.040	 67.542	  1.005	  1.451	  0.000
39	  2.040	 69.236	  1.005	  1.451	  0.000
40	  2.040	 70.931	  1.005	  1.451	  0.000
41	  2.040	 72.626	  1.005	  1.451	  0.000
42	  2.040	 74.321	  1.005	  1.451	  0.000
43	  2.040	 76.016	  1.005	  1.451	  0.000
44	  2.040	 77.711	  1.005	  1.451	  0.000
45	  2.040	 79.406	  1.005	  1.451	  0.000
46	  2.040	 81.101	  1.005	  1.451	  0.000
47	  2.040	 82.796	  1.005	  1.451	  0.000
48	  2.040	 84.491	  1.005	  1.451	  0.000
49	  2.040	 86.186	  1.005	  1.451	  0.000
50	  2.040	 87.880	  1.005	  1.451	  0.000
51	  2.040	 89.575	  1.005	  1.451	  0.000
52	  2.040	 91.270	  1.005	  1.451	  0.000
53	  2.040	 92.965	  1.005	  1.451	  0.000
54	  2.040	 94.660	  1.005	  1.451	  0.000
55	  2.040	 96.355	  1.005	  1.451	  0.000
56	  2.040	 98.050	  1.005	  1.451	  0.000
57	  2.040	 99.745	  1.005	  1.451	  0.000
58	  2.040	101.440	  1.005	  1.451	  0.000
0	  2.160	  3.309	  1.005	  1.456	  0.000
1	  2.160	  5.004	  1.005	  1.456	  0.000
2	  2.160	  6.699	  1.005	  1.456	  0.000
3	  2.160	  8.394	  1.005	  1.456	  0.000
4	  2.160	 10.089	  1.005	  1.456	  0.000
5	  2.160	 11.784	  1.005	  1.456	  0.000
6	  2.160	 13.479	  1.005	  1.456	  0.000
7	  2.160	 15.173	  1.005	  1.456	  0.000
8	  2.160	 16.868	  1.005	  1.456	  0.000
9	  2.160	 18.563	  1.005	  1.456	  0.000
10	  2.160	 20.258	  1.005	  1.456	  0.000
11	  2.160	 21.953	  1.005	  1.456	  0.000
12	  2.160	 23.648	  1.005	  1.456	  0.000
13	  2.160	 25.343	  1.005	  1.456	  0.000
14	  2.160	 27.038	  1.005	  1.456	  0.000
15	  2.160	 28.733	  1.005	  1.456	  0.000
16	  2.160	 30.428	  1.005	  1.456	  0.000
17	  2.160	 32.123	  1.005	  1.456	  0.000
18	  2.160	 33.818	  1.005	  1.456	  0.000
19	  2.160	 35.512	  1.005	  1.456	  0.000
20	  2.160	 37.207	  1.005	  1.456	  0.000
21	  2.160	 38.902	  1.005	  1.456	  0.000
22	  2.160	 40.597	  1.005	  1.456	  0.000
23	  2.160	 42.292	  1.005	  1.456	  0.000
24	  2.160	 43.987	  1.005	  1.456	  0.000
25	  2.160	 45.682	  1.005	  1.456	  0.000
26	  2.160	 47.377	  1.005	  1.456	  0.000
27	  2.160	 49.072	  1.005	  1.456	  0.000
28	  2.160	 50.767	  1.005	  1.456	  0.000
29	  2.160	 52.462	  1.005	  1.456	  0.000
30	  2.160	 54.157	  1.005	  1.456	  0.000
31	  2.160	 55.851	  1.005	  1.456	  0.000
32	  2.160	 57.546	  1.005	  1.456	  0.000
33	  2.160	 59.241	  1.005	  1.456	  0.000
34	  2.160	 60.936	  1.005	  1.456	  0.000
35	  2.160	 62.631	  1.005	  1.456	  0.000
36	  2.160	 64.326	  1.005	  1.456	  0.000
37	  2.160	 66.021	  1.005	  1.456	  0.000
38	  2.160	 67.716	  1.005	  1.456	  0.000
39	  2.160	 69.411	  1.005	  1.456	  0.000
40	  2.160	 71.106	  1.005	  1.456	  0.000
41	  2.160	 72.801	  1.005	  1.456	  0.000
42	  2.160	 74.496	  1.005	  1.456	  0.000
43	  2.160	 76.190	  1.005	  1.456	  0.000
44	  2.160	 77.885	  1.005	  1.456	  0.000
45	  2.160	 79.580	  1.005	  1.456	  0.000
46	  2.160	 81.275	  1.005	  1.456	  0.000
47	  2.160	 82.970	  1.005	  1.456	  0.000
48	  2.160	 84.665	  1.005	  1.456	  0.000
49	  2.160	 86.360	  1.005	  1.456	  0.000
50	  2.160	 88.055	  1.005	  1.456	  0.000
51	  2.160	 89.750	  1.005	  1.456	  0.000
52	  2.160	 91.445	  1.005	  1.456	  0.000
53	  2.160	 93.140	  1.005	  1.456	  0.000
54	  2.160	 94.835	  1.005	  1.456	  0.000
55	  2.160	 96.529	  1.005	  1.456	  0.000
56	  2.160	 98.224	  1.005	  1.456	  0.000
57	  2.160	 99.919	  1.005	  1.456	  0.000
58	  2.160	101.614	  1.005	  1.456	  0.000
0	  2.280	  3.484	  1.005	  1.460	  0.000
1	  2.280	  5.179	  1.005	  1.460	  0.000
2	  2.280	  6.874	  1.005	  1.460	  0.000
3	  2.280	  8.569	  1.005	  1.460	  0.000
4	  2.280	 10.264	  1.005	  1.460	  0.000
5	  2.280	 11.959	  1.005	  1.460	  0.000
6	  2.280	 13.653	  1.005	  1.460	  0.000
7	  2.280	 15.348	  1.005	  1.460	  0.000
8	  2.280	 17.043	  1.005	  1.460	  0.000
9	  2.280	 18.738	  1.005	  1.460	  0.000
10	  2.280	 20.433	  1.005	  1.460	  0.000
11	  2.280	 22.128	  1.005	  1.460	  0.000
12	  2.280	 23.823	  1.005	  1.460	  0.000
13	  2.280	 25.518	  1.005	  1.460	  0.000
14	  2.280	 27.213	  1.005	  1.460	  0.000
15	  2.280	 28.908	  1.005	  1.460	  0.000
16	  2.280	 30.603	  1.005	  1.460	  0.000
17	  2.280	 32.298	  1.005	  1.460	  0.000
18	  2.280	 33.992	  1.005	  1.460	  0.000
19	  2.280	 35.687	  1.005	  1.460	  0.000
20	  2.280	 37.382	  1.005	  1.460	  0.000
21	  2.280	 39.077	  1.005	  1.460	  0.000
22	  2.280	 40.772	  1.005	  1.460	  0.000
23	  2.280	 42.467	  1.005	  1.460	  0.000
24	  2.280	 44.162	  1.005	  1.460	  0.000
25	  2.280	 45.857	  1.005	  1.460	  0.000
26	  2.280	 47.552	  1.005	  1.460	  0.000
27	  2.280	 49.247	  1.005	  1.460	  0.000
28	  2.280	 50.942	  1.005	  1.460	  0.000
29	  2.280	 52.637	  1.005	  1.460	  0.000
30	  2.280	 54.331	  1.005	  1.460	  0.000
31	  2.280	 56.026	  1.005	  1.460	  0.000
32	  2.280	 57.721	  1.005	  1.460	  0.000
33	  2.280	 59.416	  1.005	  1.460	  0.000
34	  2.280	 61.111	  1.005	  1.460	  0.000
35	  2.280	 62.806	  1.005	  1.460	  0.000
36	  2.280	 64.501	  1.005	  1.460	  0.000
37	  2.280	 66.196	  1.005	  1.460	  0.000
38	  2.280	 67.891	  1.005	  1.460	  0.000
39	  2.280	 69.586	  1.005	  1.460	  0.000
40	  2.280	 71.281	  1.005	  1.460	  0.000
41	  2.280	 72.976	  1.005	  1.460	  0.000
42	  2.280	 74.670	  1.005	  1.460	  0.000
43	  2.280	 76.365	  1.005	  1.460	  0.000
44	  2.280	 78.060	  1.005	  1.460	  0.000
45	  2.280	 79.755	  1.005	  1.460	  0.000
46	  2.280	 81.450	  1.005	  1.460	  0.000
47	  2.280	 83.145	  1.005	  1.460	  0.000
48	  2.280	 84.840	  1.005	  1.460	  0.000
49	  2.280	 86.535	  1.005	  1.460	  0.000
50	  2.280	 88.230	  1.005	  1.460	  0.000
51	  2.280	 89.925	  1.005	  1.460	  0.000
52	  2.280	 91.620	  1.005	  1.460	  0.000
53	  2.280	 93.315	  1.005	  1.460	  0.000
54	  2.280	 95.009	  1.005	  1.460	  0.000
55	  2.280	 96.704	  1.005	  1.460	  0.000
56	  2.280	 98.399	  1.005	  1.460	  0.000
57	  2.280	100.094	  1.005	  1.460	  0.000
58	  2.280	101.789	  1.005	  1.460	  0.000
0	  2.400	  3.659	  1.005	  1.463	  0.000
1	  2.400	  5.354	  1.005	  1.463	  0.000
2	  2.400	  7.049	  1.005	  1.463	  0.000
3	  2.400	  8.744	  1.005	  1.463	  0.000
4	  2.400	 10.439	  1.005	  1.463	  0.000
5	  2.400	 12.134	  1.005	  1.463	  0.000
6	  2.400	 13.829	  1.005	  1.463	  0.000
7	  2.400	 15.524	  1.005	  1.463	  0.000
8	  2.400	 17.219	  1.005	  1.463	  0.000
9	  2.400	 18.914	  1.005	  1.463	  0.000
10	  2.400	 20.608	  1.005	  1.463	  0.000
11	  2.400	 22.303	  1.005	  1.463	  0.000
12	  2.400	 23.998	  1.005	  1.463	  0.000
13	  2.400	 25.693	  1.005	  1.463	  0.000
14	  2.400	 27.388	  1.005	  1.463	  0.000
15	  2.400	 29.083	  1.005	  1.463	  0.000
16	  2.400	 30.778	  1.005	  1.463	  0.000
17	  2.400	 32.473	  1.005	  1.463	  0.000
18	  2.400	 34.168	  1.005	  1.463	  0.000
19	  2.400	 35.863	  1.005	  1.463	  0.000
20	  2.400	 37.558	  1.005	  1.463	  0.000
21	  2.400	 39.253	  1.005	  1.463	  0.000
22	  2.400	 40.947	  1.005	  1.463	  0.000
23	  2.400	 42.642	  1.005	  1.463	  0.000
24	  2.400	 44.337	  1.005	  1.463	  0.000
25	  2.400	 46.032	  1.005	  1.463	  0.000
26	  2.400	 47.727	  1.005	  1.463	  0.000
27	  2.400	 49.422	  1.005	  1.463	  0.000
28	  2.400	 51.117	  1.005	  1.463	  0.000
29	  2.400	 52.812	  1.005	  1.463	  0.000
30	  2.400	 54.507	  1.005	  1.463	  0.000
31	  2.400	 56.202	  1.005	  1.463	  0.000
32	  2.400	 57.897	  1.005	  1.463	  0.000
33	  2.400	 59.592	  1.005	  1.463	  0.000
34	  2.400	 61.286	  1.005	  1.463	  0.000
35	  2.400	 62.981	  1.005	  1.463	  0.000
36	  2.400	 64.676	  1.005	  1.463	  0.000
37	  2.400	 66.371	  1.005	  1.463	  0.000
38	  2.400	 68.066	  1.005	  1.463	  0.000
39	  2.400	 69.761	  1.005	  1.463	  0.000
40	  2.400	 71.456	  1.005	  1.463	  0.000
41	  2.400	 73.151	  1.005	  1.463	  0.000
42	  2.400	 74.846	  1.005	  1.463	  0.000
43	  2.400	 76.541	  1.005	  1.463	  0.000
44	  2.400	 78.236	  1.005	  1.463	  0.000
45	  2.400	 79.931	  1.005	  1.463	  0.000
46	  2.400	 81.625	  1.005	  1.463	  0.000
47	  2.400	 83.320	  1.005	  1.463	  0.000
48	  2.400	 85.015	  1.005	  1.463	  0.000
49	  2.400	 86.710	  1.005	  1.463	  0.000
50	  2.400	 88.405	  1.005	  1.463	  0.000
51	  2.400	 90.100	  1.005	  1.463	  0.000
52	  2.400	 91.795	  1.005	  1.463	  0.000
53	  2.400	 93.490	  1.005	  1.463	  0.000
54	  2.400	 95.185	  1.005	  1.463	  0.000
55	  2.400	 96.880	  1.005	  1.463	  0.000
56	  2.400	 98.575	  1.005	  1.463	  0.000
57	  2.400	100.270	  1.005	  1.463	  0.000
58	  2.400	101.964	  1.005	  1.463	  0.000
0	  2.520	  3.835	  1.005	  1.465	  0.000
1	  2.520	  5.530	  1.005	  1.465	  0.000
2	  2.520	  7.225	  1.005	  1.465	  0.000
3	  2.520	  8.920	  1.005	  1.465	  0.000
4	  2.520	 10.615	  1.005	  1.465	  0.000
5	  2.520	 12.310	  1.005	  1.465	  0.000
6	  2.520	 14.005	  1.005	  1.465	  0.000
7	  2.520	 15.699	  1.005	  1.465	  0.000
8	  2.520	 17.394	  1.005	  1.465	  0.000
9	  2.520	 19.089	  1.005	  1.465	  0.000
10	  2.520	 20.784	  1.005	  1.465	  0.000
11	  2.520	 22.479	  1.005	  1.465	  0.000
12	  2.520	 24.174	  1.005	  1.465	  0.000
13	  2.520	 25.869	  1.005	  1.465	  0.000
14	  2.520	 27.564	  1.005	  1.465	  0.000
15	  2.520	 29.259	  1.005	  1.465	  0.000
16	  2.520	 30.954	  1.005	  1.465	  0.000
17	  2.520	 32.649	  1.005	  1.465	  0.000
18	  2.520	 34.343	  1.005	  1.465	  0.000
19	  2.520	 36.038	  1.005	  1.465	  0.000
20	  2.520	 37.733	  1.005	  1.465	  0.000
21	  2.520	 39.428	  1.005	  1.465	  0.000
22	  2.520	 41.123	  1.005	  1.465	  0.000
23	  2.520	 42.818	  1.005	  1.465	  0.000
24	  2.520	 44.513	  1.005	  1.465	  0.000
25	  2.520	 46.208	  1.005	  1.465	  0.000
26	  2.520	 47.903	  1.005	  1.465	  0.000
27	  2.520	 49.598	  1.005	  1.465	  0.000
28	  2.520	 51.293	  1.005	  1.465	  0.000
29	  2.520	 52.988	  1.005	  1.465	  0.000
30	  2.520	 54.682	  1.005	  1.465	  0.000
31	  2.520	 56.377	  1.005	  1.465	  0.000
32	  2.520	 58.072	  1.005	  1.465	  0.000
33	  2.520	 59.767	  1.005	  1.465	  0.000
34	  2.520	 61.462	  1.005	  1.465	  0.000
35	  2.520	 63.157	  1.005	  1.465	  0.000
36	  2.520	 64.852	  1.005	  1.465	  0.000
37	  2.520	 66.547	  1.005	  1.465	  0.000
38	  2.520	 68.242	  1.005	  1.465	  0.000
39	  2.520	 69.937	  1.005	  1.465	  0.000
40	  2.520	 71.632	  1.005	  1.465	  0.000
41	  2.520	 73.327	  1.005	  1.465	  0.000
42	  2.520	 75.021	  1.005	  1.465	  0.000
43	  2.520	 76.716	  1.005	  1.465	  0.000
44	  2.520	 78.411	  1.005	  1.465	  0.000
45	  2.520	 80.106	  1.005	  1.465	  0.000
46	  2.520	 81.801	  1.005	  1.465	  0.000
47	  2.520	 83.496	  1.005	  1.465	  0.000
48	  2.520	 85.191	  1.005	  1.465	  0.000
49	  2.520	 86.886	  1.005	  1.465	  0.000
50	  2.520	 88.581	  1.005	  1.465	  0.000
51	  2.520	 90.276	  1.005	  1.465	  0.000
52	  2.520	 91.971	  1.005	  1.465	  0.000
53	  2.520	 93.666	  1.005	  1.465	  0.000
54	  2.520	 95.360	  1.005	  1.465	  0.000
55	  2.520	 97.055	  1.005	  1.465	  0.000
56	  2.520	 98.750	  1.005	  1.465	  0.000
57	  2.520	100.445	  1.005	  1.465	  0.000
58	  2.520	102.140	  1.005	  1.465	  0.000
0	  2.640	  4.011	  1.005	  1.467	  0.000
1	  2.640	  5.706	  1.005	  1.467	  0.000
2	  2.640	  7.401	  1.005	  1.467	  0.000
3	  2.640	  9.096	  1.005	  1.467	  0.000
4	  2.640	 10.791	  1.005	  1.467	  0.000
5	  2.640	 12.486	  1.005	  1.467	  0.000
6	  2.640	 14.180	  1.005	  1.467	  0.000
7	  2.640	 15.875	  1.005	  1.467	  0.000
8	  2.640	 17.570	  1.005	  1.467	  0.000
9	  2.640	 19.265	  1.005	  1.467	  0.000
10	  2.640	 20.960	  1.005	  1.467	  0.000
11	  2.640	 22.655	  1.005	  1.467	  0.000
12	  2.640	 24.350	  1.005	  1.467	  0.000
13	  2.640	 26.045	  1.005	  1.467	  0.000
14	  2.640	 27.740	  1.005	  1.467	  0.000
15	  2.640	 29.435	  1.005	  1.467	  0.000
16	  2.640	 31.130	  1.005	  1.467	  0.000
17	  2.640	 32.825	  1.005	  1.467	  0.000
18	  2.640	 34.519	  1.005	  1.467	  0.000
19	  2.640	 36.214	  1.005	  1.467	  0.000
20	  2.640	 37.909	  1.005	  1.467	  0.000
21	  2.640	 39.604	  1.005	  1.467	  0.000
22	  2.640	 41.299	  1.005	  1.467	  0.000
23	  2.640	 42.994	  1.005	  1.467	  0.000
24	  2.640	 44.689	  1.005	  1.467	  0.000
25	  2.640	 46.384	  1.005	  1.467	  0.000
26	  2.640	 48.079	  1.005	  1.467	  0.000
27	  2.640	 49.774	  1.005	  1.467	  0.000
28	  2.640	 51.469	  1.005	  1.467	  0.000
29	  2.640	 53.164	  1.005	  1.467	  0.000
30	  2.640	 54.858	  1.005	  1.467	  0.000
31	  2.640	 56.553	  1.005	  1.467	  0.000
32	  2.640	 58.248	  1.005	  1.467	  0.000
33	  2.640	 59.943	  1.005	  1.467	  0.000
34	  2.640	 61.638	  1.005	  1.467	  0.000
35	  2.640	 63.333	  1.005	  1.467	  0.000
36	  2.640	 65.028	  1.005	  1.467	  0.000
37	  2.640	 66.723	  1.005	  1.467	  0.000
38	  2.640	 68.418	  1.005	  1.467	  0.000
39	  2.640	 70.113	  1.005	  1.467	  0.000
40	  2.640	 71.808	  1.005	  1.467	  0.000
41	  2.640	 73.502	  1.005	  1.467	  0.000
42	  2.640	 75.197	  1.005	  1.467	  0.000
43	  2.640	 76.892	  1.005	  1.467	  0.000
44	  2.640	 78.587	  1.005	  1.467	  0.000
45	  2.640	 80.282	  1.005	  1.467	  0.000
46	  2.640	 81.977	  1.005	  1.467	  0.000
47	  2.640	 83.672	  1.005	  1.467	  0.000
48	  2.640	 85.367	  1.005	  1.467	  0.000
49	  2.640	 87.062	  1.005	  1.467	  0.000
50	  2.640	 88.757	  1.005	  1.467	  0.000
51	  2.640	 90.452	  1.005	  1.467	  0.000
52	  2.640	 92.147	  1.005	  1.467	  0.000
53	  2.640	 93.841	  1.005	  1.467	  0.000
54	  2.640	 95.536	  1.005	  1.467	  0.000
55	  2.640	 97.231	  1.005	  1.467	  0.000
56	  2.640	 98.926	  1.005	  1.467	  0.000
57	  2.640	100.621	  1.005	  1.467	  0.000
58	  2.640	102.316	  1.005	  1.467	  0.000
0	  2.760	  4.187	  1.005	  1.469	  0.000
1	  2.760	  5.882	  1.005	  1.469	  0.000
2	  2.760	  7.577	  1.005	  1.469	  0.000
3	  2.760	  9.272	  1.005	  1.469	  0.000
4	  2.760	 10.967	  1.005	  1.469	  0.000
5	  2.760	 12.662	  1.005	  1.469	  0.000
6	  2.760	 14.357	  1.005	  1.469	  0.000
7	  2.760	 16.052	  1.005	  1.469	  0.000
8	  2.760	 17.746	  1.005	  1.469	  0.000
9	  2.760	 19.441	  1.005	  1.469	  0.000
10	  2.760	 21.136	  1.005	  1.469	  0.000
11	  2.760	 22.831	  1.005	  1.469	  0.000
12	  2.760	 24.526	  1.005	  1.469	  0.000
13	  2.760	 26.221	  1.005	  1.469	  0.000
14	  2.760	 27.916	  1.005	  1.469	  0.000
15	  2.760	 29.611	  1.005	  1.469	  0.000
16	  2.760	 31.306	  1.005	  1.469	  0.000
17	  2.760	 33.001	  1.005	  1.469	  0.000
18	  2.760	 34.696	  1.005	  1.469	  0.000
19	  2.760	 36.391	  1.005	  1.469	  0.000
20	  2.760	 38.085	  1.005	  1.469	  0.000
21	  2.760	 39.780	  1.005	  1.469	  0.000
22	  2.760	 41.475	  1.005	  1.469	  0.000
23	  2.760	 43.170	  1.005	  1.469	  0.000
24	  2.760	 44.865	  1.005	  1.469	  0.000
25	  2.760	 46.560	  1.005	  1.469	  0.000
26	  2.760	 48.255	  1.005	  1.469	  0.000
27	  2.760	 49.950	  1.005	  1.469	  0.000
28	  2.760	 51.645	  1.005	  1.469	  0.000
29	  2.760	 53.340	  1.005	  1.469	  0.000
30	  2.760	 55.035	  1.005	  1.469	  0.000
31	  2.760	 56.729	  1.005	  1.469	  0.000
32	  2.760	 58.424	  1.005	  1.469	  0.000
33	  2.760	 60.119	  1.005	  1.469	  0.000
34	  2.760	 61.814	  1.005	  1.469	  0.000
35	  2.760	 63.509	  1.005	  1.469	  0.000
36	  2.760	 65.204	  1.005	  1.469	  0.000
37	  2.760	 66.899	  1.005	  1.469	  0.000
38	  2.760	 68.594	  1.005	  1.469	  0.000
39	  2.760	 70.289	  1.005	  1.469	  0.000
40	  2.760	 71.984	  1.005	  1.469	  0.000
41	  2.760	 73.679	  1.005	  1.469	  0.000
42	  2.760	 75.374	  1.005	  1.469	  0.000
43	  2.760	 77.068	  1.005	  1.469	  0.000
44	  2.760	 78.763	  1.005	  1.469	  0.000
45	  2.760	 80.458	  1.005	  1.469	  0.000
46	  2.760	 82.153	  1.005	  1.469	  0.000
47	  2.760	 83.848	  1.005	  1.469	  0.000
48	  2.760	 85.543	  1.005	  1.469	  0.000
49	  2.760	 87.238	  1.005	  1.469	  0.000
50	  2.760	 88.933	  1.005	  1.469	  0.000
51	  2.760	 90.628	  1.005	  1.469	  0.000
52	  2.760	 92.323	  1.005	  1.469	  0.000
53	  2.760	 94.018	  1.005	  1.469	  0.000
54	  2.760	 95.713	  1.005	  1.469	  0.000
55	  2.760	 97.407	  1.005	  1.469	  0.000
56	  2.760	 99.102	  1.005	  1.469	  0.000
57	  2.760	100.797	  1.005	  1.469	  0.000
58	  2.760	102.492	  1.005	  1.469	  0.000
0	  2.880	  4.363	  1.005	  1.470	  0.000
1	  2.880	  6.058	  1.005	  1.470	  0.000
2	  2.880	  7.753	  1.005	  1.470	  0.000
3	  2.880	  9.448	  1.005	  1.470	  0.000
4	  2.880	 11.143	  1.005	  1.470	  0.000
5	  2.880	 12.838	  1.005	  1.470	  0.000
6	  2.880	 14.533	  1.005	  1.470	  0.000
7	  2.880	 16.228	  1.005	  1.470	  0.000
8	  2.880	 17.923	  1.005	  1.470	  0.000
9	  2.880	 19.618	  1.005	  1.470	  0.000
10	  2.880	 21.313	  1.005	  1.470	  0.000
11	  2.880	 23.008	  1.005	  1.470	  0.000
12	  2.880	 24.702	  1.005	  1.470	  0.000
13	  2.880	 26.397	  1.005	  1.470	  0.000
14	  2.880	 28.092	  1.005	  1.470	  0.000
15	  2.880	 29.787	  1.005	  1.470	  0.000
16	  2.880	 31.482	  1.005	  1.470	  0.000
17	  2.880	 33.177	  1.005	  1.470	  0.000
18	  2.880	 34.872	  1.005	  1.470	  0.000
19	  2.880	 36.567	  1.005	  1.470	  0.000
20	  2.880	 38.262	  1.005	  1.470	  0.000
21	  2.880	 39.957	  1.005	  1.470	  0.000
22	  2.880	 41.652	  1.005	  1.470	  0.000
23	  2.880	 43.346	  1.005	  1.470	  0.000
24	  2.880	 45.041	  1.005	  1.470	  0.000
25	  2.880	 46.736	  1.005	  1.470	  0.000
26	  2.880	 48.431	  1.005	  1.470	  0.000
27	  2.880	 50.126	  1.005	  1.470	  0.000
28	  2.880	 51.821	  1.005	  1.470	  0.000
29	  2.880	 53.516	  1.005	  1.470	  0.000
30	  2.880	 55.211	  1.005	  1.470	  0.000
31	  2.880	 56.906	  1.005	  1.470	  0.000
32	  2.880	 58.601	  1.005	  1.470	  0.000
33	  2.880	 60.296	  1.005	  1.470	  0.000
34	  2.880	 61.991	  1.005	  1.470	  0.000
35	  2.880	 63.685	  1.005	  1.470	  0.000
36	  2.880	 65.380	  1.005	  1.470	  0.000
37	  2.880	 67.075	  1.005	  1.470	  0.000
38	  2.880	 68.770	  1.005	  1.470	  0.000
39	  2.880	 70.465	  1.005	  1.470	  0.000
40	  2.880	 72.160	  1.005	  1.470	  0.000
41	  2.880	 73.855	  1.005	  1.470	  0.000
42	  2.880	 75.550	  1.005	  1.470	  0.000
43	  2.880	 77.245	  1.005	  1.470	  0.000
44	  2.880	 78.940	  1.005	  1.470	  0.000
45	  2.880	 80.635	  1.005	  1.470	  0.000
46	  2.880	 82.330	  1.005	  1.470	  0.000
47	  2.880	 84.024	  1.005	  1.470	  0.000
48	  2.880	 85.719	  1.005	  1.470	  0.000
49	  2.880	 87.414	  1.005	  1.470	  0.000
50	  2.880	 89.109	  1.005	  1.470	  0.000
51	  2.880	 90.804	  1.005	  1.470	  0.000
52	  2.880	 92.499	  1.005	  1.470	  0.000
53	  2.880	 94.194	  1.005	  1.470	  0.000
54	  2.880	 95.889	  1.005	  1.470	  0.000
55	  2.880	 97.584	  1.005	  1.470	  0.000
56	  2.880	 99.279	  1.005	  1.470	  0.000
57	  2.880	100.974	  1.005	  1.470	  0.000
58	  2.880	102.669	  1.005	  1.470	  0.000
0	  3.000	  4.540	  1.005	  1.471	  0.000
1	  3.000	  6.235	  1.005	  1.471	  0.000
2	  3.000	  7.930	  1.005	  1.471	  0.000
3	  3.000	  9.625	  1.005	  1.471	  0.000
4	  3.000	 11.320	  1.005	  1.471	  0.000
5	  3.000	 13.014	  1.005	  1.471	  0.000
6	  3.000	 14.709	  1.005	  1.471	  0.000
7	  3.000	 16.404	  1.005	  1.471	  0.000
8	  3.000	 18.099	  1.005	  1.471	  0.000
9	  3.000	 19.794	  1.005	  1.471	  0.000
10	  3.000	 21.489	  1.005	  1.471	  0.000
11	  3.000	 23.184	  1.005	  1.471	  0.000
12	  3.000	 24.879	  1.005	  1.471	  0.000
13	  3.000	 26.574	  1.005	  1.471	  0.000
14	  3.000	 28.269	  1.005	  1.471	  0.000
15	  3.000	 29.964	  1.005	  1.471	  0.000
16	  3.000	 31.659	  1.005	  1.471	  0.000
17	  3.000	 33.353	  1.005	  1.471	  0.000
18	  3.000	 35.048	  1.005	  1.471	  0.000
19	  3.000	 36.743	  1.005	  1.471	  0.000
20	  3.000	 38.438	  1.005	  1.471	  0.000
21	  3.000	 40.133	  1.005	  1.471	  0.000
22	  3.000	 41.828	  1.005	  1.471	  0.000
23	  3.000	 43.523	  1.005	  1.471	  0.000
24	  3.000	 45.218	  1.005	  1.471	  0.000
25	  3.000	 46.913	  1.005	  1.471	  0.000
26	  3.000	 48.608	  1.005	  1.471	  0.000
27	  3.000	 50.303	  1.005	  1.471	  0.000
28	  3.000	 51.998	  1.005	  1.471	  0.000
29	  3.000	 53.692	  1.005	  1.471	  0.000
30	  3.000	 55.387	  1.005	  1.471	  0.000
31	  3.000	 57.082	  1.005	  1.471	  0.000
32	  3.000	 58.777	  1.005	  1.471	  0.000
33	  3.000	 60.472	  1.005	  1.471	  0.000
34	  3.000	 62.167	  1.005	  1.471	  0.000
35	  3.000	 63.862	  1.005	  1.471	  0.000
36	  3.000	 65.557	  1.005	  1.471	  0.000
37	  3.000	 67.252	  1.005	  1.471	  0.000
38	  3.000	 68.947	  1.005	  1.471	  0.000
39	  3.000	 70.642	  1.005	  1.471	  0.000
40	  3.000	 72.336	  1.005	  1.471	  0.000
41	  3.000	 74.031	  1.005	  1.471	  0.000
42	  3.000	 75.726	  1.005	  1.471	  0.000
43	  3.000	 77.421	  1.005	  1.471	  0.000
44	  3.000	 79.116	  1.005	  1.471	  0.000
45	  3.000	 80.811	  1.005	  1.471	  0.000
46	  3.000	 82.506	  1.005	  1.471	  0.000
47	  3.000	 84.201	  1.005	  1.471	  0.000
48	  3.000	 85.896	  1.005	  1.471	  0.000
49	  3.000	 87.591	  1.005	  1.471	  0.000
50	  3.000	 89.286	  1.005	  1.471	  0.000
51	  3.000	 90.981	  1.005	  1.471	  0.000
52	  3.000	 92.675	  1.005	  1.471	  0.000
53	  3.000	 94.370	  1.005	  1.471	  0.000
54	  3.000	 96.065	  1.005	  1.471	  0.000
55	  3.000	 97.760	  1.005	  1.471	  0.000
56	  3.000	 99.455	  1.005	  1.471	  0.000
57	  3.000	101.150	  1.005	  1.471	  0.000
58	  3.000	102.845	  1.005	  1.471	  0.000
