# id	 time	 x	 y	 vx	 vy
0	  0.000	  2.500	  1.000	  0.000	  0.000
1	  0.000	  7.500	  1.000	  0.000	  0.000
0	  0.120	  2.517	  1.000	  0.288	  0.000
1	  0.120	  7.517	  1.000	  0.288	  0.000
0	  0.240	  2.564	  1.000	  0.515	  0.000
1	  0.240	  7.564	  1.000	  0.515	  0.000
0	  0.360	  2.636	  1.000	  0.692	  0.000
1	  0.360	  7.636	  1.000	  0.692	  0.000
0	  0.480	  2.727	  1.000	  0.832	  0.000
1	  0.480	  7.727	  1.000	  0.832	  0.000
0	  0.600	  2.833	  1.000	  0.941	  0.000
1	  0.600	  7.833	  1.000	  0.941	  0.000
0	  0.720	  2.951	  1.000	  1.027	  0.000
1	  0.720	  7.951	  1.000	  1.027	  0.000
0	  0.840	  3.078	  1.000	  1.094	  0.000
1	  0.840	  8.078	  1.000	  1.094	  0.000
0	  0.960	  3.213	  1.000	  1.147	  0.000
1	  0.960	  8.213	  1.000	  1.147	  0.000
0	  1.080	  3.353	  1.000	  1.189	  0.000
1	  1.080	  8.353	  1.000	  1.189	  0.000
0	  1.200	  3.497	  1.000	  1.221	  0.000
1	  1.200	  8.497	  1.000	  1.221	  0.000
0	  1.320	  3.645	  1.000	  1.247	  0.000
1	  1.320	  8.645	  1.000	  1.247	  0.000
0	  1.440	  3.796	  1.000	  1.267	  0.000
1	  1.440	  8.796	  1.000	  1.267	  0.000
0	  1.560	  3.949	  1.000	  1.283	  0.000
1	  1.560	  8.949	  1.000	  1.283	  0.000
0	  1.680	  4.104	  1.000	  1.295	  0.000
1	  1.680	  9.104	  1.000	  1.295	  0.000
0	  1.800	  4.260	  1.000	  1.305	  0.000
1	  1.800	  9.260	  1.000	  1.305	  0.000
0	  1.920	  4.417	  1.000	  1.312	  0.000
1	  1.920	  9.417	  1.000	  1.312	  0.000
0	  2.040	  4.574	  1.000	  1.318	  0.000
1	  2.040	  9.574	  1.000	  1.318	  0.000
0	  2.160	  4.733	  1.000	  1.323	  0.000
1	  2.160	  9.733	  1.000	  1.323	  0.000
0	  2.280	  4.892	  1.000	  1.327	  0.000
1	  2.280	  9.892	  1.000	  1.327	  0.000
0	  2.400	  5.051	  1.000	  1.329	  0.000
1	  2.400	 10.051	  1.000	  1.329	  0.000
0	  2.520	  5.211	  1.000	  1.332	  0.000
1	  2.520	 10.211	  1.000	  1.332	  0.000
0	  2.640	  5.371	  1.000	  1.334	  0.000
1	  2.640	 10.371	  1.000	  1.334	  0.000
0	  2.760	  5.531	  1.000	  1.335	  0.000
1	  2.760	 10.531	  1.000	  1.335	  0.000
0	  2.880	  5.691	  1.000	  1.336	  0.000
1	  2.880	 10.691	  1.000	  1.336	  0.000
0	  3.000	  5.852	  1.000	  1.337	  0.000
1	  3.000	 10.852	  1.000	  1.337	  0.000
0	  3.120	  6.012	  1.000	  1.338	  0.000
1	  3.120	 11.012	  1.000	  1.338	  0.000
0	  3.240	  6.173	  1.000	  1.338	  0.000
1	  3.240	 11.173	  1.000	  1.338	  0.000
0	  3.360	  6.333	  1.000	  1.338	  0.000
1	  3.360	 11.333	  1.000	  1.338	  0.000
0	  3.480	  6.494	  1.000	  1.339	  0.000
1	  3.480	 11.494	  1.000	  1.339	  0.000
0	  3.600	  6.654	  1.000	  1.339	  0.000
1	  3.600	 11.654	  1.000	  1.339	  0.000
0	  3.720	  6.815	  1.000	  1.339	  0.000
1	  3.720	 11.815	  1.000	  1.339	  0.000
0	  3.840	  6.976	  1.000	  1.339	  0.000
1	  3.840	 11.976	  1.000	  1.339	  0.000
0	  3.960	  7.137	  1.000	  1.340	  0.000
1	  3.960	 12.137	  1.000	  1.340	  0.000
0	  4.080	  7.297	  1.000	  1.340	  0.000
1	  4.080	 12.297	  1.000	  1.340	  0.000
0	  4.200	  7.458	  1.000	  1.340	  0.000
1	  4.200	 12.458	  1.000	  1.340	  0.000
0	  4.320	  7.619	  1.000	  1.340	  0.000
1	  4.320	 12.619	  1.000	  1.340	  0.000
0	  4.440	  7.780	  1.000	  1.340	  0.000
1	  4.440	 12.780	  1.000	  1.340	  0.000
0	  4.560	  7.940	  1.000	  1.340	  0.000
1	  4.560	 12.940	  1.000	  1.340	  0.000
0	  4.680	  8.101	  1.000	  1.340	  0.000
1	  4.680	 13.101	  1.000	  1.340	  0.000
0	  4.800	  8.262	  1.000	  1.340	  0.000
1	  4.800	 13.262	  1.000	  1.340	  0.000
0	  4.920	  8.423	  1.000	  1.340	  0.000
1	  4.920	 13.423	  1.000	  1.340	  0.000
0	  5.040	  8.584	  1.000	  1.340	  0.000
1	  5.040	 13.584	  1.000	  1.340	  0.000
0	  5.160	  8.744	  1.000	  1.340	  0.000
1	  5.160	 13.744	  1.000	  1.340	  0.000
0	  5.280	  8.905	  1.000	  1.340	  0.000
1	  5.280	 13.905	  1.000	  1.340	  0.000
0	  5.400	  9.066	  1.000	  1.340	  0.000
1	  5.400	 14.066	  1.000	  1.340	  0.000
0	  5.520	  9.227	  1.000	  1.340	  0.000
1	  5.520	 14.227	  1.000	  1.340	  0.000
0	  5.640	  9.388	  1.000	  1.340	  0.000
1	  5.640	 14.388	  1.000	  1.340	  0.000
0	  5.760	  9.548	  1.000	  1.340	  0.000
1	  5.760	 14.548	  1.000	  1.340	  0.000
0	  5.880	  9.709	  1.000	  1.340	  0.000
1	  5.880	 14.709	  1.000	  1.340	  0.000
0	  6.000	  9.870	  1.000	  1.340	  0.000
1	  6.000	 14.870	  1.000	  1.340	  0.000
0	  6.120	 10.031	  1.000	  1.340	  0.000
1	  6.120	 15.031	  1.000	  1.340	  0.000
0	  6.240	 10.192	  1.000	  1.340	  0.000
1	  6.240	 15.192	  1.000	  1.340	  0.000
0	  6.360	 10.352	  1.000	  1.340	  0.000
1	  6.360	 15.352	  1.000	  1.340	  0.000
0	  6.480	 10.513	  1.000	  1.340	  0.000
1	  6.480	 15.513	  1.000	  1.340	  0.000
0	  6.600	 10.674	  1.000	  1.340	  0.000
1	  6.600	 15.674	  1.000	  1.340	  0.000
0	  6.720	 10.835	  1.000	  1.340	  0.000
1	  6.720	 15.835	  1.000	  1.340	  0.000
0	  6.840	 10.996	  1.000	  1.340	  0.000
1	  6.840	 15.996	  1.000	  1.340	  0.000
0	  6.960	 11.156	  1.000	  1.340	  0.000
1	  6.960	 16.156	  1.000	  1.340	  0.000
0	  7.080	 11.317	  1.000	  1.340	  0.000
1	  7.080	 16.317	  1.000	  1.340	  0.000
0	  7.200	 11.478	  1.000	  1.340	  0.000
1	  7.200	 16.478	  1.000	  1.340	  0.000
0	  7.320	 11.639	  1.000	  1.340	  0.000
1	  7.320	 16.639	  1.000	  1.340	  0.000
0	  7.440	 11.800	  1.000	  1.340	  0.000
1	  7.440	 16.800	  1.000	  1.340	  0.000
0	  7.560	 11.960	  1.000	  1.340	  0.000
1	  7.560	 16.960	  1.000	  1.340	  0.000
0	  7.680	 12.121	  1.000	  1.340	  0.000
1	  7.680	 17.121	  1.000	  1.340	  0.000
0	  7.800	 12.282	  1.000	  1.340	  0.000
1	  7.800	 17.282	  1.000	  1.340	  0.000
0	  7.920	 12.443	  1.000	  1.340	  0.000
1	  7.920	 17.443	  1.000	  1.340	  0.000
0	  8.040	 12.604	  1.000	  1.340	  0.000
1	  8.040	 17.604	  1.000	  1.340	  0.000
0	  8.160	 12.764	  1.000	  1.340	  0.000
1	  8.160	 17.764	  1.000	  1.340	  0.000
0	  8.280	 12.925	  1.000	  1.340	  0.000
1	  8.280	 17.925	  1.000	  1.340	  0.000
0	  8.400	 13.086	  1.000	  1.340	  0.000
1	  8.400	 18.086	  1.000	  1.340	  0.000
0	  8.520	 13.247	  1.000	  1.340	  0.000
1	  8.520	 18.247	  1.000	  1.340	  0.000
0	  8.640	 13.408	  1.000	  1.340	  0.000
1	  8.640	 18.408	  1.000	  1.340	  0.000
0	  8.760	 13.568	  1.000	  1.340	  0.000
1	  8.760	 18.568	  1.000	  1.340	  0.000
0	  8.880	 13.729	  1.000	  1.340	  0.000
1	  8.880	 18.729	  1.000	  1.340	  0.000
0	  9.000	 13.890	  1.000	  1.340	  0.000
1	  9.000	 18.890	  1.000	  1.340	  0.000
0	  9.120	 14.051	  1.000	  1.340	  0.000
1	  9.120	 19.051	  1.000	  1.340	  0.000
0	  9.240	 14.212	  1.000	  1.340	  0.000
1	  9.240	 19.212	  1.000	  1.340	  0.000
0	  9.360	 14.372	  1.000	  1.340	  0.000
1	  9.360	 19.372	  1.000	  1.340	  0.000
0	  9.480	 14.533	  1.000	  1.340	  0.000
1	  9.480	 19.533	  1.000	  1.340	  0.000
0	  9.600	 14.694	  1.000	  1.340	  0.000
1	  9.600	 19.694	  1.000	  1.340	  0.000
0	  9.720	 14.855	  1.000	  1.340	  0.000
1	  9.720	 19.855	  1.000	  1.340	  0.000
0	  9.840	 15.016	  1.000	  1.340	  0.000
1	  9.840	 20.016	  1.000	  1.340	  0.000
0	  9.960	 15.176	  1.000	  1.340	  0.000
1	  9.960	 20.176	  1.000	  1.340	  0.000
0	 10.080	 15.337	  1.000	  1.340	  0.000
1	 10.080	 20.337	  1.000	  1.340	  0.000
0	 10.200	 15.498	  1.000	  1.340	  0.000
1	 10.200	 20.498	  1.000	  1.340	  0.000
0	 10.320	 15.659	  1.000	  1.340	  0.000
1	 10.320	 20.659	  1.000	  1.340	  0.000
0	 10.440	 15.820	  1.000	  1.340	  0.000
1	 10.440	 20.820	  1.000	  1.340	  0.000
0	 10.560	 15.980	  1.000	  1.340	  0.000
1	 10.560	 20.980	  1.000	  1.340	  0.000
0	 10.680	 16.141	  1.000	  1.340	  0.000
1	 10.680	 21.141	  1.000	  1.340	  0.000
0	 10.800	 16.302	  1.000	  1.340	  0.000
1	 10.800	 21.302	  1.000	  1.340	  0.000
0	 10.920	 16.463	  1.000	  1.340	  0.000
1	 10.920	 21.463	  1.000	  1.340	  0.000
0	 11.040	 16.624	  1.000	  1.340	  0.000
1	 11.040	 21.624	  1.000	  1.340	  0.000
0	 11.160	 16.784	  1.000	  1.340	  0.000
1	 11.160	 21.784	  1.000	  1.340	  0.000
0	 11.280	 16.945	  1.000	  1.340	  0.000
1	 11.280	 21.945	  1.000	  1.340	  0.000
0	 11.400	 17.106	  1.000	  1.340	  0.000
1	 11.400	 22.106	  1.000	  1.340	  0.000
0	 11.520	 17.267	  1.000	  1.340	  0.000
1	 11.520	 22.267	  1.000	  1.340	  0.000
0	 11.640	 17.428	  1.000	  1.340	  0.000
1	 11.640	 22.428	  1.000	  1.340	  0.000
0	 11.760	 17.588	  1.000	  1.340	  0.000
1	 11.760	 22.588	  1.000	  1.340	  0.000
0	 11.880	 17.749	  1.000	  1.340	  0.000
1	 11.880	 22.749	  1.000	  1.340	  0.000
0	 12.000	 17.910	  1.000	  1.340	  0.000
1	 12.000	 22.910	  1.000	  1.340	  0.000
0	 12.120	 18.071	  1.000	  1.340	  0.000
1	 12.120	 23.071	  1.000	  1.340	  0.000
0	 12.240	 18.232	  1.000	  1.340	  0.000
1	 12.240	 23.232	  1.000	  1.340	  0.000
0	 12.360	 18.392	  1.000	  1.340	  0.000
1	 12.360	 23.392	  1.000	  1.340	  0.000
0	 12.480	 18.553	  1.000	  1.340	  0.000
1	 12.480	 23.553	  1.000	  1.340	  0.000
0	 12.600	 18.714	  1.000	  1.340	  0.000
1	 12.600	 23.714	  1.000	  1.340	  0.000
0	 12.720	 18.875	  1.000	  1.340	  0.000
1	 12.720	 23.875	  1.000	  1.340	  0.000
0	 12.840	 19.036	  1.000	  1.340	  0.000
1	 12.840	 24.036	  1.000	  1.340	  0.000
0	 12.960	 19.196	  1.000	  1.340	  0.000
1	 12.960	 24.196	  1.000	  1.340	  0.000
0	 13.080	 19.357	  1.000	  1.340	  0.000
1	 13.080	 24.357	  1.000	  1.340	  0.000
0	 13.200	 19.518	  1.000	  1.340	  0.000
1	 13.200	 24.518	  1.000	  1.340	  0.000
0	 13.320	 19.679	  1.000	  1.340	  0.000
1	 13.320	 24.679	  1.000	  1.340	  0.000
0	 13.440	 19.840	  1.000	  1.340	  0.000
1	 13.440	 24.840	  1.000	  1.340	  0.000
0	 13.560	 20.000	  1.000	  1.340	  0.000
1	 13.560	 25.000	  1.000	  1.340	  0.000
0	 13.680	 20.161	  1.000	  1.340	  0.000
1	 13.680	 25.161	  1.000	  1.340	  0.000
0	 13.800	 20.322	  1.000	  1.340	  0.000
1	 13.800	 25.322	  1.000	  1.340	  0.000
0	 13.920	 20.483	  1.000	  1.340	  0.000
1	 13.920	 25.483	  1.000	  1.340	  0.000
0	 14.040	 20.644	  1.000	  1.340	  0.000
1	 14.040	 25.644	  1.000	  1.340	  0.000
0	 14.160	 20.804	  1.000	  1.340	  0.000
1	 14.160	 25.804	  1.000	  1.340	  0.000
0	 14.280	 20.965	  1.000	  1.340	  0.000
1	 14.280	 25.965	  1.000	  1.340	  0.000
0	 14.400	 21.126	  1.000	  1.340	  0.000
1	 14.400	 26.126	  1.000	  1.340	  0.000
0	 14.520	 21.287	  1.000	  1.340	  0.000
1	 14.520	 26.287	  1.000	  1.340	  0.000
0	 14.640	 21.448	  1.000	  1.340	  0.000
1	 14.640	 26.448	  1.000	  1.340	  0.000
0	 14.760	 21.608	  1.000	  1.340	  0.000
1	 14.760	 26.608	  1.000	  1.340	  0.000
0	 14.880	 21.769	  1.000	  1.340	  0.000
1	 14.880	 26.769	  1.000	  1.340	  0.000
0	 15.000	 21.930	  1.000	  1.340	  0.000
1	 15.000	 26.930	  1.000	  1.340	  0.000
0	 15.120	 22.091	  1.000	  1.340	  0.000
1	 15.120	 27.091	  1.000	  1.340	  0.000
0	 15.240	 22.252	  1.000	  1.340	  0.000
1	 15.240	 27.252	  1.000	  1.340	  0.000
0	 15.360	 22.412	  1.000	  1.340	  0.000
1	 15.360	 27.412	  1.000	  1.340	  0.000
0	 15.480	 22.573	  1.000	  1.340	  0.000
1	 15.480	 27.573	  1.000	  1.340	  0.000
0	 15.600	 22.734	  1.000	  1.340	  0.000
1	 15.600	 27.734	  1.000	  1.340	  0.000
0	 15.720	 22.895	  1.000	  1.340	  0.000
1	 15.720	 27.895	  1.000	  1.340	  0.000
0	 15.840	 23.056	  1.000	  1.340	  0.000
1	 15.840	 28.056	  1.000	  1.340	  0.000
0	 15.960	 23.216	  1.000	  1.340	  0.000
1	 15.960	 28.216	  1.000	  1.340	  0.000
0	 16.080	 23.377	  1.000	  1.340	  0.000
1	 16.080	 28.377	  1.000	  1.340	  0.000
0	 16.200	 23.538	  1.000	  1.340	  0.000
1	 16.200	 28.538	  1.000	  1.340	  0.000
0	 16.320	 23.699	  1.000	  1.340	  0.000
1	 16.320	 28.699	  1.000	  1.340	  0.000
0	 16.440	 23.860	  1.000	  1.340	  0.000
1	 16.440	 28.860	  1.000	  1.340	  0.000
0	 16.560	 24.020	  1.000	  1.340	  0.000
1	 16.560	 29.020	  1.000	  1.340	  0.000
0	 16.680	 24.181	  1.000	  1.340	  0.000
1	 16.680	 29.181	  1.000	  1.340	  0.000
0	 16.800	 24.342	  1.000	  1.340	  0.000
1	 16.800	 29.342	  1.000	  1.340	  0.000
0	 16.920	 24.503	  1.000	  1.340	  0.000
1	 16.920	 29.503	  1.000	  1.340	  0.000
0	 17.040	 24.664	  1.000	  1.340	  0.000
1	 17.040	 29.664	  1.000	  1.340	  0.000
0	 17.160	 24.824	  1.000	  1.340	  0.000
1	 17.160	 29.824	  1.000	  1.340	  0.000
0	 17.280	 24.985	  1.000	  1.340	  0.000
1	 17.280	 29.985	  1.000	  1.340	  0.000
0	 17.400	 25.146	  1.000	  1.340	  0.000
1	 17.400	 30.146	  1.000	  1.340	  0.000
0	 17.520	 25.307	  1.000	  1.340	  0.000
1	 17.520	 30.307	  1.000	  1.340	  0.000
0	 17.640	 25.468	  1.000	  1.340	  0.000
1	 17.640	 30.468	  1.000	  1.340	  0.000
0	 17.760	 25.628	  1.000	  1.340	  0.000
1	 17.760	 30.628	  1.000	  1.340	  0.000
0	 17.880	 25.789	  1.000	  1.340	  0.000
1	 17.880	 30.789	  1.000	  1.340	  0.000
0	 18.000	 25.950	  1.000	  1.340	  0.000
1	 18.000	 30.950	  1.000	  1.340	  0.000
0	 18.120	 26.111	  1.000	  1.340	  0.000
1	 18.120	 31.111	  1.000	  1.340	  0.000
0	 18.240	 26.272	  1.000	  1.340	  0.000
1	 18.240	 31.272	  1.000	  1.340	  0.000
0	 18.360	 26.432	  1.000	  1.340	  0.000
1	 18.360	 31.432	  1.000	  1.340	  0.000
0	 18.480	 26.593	  1.000	  1.340	  0.000
1	 18.480	 31.593	  1.000	  1.340	  0.000
0	 18.600	 26.754	  1.000	  1.340	  0.000
1	 18.600	 31.754	  1.000	  1.340	  0.000
0	 18.720	 26.915	  1.000	  1.340	  0.000
1	 18.720	 31.915	  1.000	  1.340	  0.000
0	 18.840	 27.076	  1.000	  1.340	  0.000
1	 18.840	 32.076	  1.000	  1.340	  0.000
0	 18.960	 27.236	  1.000	  1.340	  0.000
1	 18.960	 32.236	  1.000	  1.340	  0.000
0	 19.080	 27.397	  1.000	  1.340	  0.000
1	 19.080	 32.397	  1.000	  1.340	  0.000
0	 19.200	 27.558	  1.000	  1.340	  0.000
1	 19.200	 32.558	  1.000	  1.340	  0.000
0	 19.320	 27.719	  1.000	  1.340	  0.000
1	 19.320	 32.719	  1.000	  1.340	  0.000
0	 19.440	 27.880	  1.000	  1.340	  0.000
1	 19.440	 32.880	  1.000	  1.340	  0.000
0	 19.560	 28.040	  1.000	  1.340	  0.000
1	 19.560	 33.040	  1.000	  1.340	  0.000
0	 19.680	 28.201	  1.000	  1.340	  0.000
1	 19.680	 33.201	  1.000	  1.340	  0.000
0	 19.800	 28.362	  1.000	  1.340	  0.000
1	 19.800	 33.362	  1.000	  1.340	  0.000
0	 19.920	 28.523	  1.000	  1.340	  0.000
1	 19.920	 33.523	  1.000	  1.340	  0.000
0	 20.040	 28.684	  1.000	  1.340	  0.000
1	 20.040	 33.684	  1.000	  1.340	  0.000
0	 20.160	 28.844	  1.000	  1.340	  0.000
1	 20.160	 33.844	  1.000	  1.340	  0.000
0	 20.280	 29.005	  1.000	  1.340	  0.000
1	 20.280	 34.005	  1.000	  1.340	  0.000
0	 20.400	 29.166	  1.000	  1.340	  0.000
1	 20.400	 34.166	  1.000	  1.340	  0.000
0	 20.520	 29.327	  1.000	  1.340	  0.000
1	 20.520	 34.327	  1.000	  1.340	  0.000
0	 20.640	 29.488	  1.000	  1.340	  0.000
1	 20.640	 34.488	  1.000	  1.340	  0.000
0	 20.760	 29.648	  1.000	  1.340	  0.000
1	 20.760	 34.648	  1.000	  1.340	  0.000
0	 20.880	 29.809	  1.000	  1.340	  0.000
1	 20.880	 34.809	  1.000	  1.340	  0.000
0	 21.000	 29.970	  1.000	  1.340	  0.000
1	 21.000	 34.970	  1.000	  1.340	  0.000
0	 21.120	 30.131	  1.000	  1.340	  0.000
1	 21.120	 35.131	  1.000	  1.340	  0.000
0	 21.240	 30.292	  1.000	  1.340	  0.000
1	 21.240	 35.292	  1.000	  1.340	  0.000
0	 21.360	 30.452	  1.000	  1.340	  0.000
1	 21.360	 35.452	  1.000	  1.340	  0.000
0	 21.480	 30.613	  1.000	  1.340	  0.000
1	 21.480	 35.613	  1.000	  1.340	  0.000
0	 21.600	 30.774	  1.000	  1.340	  0.000
1	 21.600	 35.774	  1.000	  1.340	  0.000
0	 21.720	 30.935	  1.000	  1.340	  0.000
1	 21.720	 35.935	  1.000	  1.340	  0.000
0	 21.840	 31.096	  1.000	  1.340	  0.000
1	 21.840	 36.096	  1.000	  1.340	  0.000
0	 21.960	 31.256	  1.000	  1.340	  0.000
1	 21.960	 36.256	  1.000	  1.340	  0.000
0	 22.080	 31.417	  1.000	  1.340	  0.000
1	 22.080	 36.417	  1.000	  1.340	  0.000
0	 22.200	 31.578	  1.000	  1.340	  0.000
1	 22.200	 36.578	  1.000	  1.340	  0.000
0	 22.320	 31.739	  1.000	  1.340	  0.000
1	 22.320	 36.739	  1.000	  1.340	  0.000
0	 22.440	 31.900	  1.000	  1.340	  0.000
1	 22.440	 36.900	  1.000	  1.340	  0.000
0	 22.560	 32.060	  1.000	  1.340	  0.000
1	 22.560	 37.060	  1.000	  1.340	  0.000
0	 22.680	 32.221	  1.000	  1.340	  0.000
1	 22.680	 37.221	  1.000	  1.340	  0.000
0	 22.800	 32.382	  1.000	  1.340	  0.000
1	 22.800	 37.382	  1.000	  1.340	  0.000
0	 22.920	 32.543	  1.000	  1.340	  0.000
1	 22.920	 37.543	  1.000	  1.340	  0.000
0	 23.040	 32.704	  1.000	  1.340	  0.000
1	 23.040	 37.704	  1.000	  1.340	  0.000
0	 23.160	 32.864	  1.000	  1.340	  0.000
1	 23.160	 37.864	  1.000	  1.340	  0.000
0	 23.280	 33.025	  1.000	  1.340	  0.000
1	 23.280	 38.025	  1.000	  1.340	  0.000
0	 23.400	 33.186	  1.000	  1.340	  0.000
1	 23.400	 38.186	  1.000	  1.340	  0.000
0	 23.520	 33.347	  1.000	  1.340	  0.000
1	 23.520	 38.347	  1.000	  1.340	  0.000
0	 23.640	 33.508	  1.000	  1.340	  0.000
1	 23.640	 38.508	  1.000	  1.340	  0.000
0	 23.760	 33.668	  1.000	  1.340	  0.000
1	 23.760	 38.668	  1.000	  1.340	  0.000
0	 23.880	 33.829	  1.000	  1.340	  0.000
1	 23.880	 38.829	  1.000	  1.340	  0.000
0	 24.000	 33.990	  1.000	  1.340	  0.000
1	 24.000	 38.990	  1.000	  1.340	  0.000
0	 24.120	 34.151	  1.000	  1.340	  0.000
1	 24.120	 39.151	  1.000	  1.340	  0.000
0	 24.240	 34.312	  1.000	  1.340	  0.000
1	 24.240	 39.312	  1.000	  1.340	  0.000
0	 24.360	 34.472	  1.000	  1.340	  0.000
1	 24.360	 39.472	  1.000	  1.340	  0.000
0	 24.480	 34.633	  1.000	  1.340	  0.000
1	 24.480	 39.633	  1.000	  1.340	  0.000
0	 24.600	 34.794	  1.000	  1.340	  0.000
1	 24.600	 39.794	  1.000	  1.340	  0.000
0	 24.720	 34.955	  1.000	  1.340	  0.000
1	 24.720	 39.955	  1.000	  1.340	  0.000
0	 24.840	 35.116	  1.000	  1.340	  0.000
1	 24.840	 40.116	  1.000	  1.340	  0.000
0	 24.960	 35.276	  1.000	  1.340	  0.000
1	 24.960	 40.276	  1.000	  1.340	  0.000
0	 25.080	 35.437	  1.000	  1.340	  0.000
1	 25.080	 40.437	  1.000	  1.340	  0.000
0	 25.200	 35.598	  1.000	  1.340	  0.000
1	 25.200	 40.598	  1.000	  1.340	  0.000
0	 25.320	 35.759	  1.000	  1.340	  0.000
1	 25.320	 40.759	  1.000	  1.340	  0.000
0	 25.440	 35.920	  1.000	  1.340	  0.000
1	 25.440	 40.920	  1.000	  1.340	  0.000
0	 25.560	 36.080	  1.000	  1.340	  0.000
1	 25.560	 41.080	  1.000	  1.340	  0.000
0	 25.680	 36.241	  1.000	  1.340	  0.000
1	 25.680	 41.241	  1.000	  1.340	  0.000
0	 25.800	 36.402	  1.000	  1.340	  0.000
1	 25.800	 41.402	  1.000	  1.340	  0.000
0	 25.920	 36.563	  1.000	  1.340	  0.000
1	 25.920	 41.563	  1.000	  1.340	  0.000
0	 26.040	 36.724	  1.000	  1.340	  0.000
1	 26.040	 41.724	  1.000	  1.340	  0.000
0	 26.160	 36.884	  1.000	  1.340	  0.000
1	 26.160	 41.884	  1.000	  1.340	  0.000
0	 26.280	 37.045	  1.000	  1.340	  0.000
1	 26.280	 42.045	  1.000	  1.340	  0.000
0	 26.400	 37.206	  1.000	  1.340	  0.000
1	 26.400	 42.206	  1.000	  1.340	  0.000
0	 26.520	 37.367	  1.000	  1.340	  0.000
1	 26.520	 42.367	  1.000	  1.340	  0.000
0	 26.640	 37.528	  1.000	  1.340	  0.000
1	 26.640	 42.528	  1.000	  1.340	  0.000
0	 26.760	 37.688	  1.000	  1.340	  0.000
1	 26.760	 42.688	  1.000	  1.340	  0.000
0	 26.880	 37.849	  1.000	  1.340	  0.000
1	 26.880	 42.849	  1.000	  1.340	  0.000
0	 27.000	 38.010	  1.000	  1.340	  0.000
1	 27.000	 43.010	  1.000	  1.340	  0.000
0	 27.120	 38.171	  1.000	  1.340	  0.000
1	 27.120	 43.171	  1.000	  1.340	  0.000
0	 27.240	 38.332	  1.000	  1.340	  0.000
1	 27.240	 43.332	  1.000	  1.340	  0.000
0	 27.360	 38.492	  1.000	  1.340	  0.000
1	 27.360	 43.492	  1.000	  1.340	  0.000
0	 27.480	 38.653	  1.000	  1.340	  0.000
1	 27.480	 43.653	  1.000	  1.340	  0.000
0	 27.600	 38.814	  1.000	  1.340	  0.000
1	 27.600	 43.814	  1.000	  1.340	  0.000
0	 27.720	 38.975	  1.000	  1.340	  0.000
1	 27.720	 43.975	  1.000	  1.340	  0.000
0	 27.840	 39.136	  1.000	  1.340	  0.000
1	 27.840	 44.136	  1.000	  1.340	  0.000
0	 27.960	 39.296	  1.000	  1.340	  0.000
1	 27.960	 44.296	  1.000	  1.340	  0.000
0	 28.080	 39.457	  1.000	  1.340	  0.000
1	 28.080	 44.457	  1.000	  1.340	  0.000
0	 28.200	 39.618	  1.000	  1.340	  0.000
1	 28.200	 44.618	  1.000	  1.340	  0.000
0	 28.320	 39.779	  1.000	  1.340	  0.000
1	 28.320	 44.779	  1.000	  1.340	  0.000
0	 28.440	 39.940	  1.000	  1.340	  0.000
1	 28.440	 44.940	  1.000	  1.340	  0.000
0	 28.560	 40.100	  1.000	  1.340	  0.000
1	 28.560	 45.100	  1.000	  1.340	  0.000
0	 28.680	 40.261	  1.000	  1.340	  0.000
1	 28.680	 45.261	  1.000	  1.340	  0.000
0	 28.800	 40.422	  1.000	  1.340	  0.000
1	 28.800	 45.422	  1.000	  1.340	  0.000
0	 28.920	 40.583	  1.000	  1.340	  0.000
1	 28.920	 45.583	  1.000	  1.340	  0.000
0	 29.040	 40.744	  1.000	  1.340	  0.000
1	 29.040	 45.744	  1.000	  1.340	  0.000
0	 29.160	 40.904	  1.000	  1.340	  0.000
1	 29.160	 45.904	  1.000	  1.340	  0.000
0	 29.280	 41.065	  1.000	  1.340	  0.000
1	 29.280	 46.065	  1.000	  1.340	  0.000
0	 29.400	 41.226	  1.000	  1.340	  0.000
1	 29.400	 46.226	  1.000	  1.340	  0.000
0	 29.520	 41.387	  1.000	  1.340	  0.000
1	 29.520	 46.387	  1.000	  1.340	  0.000
0	 29.640	 41.548	  1.000	  1.340	  0.000
1	 29.640	 46.548	  1.000	  1.340	  0.000
0	 29.760	 41.708	  1.000	  1.340	  0.000
1	 29.760	 46.708	  1.000	  1.340	  0.000
0	 29.880	 41.869	  1.000	  1.340	  0.000
1	 29.880	 46.869	  1.000	  1.340	  0.000
0	 30.000	 42.030	  1.000	  1.340	  0.000
1	 30.000	 47.030	  1.000	  1.340	  0.000
0	 30.120	 42.191	  1.000	  1.340	  0.000
1	 30.120	 47.191	  1.000	  1.340	  0.000
0	 30.240	 42.352	  1.000	  1.340	  0.000
1	 30.240	 47.352	  1.000	  1.340	  0.000
0	 30.360	 42.512	  1.000	  1.340	  0.000
1	 30.360	 47.512	  1.000	  1.340	  0.000
0	 30.480	 42.673	  1.000	  1.340	  0.000
1	 30.480	 47.673	  1.000	  1.340	  0.000
0	 30.600	 42.834	  1.000	  1.340	  0.000
1	 30.600	 47.834	  1.000	  1.340	  0.000
0	 30.720	 42.995	  1.000	  1.340	  0.000
1	 30.720	 47.995	  1.000	  1.340	  0.000
0	 30.840	 43.156	  1.000	  1.340	  0.000
1	 30.840	 48.156	  1.000	  1.340	  0.000
0	 30.960	 43.316	  1.000	  1.340	  0.000
1	 30.960	 48.316	  1.000	  1.340	  0.000
0	 31.080	 43.477	  1.000	  1.340	  0.000
1	 31.080	 48.477	  1.000	  1.340	  0.000
0	 31.200	 43.638	  1.000	  1.340	  0.000
1	 31.200	 48.638	  1.000	  1.340	  0.000
0	 31.320	 43.799	  1.000	  1.340	  0.000
1	 31.320	 48.799	  1.000	  1.340	  0.000
0	 31.440	 43.960	  1.000	  1.340	  0.000
1	 31.440	 48.960	  1.000	  1.340	  0.000
0	 31.560	 44.120	  1.000	  1.340	  0.000
1	 31.560	 49.120	  1.000	  1.340	  0.000
0	 31.680	 44.281	  1.000	  1.340	  0.000
1	 31.680	 49.281	  1.000	  1.340	  0.000
0	 31.800	 44.442	  1.000	  1.340	  0.000
1	 31.800	 49.442	  1.000	  1.340	  0.000
0	 31.920	 44.603	  1.000	  1.340	  0.000
1	 31.920	 49.603	  1.000	  1.340	  0.000
0	 32.040	 44.764	  1.000	  1.340	  0.000
1	 32.040	 49.764	  1.000	  1.340	  0.000
0	 32.160	 44.924	  1.000	  1.340	  0.000
1	 32.160	 49.924	  1.000	  1.340	  0.000
0	 32.280	 45.085	  1.000	  1.340	  0.000
1	 32.280	 50.085	  1.000	  1.340	  0.000
0	 32.400	 45.246	  1.000	  1.340	  0.000
1	 32.400	 50.246	  1.000	  1.340	  0.000
0	 32.520	 45.407	  1.000	  1.340	  0.000
1	 32.520	 50.407	  1.000	  1.340	  0.000
0	 32.640	 45.568	  1.000	  1.340	  0.000
1	 32.640	 50.568	  1.000	  1.340	  0.000
0	 32.760	 45.728	  1.000	  1.340	  0.000
1	 32.760	 50.728	  1.000	  1.340	  0.000
0	 32.880	 45.889	  1.000	  1.340	  0.000
1	 32.880	 50.889	  1.000	  1.340	  0.000
0	 33.000	 46.050	  1.000	  1.340	  0.000
1	 33.000	 51.050	  1.000	  1.340	  0.000
0	 33.120	 46.211	  1.000	  1.340	  0.000
1	 33.120	 51.211	  1.000	  1.340	  0.000
0	 33.240	 46.372	  1.000	  1.340	  0.000
1	 33.240	 51.372	  1.000	  1.340	  0.000
0	 33.360	 46.532	  1.000	  1.340	  0.000
1	 33.360	 51.532	  1.000	  1.340	  0.000
0	 33.480	 46.693	  1.000	  1.340	  0.000
1	 33.480	 51.693	  1.000	  1.340	  0.000
0	 33.600	 46.854	  1.000	  1.340	  0.000
1	 33.600	 51.854	  1.000	  1.340	  0.000
0	 33.720	 47.015	  1.000	  1.340	  0.000
1	 33.720	 52.015	  1.000	  1.340	  0.000
0	 33.840	 47.176	  1.000	  1.340	  0.000
1	 33.840	 52.176	  1.000	  1.340	  0.000
0	 33.960	 47.336	  1.000	  1.340	  0.000
1	 33.960	 52.336	  1.000	  1.340	  0.000
0	 34.080	 47.497	  1.000	  1.340	  0.000
1	 34.080	 52.497	  1.000	  1.340	  0.000
0	 34.200	 47.658	  1.000	  1.340	  0.000
1	 34.200	 52.658	  1.000	  1.340	  0.000
0	 34.320	 47.819	  1.000	  1.340	  0.000
1	 34.320	 52.819	  1.000	  1.340	  0.000
0	 34.440	 47.980	  1.000	  1.340	  0.000
1	 34.440	 52.980	  1.000	  1.340	  0.000
0	 34.560	 48.140	  1.000	  1.340	  0.000
1	 34.560	 53.140	  1.000	  1.340	  0.000
0	 34.680	 48.301	  1.000	  1.340	  0.000
1	 34.680	 53.301	  1.000	  1.340	  0.000
0	 34.800	 48.462	  1.000	  1.340	  0.000
1	 34.800	 53.462	  1.000	  1.340	  0.000
0	 34.920	 48.623	  1.000	  1.340	  0.000
1	 34.920	 53.623	  1.000	  1.340	  0.000
0	 35.040	 48.784	  1.000	  1.340	  0.000
1	 35.040	 53.784	  1.000	  1.340	  0.000
0	 35.160	 48.944	  1.000	  1.340	  0.000
1	 35.160	 53.944	  1.000	  1.340	  0.000
0	 35.280	 49.105	  1.000	  1.340	  0.000
1	 35.280	 54.105	  1.000	  1.340	  0.000
0	 35.400	 49.266	  1.000	  1.340	  0.000
1	 35.400	 54.266	  1.000	  1.340	  0.000
0	 35.520	 49.427	  1.000	  1.340	  0.000
1	 35.520	 54.427	  1.000	  1.340	  0.000
0	 35.640	 49.588	  1.000	  1.340	  0.000
1	 35.640	 54.588	  1.000	  1.340	  0.000
0	 35.760	 49.748	  1.000	  1.340	  0.000
1	 35.760	 54.748	  1.000	  1.340	  0.000
0	 35.880	 49.909	  1.000	  1.340	  0.000
1	 35.880	 54.909	  1.000	  1.340	  0.000
0	 36.000	 50.070	  1.000	  1.340	  0.000
1	 36.000	 55.070	  1.000	  1.340	  0.000
0	 36.120	 50.231	  1.000	  1.340	  0.000
1	 36.120	 55.231	  1.000	  1.340	  0.000
0	 36.240	 50.392	  1.000	  1.340	  0.000
1	 36.240	 55.392	  1.000	  1.340	  0.000
0	 36.360	 50.552	  1.000	  1.340	  0.000
1	 36.360	 55.552	  1.000	  1.340	  0.000
0	 36.480	 50.713	  1.000	  1.340	  0.000
1	 36.480	 55.713	  1.000	  1.340	  0.000
0	 36.600	 50.874	  1.000	  1.340	  0.000
1	 36.600	 55.874	  1.000	  1.340	  0.000
0	 36.720	 51.035	  1.000	  1.340	  0.000
1	 36.720	 56.035	  1.000	  1.340	  0.000
0	 36.840	 51.196	  1.000	  1.340	  0.000
1	 36.840	 56.196	  1.000	  1.340	  0.000
0	 36.960	 51.356	  1.000	  1.340	  0.000
1	 36.960	 56.356	  1.000	  1.340	  0.000
0	 37.080	 51.517	  1.000	  1.340	  0.000
1	 37.080	 56.517	  1.000	  1.340	  0.000
0	 37.200	 51.678	  1.000	  1.340	  0.000
1	 37.200	 56.678	  1.000	  1.340	  0.000
0	 37.320	 51.839	  1.000	  1.340	  0.000
1	 37.320	 56.839	  1.000	  1.340	  0.000
0	 37.440	 52.000	  1.000	  1.340	  0.000
1	 37.440	 57.000	  1.000	  1.340	  0.000
0	 37.560	 52.160	  1.000	  1.340	  0.000
1	 37.560	 57.160	  1.000	  1.340	  0.000
0	 37.680	 52.321	  1.000	  1.340	  0.000
1	 37.680	 57.321	  1.000	  1.340	  0.000
0	 37.800	 52.482	  1.000	  1.340	  0.000
1	 37.800	 57.482	  1.000	  1.340	  0.000
0	 37.920	 52.643	  1.000	  1.340	  0.000
1	 37.920	 57.643	  1.000	  1.340	  0.000
0	 38.040	 52.804	  1.000	  1.340	  0.000
1	 38.040	 57.804	  1.000	  1.340	  0.000
0	 38.160	 52.964	  1.000	  1.340	  0.000
1	 38.160	 57.964	  1.000	  1.340	  0.000
0	 38.280	 53.125	  1.000	  1.340	  0.000
1	 38.280	 58.125	  1.000	  1.340	  0.000
0	 38.400	 53.286	  1.000	  1.340	  0.000
1	 38.400	 58.286	  1.000	  1.340	  0.000
0	 38.520	 53.447	  1.000	  1.340	  0.000
1	 38.520	 58.447	  1.000	  1.340	  0.000
0	 38.640	 53.608	  1.000	  1.340	  0.000
1	 38.640	 58.608	  1.000	  1.340	  0.000
0	 38.760	 53.768	  1.000	  1.340	  0.000
1	 38.760	 58.768	  1.000	  1.340	  0.000
0	 38.880	 53.929	  1.000	  1.340	  0.000
1	 38.880	 58.929	  1.000	  1.340	  0.000
0	 39.000	 54.090	  1.000	  1.340	  0.000
1	 39.000	 59.090	  1.000	  1.340	  0.000
0	 39.120	 54.251	  1.000	  1.340	  0.000
1	 39.120	 59.251	  1.000	  1.340	  0.000
0	 39.240	 54.412	  1.000	  1.340	  0.000
1	 39.240	 59.412	  1.000	  1.340	  0.000
0	 39.360	 54.572	  1.000	  1.340	  0.000
1	 39.360	 59.572	  1.000	  1.340	  0.000
0	 39.480	 54.733	  1.000	  1.340	  0.000
1	 39.480	 59.733	  1.000	  1.340	  0.000
0	 39.600	 54.894	  1.000	  1.340	  0.000
1	 39.600	 59.894	  1.000	  1.340	  0.000
0	 39.720	 55.055	  1.000	  1.340	  0.000
1	 39.720	 60.055	  1.000	  1.340	  0.000
0	 39.840	 55.216	  1.000	  1.340	  0.000
1	 39.840	 60.216	  1.000	  1.340	  0.000
0	 39.960	 55.376	  1.000	  1.340	  0.000
1	 39.960	 60.376	  1.000	  1.340	  0.000
0	 40.080	 55.537	  1.000	  1.340	  0.000
1	 40.080	 60.537	  1.000	  1.340	  0.000
0	 40.200	 55.698	  1.000	  1.340	  0.000
1	 40.200	 60.698	  1.000	  1.340	  0.000
0	 40.320	 55.859	  1.000	  1.340	  0.000
1	 40.320	 60.859	  1.000	  1.340	  0.000
0	 40.440	 56.020	  1.000	  1.340	  0.000
1	 40.440	 61.020	  1.000	  1.340	  0.000
0	 40.560	 56.180	  1.000	  1.340	  0.000
1	 40.560	 61.180	  1.000	  1.340	  0.000
0	 40.680	 56.341	  1.000	  1.340	  0.000
1	 40.680	 61.341	  1.000	  1.340	  0.000
0	 40.800	 56.502	  1.000	  1.340	  0.000
1	 40.800	 61.502	  1.000	  1.340	  0.000
0	 40.920	 56.663	  1.000	  1.340	  0.000
1	 40.920	 61.663	  1.000	  1.340	  0.000
0	 41.040	 56.824	  1.000	  1.340	  0.000
1	 41.040	 61.824	  1.000	  1.340	  0.000
0	 41.160	 56.984	  1.000	  1.340	  0.000
1	 41.160	 61.984	  1.000	  1.340	  0.000
0	 41.280	 57.145	  1.000	  1.340	  0.000
1	 41.280	 62.145	  1.000	  1.340	  0.000
0	 41.400	 57.306	  1.000	  1.340	  0.000
1	 41.400	 62.306	  1.000	  1.340	  0.000
0	 41.520	 57.467	  1.000	  1.340	  0.000
1	 41.520	 62.467	  1.000	  1.340	  0.000
0	 41.640	 57.628	  1.000	  1.340	  0.000
1	 41.640	 62.628	  1.000	  1.340	  0.000
0	 41.760	 57.788	  1.000	  1.340	  0.000
1	 41.760	 62.788	  1.000	  1.340	  0.000
0	 41.880	 57.949	  1.000	  1.340	  0.000
1	 41.880	 62.949	  1.000	  1.340	  0.000
0	 42.000	 58.110	  1.000	  1.340	  0.000
1	 42.000	 63.110	  1.000	  1.340	  0.000
0	 42.120	 58.271	  1.000	  1.340	  0.000
1	 42.120	 63.271	  1.000	  1.340	  0.000
0	 42.240	 58.432	  1.000	  1.340	  0.000
1	 42.240	 63.432	  1.000	  1.340	  0.000
0	 42.360	 58.592	  1.000	  1.340	  0.000
1	 42.360	 63.592	  1.000	  1.340	  0.000
0	 42.480	 58.753	  1.000	  1.340	  0.000
1	 42.480	 63.753	  1.000	  1.340	  0.000
0	 42.600	 58.914	  1.000	  1.340	  0.000
1	 42.600	 63.914	  1.000	  1.340	  0.000
0	 42.720	 59.075	  1.000	  1.340	  0.000
1	 42.720	 64.075	  1.000	  1.340	  0.000
0	 42.840	 59.236	  1.000	  1.340	  0.000
1	 42.840	 64.236	  1.000	  1.340	  0.000
0	 42.960	 59.396	  1.000	  1.340	  0.000
1	 42.960	 64.396	  1.000	  1.340	  0.000
0	 43.080	 59.557	  1.000	  1.340	  0.000
1	 43.080	 64.557	  1.000	  1.340	  0.000
0	 43.200	 59.718	  1.000	  1.340	  0.000
1	 43.200	 64.718	  1.000	  1.340	  0.000
0	 43.320	 59.879	  1.000	  1.340	  0.000
1	 43.320	 64.879	  1.000	  1.340	  0.000
0	 43.440	 60.040	  1.000	  1.340	  0.000
1	 43.440	 65.040	  1.000	  1.340	  0.000
0	 43.560	 60.200	  1.000	  1.340	  0.000
1	 43.560	 65.200	  1.000	  1.340	  0.000
0	 43.680	 60.361	  1.000	  1.340	  0.000
1	 43.680	 65.361	  1.000	  1.340	  0.000
0	 43.800	 60.522	  1.000	  1.340	  0.000
1	 43.800	 65.522	  1.000	  1.340	  0.000
0	 43.920	 60.683	  1.000	  1.340	  0.000
1	 43.920	 65.683	  1.000	  1.340	  0.000
0	 44.040	 60.844	  1.000	  1.340	  0.000
1	 44.040	 65.844	  1.000	  1.340	  0.000
0	 44.160	 61.004	  1.000	  1.340	  0.000
1	 44.160	 66.004	  1.000	  1.340	  0.000
0	 44.280	 61.165	  1.000	  1.340	  0.000
1	 44.280	 66.165	  1.000	  1.340	  0.000
0	 44.400	 61.326	  1.000	  1.340	  0.000
1	 44.400	 66.326	  1.000	  1.340	  0.000
0	 44.520	 61.487	  1.000	  1.340	  0.000
1	 44.520	 66.487	  1.000	  1.340	  0.000
0	 44.640	 61.648	  1.000	  1.340	  0.000
1	 44.640	 66.648	  1.000	  1.340	  0.000
0	 44.760	 61.808	  1.000	  1.340	  0.000
1	 44.760	 66.808	  1.000	  1.340	  0.000
0	 44.880	 61.969	  1.000	  1.340	  0.000
1	 44.880	 66.969	  1.000	  1.340	  0.000
0	 45.000	 62.130	  1.000	  1.340	  0.000
1	 45.000	 67.130	  1.000	  1.340	  0.000
0	 45.120	 62.291	  1.000	  1.340	  0.000
1	 45.120	 67.291	  1.000	  1.340	  0.000
0	 45.240	 62.452	  1.000	  1.340	  0.000
1	 45.240	 67.452	  1.000	  1.340	  0.000
0	 45.360	 62.612	  1.000	  1.340	  0.000
1	 45.360	 67.612	  1.000	  1.340	  0.000
0	 45.480	 62.773	  1.000	  1.340	  0.000
1	 45.480	 67.773	  1.000	  1.340	  0.000
0	 45.600	 62.934	  1.000	  1.340	  0.000
1	 45.600	 67.934	  1.000	  1.340	  0.000
0	 45.720	 63.095	  1.000	  1.340	  0.000
1	 45.720	 68.095	  1.000	  1.340	  0.000
0	 45.840	 63.256	  1.000	  1.340	  0.000
1	 45.840	 68.256	  1.000	  1.340	  0.000
0	 45.960	 63.416	  1.000	  1.340	  0.000
1	 45.960	 68.416	  1.000	  1.340	  0.000
0	 46.080	 63.577	  1.000	  1.340	  0.000
1	 46.080	 68.577	  1.000	  1.340	  0.000
0	 46.200	 63.738	  1.000	  1.340	  0.000
1	 46.200	 68.738	  1.000	  1.340	  0.000
0	 46.320	 63.899	  1.000	  1.340	  0.000
1	 46.320	 68.899	  1.000	  1.340	  0.000
0	 46.440	 64.060	  1.000	  1.340	  0.000
1	 46.440	 69.060	  1.000	  1.340	  0.000
0	 46.560	 64.220	  1.000	  1.340	  0.000
1	 46.560	 69.220	  1.000	  1.340	  0.000
0	 46.680	 64.381	  1.000	  1.340	  0.000
1	 46.680	 69.381	  1.000	  1.340	  0.000
0	 46.800	 64.542	  1.000	  1.340	  0.000
1	 46.800	 69.542	  1.000	  1.340	  0.000
0	 46.920	 64.703	  1.000	  1.340	  0.000
1	 46.920	 69.703	  1.000	  1.340	  0.000
0	 47.040	 64.864	  1.000	  1.340	  0.000
1	 47.040	 69.864	  1.000	  1.340	  0.000
0	 47.160	 65.024	  1.000	  1.340	  0.000
1	 47.160	 70.024	  1.000	  1.340	  0.000
0	 47.280	 65.185	  1.000	  1.340	  0.000
1	 47.280	 70.185	  1.000	  1.340	  0.000
0	 47.400	 65.346	  1.000	  1.340	  0.000
1	 47.400	 70.346	  1.000	  1.340	  0.000
0	 47.520	 65.507	  1.000	  1.340	  0.000
1	 47.520	 70.507	  1.000	  1.340	  0.000
0	 47.640	 65.668	  1.000	  1.340	  0.000
1	 47.640	 70.668	  1.000	  1.340	  0.000
0	 47.760	 65.828	  1.000	  1.340	  0.000
1	 47.760	 70.828	  1.000	  1.340	  0.000
0	 47.880	 65.989	  1.000	  1.340	  0.000
1	 47.880	 70.989	  1.000	  1.340	  0.000
0	 48.000	 66.150	  1.000	  1.340	  0.000
1	 48.000	 71.150	  1.000	  1.340	  0.000
0	 48.120	 66.311	  1.000	  1.340	  0.000
1	 48.120	 71.311	  1.000	  1.340	  0.000
0	 48.240	 66.472	  1.000	  1.340	  0.000
1	 48.240	 71.472	  1.000	  1.340	  0.000
0	 48.360	 66.632	  1.000	  1.340	  0.000
1	 48.360	 71.632	  1.000	  1.340	  0.000
0	 48.480	 66.793	  1.000	  1.340	  0.000
1	 48.480	 71.793	  1.000	  1.340	  0.000
0	 48.600	 66.954	  1.000	  1.340	  0.000
1	 48.600	 71.954	  1.000	  1.340	  0.000
0	 48.720	 67.115	  1.000	  1.340	  0.000
1	 48.720	 72.115	  1.000	  1.340	  0.000
0	 48.840	 67.276	  1.000	  1.340	  0.000
1	 48.840	 72.276	  1.000	  1.340	  0.000
0	 48.960	 67.436	  1.000	  1.340	  0.000
1	 48.960	 72.436	  1.000	  1.340	  0.000
0	 49.080	 67.597	  1.000	  1.340	  0.000
1	 49.080	 72.597	  1.000	  1.340	  0.000
0	 49.200	 67.758	  1.000	  1.340	  0.000
1	 49.200	 72.758	  1.000	  1.340	  0.000
0	 49.320	 67.919	  1.000	  1.340	  0.000
1	 49.320	 72.919	  1.000	  1.340	  0.000
0	 49.440	 68.080	  1.000	  1.340	  0.000
1	 49.440	 73.080	  1.000	  1.340	  0.000
0	 49.560	 68.240	  1.000	  1.340	  0.000
1	 49.560	 73.240	  1.000	  1.340	  0.000
0	 49.680	 68.401	  1.000	  1.340	  0.000
1	 49.680	 73.401	  1.000	  1.340	  0.000
0	 49.800	 68.562	  1.000	  1.340	  0.000
1	 49.800	 73.562	  1.000	  1.340	  0.000
0	 49.920	 68.723	  1.000	  1.340	  0.000
1	 49.920	 73.723	  1.000	  1.340	  0.000
0	 50.040	 68.884	  1.000	  1.340	  0.000
1	 50.040	 73.884	  1.000	  1.340	  0.000
0	 50.160	 69.044	  1.000	  1.340	  0.000
1	 50.160	 74.044	  1.000	  1.340	  0.000
0	 50.280	 69.205	  1.000	  1.340	  0.000
1	 50.280	 74.205	  1.000	  1.340	  0.000
0	 50.400	 69.366	  1.000	  1.340	  0.000
1	 50.400	 74.366	  1.000	  1.340	  0.000
0	 50.520	 69.527	  1.000	  1.340	  0.000
1	 50.520	 74.527	  1.000	  1.340	  0.000
0	 50.640	 69.688	  1.000	  1.340	  0.000
1	 50.640	 74.688	  1.000	  1.340	  0.000
0	 50.760	 69.848	  1.000	  1.340	  0.000
1	 50.760	 74.848	  1.000	  1.340	  0.000
0	 50.880	 70.009	  1.000	  1.340	  0.000
1	 50.880	 75.009	  1.000	  1.340	  0.000
0	 51.000	 70.170	  1.000	  1.340	  0.000
1	 51.000	 75.170	  1.000	  1.340	  0.000
0	 51.120	 70.331	  1.000	  1.340	  0.000
1	 51.120	 75.331	  1.000	  1.340	  0.000
0	 51.240	 70.492	  1.000	  1.340	  0.000
1	 51.240	 75.492	  1.000	  1.340	  0.000
0	 51.360	 70.652	  1.000	  1.340	  0.000
1	 51.360	 75.652	  1.000	  1.340	  0.000
0	 51.480	 70.813	  1.000	  1.340	  0.000
1	 51.480	 75.813	  1.000	  1.340	  0.000
0	 51.600	 70.974	  1.000	  1.340	  0.000
1	 51.600	 75.974	  1.000	  1.340	  0.000
0	 51.720	 71.135	  1.000	  1.340	  0.000
1	 51.720	 76.135	  1.000	  1.340	  0.000
0	 51.840	 71.296	  1.000	  1.340	  0.000
1	 51.840	 76.296	  1.000	  1.340	  0.000
0	 51.960	 71.456	  1.000	  1.340	  0.000
1	 51.960	 76.456	  1.000	  1.340	  0.000
0	 52.080	 71.617	  1.000	  1.340	  0.000
1	 52.080	 76.617	  1.000	  1.340	  0.000
0	 52.200	 71.778	  1.000	  1.340	  0.000
1	 52.200	 76.778	  1.000	  1.340	  0.000
0	 52.320	 71.939	  1.000	  1.340	  0.000
1	 52.320	 76.939	  1.000	  1.340	  0.000
0	 52.440	 72.100	  1.000	  1.340	  0.000
1	 52.440	 77.100	  1.000	  1.340	  0.000
0	 52.560	 72.260	  1.000	  1.340	  0.000
1	 52.560	 77.260	  1.000	  1.340	  0.000
0	 52.680	 72.421	  1.000	  1.340	  0.000
1	 52.680	 77.421	  1.000	  1.340	  0.000
0	 52.800	 72.582	  1.000	  1.340	  0.000
1	 52.800	 77.582	  1.000	  1.340	  0.000
0	 52.920	 72.743	  1.000	  1.340	  0.000
1	 52.920	 77.743	  1.000	  1.340	  0.000
0	 53.040	 72.904	  1.000	  1.340	  0.000
1	 53.040	 77.904	  1.000	  1.340	  0.000
0	 53.160	 73.064	  1.000	  1.340	  0.000
1	 53.160	 78.064	  1.000	  1.340	  0.000
0	 53.280	 73.225	  1.000	  1.340	  0.000
1	 53.280	 78.225	  1.000	  1.340	  0.000
0	 53.400	 73.386	  1.000	  1.340	  0.000
1	 53.400	 78.386	  1.000	  1.340	  0.000
0	 53.520	 73.547	  1.000	  1.340	  0.000
1	 53.520	 78.547	  1.000	  1.340	  0.000
0	 53.640	 73.708	  1.000	  1.340	  0.000
1	 53.640	 78.708	  1.000	  1.340	  0.000
0	 53.760	 73.868	  1.000	  1.340	  0.000
1	 53.760	 78.868	  1.000	  1.340	  0.000
0	 53.880	 74.029	  1.000	  1.340	  0.000
1	 53.880	 79.029	  1.000	  1.340	  0.000
0	 54.000	 74.190	  1.000	  1.340	  0.000
1	 54.000	 79.190	  1.000	  1.340	  0.000
0	 54.120	 74.351	  1.000	  1.340	  0.000
1	 54.120	 79.351	  1.000	  1.340	  0.000
0	 54.240	 74.512	  1.000	  1.340	  0.000
1	 54.240	 79.512	  1.000	  1.340	  0.000
0	 54.360	 74.672	  1.000	  1.340	  0.000
1	 54.360	 79.672	  1.000	  1.340	  0.000
0	 54.480	 74.833	  1.000	  1.340	  0.000
1	 54.480	 79.833	  1.000	  1.340	  0.000
0	 54.600	 74.994	  1.000	  1.340	  0.000
1	 54.600	 79.994	  1.000	  1.340	  0.000
0	 54.720	 75.155	  1.000	  1.340	  0.000
1	 54.720	 80.155	  1.000	  1.340	  0.000
0	 54.840	 75.316	  1.000	  1.340	  0.000
1	 54.840	 80.316	  1.000	  1.340	  0.000
0	 54.960	 75.476	  1.000	  1.340	  0.000
1	 54.960	 80.476	  1.000	  1.340	  0.000
0	 55.080	 75.637	  1.000	  1.340	  0.000
1	 55.080	 80.637	  1.000	  1.340	  0.000
0	 55.200	 75.798	  1.000	  1.340	  0.000
1	 55.200	 80.798	  1.000	  1.340	  0.000
0	 55.320	 75.959	  1.000	  1.340	  0.000
1	 55.320	 80.959	  1.000	  1.340	  0.000
0	 55.440	 76.120	  1.000	  1.340	  0.000
1	 55.440	 81.120	  1.000	  1.340	  0.000
0	 55.560	 76.280	  1.000	  1.340	  0.000
1	 55.560	 81.280	  1.000	  1.340	  0.000
0	 55.680	 76.441	  1.000	  1.340	  0.000
1	 55.680	 81.441	  1.000	  1.340	  0.000
0	 55.800	 76.602	  1.000	  1.340	  0.000
1	 55.800	 81.602	  1.000	  1.340	  0.000
0	 55.920	 76.763	  1.000	  1.340	  0.000
1	 55.920	 81.763	  1.000	  1.340	  0.000
0	 56.040	 76.924	  1.000	  1.340	  0.000
1	 56.040	 81.924	  1.000	  1.340	  0.000
0	 56.160	 77.084	  1.000	  1.340	  0.000
1	 56.160	 82.084	  1.000	  1.340	  0.000
0	 56.280	 77.245	  1.000	  1.340	  0.000
1	 56.280	 82.245	  1.000	  1.340	  0.000
0	 56.400	 77.406	  1.000	  1.340	  0.000
1	 56.400	 82.406	  1.000	  1.340	  0.000
0	 56.520	 77.567	  1.000	  1.340	  0.000
1	 56.520	 82.567	  1.000	  1.340	  0.000
0	 56.640	 77.728	  1.000	  1.340	  0.000
1	 56.640	 82.728	  1.000	  1.340	  0.000
0	 56.760	 77.888	  1.000	  1.340	  0.000
1	 56.760	 82.888	  1.000	  1.340	  0.000
0	 56.880	 78.049	  1.000	  1.340	  0.000
1	 56.880	 83.049	  1.000	  1.340	  0.000
0	 57.000	 78.210	  1.000	  1.340	  0.000
1	 57.000	 83.210	  1.000	  1.340	  0.000
0	 57.120	 78.371	  1.000	  1.340	  0.000
1	 57.120	 83.371	  1.000	  1.340	  0.000
0	 57.240	 78.532	  1.000	  1.340	  0.000
1	 57.240	 83.532	  1.000	  1.340	  0.000
0	 57.360	 78.692	  1.000	  1.340	  0.000
1	 57.360	 83.692	  1.000	  1.340	  0.000
0	 57.480	 78.853	  1.000	  1.340	  0.000
1	 57.480	 83.853	  1.000	  1.340	  0.000
0	 57.600	 79.014	  1.000	  1.340	  0.000
1	 57.600	 84.014	  1.000	  1.340	  0.000
0	 57.720	 79.175	  1.000	  1.340	  0.000
1	 57.720	 84.175	  1.000	  1.340	  0.000
0	 57.840	 79.336	  1.000	  1.340	  0.000
1	 57.840	 84.336	  1.000	  1.340	  0.000
0	 57.960	 79.496	  1.000	  1.340	  0.000
1	 57.960	 84.496	  1.000	  1.340	  0.000
0	 58.080	 79.657	  1.000	  1.340	  0.000
1	 58.080	 84.657	  1.000	  1.340	  0.000
0	 58.200	 79.818	  1.000	  1.340	  0.000
1	 58.200	 84.818	  1.000	  1.340	  0.000
0	 58.320	 79.979	  1.000	  1.340	  0.000
1	 58.320	 84.979	  1.000	  1.340	  0.000
0	 58.440	 80.140	  1.000	  1.340	  0.000
1	 58.440	 85.140	  1.000	  1.340	  0.000
0	 58.560	 80.300	  1.000	  1.340	  0.000
1	 58.560	 85.300	  1.000	  1.340	  0.000
0	 58.680	 80.461	  1.000	  1.340	  0.000
1	 58.680	 85.461	  1.000	  1.340	  0.000
0	 58.800	 80.622	  1.000	  1.340	  0.000
1	 58.800	 85.622	  1.000	  1.340	  0.000
0	 58.920	 80.783	  1.000	  1.340	  0.000
1	 58.920	 85.783	  1.000	  1.340	  0.000
0	 59.040	 80.944	  1.000	  1.340	  0.000
1	 59.040	 85.944	  1.000	  1.340	  0.000
0	 59.160	 81.104	  1.000	  1.340	  0.000
1	 59.160	 86.104	  1.000	  1.340	  0.000
0	 59.280	 81.265	  1.000	  1.340	  0.000
1	 59.280	 86.265	  1.000	  1.340	  0.000
0	 59.400	 81.426	  1.000	  1.340	  0.000
1	 59.400	 86.426	  1.000	  1.340	  0.000
0	 59.520	 81.587	  1.000	  1.340	  0.000
1	 59.520	 86.587	  1.000	  1.340	  0.000
0	 59.640	 81.748	  1.000	  1.340	  0.000
1	 59.640	 86.748	  1.000	  1.340	  0.000
0	 59.760	 81.908	  1.000	  1.340	  0.000
1	 59.760	 86.908	  1.000	  1.340	  0.000
0	 59.880	 82.069	  1.000	  1.340	  0.000
1	 59.880	 87.069	  1.000	  1.340	  0.000
0	 60.000	 82.230	  1.000	  1.340	  0.000
1	 60.000	 87.230	  1.000	  1.340	  0.000
0	 60.120	 82.391	  1.000	  1.340	  0.000
1	 60.120	 87.391	  1.000	  1.340	  0.000
0	 60.240	 82.552	  1.000	  1.340	  0.000
1	 60.240	 87.552	  1.000	  1.340	  0.000
0	 60.360	 82.712	  1.000	  1.340	  0.000
1	 60.360	 87.712	  1.000	  1.340	  0.000
0	 60.480	 82.873	  1.000	  1.340	  0.000
1	 60.480	 87.873	  1.000	  1.340	  0.000
0	 60.600	 83.034	  1.000	  1.340	  0.000
1	 60.600	 88.034	  1.000	  1.340	  0.000
0	 60.720	 83.195	  1.000	  1.340	  0.000
1	 60.720	 88.195	  1.000	  1.340	  0.000
0	 60.840	 83.356	  1.000	  1.340	  0.000
1	 60.840	 88.356	  1.000	  1.340	  0.000
0	 60.960	 83.516	  1.000	  1.340	  0.000
1	 60.960	 88.516	  1.000	  1.340	  0.000
0	 61.080	 83.677	  1.000	  1.340	  0.000
1	 61.080	 88.677	  1.000	  1.340	  0.000
0	 61.200	 83.838	  1.000	  1.340	  0.000
1	 61.200	 88.838	  1.000	  1.340	  0.000
0	 61.320	 83.999	  1.000	  1.340	  0.000
1	 61.320	 88.999	  1.000	  1.340	  0.000
0	 61.440	 84.160	  1.000	  1.340	  0.000
1	 61.440	 89.160	  1.000	  1.340	  0.000
0	 61.560	 84.320	  1.000	  1.340	  0.000
1	 61.560	 89.320	  1.000	  1.340	  0.000
0	 61.680	 84.481	  1.000	  1.340	  0.000
1	 61.680	 89.481	  1.000	  1.340	  0.000
0	 61.800	 84.642	  1.000	  1.340	  0.000
1	 61.800	 89.642	  1.000	  1.340	  0.000
0	 61.920	 84.803	  1.000	  1.340	  0.000
1	 61.920	 89.803	  1.000	  1.340	  0.000
0	 62.040	 84.964	  1.000	  1.340	  0.000
1	 62.040	 89.964	  1.000	  1.340	  0.000
0	 62.160	 85.124	  1.000	  1.340	  0.000
1	 62.160	 90.124	  1.000	  1.340	  0.000
0	 62.280	 85.285	  1.000	  1.340	  0.000
1	 62.280	 90.285	  1.000	  1.340	  0.000
0	 62.400	 85.446	  1.000	  1.340	  0.000
1	 62.400	 90.446	  1.000	  1.340	  0.000
0	 62.520	 85.607	  1.000	  1.340	  0.000
1	 62.520	 90.607	  1.000	  1.340	  0.000
0	 62.640	 85.768	  1.000	  1.340	  0.000
1	 62.640	 90.768	  1.000	  1.340	  0.000
0	 62.760	 85.928	  1.000	  1.340	  0.000
1	 62.760	 90.928	  1.000	  1.340	  0.000
0	 62.880	 86.089	  1.000	  1.340	  0.000
1	 62.880	 91.089	  1.000	  1.340	  0.000
0	 63.000	 86.250	  1.000	  1.340	  0.000
1	 63.000	 91.250	  1.000	  1.340	  0.000
0	 63.120	 86.411	  1.000	  1.340	  0.000
1	 63.120	 91.411	  1.000	  1.340	  0.000
0	 63.240	 86.572	  1.000	  1.340	  0.000
1	 63.240	 91.572	  1.000	  1.340	  0.000
0	 63.360	 86.732	  1.000	  1.340	  0.000
1	 63.360	 91.732	  1.000	  1.340	  0.000
0	 63.480	 86.893	  1.000	  1.340	  0.000
1	 63.480	 91.893	  1.000	  1.340	  0.000
0	 63.600	 87.054	  1.000	  1.340	  0.000
1	 63.600	 92.054	  1.000	  1.340	  0.000
0	 63.720	 87.215	  1.000	  1.340	  0.000
1	 63.720	 92.215	  1.000	  1.340	  0.000
0	 63.840	 87.376	  1.000	  1.340	  0.000
1	 63.840	 92.376	  1.000	  1.340	  0.000
0	 63.960	 87.536	  1.000	  1.340	  0.000
1	 63.960	 92.536	  1.000	  1.340	  0.000
0	 64.080	 87.697	  1.000	  1.340	  0.000
1	 64.080	 92.697	  1.000	  1.340	  0.000
0	 64.200	 87.858	  1.000	  1.340	  0.000
1	 64.200	 92.858	  1.000	  1.340	  0.000
0	 64.320	 88.019	  1.000	  1.340	  0.000
1	 64.320	 93.019	  1.000	  1.340	  0.000
0	 64.440	 88.180	  1.000	  1.340	  0.000
1	 64.440	 93.180	  1.000	  1.340	  0.000
0	 64.560	 88.340	  1.000	  1.340	  0.000
1	 64.560	 93.340	  1.000	  1.340	  0.000
0	 64.680	 88.501	  1.000	  1.340	  0.000
1	 64.680	 93.501	  1.000	  1.340	  0.000
0	 64.800	 88.662	  1.000	  1.340	  0.000
1	 64.800	 93.662	  1.000	  1.340	  0.000
0	 64.920	 88.823	  1.000	  1.340	  0.000
1	 64.920	 93.823	  1.000	  1.340	  0.000
0	 65.040	 88.984	  1.000	  1.340	  0.000
1	 65.040	 93.984	  1.000	  1.340	  0.000
0	 65.160	 89.144	  1.000	  1.340	  0.000
1	 65.160	 94.144	  1.000	  1.340	  0.000
0	 65.280	 89.305	  1.000	  1.340	  0.000
1	 65.280	 94.305	  1.000	  1.340	  0.000
0	 65.400	 89.466	  1.000	  1.340	  0.000
1	 65.400	 94.466	  1.000	  1.340	  0.000
0	 65.520	 89.627	  1.000	  1.340	  0.000
1	 65.520	 94.627	  1.000	  1.340	  0.000
0	 65.640	 89.788	  1.000	  1.340	  0.000
1	 65.640	 94.788	  1.000	  1.340	  0.000
0	 65.760	 89.948	  1.000	  1.340	  0.000
1	 65.760	 94.948	  1.000	  1.340	  0.000
0	 65.880	 90.109	  1.000	  1.340	  0.000
1	 65.880	 95.109	  1.000	  1.340	  0.000
0	 66.000	 90.270	  1.000	  1.340	  0.000
1	 66.000	 95.270	  1.000	  1.340	  0.000
0	 66.120	 90.431	  1.000	  1.340	  0.000
1	 66.120	 95.431	  1.000	  1.340	  0.000
0	 66.240	 90.592	  1.000	  1.340	  0.000
1	 66.240	 95.592	  1.000	  1.340	  0.000
0	 66.360	 90.752	  1.000	  1.340	  0.000
1	 66.360	 95.752	  1.000	  1.340	  0.000
0	 66.480	 90.913	  1.000	  1.340	  0.000
1	 66.480	 95.913	  1.000	  1.340	  0.000
0	 66.600	 91.074	  1.000	  1.340	  0.000
1	 66.600	 96.074	  1.000	  1.340	  0.000
0	 66.720	 91.235	  1.000	  1.340	  0.000
1	 66.720	 96.235	  1.000	  1.340	  0.000
0	 66.840	 91.396	  1.000	  1.340	  0.000
1	 66.840	 96.396	  1.000	  1.340	  0.000
0	 66.960	 91.556	  1.000	  1.340	  0.000
1	 66.960	 96.556	  1.000	  1.340	  0.000
0	 67.080	 91.717	  1.000	  1.340	  0.000
1	 67.080	 96.717	  1.000	  1.340	  0.000
0	 67.200	 91.878	  1.000	  1.340	  0.000
1	 67.200	 96.878	  1.000	  1.340	  0.000
0	 67.320	 92.039	  1.000	  1.340	  0.000
1	 67.320	 97.039	  1.000	  1.340	  0.000
0	 67.440	 92.200	  1.000	  1.340	  0.000
1	 67.440	 97.200	  1.000	  1.340	  0.000
0	 67.560	 92.360	  1.000	  1.340	  0.000
1	 67.560	 97.360	  1.000	  1.340	  0.000
0	 67.680	 92.521	  1.000	  1.340	  0.000
1	 67.680	 97.521	  1.000	  1.340	  0.000
0	 67.800	 92.682	  1.000	  1.340	  0.000
1	 67.800	 97.682	  1.000	  1.340	  0.000
0	 67.920	 92.843	  1.000	  1.340	  0.000
1	 67.920	 97.843	  1.000	  1.340	  0.000
0	 68.040	 93.004	  1.000	  1.340	  0.000
1	 68.040	 98.004	  1.000	  1.340	  0.000
0	 68.160	 93.164	  1.000	  1.340	  0.000
1	 68.160	 98.164	  1.000	  1.340	  0.000
0	 68.280	 93.325	  1.000	  1.340	  0.000
1	 68.280	 98.325	  1.000	  1.340	  0.000
0	 68.400	 93.486	  1.000	  1.340	  0.000
1	 68.400	 98.486	  1.000	  1.340	  0.000
0	 68.520	 93.647	  1.000	  1.340	  0.000
1	 68.520	 98.647	  1.000	  1.340	  0.000
0	 68.640	 93.808	  1.000	  1.340	  0.000
1	 68.640	 98.808	  1.000	  1.340	  0.000
0	 68.760	 93.968	  1.000	  1.340	  0.000
1	 68.760	 98.968	  1.000	  1.340	  0.000
0	 68.880	 94.129	  1.000	  1.340	  0.000
1	 68.880	 99.129	  1.000	  1.340	  0.000
0	 69.000	 94.290	  1.000	  1.340	  0.000
1	 69.000	 99.290	  1.000	  1.340	  0.000
0	 69.120	 94.451	  1.000	  1.340	  0.000
1	 69.120	 99.451	  1.000	  1.340	  0.000
0	 69.240	 94.612	  1.000	  1.340	  0.000
1	 69.240	 99.612	  1.000	  1.340	  0.000
0	 69.360	 94.772	  1.000	  1.340	  0.000
1	 69.360	 99.772	  1.000	  1.340	  0.000
0	 69.480	 94.933	  1.000	  1.340	  0.000
1	 69.480	 99.933	  1.000	  1.340	  0.000
0	 69.600	 95.094	  1.000	  1.340	  0.000
1	 69.600	100.094	  1.000	  1.340	  0.000
0	 69.720	 95.255	  1.000	  1.340	  0.000
1	 69.720	100.255	  1.000	  1.340	  0.000
0	 69.840	 95.416	  1.000	  1.340	  0.000
1	 69.840	100.416	  1.000	  1.340	  0.000
0	 69.960	 95.576	  1.000	  1.340	  0.000
1	 69.960	100.576	  1.000	  1.340	  0.000
0	 70.080	 95.737	  1.000	  1.340	  0.000
1	 70.080	100.737	  1.000	  1.340	  0.000
0	 70.200	 95.898	  1.000	  1.340	  0.000
1	 70.200	100.898	  1.000	  1.340	  0.000
0	 70.320	 96.059	  1.000	  1.340	  0.000
1	 70.320	101.059	  1.000	  1.340	  0.000
0	 70.440	 96.220	  1.000	  1.340	  0.000
1	 70.440	101.220	  1.000	  1.340	  0.000
0	 70.560	 96.380	  1.000	  1.340	  0.000
1	 70.560	101.380	  1.000	  1.340	  0.000
0	 70.680	 96.541	  1.000	  1.340	  0.000
1	 70.680	101.541	  1.000	  1.340	  0.000
0	 70.800	 96.702	  1.000	  1.340	  0.000
1	 70.800	101.702	  1.000	  1.340	  0.000
0	 70.920	 96.863	  1.000	  1.340	  0.000
1	 70.920	101.863	  1.000	  1.340	  0.000
0	 71.040	 97.024	  1.000	  1.340	  0.000
1	 71.040	102.024	  1.000	  1.340	  0.000
0	 71.160	 97.184	  1.000	  1.340	  0.000
1	 71.160	102.184	  1.000	  1.340	  0.000
0	 71.280	 97.345	  1.000	  1.340	  0.000
1	 71.280	102.345	  1.000	  1.340	  0.000
0	 71.400	 97.506	  1.000	  1.340	  0.000
1	 71.400	102.506	  1.000	  1.340	  0.000
0	 71.520	 97.667	  1.000	  1.340	  0.000
1	 71.520	102.667	  1.000	  1.340	  0.000
0	 71.640	 97.828	  1.000	  1.340	  0.000
1	 71.640	102.828	  1.000	  1.340	  0.000
0	 71.760	 97.988	  1.000	  1.340	  0.000
1	 71.760	102.988	  1.000	  1.340	  0.000
0	 71.880	 98.149	  1.000	  1.340	  0.000
1	 71.880	103.149	  1.000	  1.340	  0.000
0	 72.000	 98.310	  1.000	  1.340	  0.000
1	 72.000	103.310	  1.000	  1.340	  0.000
0	 72.120	 98.471	  1.000	  1.340	  0.000
1	 72.120	103.471	  1.000	  1.340	  0.000
0	 72.240	 98.632	  1.000	  1.340	  0.000
1	 72.240	103.632	  1.000	  1.340	  0.000
0	 72.360	 98.792	  1.000	  1.340	  0.000
1	 72.360	103.792	  1.000	  1.340	  0.000
0	 72.480	 98.953	  1.000	  1.340	  0.000
1	 72.480	103.953	  1.000	  1.340	  0.000
0	 72.600	 99.114	  1.000	  1.340	  0.000
1	 72.600	104.114	  1.000	  1.340	  0.000
0	 72.720	 99.275	  1.000	  1.340	  0.000
1	 72.720	104.275	  1.000	  1.340	  0.000
0	 72.840	 99.436	  1.000	  1.340	  0.000
1	 72.840	104.436	  1.000	  1.340	  0.000
0	 72.960	 99.596	  1.000	  1.340	  0.000
1	 72.960	104.596	  1.000	  1.340	  0.000
0	 73.080	 99.757	  1.000	  1.340	  0.000
1	 73.080	104.757	  1.000	  1.340	  0.000
0	 73.200	 99.918	  1.000	  1.340	  0.000
1	 73.200	104.918	  1.000	  1.340	  0.000
0	 73.320	100.079	  1.000	  1.340	  0.000
1	 73.320	105.079	  1.000	  1.340	  0.000
0	 73.440	100.240	  1.000	  1.340	  0.000
1	 73.440	105.240	  1.000	  1.340	  0.000
0	 73.560	100.400	  1.000	  1.340	  0.000
1	 73.560	105.400	  1.000	  1.340	  0.000
0	 73.680	100.561	  1.000	  1.340	  0.000
1	 73.680	105.561	  1.000	  1.340	  0.000
0	 73.800	100.722	  1.000	  1.340	  0.000
1	 73.800	105.722	  1.000	  1.340	  0.000
0	 73.920	100.883	  1.000	  1.340	  0.000
1	 73.920	105.883	  1.000	  1.340	  0.000
0	 74.040	101.044	  1.000	  1.340	  0.000
1	 74.040	106.044	  1.000	  1.340	  0.000
0	 74.160	101.204	  1.000	  1.340	  0.000
1	 74.160	106.204	  1.000	  1.340	  0.000
0	 74.280	101.365	  1.000	  1.340	  0.000
1	 74.280	106.365	  1.000	  1.340	  0.000
0	 74.400	101.526	  1.000	  1.340	  0.000
1	 74.400	106.526	  1.000	  1.340	  0.000
0	 74.520	101.687	  1.000	  1.340	  0.000
1	 74.520	106.687	  1.000	  1.340	  0.000
0	 74.640	101.848	  1.000	  1.340	  0.000
1	 74.640	106.848	  1.000	  1.340	  0.000
0	 74.760	102.008	  1.000	  1.340	  0.000
1	 74.760	107.008	  1.000	  1.340	  0.000
0	 74.880	102.169	  1.000	  1.340	  0.000
1	 74.880	107.169	  1.000	  1.340	  0.000
0	 75.000	102.330	  1.000	  1.340	  0.000
1	 75.000	107.330	  1.000	  1.340	  0.000
0	 75.120	102.491	  1.000	  1.340	  0.000
1	 75.120	107.491	  1.000	  1.340	  0.000
0	 75.240	102.652	  1.000	  1.340	  0.000
1	 75.240	107.652	  1.000	  1.340	  0.000
0	 75.360	102.812	  1.000	  1.340	  0.000
1	 75.360	107.812	  1.000	  1.340	  0.000
0	 75.480	102.973	  1.000	  1.340	  0.000
1	 75.480	107.973	  1.000	  1.340	  0.000
0	 75.600	103.134	  1.000	  1.340	  0.000
1	 75.600	108.134	  1.000	  1.340	  0.000
0	 75.720	103.295	  1.000	  1.340	  0.000
1	 75.720	108.295	  1.000	  1.340	  0.000
0	 75.840	103.456	  1.000	  1.340	  0.000
1	 75.840	108.456	  1.000	  1.340	  0.000
0	 75.960	103.616	  1.000	  1.340	  0.000
1	 75.960	108.616	  1.000	  1.340	  0.000
0	 76.080	103.777	  1.000	  1.340	  0.000
1	 76.080	108.777	  1.000	  1.340	  0.000
0	 76.200	103.938	  1.000	  1.340	  0.000
1	 76.200	108.938	  1.000	  1.340	  0.000
0	 76.320	104.099	  1.000	  1.340	  0.000
1	 76.320	109.099	  1.000	  1.340	  0.000
0	 76.440	104.260	  1.000	  1.340	  0.000
1	 76.440	109.260	  1.000	  1.340	  0.000
0	 76.560	104.420	  1.000	  1.340	  0.000
1	 76.560	109.420	  1.000	  1.340	  0.000
0	 76.680	104.581	  1.000	  1.340	  0.000
1	 76.680	109.581	  1.000	  1.340	  0.000
0	 76.800	104.742	  1.000	  1.340	  0.000
1	 76.800	109.742	  1.000	  1.340	  0.000
0	 76.920	104.903	  1.000	  1.340	  0.000
1	 76.920	109.903	  1.000	  1.340	  0.000
0	 77.040	105.064	  1.000	  1.340	  0.000
1	 77.040	110.064	  1.000	  1.340	  0.000
0	 77.160	105.224	  1.000	  1.340	  0.000
1	 77.160	110.224	  1.000	  1.340	  0.000
0	 77.280	105.385	  1.000	  1.340	  0.000
1	 77.280	110.385	  1.000	  1.340	  0.000
0	 77.400	105.546	  1.000	  1.340	  0.000
1	 77.400	110.546	  1.000	  1.340	  0.000
0	 77.520	105.707	  1.000	  1.340	  0.000
1	 77.520	110.707	  1.000	  1.340	  0.000
0	 77.640	105.868	  1.000	  1.340	  0.000
1	 77.640	110.868	  1.000	  1.340	  0.000
0	 77.760	106.028	  1.000	  1.340	  0.000
1	 77.760	111.028	  1.000	  1.340	  0.000
0	 77.880	106.189	  1.000	  1.340	  0.000
1	 77.880	111.189	  1.000	  1.340	  0.000
0	 78.000	106.350	  1.000	  1.340	  0.000
1	 78.000	111.350	  1.000	  1.340	  0.000
0	 78.120	106.511	  1.000	  1.340	  0.000
1	 78.120	111.511	  1.000	  1.340	  0.000
0	 78.240	106.672	  1.000	  1.340	  0.000
1	 78.240	111.672	  1.000	  1.340	  0.000
0	 78.360	106.832	  1.000	  1.340	  0.000
1	 78.360	111.832	  1.000	  1.340	  0.000
0	 78.480	106.993	  1.000	  1.340	  0.000
1	 78.480	111.993	  1.000	  1.340	  0.000
0	 78.600	107.154	  1.000	  1.340	  0.000
1	 78.600	112.154	  1.000	  1.340	  0.000
0	 78.720	107.315	  1.000	  1.340	  0.000
1	 78.720	112.315	  1.000	  1.340	  0.000
0	 78.840	107.476	  1.000	  1.340	  0.000
1	 78.840	112.476	  1.000	  1.340	  0.000
0	 78.960	107.636	  1.000	  1.340	  0.000
1	 78.960	112.636	  1.000	  1.340	  0.000
0	 79.080	107.797	  1.000	  1.340	  0.000
1	 79.080	112.797	  1.000	  1.340	  0.000
0	 79.200	107.958	  1.000	  1.340	  0.000
1	 79.200	112.958	  1.000	  1.340	  0.000
0	 79.320	108.119	  1.000	  1.340	  0.000
1	 79.320	113.119	  1.000	  1.340	  0.000
0	 79.440	108.280	  1.000	  1.340	  0.000
1	 79.440	113.280	  1.000	  1.340	  0.000
0	 79.560	108.440	  1.000	  1.340	  0.000
1	 79.560	113.440	  1.000	  1.340	  0.000
0	 79.680	108.601	  1.000	  1.340	  0.000
1	 79.680	113.601	  1.000	  1.340	  0.000
0	 79.800	108.762	  1.000	  1.340	  0.000
1	 79.800	113.762	  1.000	  1.340	  0.000
0	 79.920	108.923	  1.000	  1.340	  0.000
1	 79.920	113.923	  1.000	  1.340	  0.000
0	 80.040	109.084	  1.000	  1.340	  0.000
1	 80.040	114.084	  1.000	  1.340	  0.000
0	 80.160	109.244	  1.000	  1.340	  0.000
1	 80.160	114.244	  1.000	  1.340	  0.000
0	 80.280	109.405	  1.000	  1.340	  0.000
1	 80.280	114.405	  1.000	  1.340	  0.000
0	 80.400	109.566	  1.000	  1.340	  0.000
1	 80.400	114.566	  1.000	  1.340	  0.000
0	 80.520	109.727	  1.000	  1.340	  0.000
1	 80.520	114.727	  1.000	  1.340	  0.000
0	 80.640	109.888	  1.000	  1.340	  0.000
1	 80.640	114.888	  1.000	  1.340	  0.000
0	 80.760	110.048	  1.000	  1.340	  0.000
1	 80.760	115.048	  1.000	  1.340	  0.000
0	 80.880	110.209	  1.000	  1.340	  0.000
1	 80.880	115.209	  1.000	  1.340	  0.000
0	 81.000	110.370	  1.000	  1.340	  0.000
1	 81.000	115.370	  1.000	  1.340	  0.000
0	 81.120	110.531	  1.000	  1.340	  0.000
1	 81.120	115.531	  1.000	  1.340	  0.000
0	 81.240	110.692	  1.000	  1.340	  0.000
1	 81.240	115.692	  1.000	  1.340	  0.000
0	 81.360	110.852	  1.000	  1.340	  0.000
1	 81.360	115.852	  1.000	  1.340	  0.000
0	 81.480	111.013	  1.000	  1.340	  0.000
1	 81.480	116.013	  1.000	  1.340	  0.000
0	 81.600	111.174	  1.000	  1.340	  0.000
1	 81.600	116.174	  1.000	  1.340	  0.000
0	 81.720	111.335	  1.000	  1.340	  0.000
1	 81.720	116.335	  1.000	  1.340	  0.000
0	 81.840	111.496	  1.000	  1.340	  0.000
1	 81.840	116.496	  1.000	  1.340	  0.000
0	 81.960	111.656	  1.000	  1.340	  0.000
1	 81.960	116.656	  1.000	  1.340	  0.000
0	 82.080	111.817	  1.000	  1.340	  0.000
1	 82.080	116.817	  1.000	  1.340	  0.000
0	 82.200	111.978	  1.000	  1.340	  0.000
1	 82.200	116.978	  1.000	  1.340	  0.000
0	 82.320	112.139	  1.000	  1.340	  0.000
1	 82.320	117.139	  1.000	  1.340	  0.000
0	 82.440	112.300	  1.000	  1.340	  0.000
1	 82.440	117.300	  1.000	  1.340	  0.000
0	 82.560	112.460	  1.000	  1.340	  0.000
1	 82.560	117.460	  1.000	  1.340	  0.000
0	 82.680	112.621	  1.000	  1.340	  0.000
1	 82.680	117.621	  1.000	  1.340	  0.000
0	 82.800	112.782	  1.000	  1.340	  0.000
1	 82.800	117.782	  1.000	  1.340	  0.000
0	 82.920	112.943	  1.000	  1.340	  0.000
1	 82.920	117.943	  1.000	  1.340	  0.000
0	 83.040	113.104	  1.000	  1.340	  0.000
1	 83.040	118.104	  1.000	  1.340	  0.000
0	 83.160	113.264	  1.000	  1.340	  0.000
1	 83.160	118.264	  1.000	  1.340	  0.000
0	 83.280	113.425	  1.000	  1.340	  0.000
1	 83.280	118.425	  1.000	  1.340	  0.000
0	 83.400	113.586	  1.000	  1.340	  0.000
1	 83.400	118.586	  1.000	  1.340	  0.000
0	 83.520	113.747	  1.000	  1.340	  0.000
1	 83.520	118.747	  1.000	  1.340	  0.000
0	 83.640	113.908	  1.000	  1.340	  0.000
1	 83.640	118.908	  1.000	  1.340	  0.000
0	 83.760	114.068	  1.000	  1.340	  0.000
1	 83.760	119.068	  1.000	  1.340	  0.000
0	 83.880	114.229	  1.000	  1.340	  0.000
1	 83.880	119.229	  1.000	  1.340	  0.000
0	 84.000	114.390	  1.000	  1.340	  0.000
1	 84.000	119.390	  1.000	  1.340	  0.000
0	 84.120	114.551	  1.000	  1.340	  0.000
1	 84.120	119.551	  1.000	  1.340	  0.000
0	 84.240	114.712	  1.000	  1.340	  0.000
1	 84.240	119.712	  1.000	  1.340	  0.000
0	 84.360	114.872	  1.000	  1.340	  0.000
1	 84.360	119.872	  1.000	  1.340	  0.000
0	 84.480	115.033	  1.000	  1.340	  0.000
1	 84.480	120.033	  1.000	  1.340	  0.000
0	 84.600	115.194	  1.000	  1.340	  0.000
1	 84.600	120.194	  1.000	  1.340	  0.000
0	 84.720	115.355	  1.000	  1.340	  0.000
1	 84.720	120.355	  1.000	  1.340	  0.000
0	 84.840	115.516	  1.000	  1.340	  0.000
1	 84.840	120.516	  1.000	  1.340	  0.000
0	 84.960	115.676	  1.000	  1.340	  0.000
1	 84.960	120.676	  1.000	  1.340	  0.000
0	 85.080	115.837	  1.000	  1.340	  0.000
1	 85.080	120.837	  1.000	  1.340	  0.000
0	 85.200	115.998	  1.000	  1.340	  0.000
1	 85.200	120.998	  1.000	  1.340	  0.000
0	 85.320	116.159	  1.000	  1.340	  0.000
1	 85.320	121.159	  1.000	  1.340	  0.000
0	 85.440	116.320	  1.000	  1.340	  0.000
1	 85.440	121.320	  1.000	  1.340	  0.000
0	 85.560	116.480	  1.000	  1.340	  0.000
1	 85.560	121.480	  1.000	  1.340	  0.000
0	 85.680	116.641	  1.000	  1.340	  0.000
1	 85.680	121.641	  1.000	  1.340	  0.000
0	 85.800	116.802	  1.000	  1.340	  0.000
1	 85.800	121.802	  1.000	  1.340	  0.000
0	 85.920	116.963	  1.000	  1.340	  0.000
1	 85.920	121.963	  1.000	  1.340	  0.000
0	 86.040	117.124	  1.000	  1.340	  0.000
1	 86.040	122.124	  1.000	  1.340	  0.000
0	 86.160	117.284	  1.000	  1.340	  0.000
1	 86.160	122.284	  1.000	  1.340	  0.000
0	 86.280	117.445	  1.000	  1.340	  0.000
1	 86.280	122.445	  1.000	  1.340	  0.000
0	 86.400	117.606	  1.000	  1.340	  0.000
1	 86.400	122.606	  1.000	  1.340	  0.000
0	 86.520	117.767	  1.000	  1.340	  0.000
1	 86.520	122.767	  1.000	  1.340	  0.000
0	 86.640	117.928	  1.000	  1.340	  0.000
1	 86.640	122.928	  1.000	  1.340	  0.000
0	 86.760	118.088	  1.000	  1.340	  0.000
1	 86.760	123.088	  1.000	  1.340	  0.000
0	 86.880	118.249	  1.000	  1.340	  0.000
1	 86.880	123.249	  1.000	  1.340	  0.000
0	 87.000	118.410	  1.000	  1.340	  0.000
1	 87.000	123.410	  1.000	  1.340	  0.000
0	 87.120	118.571	  1.000	  1.340	  0.000
1	 87.120	123.571	  1.000	  1.340	  0.000
0	 87.240	118.732	  1.000	  1.340	  0.000
1	 87.240	123.732	  1.000	  1.340	  0.000
0	 87.360	118.892	  1.000	  1.340	  0.000
1	 87.360	123.892	  1.000	  1.340	  0.000
0	 87.480	119.053	  1.000	  1.340	  0.000
1	 87.480	124.053	  1.000	  1.340	  0.000
0	 87.600	119.214	  1.000	  1.340	  0.000
1	 87.600	124.214	  1.000	  1.340	  0.000
0	 87.720	119.375	  1.000	  1.340	  0.000
1	 87.720	124.375	  1.000	  1.340	  0.000
0	 87.840	119.536	  1.000	  1.340	  0.000
1	 87.840	124.536	  1.000	  1.340	  0.000
0	 87.960	119.696	  1.000	  1.340	  0.000
1	 87.960	124.696	  1.000	  1.340	  0.000
0	 88.080	119.857	  1.000	  1.340	  0.000
1	 88.080	124.857	  1.000	  1.340	  0.000
0	 88.200	120.018	  1.000	  1.340	  0.000
1	 88.200	125.018	  1.000	  1.340	  0.000
0	 88.320	120.179	  1.000	  1.340	  0.000
1	 88.320	125.179	  1.000	  1.340	  0.000
0	 88.440	120.340	  1.000	  1.340	  0.000
1	 88.440	125.340	  1.000	  1.340	  0.000
0	 88.560	120.500	  1.000	  1.340	  0.000
1	 88.560	125.500	  1.000	  1.340	  0.000
0	 88.680	120.661	  1.000	  1.340	  0.000
1	 88.680	125.661	  1.000	  1.340	  0.000
0	 88.800	120.822	  1.000	  1.340	  0.000
1	 88.800	125.822	  1.000	  1.340	  0.000
0	 88.920	120.983	  1.000	  1.340	  0.000
1	 88.920	125.983	  1.000	  1.340	  0.000
0	 89.040	121.144	  1.000	  1.340	  0.000
1	 89.040	126.144	  1.000	  1.340	  0.000
0	 89.160	121.304	  1.000	  1.340	  0.000
1	 89.160	126.304	  1.000	  1.340	  0.000
0	 89.280	121.465	  1.000	  1.340	  0.000
1	 89.280	126.465	  1.000	  1.340	  0.000
0	 89.400	121.626	  1.000	  1.340	  0.000
1	 89.400	126.626	  1.000	  1.340	  0.000
0	 89.520	121.787	  1.000	  1.340	  0.000
1	 89.520	126.787	  1.000	  1.340	  0.000
0	 89.640	121.948	  1.000	  1.340	  0.000
1	 89.640	126.948	  1.000	  1.340	  0.000
0	 89.760	122.108	  1.000	  1.340	  0.000
1	 89.760	127.108	  1.000	  1.340	  0.000
0	 89.880	122.269	  1.000	  1.340	  0.000
1	 89.880	127.269	  1.000	  1.340	  0.000
0	 90.000	122.430	  1.000	  1.340	  0.000
1	 90.000	127.430	  1.000	  1.340	  0.000
0	 90.120	122.591	  1.000	  1.340	  0.000
1	 90.120	127.591	  1.000	  1.340	  0.000
0	 90.240	122.752	  1.000	  1.340	  0.000
1	 90.240	127.752	  1.000	  1.340	  0.000
0	 90.360	122.912	  1.000	  1.340	  0.000
1	 90.360	127.912	  1.000	  1.340	  0.000
0	 90.480	123.073	  1.000	  1.340	  0.000
1	 90.480	128.073	  1.000	  1.340	  0.000
0	 90.600	123.234	  1.000	  1.340	  0.000
1	 90.600	128.234	  1.000	  1.340	  0.000
0	 90.720	123.395	  1.000	  1.340	  0.000
1	 90.720	128.395	  1.000	  1.340	  0.000
0	 90.840	123.556	  1.000	  1.340	  0.000
1	 90.840	128.556	  1.000	  1.340	  0.000
0	 90.960	123.716	  1.000	  1.340	  0.000
1	 90.960	128.716	  1.000	  1.340	  0.000
0	 91.080	123.877	  1.000	  1.340	  0.000
1	 91.080	128.877	  1.000	  1.340	  0.000
0	 91.200	124.038	  1.000	  1.340	  0.000
1	 91.200	129.038	  1.000	  1.340	  0.000
0	 91.320	124.199	  1.000	  1.340	  0.000
1	 91.320	129.199	  1.000	  1.340	  0.000
0	 91.440	124.360	  1.000	  1.340	  0.000
1	 91.440	129.360	  1.000	  1.340	  0.000
0	 91.560	124.520	  1.000	  1.340	  0.000
1	 91.560	129.520	  1.000	  1.340	  0.000
0	 91.680	124.681	  1.000	  1.340	  0.000
1	 91.680	129.681	  1.000	  1.340	  0.000
0	 91.800	124.842	  1.000	  1.340	  0.000
1	 91.800	129.842	  1.000	  1.340	  0.000
0	 91.920	125.003	  1.000	  1.340	  0.000
1	 91.920	130.003	  1.000	  1.340	  0.000
0	 92.040	125.164	  1.000	  1.340	  0.000
1	 92.040	130.164	  1.000	  1.340	  0.000
0	 92.160	125.324	  1.000	  1.340	  0.000
1	 92.160	130.324	  1.000	  1.340	  0.000
0	 92.280	125.485	  1.000	  1.340	  0.000
1	 92.280	130.485	  1.000	  1.340	  0.000
0	 92.400	125.646	  1.000	  1.340	  0.000
1	 92.400	130.646	  1.000	  1.340	  0.000
0	 92.520	125.807	  1.000	  1.340	  0.000
1	 92.520	130.807	  1.000	  1.340	  0.000
0	 92.640	125.968	  1.000	  1.340	  0.000
1	 92.640	130.968	  1.000	  1.340	  0.000
0	 92.760	126.128	  1.000	  1.340	  0.000
1	 92.760	131.128	  1.000	  1.340	  0.000
0	 92.880	126.289	  1.000	  1.340	  0.000
1	 92.880	131.289	  1.000	  1.340	  0.000
0	 93.000	126.450	  1.000	  1.340	  0.000
1	 93.000	131.450	  1.000	  1.340	  0.000
0	 93.120	126.611	  1.000	  1.340	  0.000
1	 93.120	131.611	  1.000	  1.340	  0.000
0	 93.240	126.772	  1.000	  1.340	  0.000
1	 93.240	131.772	  1.000	  1.340	  0.000
0	 93.360	126.932	  1.000	  1.340	  0.000
1	 93.360	131.932	  1.000	  1.340	  0.000
0	 93.480	127.093	  1.000	  1.340	  0.000
1	 93.480	132.093	  1.000	  1.340	  0.000
0	 93.600	127.254	  1.000	  1.340	  0.000
1	 93.600	132.254	  1.000	  1.340	  0.000
0	 93.720	127.415	  1.000	  1.340	  0.000
1	 93.720	132.415	  1.000	  1.340	  0.000
0	 93.840	127.576	  1.000	  1.340	  0.000
1	 93.840	132.576	  1.000	  1.340	  0.000
0	 93.960	127.736	  1.000	  1.340	  0.000
1	 93.960	132.736	  1.000	  1.340	  0.000
0	 94.080	127.897	  1.000	  1.340	  0.000
1	 94.080	132.897	  1.000	  1.340	  0.000
0	 94.200	128.058	  1.000	  1.340	  0.000
1	 94.200	133.058	  1.000	  1.340	  0.000
0	 94.320	128.219	  1.000	  1.340	  0.000
1	 94.320	133.219	  1.000	  1.340	  0.000
0	 94.440	128.380	  1.000	  1.340	  0.000
1	 94.440	133.380	  1.000	  1.340	  0.000
0	 94.560	128.540	  1.000	  1.340	  0.000
1	 94.560	133.540	  1.000	  1.340	  0.000
0	 94.680	128.701	  1.000	  1.340	  0.000
1	 94.680	133.701	  1.000	  1.340	  0.000
0	 94.800	128.862	  1.000	  1.340	  0.000
1	 94.800	133.862	  1.000	  1.340	  0.000
0	 94.920	129.023	  1.000	  1.340	  0.000
1	 94.920	134.023	  1.000	  1.340	  0.000
0	 95.040	129.184	  1.000	  1.340	  0.000
1	 95.040	134.184	  1.000	  1.340	  0.000
0	 95.160	129.344	  1.000	  1.340	  0.000
1	 95.160	134.344	  1.000	  1.340	  0.000
0	 95.280	129.505	  1.000	  1.340	  0.000
1	 95.280	134.505	  1.000	  1.340	  0.000
0	 95.400	129.666	  1.000	  1.340	  0.000
1	 95.400	134.666	  1.000	  1.340	  0.000
0	 95.520	129.827	  1.000	  1.340	  0.000
1	 95.520	134.827	  1.000	  1.340	  0.000
0	 95.640	129.988	  1.000	  1.340	  0.000
1	 95.640	134.988	  1.000	  1.340	  0.000
0	 95.760	130.148	  1.000	  1.340	  0.000
1	 95.760	135.148	  1.000	  1.340	  0.000
0	 95.880	130.309	  1.000	  1.340	  0.000
1	 95.880	135.309	  1.000	  1.340	  0.000
0	 96.000	130.470	  1.000	  1.340	  0.000
1	 96.000	135.470	  1.000	  1.340	  0.000
0	 96.120	130.631	  1.000	  1.340	  0.000
1	 96.120	135.631	  1.000	  1.340	  0.000
0	 96.240	130.792	  1.000	  1.340	  0.000
1	 96.240	135.792	  1.000	  1.340	  0.000
0	 96.360	130.952	  1.000	  1.340	  0.000
1	 96.360	135.952	  1.000	  1.340	  0.000
0	 96.480	131.113	  1.000	  1.340	  0.000
1	 96.480	136.113	  1.000	  1.340	  0.000
0	 96.600	131.274	  1.000	  1.340	  0.000
1	 96.600	136.274	  1.000	  1.340	  0.000
0	 96.720	131.435	  1.000	  1.340	  0.000
1	 96.720	136.435	  1.000	  1.340	  0.000
0	 96.840	131.596	  1.000	  1.340	  0.000
1	 96.840	136.596	  1.000	  1.340	  0.000
0	 96.960	131.756	  1.000	  1.340	  0.000
1	 96.960	136.756	  1.000	  1.340	  0.000
0	 97.080	131.917	  1.000	  1.340	  0.000
1	 97.080	136.917	  1.000	  1.340	  0.000
0	 97.200	132.078	  1.000	  1.340	  0.000
1	 97.200	137.078	  1.000	  1.340	  0.000
0	 97.320	132.239	  1.000	  1.340	  0.000
1	 97.320	137.239	  1.000	  1.340	  0.000
0	 97.440	132.400	  1.000	  1.340	  0.000
1	 97.440	137.400	  1.000	  1.340	  0.000
0	 97.560	132.560	  1.000	  1.340	  0.000
1	 97.560	137.560	  1.000	  1.340	  0.000
0	 97.680	132.721	  1.000	  1.340	  0.000
1	 97.680	137.721	  1.000	  1.340	  0.000
0	 97.800	132.882	  1.000	  1.340	  0.000
1	 97.800	137.882	  1.000	  1.340	  0.000
0	 97.920	133.043	  1.000	  1.340	  0.000
1	 97.920	138.043	  1.000	  1.340	  0.000
0	 98.040	133.204	  1.000	  1.340	  0.000
1	 98.040	138.204	  1.000	  1.340	  0.000
0	 98.160	133.364	  1.000	  1.340	  0.000
1	 98.160	138.364	  1.000	  1.340	  0.000
0	 98.280	133.525	  1.000	  1.340	  0.000
1	 98.280	138.525	  1.000	  1.340	  0.000
0	 98.400	133.686	  1.000	  1.340	  0.000
1	 98.400	138.686	  1.000	  1.340	  0.000
0	 98.520	133.847	  1.000	  1.340	  0.000
1	 98.520	138.847	  1.000	  1.340	  0.000
0	 98.640	134.008	  1.000	  1.340	  0.000
1	 98.640	139.008	  1.000	  1.340	  0.000
0	 98.760	134.168	  1.000	  1.340	  0.000
1	 98.760	139.168	  1.000	  1.340	  0.000
0	 98.880	134.329	  1.000	  1.340	  0.000
1	 98.880	139.329	  1.000	  1.340	  0.000
0	 99.000	134.490	  1.000	  1.340	  0.000
1	 99.000	139.490	  1.000	  1.340	  0.000
0	 99.120	134.651	  1.000	  1.340	  0.000
1	 99.120	139.651	  1.000	  1.340	  0.000
0	 99.240	134.812	  1.000	  1.340	  0.000
1	 99.240	139.812	  1.000	  1.340	  0.000
0	 99.360	134.972	  1.000	  1.340	  0.000
1	 99.360	139.972	  1.000	  1.340	  0.000
0	 99.480	135.133	  1.000	  1.340	  0.000
1	 99.480	140.133	  1.000	  1.340	  0.000
0	 99.600	135.294	  1.000	  1.340	  0.000
1	 99.600	140.294	  1.000	  1.340	  0.000
0	 99.720	135.455	  1.000	  1.340	  0.000
1	 99.720	140.455	  1.000	  1.340	  0.000
0	 99.840	135.616	  1.000	  1.340	  0.000
1	 99.840	140.616	  1.000	  1.340	  0.000
0	 99.960	135.776	  1.000	  1.340	  0.000
1	 99.960	140.776	  1.000	  1.340	  0.000
