# id	 time	 x	 y	 vx	 vy
0	  0.000	  0.735	  1.000	  0.010	  0.010
1	  0.000	  2.206	  1.000	  0.010	  0.010
2	  0.000	  3.676	  1.000	  0.010	  0.010
3	  0.000	  5.147	  1.000	  0.010	  0.010
4	  0.000	  6.618	  1.000	  0.010	  0.010
5	  0.000	  8.088	  1.000	  0.010	  0.010
6	  0.000	  9.559	  1.000	  0.010	  0.010
7	  0.000	 11.029	  1.000	  0.010	  0.010
8	  0.000	 12.500	  1.000	  0.010	  0.010
9	  0.000	 13.971	  1.000	  0.010	  0.010
10	  0.000	 15.441	  1.000	  0.010	  0.010
11	  0.000	 16.912	  1.000	  0.010	  0.010
12	  0.000	 18.382	  1.000	  0.010	  0.010
13	  0.000	 19.853	  1.000	  0.010	  0.010
14	  0.000	 21.324	  1.000	  0.010	  0.010
15	  0.000	 22.794	  1.000	  0.010	  0.010
16	  0.000	 24.265	  1.000	  0.010	  0.010
17	  0.000	 25.735	  1.000	  0.010	  0.010
18	  0.000	 27.206	  1.000	  0.010	  0.010
19	  0.000	 28.676	  1.000	  0.010	  0.010
20	  0.000	 30.147	  1.000	  0.010	  0.010
21	  0.000	 31.618	  1.000	  0.010	  0.010
22	  0.000	 33.088	  1.000	  0.010	  0.010
23	  0.000	 34.559	  1.000	  0.010	  0.010
24	  0.000	 36.029	  1.000	  0.010	  0.010
25	  0.000	 37.500	  1.000	  0.010	  0.010
26	  0.000	 38.971	  1.000	  0.010	  0.010
27	  0.000	 40.441	  1.000	  0.010	  0.010
28	  0.000	 41.912	  1.000	  0.010	  0.010
29	  0.000	 43.382	  1.000	  0.010	  0.010
30	  0.000	 44.853	  1.000	  0.010	  0.010
31	  0.000	 46.324	  1.000	  0.010	  0.010
32	  0.000	 47.794	  1.000	  0.010	  0.010
33	  0.000	 49.265	  1.000	  0.010	  0.010
34	  0.000	 50.735	  1.000	  0.010	  0.010
35	  0.000	 52.206	  1.000	  0.010	  0.010
36	  0.000	 53.676	  1.000	  0.010	  0.010
37	  0.000	 55.147	  1.000	  0.010	  0.010
38	  0.000	 56.618	  1.000	  0.010	  0.010
39	  0.000	 58.088	  1.000	  0.010	  0.010
40	  0.000	 59.559	  1.000	  0.010	  0.010
41	  0.000	 61.029	  1.000	  0.010	  0.010
42	  0.000	 62.500	  1.000	  0.010	  0.010
43	  0.000	 63.971	  1.000	  0.010	  0.010
44	  0.000	 65.441	  1.000	  0.010	  0.010
45	  0.000	 66.912	  1.000	  0.010	  0.010
46	  0.000	 68.382	  1.000	  0.010	  0.010
47	  0.000	 69.853	  1.000	  0.010	  0.010
48	  0.000	 71.324	  1.000	  0.010	  0.010
49	  0.000	 72.794	  1.000	  0.010	  0.010
50	  0.000	 74.265	  1.000	  0.010	  0.010
51	  0.000	 75.735	  1.000	  0.010	  0.010
52	  0.000	 77.206	  1.000	  0.010	  0.010
53	  0.000	 78.676	  1.000	  0.010	  0.010
54	  0.000	 80.147	  1.000	  0.010	  0.010
55	  0.000	 81.618	  1.000	  0.010	  0.010
56	  0.000	 83.088	  1.000	  0.010	  0.010
57	  0.000	 84.559	  1.000	  0.010	  0.010
58	  0.000	 86.029	  1.000	  0.010	  0.010
59	  0.000	 87.500	  1.000	  0.010	  0.010
60	  0.000	 88.971	  1.000	  0.010	  0.010
61	  0.000	 90.441	  1.000	  0.010	  0.010
62	  0.000	 91.912	  1.000	  0.010	  0.010
63	  0.000	 93.382	  1.000	  0.010	  0.010
64	  0.000	 94.853	  1.000	  0.010	  0.010
65	  0.000	 96.324	  1.000	  0.010	  0.010
66	  0.000	 97.794	  1.000	  0.010	  0.010
67	  0.000	 99.265	  1.000	  0.010	  0.010
0	  0.120	  0.750	  1.001	  0.239	  0.008
1	  0.120	  2.220	  1.001	  0.239	  0.008
2	  0.120	  3.691	  1.001	  0.239	  0.008
3	  0.120	  5.161	  1.001	  0.239	  0.008
4	  0.120	  6.632	  1.001	  0.239	  0.008
5	  0.120	  8.103	  1.001	  0.239	  0.008
6	  0.120	  9.573	  1.001	  0.239	  0.008
7	  0.120	 11.044	  1.001	  0.239	  0.008
8	  0.120	 12.514	  1.001	  0.239	  0.008
9	  0.120	 13.985	  1.001	  0.239	  0.008
10	  0.120	 15.456	  1.001	  0.239	  0.008
11	  0.120	 16.926	  1.001	  0.239	  0.008
12	  0.120	 18.397	  1.001	  0.239	  0.008
13	  0.120	 19.867	  1.001	  0.239	  0.008
14	  0.120	 21.338	  1.001	  0.239	  0.008
15	  0.120	 22.808	  1.001	  0.239	  0.008
16	  0.120	 24.279	  1.001	  0.239	  0.008
17	  0.120	 25.750	  1.001	  0.239	  0.008
18	  0.120	 27.220	  1.001	  0.239	  0.008
19	  0.120	 28.691	  1.001	  0.239	  0.008
20	  0.120	 30.161	  1.001	  0.239	  0.008
21	  0.120	 31.632	  1.001	  0.239	  0.008
22	  0.120	 33.103	  1.001	  0.239	  0.008
23	  0.120	 34.573	  1.001	  0.239	  0.008
24	  0.120	 36.044	  1.001	  0.239	  0.008
25	  0.120	 37.514	  1.001	  0.239	  0.008
26	  0.120	 38.985	  1.001	  0.239	  0.008
27	  0.120	 40.456	  1.001	  0.239	  0.008
28	  0.120	 41.926	  1.001	  0.239	  0.008
29	  0.120	 43.397	  1.001	  0.239	  0.008
30	  0.120	 44.867	  1.001	  0.239	  0.008
31	  0.120	 46.338	  1.001	  0.239	  0.008
32	  0.120	 47.808	  1.001	  0.239	  0.008
33	  0.120	 49.279	  1.001	  0.239	  0.008
34	  0.120	 50.750	  1.001	  0.239	  0.008
35	  0.120	 52.220	  1.001	  0.239	  0.008
36	  0.120	 53.691	  1.001	  0.239	  0.008
37	  0.120	 55.161	  1.001	  0.239	  0.008
38	  0.120	 56.632	  1.001	  0.239	  0.008
39	  0.120	 58.103	  1.001	  0.239	  0.008
40	  0.120	 59.573	  1.001	  0.239	  0.008
41	  0.120	 61.044	  1.001	  0.239	  0.008
42	  0.120	 62.514	  1.001	  0.239	  0.008
43	  0.120	 63.985	  1.001	  0.239	  0.008
44	  0.120	 65.456	  1.001	  0.239	  0.008
45	  0.120	 66.926	  1.001	  0.239	  0.008
46	  0.120	 68.397	  1.001	  0.239	  0.008
47	  0.120	 69.867	  1.001	  0.239	  0.008
48	  0.120	 71.338	  1.001	  0.239	  0.008
49	  0.120	 72.808	  1.001	  0.239	  0.008
50	  0.120	 74.279	  1.001	  0.239	  0.008
51	  0.120	 75.750	  1.001	  0.239	  0.008
52	  0.120	 77.220	  1.001	  0.239	  0.008
53	  0.120	 78.691	  1.001	  0.239	  0.008
54	  0.120	 80.161	  1.001	  0.239	  0.008
55	  0.120	 81.632	  1.001	  0.239	  0.008
56	  0.120	 83.103	  1.001	  0.239	  0.008
57	  0.120	 84.573	  1.001	  0.239	  0.008
58	  0.120	 86.044	  1.001	  0.239	  0.008
59	  0.120	 87.514	  1.001	  0.239	  0.008
60	  0.120	 88.985	  1.001	  0.239	  0.008
61	  0.120	 90.456	  1.001	  0.239	  0.008
62	  0.120	 91.926	  1.001	  0.239	  0.008
63	  0.120	 93.397	  1.001	  0.239	  0.008
64	  0.120	 94.867	  1.001	  0.239	  0.008
65	  0.120	 96.338	  1.001	  0.239	  0.008
66	  0.120	 97.808	  1.001	  0.239	  0.008
67	  0.120	 99.279	  1.001	  0.239	  0.008
0	  0.240	  0.789	  1.002	  0.419	  0.006
1	  0.240	  2.259	  1.002	  0.419	  0.006
2	  0.240	  3.730	  1.002	  0.419	  0.006
3	  0.240	  5.200	  1.002	  0.419	  0.006
4	  0.240	  6.671	  1.002	  0.419	  0.006
5	  0.240	  8.142	  1.002	  0.419	  0.006
6	  0.240	  9.612	  1.002	  0.419	  0.006
7	  0.240	 11.083	  1.002	  0.419	  0.006
8	  0.240	 12.553	  1.002	  0.419	  0.006
9	  0.240	 14.024	  1.002	  0.419	  0.006
10	  0.240	 15.495	  1.002	  0.419	  0.006
11	  0.240	 16.965	  1.002	  0.419	  0.006
12	  0.240	 18.436	  1.002	  0.419	  0.006
13	  0.240	 19.906	  1.002	  0.419	  0.006
14	  0.240	 21.377	  1.002	  0.419	  0.006
15	  0.240	 22.848	  1.002	  0.419	  0.006
16	  0.240	 24.318	  1.002	  0.419	  0.006
17	  0.240	 25.789	  1.002	  0.419	  0.006
18	  0.240	 27.259	  1.002	  0.419	  0.006
19	  0.240	 28.730	  1.002	  0.419	  0.006
20	  0.240	 30.200	  1.002	  0.419	  0.006
21	  0.240	 31.671	  1.002	  0.419	  0.006
22	  0.240	 33.142	  1.002	  0.419	  0.006
23	  0.240	 34.612	  1.002	  0.419	  0.006
24	  0.240	 36.083	  1.002	  0.419	  0.006
25	  0.240	 37.553	  1.002	  0.419	  0.006
26	  0.240	 39.024	  1.002	  0.419	  0.006
27	  0.240	 40.495	  1.002	  0.419	  0.006
28	  0.240	 41.965	  1.002	  0.419	  0.006
29	  0.240	 43.436	  1.002	  0.419	  0.006
30	  0.240	 44.906	  1.002	  0.419	  0.006
31	  0.240	 46.377	  1.002	  0.419	  0.006
32	  0.240	 47.848	  1.002	  0.419	  0.006
33	  0.240	 49.318	  1.002	  0.419	  0.006
34	  0.240	 50.789	  1.002	  0.419	  0.006
35	  0.240	 52.259	  1.002	  0.419	  0.006
36	  0.240	 53.730	  1.002	  0.419	  0.006
37	  0.240	 55.200	  1.002	  0.419	  0.006
38	  0.240	 56.671	  1.002	  0.419	  0.006
39	  0.240	 58.142	  1.002	  0.419	  0.006
40	  0.240	 59.612	  1.002	  0.419	  0.006
41	  0.240	 61.083	  1.002	  0.419	  0.006
42	  0.240	 62.553	  1.002	  0.419	  0.006
43	  0.240	 64.024	  1.002	  0.419	  0.006
44	  0.240	 65.495	  1.002	  0.419	  0.006
45	  0.240	 66.965	  1.002	  0.419	  0.006
46	  0.240	 68.436	  1.002	  0.419	  0.006
47	  0.240	 69.906	  1.002	  0.419	  0.006
48	  0.240	 71.377	  1.002	  0.419	  0.006
49	  0.240	 72.848	  1.002	  0.419	  0.006
50	  0.240	 74.318	  1.002	  0.419	  0.006
51	  0.240	 75.789	  1.002	  0.419	  0.006
52	  0.240	 77.259	  1.002	  0.419	  0.006
53	  0.240	 78.730	  1.002	  0.419	  0.006
54	  0.240	 80.200	  1.002	  0.419	  0.006
55	  0.240	 81.671	  1.002	  0.419	  0.006
56	  0.240	 83.142	  1.002	  0.419	  0.006
57	  0.240	 84.612	  1.002	  0.419	  0.006
58	  0.240	 86.083	  1.002	  0.419	  0.006
59	  0.240	 87.553	  1.002	  0.419	  0.006
60	  0.240	 89.024	  1.002	  0.419	  0.006
61	  0.240	 90.495	  1.002	  0.419	  0.006
62	  0.240	 91.965	  1.002	  0.419	  0.006
63	  0.240	 93.436	  1.002	  0.419	  0.006
64	  0.240	 94.906	  1.002	  0.419	  0.006
65	  0.240	 96.377	  1.002	  0.419	  0.006
66	  0.240	 97.848	  1.002	  0.419	  0.006
67	  0.240	 99.318	  1.002	  0.419	  0.006
0	  0.360	  0.847	  1.003	  0.561	  0.005
1	  0.360	  2.318	  1.003	  0.561	  0.005
2	  0.360	  3.788	  1.003	  0.561	  0.005
3	  0.360	  5.259	  1.003	  0.561	  0.005
4	  0.360	  6.729	  1.003	  0.561	  0.005
5	  0.360	  8.200	  1.003	  0.561	  0.005
6	  0.360	  9.671	  1.003	  0.561	  0.005
7	  0.360	 11.141	  1.003	  0.561	  0.005
8	  0.360	 12.612	  1.003	  0.561	  0.005
9	  0.360	 14.082	  1.003	  0.561	  0.005
10	  0.360	 15.553	  1.003	  0.561	  0.005
11	  0.360	 17.024	  1.003	  0.561	  0.005
12	  0.360	 18.494	  1.003	  0.561	  0.005
13	  0.360	 19.965	  1.003	  0.561	  0.005
14	  0.360	 21.435	  1.003	  0.561	  0.005
15	  0.360	 22.906	  1.003	  0.561	  0.005
16	  0.360	 24.377	  1.003	  0.561	  0.005
17	  0.360	 25.847	  1.003	  0.561	  0.005
18	  0.360	 27.318	  1.003	  0.561	  0.005
19	  0.360	 28.788	  1.003	  0.561	  0.005
20	  0.360	 30.259	  1.003	  0.561	  0.005
21	  0.360	 31.729	  1.003	  0.561	  0.005
22	  0.360	 33.200	  1.003	  0.561	  0.005
23	  0.360	 34.671	  1.003	  0.561	  0.005
24	  0.360	 36.141	  1.003	  0.561	  0.005
25	  0.360	 37.612	  1.003	  0.561	  0.005
26	  0.360	 39.082	  1.003	  0.561	  0.005
27	  0.360	 40.553	  1.003	  0.561	  0.005
28	  0.360	 42.024	  1.003	  0.561	  0.005
29	  0.360	 43.494	  1.003	  0.561	  0.005
30	  0.360	 44.965	  1.003	  0.561	  0.005
31	  0.360	 46.435	  1.003	  0.561	  0.005
32	  0.360	 47.906	  1.003	  0.561	  0.005
33	  0.360	 49.377	  1.003	  0.561	  0.005
34	  0.360	 50.847	  1.003	  0.561	  0.005
35	  0.360	 52.318	  1.003	  0.561	  0.005
36	  0.360	 53.788	  1.003	  0.561	  0.005
37	  0.360	 55.259	  1.003	  0.561	  0.005
38	  0.360	 56.729	  1.003	  0.561	  0.005
39	  0.360	 58.200	  1.003	  0.561	  0.005
40	  0.360	 59.671	  1.003	  0.561	  0.005
41	  0.360	 61.141	  1.003	  0.561	  0.005
42	  0.360	 62.612	  1.003	  0.561	  0.005
43	  0.360	 64.082	  1.003	  0.561	  0.005
44	  0.360	 65.553	  1.003	  0.561	  0.005
45	  0.360	 67.024	  1.003	  0.561	  0.005
46	  0.360	 68.494	  1.003	  0.561	  0.005
47	  0.360	 69.965	  1.003	  0.561	  0.005
48	  0.360	 71.435	  1.003	  0.561	  0.005
49	  0.360	 72.906	  1.003	  0.561	  0.005
50	  0.360	 74.377	  1.003	  0.561	  0.005
51	  0.360	 75.847	  1.003	  0.561	  0.005
52	  0.360	 77.318	  1.003	  0.561	  0.005
53	  0.360	 78.788	  1.003	  0.561	  0.005
54	  0.360	 80.259	  1.003	  0.561	  0.005
55	  0.360	 81.729	  1.003	  0.561	  0.005
56	  0.360	 83.200	  1.003	  0.561	  0.005
57	  0.360	 84.671	  1.003	  0.561	  0.005
58	  0.360	 86.141	  1.003	  0.561	  0.005
59	  0.360	 87.612	  1.003	  0.561	  0.005
60	  0.360	 89.082	  1.003	  0.561	  0.005
61	  0.360	 90.553	  1.003	  0.561	  0.005
62	  0.360	 92.024	  1.003	  0.561	  0.005
63	  0.360	 93.494	  1.003	  0.561	  0.005
64	  0.360	 94.965	  1.003	  0.561	  0.005
65	  0.360	 96.435	  1.003	  0.561	  0.005
66	  0.360	 97.906	  1.003	  0.561	  0.005
67	  0.360	 99.377	  1.003	  0.561	  0.005
0	  0.480	  0.921	  1.003	  0.671	  0.004
1	  0.480	  2.391	  1.003	  0.671	  0.004
2	  0.480	  3.862	  1.003	  0.671	  0.004
3	  0.480	  5.333	  1.003	  0.671	  0.004
4	  0.480	  6.803	  1.003	  0.671	  0.004
5	  0.480	  8.274	  1.003	  0.671	  0.004
6	  0.480	  9.744	  1.003	  0.671	  0.004
7	  0.480	 11.215	  1.003	  0.671	  0.004
8	  0.480	 12.685	  1.003	  0.671	  0.004
9	  0.480	 14.156	  1.003	  0.671	  0.004
10	  0.480	 15.627	  1.003	  0.671	  0.004
11	  0.480	 17.097	  1.003	  0.671	  0.004
12	  0.480	 18.568	  1.003	  0.671	  0.004
13	  0.480	 20.038	  1.003	  0.671	  0.004
14	  0.480	 21.509	  1.003	  0.671	  0.004
15	  0.480	 22.980	  1.003	  0.671	  0.004
16	  0.480	 24.450	  1.003	  0.671	  0.004
17	  0.480	 25.921	  1.003	  0.671	  0.004
18	  0.480	 27.391	  1.003	  0.671	  0.004
19	  0.480	 28.862	  1.003	  0.671	  0.004
20	  0.480	 30.333	  1.003	  0.671	  0.004
21	  0.480	 31.803	  1.003	  0.671	  0.004
22	  0.480	 33.274	  1.003	  0.671	  0.004
23	  0.480	 34.744	  1.003	  0.671	  0.004
24	  0.480	 36.215	  1.003	  0.671	  0.004
25	  0.480	 37.685	  1.003	  0.671	  0.004
26	  0.480	 39.156	  1.003	  0.671	  0.004
27	  0.480	 40.627	  1.003	  0.671	  0.004
28	  0.480	 42.097	  1.003	  0.671	  0.004
29	  0.480	 43.568	  1.003	  0.671	  0.004
30	  0.480	 45.038	  1.003	  0.671	  0.004
31	  0.480	 46.509	  1.003	  0.671	  0.004
32	  0.480	 47.980	  1.003	  0.671	  0.004
33	  0.480	 49.450	  1.003	  0.671	  0.004
34	  0.480	 50.921	  1.003	  0.671	  0.004
35	  0.480	 52.391	  1.003	  0.671	  0.004
36	  0.480	 53.862	  1.003	  0.671	  0.004
37	  0.480	 55.333	  1.003	  0.671	  0.004
38	  0.480	 56.803	  1.003	  0.671	  0.004
39	  0.480	 58.274	  1.003	  0.671	  0.004
40	  0.480	 59.744	  1.003	  0.671	  0.004
41	  0.480	 61.215	  1.003	  0.671	  0.004
42	  0.480	 62.685	  1.003	  0.671	  0.004
43	  0.480	 64.156	  1.003	  0.671	  0.004
44	  0.480	 65.627	  1.003	  0.671	  0.004
45	  0.480	 67.097	  1.003	  0.671	  0.004
46	  0.480	 68.568	  1.003	  0.671	  0.004
47	  0.480	 70.038	  1.003	  0.671	  0.004
48	  0.480	 71.509	  1.003	  0.671	  0.004
49	  0.480	 72.980	  1.003	  0.671	  0.004
50	  0.480	 74.450	  1.003	  0.671	  0.004
51	  0.480	 75.921	  1.003	  0.671	  0.004
52	  0.480	 77.391	  1.003	  0.671	  0.004
53	  0.480	 78.862	  1.003	  0.671	  0.004
54	  0.480	 80.333	  1.003	  0.671	  0.004
55	  0.480	 81.803	  1.003	  0.671	  0.004
56	  0.480	 83.274	  1.003	  0.671	  0.004
57	  0.480	 84.744	  1.003	  0.671	  0.004
58	  0.480	 86.215	  1.003	  0.671	  0.004
59	  0.480	 87.685	  1.003	  0.671	  0.004
60	  0.480	 89.156	  1.003	  0.671	  0.004
61	  0.480	 90.627	  1.003	  0.671	  0.004
62	  0.480	 92.097	  1.003	  0.671	  0.004
63	  0.480	 93.568	  1.003	  0.671	  0.004
64	  0.480	 95.038	  1.003	  0.671	  0.004
65	  0.480	 96.509	  1.003	  0.671	  0.004
66	  0.480	 97.980	  1.003	  0.671	  0.004
67	  0.480	 99.450	  1.003	  0.671	  0.004
0	  0.600	  1.006	  1.004	  0.758	  0.003
1	  0.600	  2.477	  1.004	  0.758	  0.003
2	  0.600	  3.948	  1.004	  0.758	  0.003
3	  0.600	  5.418	  1.004	  0.758	  0.003
4	  0.600	  6.889	  1.004	  0.758	  0.003
5	  0.600	  8.359	  1.004	  0.758	  0.003
6	  0.600	  9.830	  1.004	  0.758	  0.003
7	  0.600	 11.300	  1.004	  0.758	  0.003
8	  0.600	 12.771	  1.004	  0.758	  0.003
9	  0.600	 14.242	  1.004	  0.758	  0.003
10	  0.600	 15.712	  1.004	  0.758	  0.003
11	  0.600	 17.183	  1.004	  0.758	  0.003
12	  0.600	 18.653	  1.004	  0.758	  0.003
13	  0.600	 20.124	  1.004	  0.758	  0.003
14	  0.600	 21.595	  1.004	  0.758	  0.003
15	  0.600	 23.065	  1.004	  0.758	  0.003
16	  0.600	 24.536	  1.004	  0.758	  0.003
17	  0.600	 26.006	  1.004	  0.758	  0.003
18	  0.600	 27.477	  1.004	  0.758	  0.003
19	  0.600	 28.948	  1.004	  0.758	  0.003
20	  0.600	 30.418	  1.004	  0.758	  0.003
21	  0.600	 31.889	  1.004	  0.758	  0.003
22	  0.600	 33.359	  1.004	  0.758	  0.003
23	  0.600	 34.830	  1.004	  0.758	  0.003
24	  0.600	 36.300	  1.004	  0.758	  0.003
25	  0.600	 37.771	  1.004	  0.758	  0.003
26	  0.600	 39.242	  1.004	  0.758	  0.003
27	  0.600	 40.712	  1.004	  0.758	  0.003
28	  0.600	 42.183	  1.004	  0.758	  0.003
29	  0.600	 43.653	  1.004	  0.758	  0.003
30	  0.600	 45.124	  1.004	  0.758	  0.003
31	  0.600	 46.595	  1.004	  0.758	  0.003
32	  0.600	 48.065	  1.004	  0.758	  0.003
33	  0.600	 49.536	  1.004	  0.758	  0.003
34	  0.600	 51.006	  1.004	  0.758	  0.003
35	  0.600	 52.477	  1.004	  0.758	  0.003
36	  0.600	 53.948	  1.004	  0.758	  0.003
37	  0.600	 55.418	  1.004	  0.758	  0.003
38	  0.600	 56.889	  1.004	  0.758	  0.003
39	  0.600	 58.359	  1.004	  0.758	  0.003
40	  0.600	 59.830	  1.004	  0.758	  0.003
41	  0.600	 61.300	  1.004	  0.758	  0.003
42	  0.600	 62.771	  1.004	  0.758	  0.003
43	  0.600	 64.242	  1.004	  0.758	  0.003
44	  0.600	 65.712	  1.004	  0.758	  0.003
45	  0.600	 67.183	  1.004	  0.758	  0.003
46	  0.600	 68.653	  1.004	  0.758	  0.003
47	  0.600	 70.124	  1.004	  0.758	  0.003
48	  0.600	 71.595	  1.004	  0.758	  0.003
49	  0.600	 73.065	  1.004	  0.758	  0.003
50	  0.600	 74.536	  1.004	  0.758	  0.003
51	  0.600	 76.006	  1.004	  0.758	  0.003
52	  0.600	 77.477	  1.004	  0.758	  0.003
53	  0.600	 78.948	  1.004	  0.758	  0.003
54	  0.600	 80.418	  1.004	  0.758	  0.003
55	  0.600	 81.889	  1.004	  0.758	  0.003
56	  0.600	 83.359	  1.004	  0.758	  0.003
57	  0.600	 84.830	  1.004	  0.758	  0.003
58	  0.600	 86.300	  1.004	  0.758	  0.003
59	  0.600	 87.771	  1.004	  0.758	  0.003
60	  0.600	 89.242	  1.004	  0.758	  0.003
61	  0.600	 90.712	  1.004	  0.758	  0.003
62	  0.600	 92.183	  1.004	  0.758	  0.003
63	  0.600	 93.653	  1.004	  0.758	  0.003
64	  0.600	 95.124	  1.004	  0.758	  0.003
65	  0.600	 96.595	  1.004	  0.758	  0.003
66	  0.600	 98.065	  1.004	  0.758	  0.003
67	  0.600	 99.536	  1.004	  0.758	  0.003
0	  0.720	  1.101	  1.004	  0.827	  0.002
1	  0.720	  2.572	  1.004	  0.827	  0.002
2	  0.720	  4.042	  1.004	  0.827	  0.002
3	  0.720	  5.513	  1.004	  0.827	  0.002
4	  0.720	  6.984	  1.004	  0.827	  0.002
5	  0.720	  8.454	  1.004	  0.827	  0.002
6	  0.720	  9.925	  1.004	  0.827	  0.002
7	  0.720	 11.395	  1.004	  0.827	  0.002
8	  0.720	 12.866	  1.004	  0.827	  0.002
9	  0.720	 14.337	  1.004	  0.827	  0.002
10	  0.720	 15.807	  1.004	  0.827	  0.002
11	  0.720	 17.278	  1.004	  0.827	  0.002
12	  0.720	 18.748	  1.004	  0.827	  0.002
13	  0.720	 20.219	  1.004	  0.827	  0.002
14	  0.720	 21.690	  1.004	  0.827	  0.002
15	  0.720	 23.160	  1.004	  0.827	  0.002
16	  0.720	 24.631	  1.004	  0.827	  0.002
17	  0.720	 26.101	  1.004	  0.827	  0.002
18	  0.720	 27.572	  1.004	  0.827	  0.002
19	  0.720	 29.042	  1.004	  0.827	  0.002
20	  0.720	 30.513	  1.004	  0.827	  0.002
21	  0.720	 31.984	  1.004	  0.827	  0.002
22	  0.720	 33.454	  1.004	  0.827	  0.002
23	  0.720	 34.925	  1.004	  0.827	  0.002
24	  0.720	 36.395	  1.004	  0.827	  0.002
25	  0.720	 37.866	  1.004	  0.827	  0.002
26	  0.720	 39.337	  1.004	  0.827	  0.002
27	  0.720	 40.807	  1.004	  0.827	  0.002
28	  0.720	 42.278	  1.004	  0.827	  0.002
29	  0.720	 43.748	  1.004	  0.827	  0.002
30	  0.720	 45.219	  1.004	  0.827	  0.002
31	  0.720	 46.690	  1.004	  0.827	  0.002
32	  0.720	 48.160	  1.004	  0.827	  0.002
33	  0.720	 49.631	  1.004	  0.827	  0.002
34	  0.720	 51.101	  1.004	  0.827	  0.002
35	  0.720	 52.572	  1.004	  0.827	  0.002
36	  0.720	 54.042	  1.004	  0.827	  0.002
37	  0.720	 55.513	  1.004	  0.827	  0.002
38	  0.720	 56.984	  1.004	  0.827	  0.002
39	  0.720	 58.454	  1.004	  0.827	  0.002
40	  0.720	 59.925	  1.004	  0.827	  0.002
41	  0.720	 61.395	  1.004	  0.827	  0.002
42	  0.720	 62.866	  1.004	  0.827	  0.002
43	  0.720	 64.337	  1.004	  0.827	  0.002
44	  0.720	 65.807	  1.004	  0.827	  0.002
45	  0.720	 67.278	  1.004	  0.827	  0.002
46	  0.720	 68.748	  1.004	  0.827	  0.002
47	  0.720	 70.219	  1.004	  0.827	  0.002
48	  0.720	 71.690	  1.004	  0.827	  0.002
49	  0.720	 73.160	  1.004	  0.827	  0.002
50	  0.720	 74.631	  1.004	  0.827	  0.002
51	  0.720	 76.101	  1.004	  0.827	  0.002
52	  0.720	 77.572	  1.004	  0.827	  0.002
53	  0.720	 79.042	  1.004	  0.827	  0.002
54	  0.720	 80.513	  1.004	  0.827	  0.002
55	  0.720	 81.984	  1.004	  0.827	  0.002
56	  0.720	 83.454	  1.004	  0.827	  0.002
57	  0.720	 84.925	  1.004	  0.827	  0.002
58	  0.720	 86.395	  1.004	  0.827	  0.002
59	  0.720	 87.866	  1.004	  0.827	  0.002
60	  0.720	 89.337	  1.004	  0.827	  0.002
61	  0.720	 90.807	  1.004	  0.827	  0.002
62	  0.720	 92.278	  1.004	  0.827	  0.002
63	  0.720	 93.748	  1.004	  0.827	  0.002
64	  0.720	 95.219	  1.004	  0.827	  0.002
65	  0.720	 96.690	  1.004	  0.827	  0.002
66	  0.720	 98.160	  1.004	  0.827	  0.002
67	  0.720	 99.631	  1.004	  0.827	  0.002
0	  0.840	  1.204	  1.004	  0.880	  0.002
1	  0.840	  2.674	  1.004	  0.880	  0.002
2	  0.840	  4.145	  1.004	  0.880	  0.002
3	  0.840	  5.615	  1.004	  0.880	  0.002
4	  0.840	  7.086	  1.004	  0.880	  0.002
5	  0.840	  8.556	  1.004	  0.880	  0.002
6	  0.840	 10.027	  1.004	  0.880	  0.002
7	  0.840	 11.498	  1.004	  0.880	  0.002
8	  0.840	 12.968	  1.004	  0.880	  0.002
9	  0.840	 14.439	  1.004	  0.880	  0.002
10	  0.840	 15.909	  1.004	  0.880	  0.002
11	  0.840	 17.380	  1.004	  0.880	  0.002
12	  0.840	 18.851	  1.004	  0.880	  0.002
13	  0.840	 20.321	  1.004	  0.880	  0.002
14	  0.840	 21.792	  1.004	  0.880	  0.002
15	  0.840	 23.262	  1.004	  0.880	  0.002
16	  0.840	 24.733	  1.004	  0.880	  0.002
17	  0.840	 26.204	  1.004	  0.880	  0.002
18	  0.840	 27.674	  1.004	  0.880	  0.002
19	  0.840	 29.145	  1.004	  0.880	  0.002
20	  0.840	 30.615	  1.004	  0.880	  0.002
21	  0.840	 32.086	  1.004	  0.880	  0.002
22	  0.840	 33.556	  1.004	  0.880	  0.002
23	  0.840	 35.027	  1.004	  0.880	  0.002
24	  0.840	 36.498	  1.004	  0.880	  0.002
25	  0.840	 37.968	  1.004	  0.880	  0.002
26	  0.840	 39.439	  1.004	  0.880	  0.002
27	  0.840	 40.909	  1.004	  0.880	  0.002
28	  0.840	 42.380	  1.004	  0.880	  0.002
29	  0.840	 43.851	  1.004	  0.880	  0.002
30	  0.840	 45.321	  1.004	  0.880	  0.002
31	  0.840	 46.792	  1.004	  0.880	  0.002
32	  0.840	 48.262	  1.004	  0.880	  0.002
33	  0.840	 49.733	  1.004	  0.880	  0.002
34	  0.840	 51.204	  1.004	  0.880	  0.002
35	  0.840	 52.674	  1.004	  0.880	  0.002
36	  0.840	 54.145	  1.004	  0.880	  0.002
37	  0.840	 55.615	  1.004	  0.880	  0.002
38	  0.840	 57.086	  1.004	  0.880	  0.002
39	  0.840	 58.556	  1.004	  0.880	  0.002
40	  0.840	 60.027	  1.004	  0.880	  0.002
41	  0.840	 61.498	  1.004	  0.880	  0.002
42	  0.840	 62.968	  1.004	  0.880	  0.002
43	  0.840	 64.439	  1.004	  0.880	  0.002
44	  0.840	 65.909	  1.004	  0.880	  0.002
45	  0.840	 67.380	  1.004	  0.880	  0.002
46	  0.840	 68.851	  1.004	  0.880	  0.002
47	  0.840	 70.321	  1.004	  0.880	  0.002
48	  0.840	 71.792	  1.004	  0.880	  0.002
49	  0.840	 73.262	  1.004	  0.880	  0.002
50	  0.840	 74.733	  1.004	  0.880	  0.002
51	  0.840	 76.204	  1.004	  0.880	  0.002
52	  0.840	 77.674	  1.004	  0.880	  0.002
53	  0.840	 79.145	  1.004	  0.880	  0.002
54	  0.840	 80.615	  1.004	  0.880	  0.002
55	  0.840	 82.086	  1.004	  0.880	  0.002
56	  0.840	 83.556	  1.004	  0.880	  0.002
57	  0.840	 85.027	  1.004	  0.880	  0.002
58	  0.840	 86.498	  1.004	  0.880	  0.002
59	  0.840	 87.968	  1.004	  0.880	  0.002
60	  0.840	 89.439	  1.004	  0.880	  0.002
61	  0.840	 90.909	  1.004	  0.880	  0.002
62	  0.840	 92.380	  1.004	  0.880	  0.002
63	  0.840	 93.851	  1.004	  0.880	  0.002
64	  0.840	 95.321	  1.004	  0.880	  0.002
65	  0.840	 96.792	  1.004	  0.880	  0.002
66	  0.840	 98.262	  1.004	  0.880	  0.002
67	  0.840	 99.733	  1.004	  0.880	  0.002
0	  0.960	  1.312	  1.004	  0.922	  0.001
1	  0.960	  2.782	  1.004	  0.922	  0.001
2	  0.960	  4.253	  1.004	  0.922	  0.001
3	  0.960	  5.723	  1.004	  0.922	  0.001
4	  0.960	  7.194	  1.004	  0.922	  0.001
5	  0.960	  8.665	  1.004	  0.922	  0.001
6	  0.960	 10.135	  1.004	  0.922	  0.001
7	  0.960	 11.606	  1.004	  0.922	  0.001
8	  0.960	 13.076	  1.004	  0.922	  0.001
9	  0.960	 14.547	  1.004	  0.922	  0.001
10	  0.960	 16.017	  1.004	  0.922	  0.001
11	  0.960	 17.488	  1.004	  0.922	  0.001
12	  0.960	 18.959	  1.004	  0.922	  0.001
13	  0.960	 20.429	  1.004	  0.922	  0.001
14	  0.960	 21.900	  1.004	  0.922	  0.001
15	  0.960	 23.370	  1.004	  0.922	  0.001
16	  0.960	 24.841	  1.004	  0.922	  0.001
17	  0.960	 26.312	  1.004	  0.922	  0.001
18	  0.960	 27.782	  1.004	  0.922	  0.001
19	  0.960	 29.253	  1.004	  0.922	  0.001
20	  0.960	 30.723	  1.004	  0.922	  0.001
21	  0.960	 32.194	  1.004	  0.922	  0.001
22	  0.960	 33.665	  1.004	  0.922	  0.001
23	  0.960	 35.135	  1.004	  0.922	  0.001
24	  0.960	 36.606	  1.004	  0.922	  0.001
25	  0.960	 38.076	  1.004	  0.922	  0.001
26	  0.960	 39.547	  1.004	  0.922	  0.001
27	  0.960	 41.017	  1.004	  0.922	  0.001
28	  0.960	 42.488	  1.004	  0.922	  0.001
29	  0.960	 43.959	  1.004	  0.922	  0.001
30	  0.960	 45.429	  1.004	  0.922	  0.001
31	  0.960	 46.900	  1.004	  0.922	  0.001
32	  0.960	 48.370	  1.004	  0.922	  0.001
33	  0.960	 49.841	  1.004	  0.922	  0.001
34	  0.960	 51.312	  1.004	  0.922	  0.001
35	  0.960	 52.782	  1.004	  0.922	  0.001
36	  0.960	 54.253	  1.004	  0.922	  0.001
37	  0.960	 55.723	  1.004	  0.922	  0.001
38	  0.960	 57.194	  1.004	  0.922	  0.001
39	  0.960	 58.665	  1.004	  0.922	  0.001
40	  0.960	 60.135	  1.004	  0.922	  0.001
41	  0.960	 61.606	  1.004	  0.922	  0.001
42	  0.960	 63.076	  1.004	  0.922	  0.001
43	  0.960	 64.547	  1.004	  0.922	  0.001
44	  0.960	 66.017	  1.004	  0.922	  0.001
45	  0.960	 67.488	  1.004	  0.922	  0.001
46	  0.960	 68.959	  1.004	  0.922	  0.001
47	  0.960	 70.429	  1.004	  0.922	  0.001
48	  0.960	 71.900	  1.004	  0.922	  0.001
49	  0.960	 73.370	  1.004	  0.922	  0.001
50	  0.960	 74.841	  1.004	  0.922	  0.001
51	  0.960	 76.312	  1.004	  0.922	  0.001
52	  0.960	 77.782	  1.004	  0.922	  0.001
53	  0.960	 79.253	  1.004	  0.922	  0.001
54	  0.960	 80.723	  1.004	  0.922	  0.001
55	  0.960	 82.194	  1.004	  0.922	  0.001
56	  0.960	 83.665	  1.004	  0.922	  0.001
57	  0.960	 85.135	  1.004	  0.922	  0.001
58	  0.960	 86.606	  1.004	  0.922	  0.001
59	  0.960	 88.076	  1.004	  0.922	  0.001
60	  0.960	 89.547	  1.004	  0.922	  0.001
61	  0.960	 91.017	  1.004	  0.922	  0.001
62	  0.960	 92.488	  1.004	  0.922	  0.001
63	  0.960	 93.959	  1.004	  0.922	  0.001
64	  0.960	 95.429	  1.004	  0.922	  0.001
65	  0.960	 96.900	  1.004	  0.922	  0.001
66	  0.960	 98.370	  1.004	  0.922	  0.001
67	  0.960	 99.841	  1.004	  0.922	  0.001
0	  1.080	  1.424	  1.004	  0.955	  0.001
1	  1.080	  2.895	  1.004	  0.955	  0.001
2	  1.080	  4.365	  1.004	  0.955	  0.001
3	  1.080	  5.836	  1.004	  0.955	  0.001
4	  1.080	  7.306	  1.004	  0.955	  0.001
5	  1.080	  8.777	  1.004	  0.955	  0.001
6	  1.080	 10.248	  1.004	  0.955	  0.001
7	  1.080	 11.718	  1.004	  0.955	  0.001
8	  1.080	 13.189	  1.004	  0.955	  0.001
9	  1.080	 14.659	  1.004	  0.955	  0.001
10	  1.080	 16.130	  1.004	  0.955	  0.001
11	  1.080	 17.601	  1.004	  0.955	  0.001
12	  1.080	 19.071	  1.004	  0.955	  0.001
13	  1.080	 20.542	  1.004	  0.955	  0.001
14	  1.080	 22.012	  1.004	  0.955	  0.001
15	  1.080	 23.483	  1.004	  0.955	  0.001
16	  1.080	 24.954	  1.004	  0.955	  0.001
17	  1.080	 26.424	  1.004	  0.955	  0.001
18	  1.080	 27.895	  1.004	  0.955	  0.001
19	  1.080	 29.365	  1.004	  0.955	  0.001
20	  1.080	 30.836	  1.004	  0.955	  0.001
21	  1.080	 32.306	  1.004	  0.955	  0.001
22	  1.080	 33.777	  1.004	  0.955	  0.001
23	  1.080	 35.248	  1.004	  0.955	  0.001
24	  1.080	 36.718	  1.004	  0.955	  0.001
25	  1.080	 38.189	  1.004	  0.955	  0.001
26	  1.080	 39.659	  1.004	  0.955	  0.001
27	  1.080	 41.130	  1.004	  0.955	  0.001
28	  1.080	 42.601	  1.004	  0.955	  0.001
29	  1.080	 44.071	  1.004	  0.955	  0.001
30	  1.080	 45.542	  1.004	  0.955	  0.001
31	  1.080	 47.012	  1.004	  0.955	  0.001
32	  1.080	 48.483	  1.004	  0.955	  0.001
33	  1.080	 49.954	  1.004	  0.955	  0.001
34	  1.080	 51.424	  1.004	  0.955	  0.001
35	  1.080	 52.895	  1.004	  0.955	  0.001
36	  1.080	 54.365	  1.004	  0.955	  0.001
37	  1.080	 55.836	  1.004	  0.955	  0.001
38	  1.080	 57.306	  1.004	  0.955	  0.001
39	  1.080	 58.777	  1.004	  0.955	  0.001
40	  1.080	 60.248	  1.004	  0.955	  0.001
41	  1.080	 61.718	  1.004	  0.955	  0.001
42	  1.080	 63.189	  1.004	  0.955	  0.001
43	  1.080	 64.659	  1.004	  0.955	  0.001
44	  1.080	 66.130	  1.004	  0.955	  0.001
45	  1.080	 67.601	  1.004	  0.955	  0.001
46	  1.080	 69.071	  1.004	  0.955	  0.001
47	  1.080	 70.542	  1.004	  0.955	  0.001
48	  1.080	 72.012	  1.004	  0.955	  0.001
49	  1.080	 73.483	  1.004	  0.955	  0.001
50	  1.080	 74.954	  1.004	  0.955	  0.001
51	  1.080	 76.424	  1.004	  0.955	  0.001
52	  1.080	 77.895	  1.004	  0.955	  0.001
53	  1.080	 79.365	  1.004	  0.955	  0.001
54	  1.080	 80.836	  1.004	  0.955	  0.001
55	  1.080	 82.306	  1.004	  0.955	  0.001
56	  1.080	 83.777	  1.004	  0.955	  0.001
57	  1.080	 85.248	  1.004	  0.955	  0.001
58	  1.080	 86.718	  1.004	  0.955	  0.001
59	  1.080	 88.189	  1.004	  0.955	  0.001
60	  1.080	 89.659	  1.004	  0.955	  0.001
61	  1.080	 91.130	  1.004	  0.955	  0.001
62	  1.080	 92.601	  1.004	  0.955	  0.001
63	  1.080	 94.071	  1.004	  0.955	  0.001
64	  1.080	 95.542	  1.004	  0.955	  0.001
65	  1.080	 97.012	  1.004	  0.955	  0.001
66	  1.080	 98.483	  1.004	  0.955	  0.001
67	  1.080	 99.954	  1.004	  0.955	  0.001
0	  1.200	  1.540	  1.005	  0.981	  0.001
1	  1.200	  3.011	  1.005	  0.981	  0.001
2	  1.200	  4.481	  1.005	  0.981	  0.001
3	  1.200	  5.952	  1.005	  0.981	  0.001
4	  1.200	  7.423	  1.005	  0.981	  0.001
5	  1.200	  8.893	  1.005	  0.981	  0.001
6	  1.200	 10.364	  1.005	  0.981	  0.001
7	  1.200	 11.834	  1.005	  0.981	  0.001
8	  1.200	 13.305	  1.005	  0.981	  0.001
9	  1.200	 14.776	  1.005	  0.981	  0.001
10	  1.200	 16.246	  1.005	  0.981	  0.001
11	  1.200	 17.717	  1.005	  0.981	  0.001
12	  1.200	 19.187	  1.005	  0.981	  0.001
13	  1.200	 20.658	  1.005	  0.981	  0.001
14	  1.200	 22.128	  1.005	  0.981	  0.001
15	  1.200	 23.599	  1.005	  0.981	  0.001
16	  1.200	 25.070	  1.005	  0.981	  0.001
17	  1.200	 26.540	  1.005	  0.981	  0.001
18	  1.200	 28.011	  1.005	  0.981	  0.001
19	  1.200	 29.481	  1.005	  0.981	  0.001
20	  1.200	 30.952	  1.005	  0.981	  0.001
21	  1.200	 32.423	  1.005	  0.981	  0.001
22	  1.200	 33.893	  1.005	  0.981	  0.001
23	  1.200	 35.364	  1.005	  0.981	  0.001
24	  1.200	 36.834	  1.005	  0.981	  0.001
25	  1.200	 38.305	  1.005	  0.981	  0.001
26	  1.200	 39.776	  1.005	  0.981	  0.001
27	  1.200	 41.246	  1.005	  0.981	  0.001
28	  1.200	 42.717	  1.005	  0.981	  0.001
29	  1.200	 44.187	  1.005	  0.981	  0.001
30	  1.200	 45.658	  1.005	  0.981	  0.001
31	  1.200	 47.128	  1.005	  0.981	  0.001
32	  1.200	 48.599	  1.005	  0.981	  0.001
33	  1.200	 50.070	  1.005	  0.981	  0.001
34	  1.200	 51.540	  1.005	  0.981	  0.001
35	  1.200	 53.011	  1.005	  0.981	  0.001
36	  1.200	 54.481	  1.005	  0.981	  0.001
37	  1.200	 55.952	  1.005	  0.981	  0.001
38	  1.200	 57.423	  1.005	  0.981	  0.001
39	  1.200	 58.893	  1.005	  0.981	  0.001
40	  1.200	 60.364	  1.005	  0.981	  0.001
41	  1.200	 61.834	  1.005	  0.981	  0.001
42	  1.200	 63.305	  1.005	  0.981	  0.001
43	  1.200	 64.776	  1.005	  0.981	  0.001
44	  1.200	 66.246	  1.005	  0.981	  0.001
45	  1.200	 67.717	  1.005	  0.981	  0.001
46	  1.200	 69.187	  1.005	  0.981	  0.001
47	  1.200	 70.658	  1.005	  0.981	  0.001
48	  1.200	 72.128	  1.005	  0.981	  0.001
49	  1.200	 73.599	  1.005	  0.981	  0.001
50	  1.200	 75.070	  1.005	  0.981	  0.001
51	  1.200	 76.540	  1.005	  0.981	  0.001
52	  1.200	 78.011	  1.005	  0.981	  0.001
53	  1.200	 79.481	  1.005	  0.981	  0.001
54	  1.200	 80.952	  1.005	  0.981	  0.001
55	  1.200	 82.423	  1.005	  0.981	  0.001
56	  1.200	 83.893	  1.005	  0.981	  0.001
57	  1.200	 85.364	  1.005	  0.981	  0.001
58	  1.200	 86.834	  1.005	  0.981	  0.001
59	  1.200	 88.305	  1.005	  0.981	  0.001
60	  1.200	 89.776	  1.005	  0.981	  0.001
61	  1.200	 91.246	  1.005	  0.981	  0.001
62	  1.200	 92.717	  1.005	  0.981	  0.001
63	  1.200	 94.187	  1.005	  0.981	  0.001
64	  1.200	 95.658	  1.005	  0.981	  0.001
65	  1.200	 97.128	  1.005	  0.981	  0.001
66	  1.200	 98.599	  1.005	  0.981	  0.001
67	  1.200	100.070	  1.005	  0.981	  0.001
0	  1.320	  1.659	  1.005	  1.001	  0.001
1	  1.320	  3.130	  1.005	  1.001	  0.001
2	  1.320	  4.600	  1.005	  1.001	  0.001
3	  1.320	  6.071	  1.005	  1.001	  0.001
4	  1.320	  7.541	  1.005	  1.001	  0.001
5	  1.320	  9.012	  1.005	  1.001	  0.001
6	  1.320	 10.483	  1.005	  1.001	  0.001
7	  1.320	 11.953	  1.005	  1.001	  0.001
8	  1.320	 13.424	  1.005	  1.001	  0.001
9	  1.320	 14.894	  1.005	  1.001	  0.001
10	  1.320	 16.365	  1.005	  1.001	  0.001
11	  1.320	 17.836	  1.005	  1.001	  0.001
12	  1.320	 19.306	  1.005	  1.001	  0.001
13	  1.320	 20.777	  1.005	  1.001	  0.001
14	  1.320	 22.247	  1.005	  1.001	  0.001
15	  1.320	 23.718	  1.005	  1.001	  0.001
16	  1.320	 25.189	  1.005	  1.001	  0.001
17	  1.320	 26.659	  1.005	  1.001	  0.001
18	  1.320	 28.130	  1.005	  1.001	  0.001
19	  1.320	 29.600	  1.005	  1.001	  0.001
20	  1.320	 31.071	  1.005	  1.001	  0.001
21	  1.320	 32.541	  1.005	  1.001	  0.001
22	  1.320	 34.012	  1.005	  1.001	  0.001
23	  1.320	 35.483	  1.005	  1.001	  0.001
24	  1.320	 36.953	  1.005	  1.001	  0.001
25	  1.320	 38.424	  1.005	  1.001	  0.001
26	  1.320	 39.894	  1.005	  1.001	  0.001
27	  1.320	 41.365	  1.005	  1.001	  0.001
28	  1.320	 42.836	  1.005	  1.001	  0.001
29	  1.320	 44.306	  1.005	  1.001	  0.001
30	  1.320	 45.777	  1.005	  1.001	  0.001
31	  1.320	 47.247	  1.005	  1.001	  0.001
32	  1.320	 48.718	  1.005	  1.001	  0.001
33	  1.320	 50.189	  1.005	  1.001	  0.001
34	  1.320	 51.659	  1.005	  1.001	  0.001
35	  1.320	 53.130	  1.005	  1.001	  0.001
36	  1.320	 54.600	  1.005	  1.001	  0.001
37	  1.320	 56.071	  1.005	  1.001	  0.001
38	  1.320	 57.541	  1.005	  1.001	  0.001
39	  1.320	 59.012	  1.005	  1.001	  0.001
40	  1.320	 60.483	  1.005	  1.001	  0.001
41	  1.320	 61.953	  1.005	  1.001	  0.001
42	  1.320	 63.424	  1.005	  1.001	  0.001
43	  1.320	 64.894	  1.005	  1.001	  0.001
44	  1.320	 66.365	  1.005	  1.001	  0.001
45	  1.320	 67.836	  1.005	  1.001	  0.001
46	  1.320	 69.306	  1.005	  1.001	  0.001
47	  1.320	 70.777	  1.005	  1.001	  0.001
48	  1.320	 72.247	  1.005	  1.001	  0.001
49	  1.320	 73.718	  1.005	  1.001	  0.001
50	  1.320	 75.189	  1.005	  1.001	  0.001
51	  1.320	 76.659	  1.005	  1.001	  0.001
52	  1.320	 78.130	  1.005	  1.001	  0.001
53	  1.320	 79.600	  1.005	  1.001	  0.001
54	  1.320	 81.071	  1.005	  1.001	  0.001
55	  1.320	 82.541	  1.005	  1.001	  0.001
56	  1.320	 84.012	  1.005	  1.001	  0.001
57	  1.320	 85.483	  1.005	  1.001	  0.001
58	  1.320	 86.953	  1.005	  1.001	  0.001
59	  1.320	 88.424	  1.005	  1.001	  0.001
60	  1.320	 89.894	  1.005	  1.001	  0.001
61	  1.320	 91.365	  1.005	  1.001	  0.001
62	  1.320	 92.836	  1.005	  1.001	  0.001
63	  1.320	 94.306	  1.005	  1.001	  0.001
64	  1.320	 95.777	  1.005	  1.001	  0.001
65	  1.320	 97.247	  1.005	  1.001	  0.001
66	  1.320	 98.718	  1.005	  1.001	  0.001
67	  1.320	100.189	  1.005	  1.001	  0.001
0	  1.440	  1.780	  1.005	  1.017	  0.001
1	  1.440	  3.251	  1.005	  1.017	  0.001
2	  1.440	  4.721	  1.005	  1.017	  0.001
3	  1.440	  6.192	  1.005	  1.017	  0.001
4	  1.440	  7.663	  1.005	  1.017	  0.001
5	  1.440	  9.133	  1.005	  1.017	  0.001
6	  1.440	 10.604	  1.005	  1.017	  0.001
7	  1.440	 12.074	  1.005	  1.017	  0.001
8	  1.440	 13.545	  1.005	  1.017	  0.001
9	  1.440	 15.016	  1.005	  1.017	  0.001
10	  1.440	 16.486	  1.005	  1.017	  0.001
11	  1.440	 17.957	  1.005	  1.017	  0.001
12	  1.440	 19.427	  1.005	  1.017	  0.001
13	  1.440	 20.898	  1.005	  1.017	  0.001
14	  1.440	 22.368	  1.005	  1.017	  0.001
15	  1.440	 23.839	  1.005	  1.017	  0.001
16	  1.440	 25.310	  1.005	  1.017	  0.001
17	  1.440	 26.780	  1.005	  1.017	  0.001
18	  1.440	 28.251	  1.005	  1.017	  0.001
19	  1.440	 29.721	  1.005	  1.017	  0.001
20	  1.440	 31.192	  1.005	  1.017	  0.001
21	  1.440	 32.663	  1.005	  1.017	  0.001
22	  1.440	 34.133	  1.005	  1.017	  0.001
23	  1.440	 35.604	  1.005	  1.017	  0.001
24	  1.440	 37.074	  1.005	  1.017	  0.001
25	  1.440	 38.545	  1.005	  1.017	  0.001
26	  1.440	 40.016	  1.005	  1.017	  0.001
27	  1.440	 41.486	  1.005	  1.017	  0.001
28	  1.440	 42.957	  1.005	  1.017	  0.001
29	  1.440	 44.427	  1.005	  1.017	  0.001
30	  1.440	 45.898	  1.005	  1.017	  0.001
31	  1.440	 47.368	  1.005	  1.017	  0.001
32	  1.440	 48.839	  1.005	  1.017	  0.001
33	  1.440	 50.310	  1.005	  1.017	  0.001
34	  1.440	 51.780	  1.005	  1.017	  0.001
35	  1.440	 53.251	  1.005	  1.017	  0.001
36	  1.440	 54.721	  1.005	  1.017	  0.001
37	  1.440	 56.192	  1.005	  1.017	  0.001
38	  1.440	 57.663	  1.005	  1.017	  0.001
39	  1.440	 59.133	  1.005	  1.017	  0.001
40	  1.440	 60.604	  1.005	  1.017	  0.001
41	  1.440	 62.074	  1.005	  1.017	  0.001
42	  1.440	 63.545	  1.005	  1.017	  0.001
43	  1.440	 65.016	  1.005	  1.017	  0.001
44	  1.440	 66.486	  1.005	  1.017	  0.001
45	  1.440	 67.957	  1.005	  1.017	  0.001
46	  1.440	 69.427	  1.005	  1.017	  0.001
47	  1.440	 70.898	  1.005	  1.017	  0.001
48	  1.440	 72.368	  1.005	  1.017	  0.001
49	  1.440	 73.839	  1.005	  1.017	  0.001
50	  1.440	 75.310	  1.005	  1.017	  0.001
51	  1.440	 76.780	  1.005	  1.017	  0.001
52	  1.440	 78.251	  1.005	  1.017	  0.001
53	  1.440	 79.721	  1.005	  1.017	  0.001
54	  1.440	 81.192	  1.005	  1.017	  0.001
55	  1.440	 82.663	  1.005	  1.017	  0.001
56	  1.440	 84.133	  1.005	  1.017	  0.001
57	  1.440	 85.604	  1.005	  1.017	  0.001
58	  1.440	 87.074	  1.005	  1.017	  0.001
59	  1.440	 88.545	  1.005	  1.017	  0.001
60	  1.440	 90.016	  1.005	  1.017	  0.001
61	  1.440	 91.486	  1.005	  1.017	  0.001
62	  1.440	 92.957	  1.005	  1.017	  0.001
63	  1.440	 94.427	  1.005	  1.017	  0.001
64	  1.440	 95.898	  1.005	  1.017	  0.001
65	  1.440	 97.368	  1.005	  1.017	  0.001
66	  1.440	 98.839	  1.005	  1.017	  0.001
67	  1.440	100.310	  1.005	  1.017	  0.001
0	  1.560	  1.903	  1.005	  1.030	  0.000
1	  1.560	  3.374	  1.005	  1.030	  0.000
2	  1.560	  4.844	  1.005	  1.030	  0.000
3	  1.560	  6.315	  1.005	  1.030	  0.000
4	  1.560	  7.785	  1.005	  1.030	  0.000
5	  1.560	  9.256	  1.005	  1.030	  0.000
6	  1.560	 10.727	  1.005	  1.030	  0.000
7	  1.560	 12.197	  1.005	  1.030	  0.000
8	  1.560	 13.668	  1.005	  1.030	  0.000
9	  1.560	 15.138	  1.005	  1.030	  0.000
10	  1.560	 16.609	  1.005	  1.030	  0.000
11	  1.560	 18.079	  1.005	  1.030	  0.000
12	  1.560	 19.550	  1.005	  1.030	  0.000
13	  1.560	 21.021	  1.005	  1.030	  0.000
14	  1.560	 22.491	  1.005	  1.030	  0.000
15	  1.560	 23.962	  1.005	  1.030	  0.000
16	  1.560	 25.432	  1.005	  1.030	  0.000
17	  1.560	 26.903	  1.005	  1.030	  0.000
18	  1.560	 28.374	  1.005	  1.030	  0.000
19	  1.560	 29.844	  1.005	  1.030	  0.000
20	  1.560	 31.315	  1.005	  1.030	  0.000
21	  1.560	 32.785	  1.005	  1.030	  0.000
22	  1.560	 34.256	  1.005	  1.030	  0.000
23	  1.560	 35.727	  1.005	  1.030	  0.000
24	  1.560	 37.197	  1.005	  1.030	  0.000
25	  1.560	 38.668	  1.005	  1.030	  0.000
26	  1.560	 40.138	  1.005	  1.030	  0.000
27	  1.560	 41.609	  1.005	  1.030	  0.000
28	  1.560	 43.079	  1.005	  1.030	  0.000
29	  1.560	 44.550	  1.005	  1.030	  0.000
30	  1.560	 46.021	  1.005	  1.030	  0.000
31	  1.560	 47.491	  1.005	  1.030	  0.000
32	  1.560	 48.962	  1.005	  1.030	  0.000
33	  1.560	 50.432	  1.005	  1.030	  0.000
34	  1.560	 51.903	  1.005	  1.030	  0.000
35	  1.560	 53.374	  1.005	  1.030	  0.000
36	  1.560	 54.844	  1.005	  1.030	  0.000
37	  1.560	 56.315	  1.005	  1.030	  0.000
38	  1.560	 57.785	  1.005	  1.030	  0.000
39	  1.560	 59.256	  1.005	  1.030	  0.000
40	  1.560	 60.727	  1.005	  1.030	  0.000
41	  1.560	 62.197	  1.005	  1.030	  0.000
42	  1.560	 63.668	  1.005	  1.030	  0.000
43	  1.560	 65.138	  1.005	  1.030	  0.000
44	  1.560	 66.609	  1.005	  1.030	  0.000
45	  1.560	 68.079	  1.005	  1.030	  0.000
46	  1.560	 69.550	  1.005	  1.030	  0.000
47	  1.560	 71.021	  1.005	  1.030	  0.000
48	  1.560	 72.491	  1.005	  1.030	  0.000
49	  1.560	 73.962	  1.005	  1.030	  0.000
50	  1.560	 75.432	  1.005	  1.030	  0.000
51	  1.560	 76.903	  1.005	  1.030	  0.000
52	  1.560	 78.374	  1.005	  1.030	  0.000
53	  1.560	 79.844	  1.005	  1.030	  0.000
54	  1.560	 81.315	  1.005	  1.030	  0.000
55	  1.560	 82.785	  1.005	  1.030	  0.000
56	  1.560	 84.256	  1.005	  1.030	  0.000
57	  1.560	 85.727	  1.005	  1.030	  0.000
58	  1.560	 87.197	  1.005	  1.030	  0.000
59	  1.560	 88.668	  1.005	  1.030	  0.000
60	  1.560	 90.138	  1.005	  1.030	  0.000
61	  1.560	 91.609	  1.005	  1.030	  0.000
62	  1.560	 93.079	  1.005	  1.030	  0.000
63	  1.560	 94.550	  1.005	  1.030	  0.000
64	  1.560	 96.021	  1.005	  1.030	  0.000
65	  1.560	 97.491	  1.005	  1.030	  0.000
66	  1.560	 98.962	  1.005	  1.030	  0.000
67	  1.560	100.432	  1.005	  1.030	  0.000
0	  1.680	  2.027	  1.005	  1.040	  0.000
1	  1.680	  3.498	  1.005	  1.040	  0.000
2	  1.680	  4.968	  1.005	  1.040	  0.000
3	  1.680	  6.439	  1.005	  1.040	  0.000
4	  1.680	  7.910	  1.005	  1.040	  0.000
5	  1.680	  9.380	  1.005	  1.040	  0.000
6	  1.680	 10.851	  1.005	  1.040	  0.000
7	  1.680	 12.321	  1.005	  1.040	  0.000
8	  1.680	 13.792	  1.005	  1.040	  0.000
9	  1.680	 15.262	  1.005	  1.040	  0.000
10	  1.680	 16.733	  1.005	  1.040	  0.000
11	  1.680	 18.204	  1.005	  1.040	  0.000
12	  1.680	 19.674	  1.005	  1.040	  0.000
13	  1.680	 21.145	  1.005	  1.040	  0.000
14	  1.680	 22.615	  1.005	  1.040	  0.000
15	  1.680	 24.086	  1.005	  1.040	  0.000
16	  1.680	 25.557	  1.005	  1.040	  0.000
17	  1.680	 27.027	  1.005	  1.040	  0.000
18	  1.680	 28.498	  1.005	  1.040	  0.000
19	  1.680	 29.968	  1.005	  1.040	  0.000
20	  1.680	 31.439	  1.005	  1.040	  0.000
21	  1.680	 32.910	  1.005	  1.040	  0.000
22	  1.680	 34.380	  1.005	  1.040	  0.000
23	  1.680	 35.851	  1.005	  1.040	  0.000
24	  1.680	 37.321	  1.005	  1.040	  0.000
25	  1.680	 38.792	  1.005	  1.040	  0.000
26	  1.680	 40.262	  1.005	  1.040	  0.000
27	  1.680	 41.733	  1.005	  1.040	  0.000
28	  1.680	 43.204	  1.005	  1.040	  0.000
29	  1.680	 44.674	  1.005	  1.040	  0.000
30	  1.680	 46.145	  1.005	  1.040	  0.000
31	  1.680	 47.615	  1.005	  1.040	  0.000
32	  1.680	 49.086	  1.005	  1.040	  0.000
33	  1.680	 50.557	  1.005	  1.040	  0.000
34	  1.680	 52.027	  1.005	  1.040	  0.000
35	  1.680	 53.498	  1.005	  1.040	  0.000
36	  1.680	 54.968	  1.005	  1.040	  0.000
37	  1.680	 56.439	  1.005	  1.040	  0.000
38	  1.680	 57.910	  1.005	  1.040	  0.000
39	  1.680	 59.380	  1.005	  1.040	  0.000
40	  1.680	 60.851	  1.005	  1.040	  0.000
41	  1.680	 62.321	  1.005	  1.040	  0.000
42	  1.680	 63.792	  1.005	  1.040	  0.000
43	  1.680	 65.262	  1.005	  1.040	  0.000
44	  1.680	 66.733	  1.005	  1.040	  0.000
45	  1.680	 68.204	  1.005	  1.040	  0.000
46	  1.680	 69.674	  1.005	  1.040	  0.000
47	  1.680	 71.145	  1.005	  1.040	  0.000
48	  1.680	 72.615	  1.005	  1.040	  0.000
49	  1.680	 74.086	  1.005	  1.040	  0.000
50	  1.680	 75.557	  1.005	  1.040	  0.000
51	  1.680	 77.027	  1.005	  1.040	  0.000
52	  1.680	 78.498	  1.005	  1.040	  0.000
53	  1.680	 79.968	  1.005	  1.040	  0.000
54	  1.680	 81.439	  1.005	  1.040	  0.000
55	  1.680	 82.910	  1.005	  1.040	  0.000
56	  1.680	 84.380	  1.005	  1.040	  0.000
57	  1.680	 85.851	  1.005	  1.040	  0.000
58	  1.680	 87.321	  1.005	  1.040	  0.000
59	  1.680	 88.792	  1.005	  1.040	  0.000
60	  1.680	 90.262	  1.005	  1.040	  0.000
61	  1.680	 91.733	  1.005	  1.040	  0.000
62	  1.680	 93.204	  1.005	  1.040	  0.000
63	  1.680	 94.674	  1.005	  1.040	  0.000
64	  1.680	 96.145	  1.005	  1.040	  0.000
65	  1.680	 97.615	  1.005	  1.040	  0.000
66	  1.680	 99.086	  1.005	  1.040	  0.000
67	  1.680	100.557	  1.005	  1.040	  0.000
0	  1.800	  2.152	  1.005	  1.047	  0.000
1	  1.800	  3.623	  1.005	  1.047	  0.000
2	  1.800	  5.094	  1.005	  1.047	  0.000
3	  1.800	  6.564	  1.005	  1.047	  0.000
4	  1.800	  8.035	  1.005	  1.047	  0.000
5	  1.800	  9.505	  1.005	  1.047	  0.000
6	  1.800	 10.976	  1.005	  1.047	  0.000
7	  1.800	 12.446	  1.005	  1.047	  0.000
8	  1.800	 13.917	  1.005	  1.047	  0.000
9	  1.800	 15.388	  1.005	  1.047	  0.000
10	  1.800	 16.858	  1.005	  1.047	  0.000
11	  1.800	 18.329	  1.005	  1.047	  0.000
12	  1.800	 19.799	  1.005	  1.047	  0.000
13	  1.800	 21.270	  1.005	  1.047	  0.000
14	  1.800	 22.741	  1.005	  1.047	  0.000
15	  1.800	 24.211	  1.005	  1.047	  0.000
16	  1.800	 25.682	  1.005	  1.047	  0.000
17	  1.800	 27.152	  1.005	  1.047	  0.000
18	  1.800	 28.623	  1.005	  1.047	  0.000
19	  1.800	 30.094	  1.005	  1.047	  0.000
20	  1.800	 31.564	  1.005	  1.047	  0.000
21	  1.800	 33.035	  1.005	  1.047	  0.000
22	  1.800	 34.505	  1.005	  1.047	  0.000
23	  1.800	 35.976	  1.005	  1.047	  0.000
24	  1.800	 37.446	  1.005	  1.047	  0.000
25	  1.800	 38.917	  1.005	  1.047	  0.000
26	  1.800	 40.388	  1.005	  1.047	  0.000
27	  1.800	 41.858	  1.005	  1.047	  0.000
28	  1.800	 43.329	  1.005	  1.047	  0.000
29	  1.800	 44.799	  1.005	  1.047	  0.000
30	  1.800	 46.270	  1.005	  1.047	  0.000
31	  1.800	 47.741	  1.005	  1.047	  0.000
32	  1.800	 49.211	  1.005	  1.047	  0.000
33	  1.800	 50.682	  1.005	  1.047	  0.000
34	  1.800	 52.152	  1.005	  1.047	  0.000
35	  1.800	 53.623	  1.005	  1.047	  0.000
36	  1.800	 55.094	  1.005	  1.047	  0.000
37	  1.800	 56.564	  1.005	  1.047	  0.000
38	  1.800	 58.035	  1.005	  1.047	  0.000
39	  1.800	 59.505	  1.005	  1.047	  0.000
40	  1.800	 60.976	  1.005	  1.047	  0.000
41	  1.800	 62.446	  1.005	  1.047	  0.000
42	  1.800	 63.917	  1.005	  1.047	  0.000
43	  1.800	 65.388	  1.005	  1.047	  0.000
44	  1.800	 66.858	  1.005	  1.047	  0.000
45	  1.800	 68.329	  1.005	  1.047	  0.000
46	  1.800	 69.799	  1.005	  1.047	  0.000
47	  1.800	 71.270	  1.005	  1.047	  0.000
48	  1.800	 72.741	  1.005	  1.047	  0.000
49	  1.800	 74.211	  1.005	  1.047	  0.000
50	  1.800	 75.682	  1.005	  1.047	  0.000
51	  1.800	 77.152	  1.005	  1.047	  0.000
52	  1.800	 78.623	  1.005	  1.047	  0.000
53	  1.800	 80.094	  1.005	  1.047	  0.000
54	  1.800	 81.564	  1.005	  1.047	  0.000
55	  1.800	 83.035	  1.005	  1.047	  0.000
56	  1.800	 84.505	  1.005	  1.047	  0.000
57	  1.800	 85.976	  1.005	  1.047	  0.000
58	  1.800	 87.446	  1.005	  1.047	  0.000
59	  1.800	 88.917	  1.005	  1.047	  0.000
60	  1.800	 90.388	  1.005	  1.047	  0.000
61	  1.800	 91.858	  1.005	  1.047	  0.000
62	  1.800	 93.329	  1.005	  1.047	  0.000
63	  1.800	 94.799	  1.005	  1.047	  0.000
64	  1.800	 96.270	  1.005	  1.047	  0.000
65	  1.800	 97.741	  1.005	  1.047	  0.000
66	  1.800	 99.211	  1.005	  1.047	  0.000
67	  1.800	100.682	  1.005	  1.047	  0.000
0	  1.920	  2.278	  1.005	  1.053	  0.000
1	  1.920	  3.749	  1.005	  1.053	  0.000
2	  1.920	  5.220	  1.005	  1.053	  0.000
3	  1.920	  6.690	  1.005	  1.053	  0.000
4	  1.920	  8.161	  1.005	  1.053	  0.000
5	  1.920	  9.631	  1.005	  1.053	  0.000
6	  1.920	 11.102	  1.005	  1.053	  0.000
7	  1.920	 12.573	  1.005	  1.053	  0.000
8	  1.920	 14.043	  1.005	  1.053	  0.000
9	  1.920	 15.514	  1.005	  1.053	  0.000
10	  1.920	 16.984	  1.005	  1.053	  0.000
11	  1.920	 18.455	  1.005	  1.053	  0.000
12	  1.920	 19.925	  1.005	  1.053	  0.000
13	  1.920	 21.396	  1.005	  1.053	  0.000
14	  1.920	 22.867	  1.005	  1.053	  0.000
15	  1.920	 24.337	  1.005	  1.053	  0.000
16	  1.920	 25.808	  1.005	  1.053	  0.000
17	  1.920	 27.278	  1.005	  1.053	  0.000
18	  1.920	 28.749	  1.005	  1.053	  0.000
19	  1.920	 30.220	  1.005	  1.053	  0.000
20	  1.920	 31.690	  1.005	  1.053	  0.000
21	  1.920	 33.161	  1.005	  1.053	  0.000
22	  1.920	 34.631	  1.005	  1.053	  0.000
23	  1.920	 36.102	  1.005	  1.053	  0.000
24	  1.920	 37.573	  1.005	  1.053	  0.000
25	  1.920	 39.043	  1.005	  1.053	  0.000
26	  1.920	 40.514	  1.005	  1.053	  0.000
27	  1.920	 41.984	  1.005	  1.053	  0.000
28	  1.920	 43.455	  1.005	  1.053	  0.000
29	  1.920	 44.925	  1.005	  1.053	  0.000
30	  1.920	 46.396	  1.005	  1.053	  0.000
31	  1.920	 47.867	  1.005	  1.053	  0.000
32	  1.920	 49.337	  1.005	  1.053	  0.000
33	  1.920	 50.808	  1.005	  1.053	  0.000
34	  1.920	 52.278	  1.005	  1.053	  0.000
35	  1.920	 53.749	  1.005	  1.053	  0.000
36	  1.920	 55.220	  1.005	  1.053	  0.000
37	  1.920	 56.690	  1.005	  1.053	  0.000
38	  1.920	 58.161	  1.005	  1.053	  0.000
39	  1.920	 59.631	  1.005	  1.053	  0.000
40	  1.920	 61.102	  1.005	  1.053	  0.000
41	  1.920	 62.573	  1.005	  1.053	  0.000
42	  1.920	 64.043	  1.005	  1.053	  0.000
43	  1.920	 65.514	  1.005	  1.053	  0.000
44	  1.920	 66.984	  1.005	  1.053	  0.000
45	  1.920	 68.455	  1.005	  1.053	  0.000
46	  1.920	 69.925	  1.005	  1.053	  0.000
47	  1.920	 71.396	  1.005	  1.053	  0.000
48	  1.920	 72.867	  1.005	  1.053	  0.000
49	  1.920	 74.337	  1.005	  1.053	  0.000
50	  1.920	 75.808	  1.005	  1.053	  0.000
51	  1.920	 77.278	  1.005	  1.053	  0.000
52	  1.920	 78.749	  1.005	  1.053	  0.000
53	  1.920	 80.220	  1.005	  1.053	  0.000
54	  1.920	 81.690	  1.005	  1.053	  0.000
55	  1.920	 83.161	  1.005	  1.053	  0.000
56	  1.920	 84.631	  1.005	  1.053	  0.000
57	  1.920	 86.102	  1.005	  1.053	  0.000
58	  1.920	 87.573	  1.005	  1.053	  0.000
59	  1.920	 89.043	  1.005	  1.053	  0.000
60	  1.920	 90.514	  1.005	  1.053	  0.000
61	  1.920	 91.984	  1.005	  1.053	  0.000
62	  1.920	 93.455	  1.005	  1.053	  0.000
63	  1.920	 94.925	  1.005	  1.053	  0.000
64	  1.920	 96.396	  1.005	  1.053	  0.000
65	  1.920	 97.867	  1.005	  1.053	  0.000
66	  1.920	 99.337	  1.005	  1.053	  0.000
67	  1.920	100.808	  1.005	  1.053	  0.000
0	  2.040	  2.405	  1.005	  1.058	  0.000
1	  2.040	  3.876	  1.005	  1.058	  0.000
2	  2.040	  5.346	  1.005	  1.058	  0.000
3	  2.040	  6.817	  1.005	  1.058	  0.000
4	  2.040	  8.287	  1.005	  1.058	  0.000
5	  2.040	  9.758	  1.005	  1.058	  0.000
6	  2.040	 11.229	  1.005	  1.058	  0.000
7	  2.040	 12.699	  1.005	  1.058	  0.000
8	  2.040	 14.170	  1.005	  1.058	  0.000
9	  2.040	 15.640	  1.005	  1.058	  0.000
10	  2.040	 17.111	  1.005	  1.058	  0.000
11	  2.040	 18.582	  1.005	  1.058	  0.000
12	  2.040	 20.052	  1.005	  1.058	  0.000
13	  2.040	 21.523	  1.005	  1.058	  0.000
14	  2.040	 22.993	  1.005	  1.058	  0.000
15	  2.040	 24.464	  1.005	  1.058	  0.000
16	  2.040	 25.934	  1.005	  1.058	  0.000
17	  2.040	 27.405	  1.005	  1.058	  0.000
18	  2.040	 28.876	  1.005	  1.058	  0.000
19	  2.040	 30.346	  1.005	  1.058	  0.000
20	  2.040	 31.817	  1.005	  1.058	  0.000
21	  2.040	 33.287	  1.005	  1.058	  0.000
22	  2.040	 34.758	  1.005	  1.058	  0.000
23	  2.040	 36.229	  1.005	  1.058	  0.000
24	  2.040	 37.699	  1.005	  1.058	  0.000
25	  2.040	 39.170	  1.005	  1.058	  0.000
26	  2.040	 40.640	  1.005	  1.058	  0.000
27	  2.040	 42.111	  1.005	  1.058	  0.000
28	  2.040	 43.582	  1.005	  1.058	  0.000
29	  2.040	 45.052	  1.005	  1.058	  0.000
30	  2.040	 46.523	  1.005	  1.058	  0.000
31	  2.040	 47.993	  1.005	  1.058	  0.000
32	  2.040	 49.464	  1.005	  1.058	  0.000
33	  2.040	 50.934	  1.005	  1.058	  0.000
34	  2.040	 52.405	  1.005	  1.058	  0.000
35	  2.040	 53.876	  1.005	  1.058	  0.000
36	  2.040	 55.346	  1.005	  1.058	  0.000
37	  2.040	 56.817	  1.005	  1.058	  0.000
38	  2.040	 58.287	  1.005	  1.058	  0.000
39	  2.040	 59.758	  1.005	  1.058	  0.000
40	  2.040	 61.229	  1.005	  1.058	  0.000
41	  2.040	 62.699	  1.005	  1.058	  0.000
42	  2.040	 64.170	  1.005	  1.058	  0.000
43	  2.040	 65.640	  1.005	  1.058	  0.000
44	  2.040	 67.111	  1.005	  1.058	  0.000
45	  2.040	 68.582	  1.005	  1.058	  0.000
46	  2.040	 70.052	  1.005	  1.058	  0.000
47	  2.040	 71.523	  1.005	  1.058	  0.000
48	  2.040	 72.993	  1.005	  1.058	  0.000
49	  2.040	 74.464	  1.005	  1.058	  0.000
50	  2.040	 75.934	  1.005	  1.058	  0.000
51	  2.040	 77.405	  1.005	  1.058	  0.000
52	  2.040	 78.876	  1.005	  1.058	  0.000
53	  2.040	 80.346	  1.005	  1.058	  0.000
54	  2.040	 81.817	  1.005	  1.058	  0.000
55	  2.040	 83.287	  1.005	  1.058	  0.000
56	  2.040	 84.758	  1.005	  1.058	  0.000
57	  2.040	 86.229	  1.005	  1.058	  0.000
58	  2.040	 87.699	  1.005	  1.058	  0.000
59	  2.040	 89.170	  1.005	  1.058	  0.000
60	  2.040	 90.640	  1.005	  1.058	  0.000
61	  2.040	 92.111	  1.005	  1.058	  0.000
62	  2.040	 93.582	  1.005	  1.058	  0.000
63	  2.040	 95.052	  1.005	  1.058	  0.000
64	  2.040	 96.523	  1.005	  1.058	  0.000
65	  2.040	 97.993	  1.005	  1.058	  0.000
66	  2.040	 99.464	  1.005	  1.058	  0.000
67	  2.040	100.934	  1.005	  1.058	  0.000
0	  2.160	  2.532	  1.005	  1.062	  0.000
1	  2.160	  4.003	  1.005	  1.062	  0.000
2	  2.160	  5.473	  1.005	  1.062	  0.000
3	  2.160	  6.944	  1.005	  1.062	  0.000
4	  2.160	  8.415	  1.005	  1.062	  0.000
5	  2.160	  9.885	  1.005	  1.062	  0.000
6	  2.160	 11.356	  1.005	  1.062	  0.000
7	  2.160	 12.826	  1.005	  1.062	  0.000
8	  2.160	 14.297	  1.005	  1.062	  0.000
9	  2.160	 15.768	  1.005	  1.062	  0.000
10	  2.160	 17.238	  1.005	  1.062	  0.000
11	  2.160	 18.709	  1.005	  1.062	  0.000
12	  2.160	 20.179	  1.005	  1.062	  0.000
13	  2.160	 21.650	  1.005	  1.062	  0.000
14	  2.160	 23.120	  1.005	  1.062	  0.000
15	  2.160	 24.591	  1.005	  1.062	  0.000
16	  2.160	 26.062	  1.005	  1.062	  0.000
17	  2.160	 27.532	  1.005	  1.062	  0.000
18	  2.160	 29.003	  1.005	  1.062	  0.000
19	  2.160	 30.473	  1.005	  1.062	  0.000
20	  2.160	 31.944	  1.005	  1.062	  0.000
21	  2.160	 33.415	  1.005	  1.062	  0.000
22	  2.160	 34.885	  1.005	  1.062	  0.000
23	  2.160	 36.356	  1.005	  1.062	  0.000
24	  2.160	 37.826	  1.005	  1.062	  0.000
25	  2.160	 39.297	  1.005	  1.062	  0.000
26	  2.160	 40.768	  1.005	  1.062	  0.000
27	  2.160	 42.238	  1.005	  1.062	  0.000
28	  2.160	 43.709	  1.005	  1.062	  0.000
29	  2.160	 45.179	  1.005	  1.062	  0.000
30	  2.160	 46.650	  1.005	  1.062	  0.000
31	  2.160	 48.120	  1.005	  1.062	  0.000
32	  2.160	 49.591	  1.005	  1.062	  0.000
33	  2.160	 51.062	  1.005	  1.062	  0.000
34	  2.160	 52.532	  1.005	  1.062	  0.000
35	  2.160	 54.003	  1.005	  1.062	  0.000
36	  2.160	 55.473	  1.005	  1.062	  0.000
37	  2.160	 56.944	  1.005	  1.062	  0.000
38	  2.160	 58.415	  1.005	  1.062	  0.000
39	  2.160	 59.885	  1.005	  1.062	  0.000
40	  2.160	 61.356	  1.005	  1.062	  0.000
41	  2.160	 62.826	  1.005	  1.062	  0.000
42	  2.160	 64.297	  1.005	  1.062	  0.000
43	  2.160	 65.768	  1.005	  1.062	  0.000
44	  2.160	 67.238	  1.005	  1.062	  0.000
45	  2.160	 68.709	  1.005	  1.062	  0.000
46	  2.160	 70.179	  1.005	  1.062	  0.000
47	  2.160	 71.650	  1.005	  1.062	  0.000
48	  2.160	 73.120	  1.005	  1.062	  0.000
49	  2.160	 74.591	  1.005	  1.062	  0.000
50	  2.160	 76.062	  1.005	  1.062	  0.000
51	  2.160	 77.532	  1.005	  1.062	  0.000
52	  2.160	 79.003	  1.005	  1.062	  0.000
53	  2.160	 80.473	  1.005	  1.062	  0.000
54	  2.160	 81.944	  1.005	  1.062	  0.000
55	  2.160	 83.415	  1.005	  1.062	  0.000
56	  2.160	 84.885	  1.005	  1.062	  0.000
57	  2.160	 86.356	  1.005	  1.062	  0.000
58	  2.160	 87.826	  1.005	  1.062	  0.000
59	  2.160	 89.297	  1.005	  1.062	  0.000
60	  2.160	 90.768	  1.005	  1.062	  0.000
61	  2.160	 92.238	  1.005	  1.062	  0.000
62	  2.160	 93.709	  1.005	  1.062	  0.000
63	  2.160	 95.179	  1.005	  1.062	  0.000
64	  2.160	 96.650	  1.005	  1.062	  0.000
65	  2.160	 98.120	  1.005	  1.062	  0.000
66	  2.160	 99.591	  1.005	  1.062	  0.000
67	  2.160	101.062	  1.005	  1.062	  0.000
0	  2.280	  2.660	  1.005	  1.065	  0.000
1	  2.280	  4.130	  1.005	  1.065	  0.000
2	  2.280	  5.601	  1.005	  1.065	  0.000
3	  2.280	  7.072	  1.005	  1.065	  0.000
4	  2.280	  8.542	  1.005	  1.065	  0.000
5	  2.280	 10.013	  1.005	  1.065	  0.000
6	  2.280	 11.483	  1.005	  1.065	  0.000
7	  2.280	 12.954	  1.005	  1.065	  0.000
8	  2.280	 14.425	  1.005	  1.065	  0.000
9	  2.280	 15.895	  1.005	  1.065	  0.000
10	  2.280	 17.366	  1.005	  1.065	  0.000
11	  2.280	 18.836	  1.005	  1.065	  0.000
12	  2.280	 20.307	  1.005	  1.065	  0.000
13	  2.280	 21.777	  1.005	  1.065	  0.000
14	  2.280	 23.248	  1.005	  1.065	  0.000
15	  2.280	 24.719	  1.005	  1.065	  0.000
16	  2.280	 26.189	  1.005	  1.065	  0.000
17	  2.280	 27.660	  1.005	  1.065	  0.000
18	  2.280	 29.130	  1.005	  1.065	  0.000
19	  2.280	 30.601	  1.005	  1.065	  0.000
20	  2.280	 32.072	  1.005	  1.065	  0.000
21	  2.280	 33.542	  1.005	  1.065	  0.000
22	  2.280	 35.013	  1.005	  1.065	  0.000
23	  2.280	 36.483	  1.005	  1.065	  0.000
24	  2.280	 37.954	  1.005	  1.065	  0.000
25	  2.280	 39.425	  1.005	  1.065	  0.000
26	  2.280	 40.895	  1.005	  1.065	  0.000
27	  2.280	 42.366	  1.005	  1.065	  0.000
28	  2.280	 43.836	  1.005	  1.065	  0.000
29	  2.280	 45.307	  1.005	  1.065	  0.000
30	  2.280	 46.777	  1.005	  1.065	  0.000
31	  2.280	 48.248	  1.005	  1.065	  0.000
32	  2.280	 49.719	  1.005	  1.065	  0.000
33	  2.280	 51.189	  1.005	  1.065	  0.000
34	  2.280	 52.660	  1.005	  1.065	  0.000
35	  2.280	 54.130	  1.005	  1.065	  0.000
36	  2.280	 55.601	  1.005	  1.065	  0.000
37	  2.280	 57.072	  1.005	  1.065	  0.000
38	  2.280	 58.542	  1.005	  1.065	  0.000
39	  2.280	 60.013	  1.005	  1.065	  0.000
40	  2.280	 61.483	  1.005	  1.065	  0.000
41	  2.280	 62.954	  1.005	  1.065	  0.000
42	  2.280	 64.425	  1.005	  1.065	  0.000
43	  2.280	 65.895	  1.005	  1.065	  0.000
44	  2.280	 67.366	  1.005	  1.065	  0.000
45	  2.280	 68.836	  1.005	  1.065	  0.000
46	  2.280	 70.307	  1.005	  1.065	  0.000
47	  2.280	 71.777	  1.005	  1.065	  0.000
48	  2.280	 73.248	  1.005	  1.065	  0.000
49	  2.280	 74.719	  1.005	  1.065	  0.000
50	  2.280	 76.189	  1.005	  1.065	  0.000
51	  2.280	 77.660	  1.005	  1.065	  0.000
52	  2.280	 79.130	  1.005	  1.065	  0.000
53	  2.280	 80.601	  1.005	  1.065	  0.000
54	  2.280	 82.072	  1.005	  1.065	  0.000
55	  2.280	 83.542	  1.005	  1.065	  0.000
56	  2.280	 85.013	  1.005	  1.065	  0.000
57	  2.280	 86.483	  1.005	  1.065	  0.000
58	  2.280	 87.954	  1.005	  1.065	  0.000
59	  2.280	 89.425	  1.005	  1.065	  0.000
60	  2.280	 90.895	  1.005	  1.065	  0.000
61	  2.280	 92.366	  1.005	  1.065	  0.000
62	  2.280	 93.836	  1.005	  1.065	  0.000
63	  2.280	 95.307	  1.005	  1.065	  0.000
64	  2.280	 96.777	  1.005	  1.065	  0.000
65	  2.280	 98.248	  1.005	  1.065	  0.000
66	  2.280	 99.719	  1.005	  1.065	  0.000
67	  2.280	101.189	  1.005	  1.065	  0.000
0	  2.400	  2.788	  1.005	  1.067	  0.000
1	  2.400	  4.258	  1.005	  1.067	  0.000
2	  2.400	  5.729	  1.005	  1.067	  0.000
3	  2.400	  7.200	  1.005	  1.067	  0.000
4	  2.400	  8.670	  1.005	  1.067	  0.000
5	  2.400	 10.141	  1.005	  1.067	  0.000
6	  2.400	 11.611	  1.005	  1.067	  0.000
7	  2.400	 13.082	  1.005	  1.067	  0.000
8	  2.400	 14.552	  1.005	  1.067	  0.000
9	  2.400	 16.023	  1.005	  1.067	  0.000
10	  2.400	 17.494	  1.005	  1.067	  0.000
11	  2.400	 18.964	  1.005	  1.067	  0.000
12	  2.400	 20.435	  1.005	  1.067	  0.000
13	  2.400	 21.905	  1.005	  1.067	  0.000
14	  2.400	 23.376	  1.005	  1.067	  0.000
15	  2.400	 24.847	  1.005	  1.067	  0.000
16	  2.400	 26.317	  1.005	  1.067	  0.000
17	  2.400	 27.788	  1.005	  1.067	  0.000
18	  2.400	 29.258	  1.005	  1.067	  0.000
19	  2.400	 30.729	  1.005	  1.067	  0.000
20	  2.400	 32.200	  1.005	  1.067	  0.000
21	  2.400	 33.670	  1.005	  1.067	  0.000
22	  2.400	 35.141	  1.005	  1.067	  0.000
23	  2.400	 36.611	  1.005	  1.067	  0.000
24	  2.400	 38.082	  1.005	  1.067	  0.000
25	  2.400	 39.552	  1.005	  1.067	  0.000
26	  2.400	 41.023	  1.005	  1.067	  0.000
27	  2.400	 42.494	  1.005	  1.067	  0.000
28	  2.400	 43.964	  1.005	  1.067	  0.000
29	  2.400	 45.435	  1.005	  1.067	  0.000
30	  2.400	 46.905	  1.005	  1.067	  0.000
31	  2.400	 48.376	  1.005	  1.067	  0.000
32	  2.400	 49.847	  1.005	  1.067	  0.000
33	  2.400	 51.317	  1.005	  1.067	  0.000
34	  2.400	 52.788	  1.005	  1.067	  0.000
35	  2.400	 54.258	  1.005	  1.067	  0.000
36	  2.400	 55.729	  1.005	  1.067	  0.000
37	  2.400	 57.200	  1.005	  1.067	  0.000
38	  2.400	 58.670	  1.005	  1.067	  0.000
39	  2.400	 60.141	  1.005	  1.067	  0.000
40	  2.400	 61.611	  1.005	  1.067	  0.000
41	  2.400	 63.082	  1.005	  1.067	  0.000
42	  2.400	 64.552	  1.005	  1.067	  0.000
43	  2.400	 66.023	  1.005	  1.067	  0.000
44	  2.400	 67.494	  1.005	  1.067	  0.000
45	  2.400	 68.964	  1.005	  1.067	  0.000
46	  2.400	 70.435	  1.005	  1.067	  0.000
47	  2.400	 71.905	  1.005	  1.067	  0.000
48	  2.400	 73.376	  1.005	  1.067	  0.000
49	  2.400	 74.847	  1.005	  1.067	  0.000
50	  2.400	 76.317	  1.005	  1.067	  0.000
51	  2.400	 77.788	  1.005	  1.067	  0.000
52	  2.400	 79.258	  1.005	  1.067	  0.000
53	  2.400	 80.729	  1.005	  1.067	  0.000
54	  2.400	 82.200	  1.005	  1.067	  0.000
55	  2.400	 83.670	  1.005	  1.067	  0.000
56	  2.400	 85.141	  1.005	  1.067	  0.000
57	  2.400	 86.611	  1.005	  1.067	  0.000
58	  2.400	 88.082	  1.005	  1.067	  0.000
59	  2.400	 89.552	  1.005	  1.067	  0.000
60	  2.400	 91.023	  1.005	  1.067	  0.000
61	  2.400	 92.494	  1.005	  1.067	  0.000
62	  2.400	 93.964	  1.005	  1.067	  0.000
63	  2.400	 95.435	  1.005	  1.067	  0.000
64	  2.400	 96.905	  1.005	  1.067	  0.000
65	  2.400	 98.376	  1.005	  1.067	  0.000
66	  2.400	 99.847	  1.005	  1.067	  0.000
67	  2.400	101.317	  1.005	  1.067	  0.000
0	  2.520	  2.916	  1.005	  1.069	  0.000
1	  2.520	  4.386	  1.005	  1.069	  0.000
2	  2.520	  5.857	  1.005	  1.069	  0.000
3	  2.520	  7.328	  1.005	  1.069	  0.000
4	  2.520	  8.798	  1.005	  1.069	  0.000
5	  2.520	 10.269	  1.005	  1.069	  0.000
6	  2.520	 11.739	  1.005	  1.069	  0.000
7	  2.520	 13.210	  1.005	  1.069	  0.000
8	  2.520	 14.681	  1.005	  1.069	  0.000
9	  2.520	 16.151	  1.005	  1.069	  0.000
10	  2.520	 17.622	  1.005	  1.069	  0.000
11	  2.520	 19.092	  1.005	  1.069	  0.000
12	  2.520	 20.563	  1.005	  1.069	  0.000
13	  2.520	 22.034	  1.005	  1.069	  0.000
14	  2.520	 23.504	  1.005	  1.069	  0.000
15	  2.520	 24.975	  1.005	  1.069	  0.000
16	  2.520	 26.445	  1.005	  1.069	  0.000
17	  2.520	 27.916	  1.005	  1.069	  0.000
18	  2.520	 29.386	  1.005	  1.069	  0.000
19	  2.520	 30.857	  1.005	  1.069	  0.000
20	  2.520	 32.328	  1.005	  1.069	  0.000
21	  2.520	 33.798	  1.005	  1.069	  0.000
22	  2.520	 35.269	  1.005	  1.069	  0.000
23	  2.520	 36.739	  1.005	  1.069	  0.000
24	  2.520	 38.210	  1.005	  1.069	  0.000
25	  2.520	 39.681	  1.005	  1.069	  0.000
26	  2.520	 41.151	  1.005	  1.069	  0.000
27	  2.520	 42.622	  1.005	  1.069	  0.000
28	  2.520	 44.092	  1.005	  1.069	  0.000
29	  2.520	 45.563	  1.005	  1.069	  0.000
30	  2.520	 47.034	  1.005	  1.069	  0.000
31	  2.520	 48.504	  1.005	  1.069	  0.000
32	  2.520	 49.975	  1.005	  1.069	  0.000
33	  2.520	 51.445	  1.005	  1.069	  0.000
34	  2.520	 52.916	  1.005	  1.069	  0.000
35	  2.520	 54.386	  1.005	  1.069	  0.000
36	  2.520	 55.857	  1.005	  1.069	  0.000
37	  2.520	 57.328	  1.005	  1.069	  0.000
38	  2.520	 58.798	  1.005	  1.069	  0.000
39	  2.520	 60.269	  1.005	  1.069	  0.000
40	  2.520	 61.739	  1.005	  1.069	  0.000
41	  2.520	 63.210	  1.005	  1.069	  0.000
42	  2.520	 64.681	  1.005	  1.069	  0.000
43	  2.520	 66.151	  1.005	  1.069	  0.000
44	  2.520	 67.622	  1.005	  1.069	  0.000
45	  2.520	 69.092	  1.005	  1.069	  0.000
46	  2.520	 70.563	  1.005	  1.069	  0.000
47	  2.520	 72.034	  1.005	  1.069	  0.000
48	  2.520	 73.504	  1.005	  1.069	  0.000
49	  2.520	 74.975	  1.005	  1.069	  0.000
50	  2.520	 76.445	  1.005	  1.069	  0.000
51	  2.520	 77.916	  1.005	  1.069	  0.000
52	  2.520	 79.386	  1.005	  1.069	  0.000
53	  2.520	 80.857	  1.005	  1.069	  0.000
54	  2.520	 82.328	  1.005	  1.069	  0.000
55	  2.520	 83.798	  1.005	  1.069	  0.000
56	  2.520	 85.269	  1.005	  1.069	  0.000
57	  2.520	 86.739	  1.005	  1.069	  0.000
58	  2.520	 88.210	  1.005	  1.069	  0.000
59	  2.520	 89.681	  1.005	  1.069	  0.000
60	  2.520	 91.151	  1.005	  1.069	  0.000
61	  2.520	 92.622	  1.005	  1.069	  0.000
62	  2.520	 94.092	  1.005	  1.069	  0.000
63	  2.520	 95.563	  1.005	  1.069	  0.000
64	  2.520	 97.034	  1.005	  1.069	  0.000
65	  2.520	 98.504	  1.005	  1.069	  0.000
66	  2.520	 99.975	  1.005	  1.069	  0.000
67	  2.520	101.445	  1.005	  1.069	  0.000
0	  2.640	  3.044	  1.005	  1.070	  0.000
1	  2.640	  4.515	  1.005	  1.070	  0.000
2	  2.640	  5.985	  1.005	  1.070	  0.000
3	  2.640	  7.456	  1.005	  1.070	  0.000
4	  2.640	  8.927	  1.005	  1.070	  0.000
5	  2.640	 10.397	  1.005	  1.070	  0.000
6	  2.640	 11.868	  1.005	  1.070	  0.000
7	  2.640	 13.338	  1.005	  1.070	  0.000
8	  2.640	 14.809	  1.005	  1.070	  0.000
9	  2.640	 16.280	  1.005	  1.070	  0.000
10	  2.640	 17.750	  1.005	  1.070	  0.000
11	  2.640	 19.221	  1.005	  1.070	  0.000
12	  2.640	 20.691	  1.005	  1.070	  0.000
13	  2.640	 22.162	  1.005	  1.070	  0.000
14	  2.640	 23.632	  1.005	  1.070	  0.000
15	  2.640	 25.103	  1.005	  1.070	  0.000
16	  2.640	 26.574	  1.005	  1.070	  0.000
17	  2.640	 28.044	  1.005	  1.070	  0.000
18	  2.640	 29.515	  1.005	  1.070	  0.000
19	  2.640	 30.985	  1.005	  1.070	  0.000
20	  2.640	 32.456	  1.005	  1.070	  0.000
21	  2.640	 33.927	  1.005	  1.070	  0.000
22	  2.640	 35.397	  1.005	  1.070	  0.000
23	  2.640	 36.868	  1.005	  1.070	  0.000
24	  2.640	 38.338	  1.005	  1.070	  0.000
25	  2.640	 39.809	  1.005	  1.070	  0.000
26	  2.640	 41.280	  1.005	  1.070	  0.000
27	  2.640	 42.750	  1.005	  1.070	  0.000
28	  2.640	 44.221	  1.005	  1.070	  0.000
29	  2.640	 45.691	  1.005	  1.070	  0.000
30	  2.640	 47.162	  1.005	  1.070	  0.000
31	  2.640	 48.632	  1.005	  1.070	  0.000
32	  2.640	 50.103	  1.005	  1.070	  0.000
33	  2.640	 51.574	  1.005	  1.070	  0.000
34	  2.640	 53.044	  1.005	  1.070	  0.000
35	  2.640	 54.515	  1.005	  1.070	  0.000
36	  2.640	 55.985	  1.005	  1.070	  0.000
37	  2.640	 57.456	  1.005	  1.070	  0.000
38	  2.640	 58.927	  1.005	  1.070	  0.000
39	  2.640	 60.397	  1.005	  1.070	  0.000
40	  2.640	 61.868	  1.005	  1.070	  0.000
41	  2.640	 63.338	  1.005	  1.070	  0.000
42	  2.640	 64.809	  1.005	  1.070	  0.000
43	  2.640	 66.280	  1.005	  1.070	  0.000
44	  2.640	 67.750	  1.005	  1.070	  0.000
45	  2.640	 69.221	  1.005	  1.070	  0.000
46	  2.640	 70.691	  1.005	  1.070	  0.000
47	  2.640	 72.162	  1.005	  1.070	  0.000
48	  2.640	 73.632	  1.005	  1.070	  0.000
49	  2.640	 75.103	  1.005	  1.070	  0.000
50	  2.640	 76.574	  1.005	  1.070	  0.000
51	  2.640	 78.044	  1.005	  1.070	  0.000
52	  2.640	 79.515	  1.005	  1.070	  0.000
53	  2.640	 80.985	  1.005	  1.070	  0.000
54	  2.640	 82.456	  1.005	  1.070	  0.000
55	  2.640	 83.927	  1.005	  1.070	  0.000
56	  2.640	 85.397	  1.005	  1.070	  0.000
57	  2.640	 86.868	  1.005	  1.070	  0.000
58	  2.640	 88.338	  1.005	  1.070	  0.000
59	  2.640	 89.809	  1.005	  1.070	  0.000
60	  2.640	 91.280	  1.005	  1.070	  0.000
61	  2.640	 92.750	  1.005	  1.070	  0.000
62	  2.640	 94.221	  1.005	  1.070	  0.000
63	  2.640	 95.691	  1.005	  1.070	  0.000
64	  2.640	 97.162	  1.005	  1.070	  0.000
65	  2.640	 98.632	  1.005	  1.070	  0.000
66	  2.640	100.103	  1.005	  1.070	  0.000
67	  2.640	101.574	  1.005	  1.070	  0.000
0	  2.760	  3.173	  1.005	  1.071	  0.000
1	  2.760	  4.643	  1.005	  1.071	  0.000
2	  2.760	  6.114	  1.005	  1.071	  0.000
3	  2.760	  7.584	  1.005	  1.071	  0.000
4	  2.760	  9.055	  1.005	  1.071	  0.000
5	  2.760	 10.526	  1.005	  1.071	  0.000
6	  2.760	 11.996	  1.005	  1.071	  0.000
7	  2.760	 13.467	  1.005	  1.071	  0.000
8	  2.760	 14.937	  1.005	  1.071	  0.000
9	  2.760	 16.408	  1.005	  1.071	  0.000
10	  2.760	 17.879	  1.005	  1.071	  0.000
11	  2.760	 19.349	  1.005	  1.071	  0.000
12	  2.760	 20.820	  1.005	  1.071	  0.000
13	  2.760	 22.290	  1.005	  1.071	  0.000
14	  2.760	 23.761	  1.005	  1.071	  0.000
15	  2.760	 25.232	  1.005	  1.071	  0.000
16	  2.760	 26.702	  1.005	  1.071	  0.000
17	  2.760	 28.173	  1.005	  1.071	  0.000
18	  2.760	 29.643	  1.005	  1.071	  0.000
19	  2.760	 31.114	  1.005	  1.071	  0.000
20	  2.760	 32.584	  1.005	  1.071	  0.000
21	  2.760	 34.055	  1.005	  1.071	  0.000
22	  2.760	 35.526	  1.005	  1.071	  0.000
23	  2.760	 36.996	  1.005	  1.071	  0.000
24	  2.760	 38.467	  1.005	  1.071	  0.000
25	  2.760	 39.937	  1.005	  1.071	  0.000
26	  2.760	 41.408	  1.005	  1.071	  0.000
27	  2.760	 42.879	  1.005	  1.071	  0.000
28	  2.760	 44.349	  1.005	  1.071	  0.000
29	  2.760	 45.820	  1.005	  1.071	  0.000
30	  2.760	 47.290	  1.005	  1.071	  0.000
31	  2.760	 48.761	  1.005	  1.071	  0.000
32	  2.760	 50.232	  1.005	  1.071	  0.000
33	  2.760	 51.702	  1.005	  1.071	  0.000
34	  2.760	 53.173	  1.005	  1.071	  0.000
35	  2.760	 54.643	  1.005	  1.071	  0.000
36	  2.760	 56.114	  1.005	  1.071	  0.000
37	  2.760	 57.584	  1.005	  1.071	  0.000
38	  2.760	 59.055	  1.005	  1.071	  0.000
39	  2.760	 60.526	  1.005	  1.071	  0.000
40	  2.760	 61.996	  1.005	  1.071	  0.000
41	  2.760	 63.467	  1.005	  1.071	  0.000
42	  2.760	 64.937	  1.005	  1.071	  0.000
43	  2.760	 66.408	  1.005	  1.071	  0.000
44	  2.760	 67.879	  1.005	  1.071	  0.000
45	  2.760	 69.349	  1.005	  1.071	  0.000
46	  2.760	 70.820	  1.005	  1.071	  0.000
47	  2.760	 72.290	  1.005	  1.071	  0.000
48	  2.760	 73.761	  1.005	  1.071	  0.000
49	  2.760	 75.232	  1.005	  1.071	  0.000
50	  2.760	 76.702	  1.005	  1.071	  0.000
51	  2.760	 78.173	  1.005	  1.071	  0.000
52	  2.760	 79.643	  1.005	  1.071	  0.000
53	  2.760	 81.114	  1.005	  1.071	  0.000
54	  2.760	 82.584	  1.005	  1.071	  0.000
55	  2.760	 84.055	  1.005	  1.071	  0.000
56	  2.760	 85.526	  1.005	  1.071	  0.000
57	  2.760	 86.996	  1.005	  1.071	  0.000
58	  2.760	 88.467	  1.005	  1.071	  0.000
59	  2.760	 89.937	  1.005	  1.071	  0.000
60	  2.760	 91.408	  1.005	  1.071	  0.000
61	  2.760	 92.879	  1.005	  1.071	  0.000
62	  2.760	 94.349	  1.005	  1.071	  0.000
63	  2.760	 95.820	  1.005	  1.071	  0.000
64	  2.760	 97.290	  1.005	  1.071	  0.000
65	  2.760	 98.761	  1.005	  1.071	  0.000
66	  2.760	100.232	  1.005	  1.071	  0.000
67	  2.760	101.702	  1.005	  1.071	  0.000
0	  2.880	  3.301	  1.005	  1.072	  0.000
1	  2.880	  4.772	  1.005	  1.072	  0.000
2	  2.880	  6.243	  1.005	  1.072	  0.000
3	  2.880	  7.713	  1.005	  1.072	  0.000
4	  2.880	  9.184	  1.005	  1.072	  0.000
5	  2.880	 10.654	  1.005	  1.072	  0.000
6	  2.880	 12.125	  1.005	  1.072	  0.000
7	  2.880	 13.595	  1.005	  1.072	  0.000
8	  2.880	 15.066	  1.005	  1.072	  0.000
9	  2.880	 16.537	  1.005	  1.072	  0.000
10	  2.880	 18.007	  1.005	  1.072	  0.000
11	  2.880	 19.478	  1.005	  1.072	  0.000
12	  2.880	 20.948	  1.005	  1.072	  0.000
13	  2.880	 22.419	  1.005	  1.072	  0.000
14	  2.880	 23.890	  1.005	  1.072	  0.000
15	  2.880	 25.360	  1.005	  1.072	  0.000
16	  2.880	 26.831	  1.005	  1.072	  0.000
17	  2.880	 28.301	  1.005	  1.072	  0.000
18	  2.880	 29.772	  1.005	  1.072	  0.000
19	  2.880	 31.243	  1.005	  1.072	  0.000
20	  2.880	 32.713	  1.005	  1.072	  0.000
21	  2.880	 34.184	  1.005	  1.072	  0.000
22	  2.880	 35.654	  1.005	  1.072	  0.000
23	  2.880	 37.125	  1.005	  1.072	  0.000
24	  2.880	 38.595	  1.005	  1.072	  0.000
25	  2.880	 40.066	  1.005	  1.072	  0.000
26	  2.880	 41.537	  1.005	  1.072	  0.000
27	  2.880	 43.007	  1.005	  1.072	  0.000
28	  2.880	 44.478	  1.005	  1.072	  0.000
29	  2.880	 45.948	  1.005	  1.072	  0.000
30	  2.880	 47.419	  1.005	  1.072	  0.000
31	  2.880	 48.890	  1.005	  1.072	  0.000
32	  2.880	 50.360	  1.005	  1.072	  0.000
33	  2.880	 51.831	  1.005	  1.072	  0.000
34	  2.880	 53.301	  1.005	  1.072	  0.000
35	  2.880	 54.772	  1.005	  1.072	  0.000
36	  2.880	 56.243	  1.005	  1.072	  0.000
37	  2.880	 57.713	  1.005	  1.072	  0.000
38	  2.880	 59.184	  1.005	  1.072	  0.000
39	  2.880	 60.654	  1.005	  1.072	  0.000
40	  2.880	 62.125	  1.005	  1.072	  0.000
41	  2.880	 63.595	  1.005	  1.072	  0.000
42	  2.880	 65.066	  1.005	  1.072	  0.000
43	  2.880	 66.537	  1.005	  1.072	  0.000
44	  2.880	 68.007	  1.005	  1.072	  0.000
45	  2.880	 69.478	  1.005	  1.072	  0.000
46	  2.880	 70.948	  1.005	  1.072	  0.000
47	  2.880	 72.419	  1.005	  1.072	  0.000
48	  2.880	 73.890	  1.005	  1.072	  0.000
49	  2.880	 75.360	  1.005	  1.072	  0.000
50	  2.880	 76.831	  1.005	  1.072	  0.000
51	  2.880	 78.301	  1.005	  1.072	  0.000
52	  2.880	 79.772	  1.005	  1.072	  0.000
53	  2.880	 81.243	  1.005	  1.072	  0.000
54	  2.880	 82.713	  1.005	  1.072	  0.000
55	  2.880	 84.184	  1.005	  1.072	  0.000
56	  2.880	 85.654	  1.005	  1.072	  0.000
57	  2.880	 87.125	  1.005	  1.072	  0.000
58	  2.880	 88.595	  1.005	  1.072	  0.000
59	  2.880	 90.066	  1.005	  1.072	  0.000
60	  2.880	 91.537	  1.005	  1.072	  0.000
61	  2.880	 93.007	  1.005	  1.072	  0.000
62	  2.880	 94.478	  1.005	  1.072	  0.000
63	  2.880	 95.948	  1.005	  1.072	  0.000
64	  2.880	 97.419	  1.005	  1.072	  0.000
65	  2.880	 98.890	  1.005	  1.072	  0.000
66	  2.880	100.360	  1.005	  1.072	  0.000
67	  2.880	101.831	  1.005	  1.072	  0.000
0	  3.000	  3.430	  1.005	  1.073	  0.000
1	  3.000	  4.901	  1.005	  1.073	  0.000
2	  3.000	  6.371	  1.005	  1.073	  0.000
3	  3.000	  7.842	  1.005	  1.073	  0.000
4	  3.000	  9.312	  1.005	  1.073	  0.000
5	  3.000	 10.783	  1.005	  1.073	  0.000
6	  3.000	 12.254	  1.005	  1.073	  0.000
7	  3.000	 13.724	  1.005	  1.073	  0.000
8	  3.000	 15.195	  1.005	  1.073	  0.000
9	  3.000	 16.665	  1.005	  1.073	  0.000
10	  3.000	 18.136	  1.005	  1.073	  0.000
11	  3.000	 19.607	  1.005	  1.073	  0.000
12	  3.000	 21.077	  1.005	  1.073	  0.000
13	  3.000	 22.548	  1.005	  1.073	  0.000
14	  3.000	 24.018	  1.005	  1.073	  0.000
15	  3.000	 25.489	  1.005	  1.073	  0.000
16	  3.000	 26.959	  1.005	  1.073	  0.000
17	  3.000	 28.430	  1.005	  1.073	  0.000
18	  3.000	 29.901	  1.005	  1.073	  0.000
19	  3.000	 31.371	  1.005	  1.073	  0.000
20	  3.000	 32.842	  1.005	  1.073	  0.000
21	  3.000	 34.312	  1.005	  1.073	  0.000
22	  3.000	 35.783	  1.005	  1.073	  0.000
23	  3.000	 37.254	  1.005	  1.073	  0.000
24	  3.000	 38.724	  1.005	  1.073	  0.000
25	  3.000	 40.195	  1.005	  1.073	  0.000
26	  3.000	 41.665	  1.005	  1.073	  0.000
27	  3.000	 43.136	  1.005	  1.073	  0.000
28	  3.000	 44.607	  1.005	  1.073	  0.000
29	  3.000	 46.077	  1.005	  1.073	  0.000
30	  3.000	 47.548	  1.005	  1.073	  0.000
31	  3.000	 49.018	  1.005	  1.073	  0.000
32	  3.000	 50.489	  1.005	  1.073	  0.000
33	  3.000	 51.959	  1.005	  1.073	  0.000
34	  3.000	 53.430	  1.005	  1.073	  0.000
35	  3.000	 54.901	  1.005	  1.073	  0.000
36	  3.000	 56.371	  1.005	  1.073	  0.000
37	  3.000	 57.842	  1.005	  1.073	  0.000
38	  3.000	 59.312	  1.005	  1.073	  0.000
39	  3.000	 60.783	  1.005	  1.073	  0.000
40	  3.000	 62.254	  1.005	  1.073	  0.000
41	  3.000	 63.724	  1.005	  1.073	  0.000
42	  3.000	 65.195	  1.005	  1.073	  0.000
43	  3.000	 66.665	  1.005	  1.073	  0.000
44	  3.000	 68.136	  1.005	  1.073	  0.000
45	  3.000	 69.607	  1.005	  1.073	  0.000
46	  3.000	 71.077	  1.005	  1.073	  0.000
47	  3.000	 72.548	  1.005	  1.073	  0.000
48	  3.000	 74.018	  1.005	  1.073	  0.000
49	  3.000	 75.489	  1.005	  1.073	  0.000
50	  3.000	 76.959	  1.005	  1.073	  0.000
51	  3.000	 78.430	  1.005	  1.073	  0.000
52	  3.000	 79.901	  1.005	  1.073	  0.000
53	  3.000	 81.371	  1.005	  1.073	  0.000
54	  3.000	 82.842	  1.005	  1.073	  0.000
55	  3.000	 84.312	  1.005	  1.073	  0.000
56	  3.000	 85.783	  1.005	  1.073	  0.000
57	  3.000	 87.254	  1.005	  1.073	  0.000
58	  3.000	 88.724	  1.005	  1.073	  0.000
59	  3.000	 90.195	  1.005	  1.073	  0.000
60	  3.000	 91.665	  1.005	  1.073	  0.000
61	  3.000	 93.136	  1.005	  1.073	  0.000
62	  3.000	 94.607	  1.005	  1.073	  0.000
63	  3.000	 96.077	  1.005	  1.073	  0.000
64	  3.000	 97.548	  1.005	  1.073	  0.000
65	  3.000	 99.018	  1.005	  1.073	  0.000
66	  3.000	100.489	  1.005	  1.073	  0.000
67	  3.000	101.959	  1.005	  1.073	  0.000
