# id	 time	 x	 y	 vx	 vy
0	  0.000	  1.111	  1.000	  0.010	  0.010
1	  0.000	  3.333	  1.000	  0.010	  0.010
2	  0.000	  5.556	  1.000	  0.010	  0.010
3	  0.000	  7.778	  1.000	  0.010	  0.010
4	  0.000	 10.000	  1.000	  0.010	  0.010
5	  0.000	 12.222	  1.000	  0.010	  0.010
6	  0.000	 14.444	  1.000	  0.010	  0.010
7	  0.000	 16.667	  1.000	  0.010	  0.010
8	  0.000	 18.889	  1.000	  0.010	  0.010
9	  0.000	 21.111	  1.000	  0.010	  0.010
10	  0.000	 23.333	  1.000	  0.010	  0.010
11	  0.000	 25.556	  1.000	  0.010	  0.010
12	  0.000	 27.778	  1.000	  0.010	  0.010
13	  0.000	 30.000	  1.000	  0.010	  0.010
14	  0.000	 32.222	  1.000	  0.010	  0.010
15	  0.000	 34.444	  1.000	  0.010	  0.010
16	  0.000	 36.667	  1.000	  0.010	  0.010
17	  0.000	 38.889	  1.000	  0.010	  0.010
18	  0.000	 41.111	  1.000	  0.010	  0.010
19	  0.000	 43.333	  1.000	  0.010	  0.010
20	  0.000	 45.556	  1.000	  0.010	  0.010
21	  0.000	 47.778	  1.000	  0.010	  0.010
22	  0.000	 50.000	  1.000	  0.010	  0.010
23	  0.000	 52.222	  1.000	  0.010	  0.010
24	  0.000	 54.444	  1.000	  0.010	  0.010
25	  0.000	 56.667	  1.000	  0.010	  0.010
26	  0.000	 58.889	  1.000	  0.010	  0.010
27	  0.000	 61.111	  1.000	  0.010	  0.010
28	  0.000	 63.333	  1.000	  0.010	  0.010
29	  0.000	 65.556	  1.000	  0.010	  0.010
30	  0.000	 67.778	  1.000	  0.010	  0.010
31	  0.000	 70.000	  1.000	  0.010	  0.010
32	  0.000	 72.222	  1.000	  0.010	  0.010
33	  0.000	 74.444	  1.000	  0.010	  0.010
34	  0.000	 76.667	  1.000	  0.010	  0.010
35	  0.000	 78.889	  1.000	  0.010	  0.010
36	  0.000	 81.111	  1.000	  0.010	  0.010
37	  0.000	 83.333	  1.000	  0.010	  0.010
38	  0.000	 85.556	  1.000	  0.010	  0.010
39	  0.000	 87.778	  1.000	  0.010	  0.010
40	  0.000	 90.000	  1.000	  0.010	  0.010
41	  0.000	 92.222	  1.000	  0.010	  0.010
42	  0.000	 94.444	  1.000	  0.010	  0.010
43	  0.000	 96.667	  1.000	  0.010	  0.010
44	  0.000	 98.889	  1.000	  0.010	  0.010
0	  0.120	  1.131	  1.001	  0.331	  0.008
1	  0.120	  3.353	  1.001	  0.331	  0.008
2	  0.120	  5.575	  1.001	  0.331	  0.008
3	  0.120	  7.797	  1.001	  0.331	  0.008
4	  0.120	 10.020	  1.001	  0.331	  0.008
5	  0.120	 12.242	  1.001	  0.331	  0.008
6	  0.120	 14.464	  1.001	  0.331	  0.008
7	  0.120	 16.686	  1.001	  0.331	  0.008
8	  0.120	 18.909	  1.001	  0.331	  0.008
9	  0.120	 21.131	  1.001	  0.331	  0.008
10	  0.120	 23.353	  1.001	  0.331	  0.008
11	  0.120	 25.575	  1.001	  0.331	  0.008
12	  0.120	 27.797	  1.001	  0.331	  0.008
13	  0.120	 30.020	  1.001	  0.331	  0.008
14	  0.120	 32.242	  1.001	  0.331	  0.008
15	  0.120	 34.464	  1.001	  0.331	  0.008
16	  0.120	 36.686	  1.001	  0.331	  0.008
17	  0.120	 38.909	  1.001	  0.331	  0.008
18	  0.120	 41.131	  1.001	  0.331	  0.008
19	  0.120	 43.353	  1.001	  0.331	  0.008
20	  0.120	 45.575	  1.001	  0.331	  0.008
21	  0.120	 47.797	  1.001	  0.331	  0.008
22	  0.120	 50.020	  1.001	  0.331	  0.008
23	  0.120	 52.242	  1.001	  0.331	  0.008
24	  0.120	 54.464	  1.001	  0.331	  0.008
25	  0.120	 56.686	  1.001	  0.331	  0.008
26	  0.120	 58.909	  1.001	  0.331	  0.008
27	  0.120	 61.131	  1.001	  0.331	  0.008
28	  0.120	 63.353	  1.001	  0.331	  0.008
29	  0.120	 65.575	  1.001	  0.331	  0.008
30	  0.120	 67.797	  1.001	  0.331	  0.008
31	  0.120	 70.020	  1.001	  0.331	  0.008
32	  0.120	 72.242	  1.001	  0.331	  0.008
33	  0.120	 74.464	  1.001	  0.331	  0.008
34	  0.120	 76.686	  1.001	  0.331	  0.008
35	  0.120	 78.909	  1.001	  0.331	  0.008
36	  0.120	 81.131	  1.001	  0.331	  0.008
37	  0.120	 83.353	  1.001	  0.331	  0.008
38	  0.120	 85.575	  1.001	  0.331	  0.008
39	  0.120	 87.797	  1.001	  0.331	  0.008
40	  0.120	 90.020	  1.001	  0.331	  0.008
41	  0.120	 92.242	  1.001	  0.331	  0.008
42	  0.120	 94.464	  1.001	  0.331	  0.008
43	  0.120	 96.686	  1.001	  0.331	  0.008
44	  0.120	 98.909	  1.001	  0.331	  0.008
0	  0.240	  1.185	  1.002	  0.582	  0.006
1	  0.240	  3.407	  1.002	  0.582	  0.006
2	  0.240	  5.629	  1.002	  0.582	  0.006
3	  0.240	  7.852	  1.002	  0.582	  0.006
4	  0.240	 10.074	  1.002	  0.582	  0.006
5	  0.240	 12.296	  1.002	  0.582	  0.006
6	  0.240	 14.518	  1.002	  0.582	  0.006
7	  0.240	 16.740	  1.002	  0.582	  0.006
8	  0.240	 18.963	  1.002	  0.582	  0.006
9	  0.240	 21.185	  1.002	  0.582	  0.006
10	  0.240	 23.407	  1.002	  0.582	  0.006
11	  0.240	 25.629	  1.002	  0.582	  0.006
12	  0.240	 27.852	  1.002	  0.582	  0.006
13	  0.240	 30.074	  1.002	  0.582	  0.006
14	  0.240	 32.296	  1.002	  0.582	  0.006
15	  0.240	 34.518	  1.002	  0.582	  0.006
16	  0.240	 36.740	  1.002	  0.582	  0.006
17	  0.240	 38.963	  1.002	  0.582	  0.006
18	  0.240	 41.185	  1.002	  0.582	  0.006
19	  0.240	 43.407	  1.002	  0.582	  0.006
20	  0.240	 45.629	  1.002	  0.582	  0.006
21	  0.240	 47.852	  1.002	  0.582	  0.006
22	  0.240	 50.074	  1.002	  0.582	  0.006
23	  0.240	 52.296	  1.002	  0.582	  0.006
24	  0.240	 54.518	  1.002	  0.582	  0.006
25	  0.240	 56.740	  1.002	  0.582	  0.006
26	  0.240	 58.963	  1.002	  0.582	  0.006
27	  0.240	 61.185	  1.002	  0.582	  0.006
28	  0.240	 63.407	  1.002	  0.582	  0.006
29	  0.240	 65.629	  1.002	  0.582	  0.006
30	  0.240	 67.852	  1.002	  0.582	  0.006
31	  0.240	 70.074	  1.002	  0.582	  0.006
32	  0.240	 72.296	  1.002	  0.582	  0.006
33	  0.240	 74.518	  1.002	  0.582	  0.006
34	  0.240	 76.740	  1.002	  0.582	  0.006
35	  0.240	 78.963	  1.002	  0.582	  0.006
36	  0.240	 81.185	  1.002	  0.582	  0.006
37	  0.240	 83.407	  1.002	  0.582	  0.006
38	  0.240	 85.629	  1.002	  0.582	  0.006
39	  0.240	 87.852	  1.002	  0.582	  0.006
40	  0.240	 90.074	  1.002	  0.582	  0.006
41	  0.240	 92.296	  1.002	  0.582	  0.006
42	  0.240	 94.518	  1.002	  0.582	  0.006
43	  0.240	 96.740	  1.002	  0.582	  0.006
44	  0.240	 98.963	  1.002	  0.582	  0.006
0	  0.360	  1.266	  1.003	  0.780	  0.005
1	  0.360	  3.488	  1.003	  0.780	  0.005
2	  0.360	  5.711	  1.003	  0.780	  0.005
3	  0.360	  7.933	  1.003	  0.780	  0.005
4	  0.360	 10.155	  1.003	  0.780	  0.005
5	  0.360	 12.377	  1.003	  0.780	  0.005
6	  0.360	 14.599	  1.003	  0.780	  0.005
7	  0.360	 16.822	  1.003	  0.780	  0.005
8	  0.360	 19.044	  1.003	  0.780	  0.005
9	  0.360	 21.266	  1.003	  0.780	  0.005
10	  0.360	 23.488	  1.003	  0.780	  0.005
11	  0.360	 25.711	  1.003	  0.780	  0.005
12	  0.360	 27.933	  1.003	  0.780	  0.005
13	  0.360	 30.155	  1.003	  0.780	  0.005
14	  0.360	 32.377	  1.003	  0.780	  0.005
15	  0.360	 34.599	  1.003	  0.780	  0.005
16	  0.360	 36.822	  1.003	  0.780	  0.005
17	  0.360	 39.044	  1.003	  0.780	  0.005
18	  0.360	 41.266	  1.003	  0.780	  0.005
19	  0.360	 43.488	  1.003	  0.780	  0.005
20	  0.360	 45.711	  1.003	  0.780	  0.005
21	  0.360	 47.933	  1.003	  0.780	  0.005
22	  0.360	 50.155	  1.003	  0.780	  0.005
23	  0.360	 52.377	  1.003	  0.780	  0.005
24	  0.360	 54.599	  1.003	  0.780	  0.005
25	  0.360	 56.822	  1.003	  0.780	  0.005
26	  0.360	 59.044	  1.003	  0.780	  0.005
27	  0.360	 61.266	  1.003	  0.780	  0.005
28	  0.360	 63.488	  1.003	  0.780	  0.005
29	  0.360	 65.711	  1.003	  0.780	  0.005
30	  0.360	 67.933	  1.003	  0.780	  0.005
31	  0.360	 70.155	  1.003	  0.780	  0.005
32	  0.360	 72.377	  1.003	  0.780	  0.005
33	  0.360	 74.599	  1.003	  0.780	  0.005
34	  0.360	 76.822	  1.003	  0.780	  0.005
35	  0.360	 79.044	  1.003	  0.780	  0.005
36	  0.360	 81.266	  1.003	  0.780	  0.005
37	  0.360	 83.488	  1.003	  0.780	  0.005
38	  0.360	 85.711	  1.003	  0.780	  0.005
39	  0.360	 87.933	  1.003	  0.780	  0.005
40	  0.360	 90.155	  1.003	  0.780	  0.005
41	  0.360	 92.377	  1.003	  0.780	  0.005
42	  0.360	 94.599	  1.003	  0.780	  0.005
43	  0.360	 96.822	  1.003	  0.780	  0.005
44	  0.360	 99.044	  1.003	  0.780	  0.005
0	  0.480	  1.369	  1.003	  0.935	  0.004
1	  0.480	  3.591	  1.003	  0.935	  0.004
2	  0.480	  5.813	  1.003	  0.935	  0.004
3	  0.480	  8.035	  1.003	  0.935	  0.004
4	  0.480	 10.257	  1.003	  0.935	  0.004
5	  0.480	 12.480	  1.003	  0.935	  0.004
6	  0.480	 14.702	  1.003	  0.935	  0.004
7	  0.480	 16.924	  1.003	  0.935	  0.004
8	  0.480	 19.146	  1.003	  0.935	  0.004
9	  0.480	 21.369	  1.003	  0.935	  0.004
10	  0.480	 23.591	  1.003	  0.935	  0.004
11	  0.480	 25.813	  1.003	  0.935	  0.004
12	  0.480	 28.035	  1.003	  0.935	  0.004
13	  0.480	 30.257	  1.003	  0.935	  0.004
14	  0.480	 32.480	  1.003	  0.935	  0.004
15	  0.480	 34.702	  1.003	  0.935	  0.004
16	  0.480	 36.924	  1.003	  0.935	  0.004
17	  0.480	 39.146	  1.003	  0.935	  0.004
18	  0.480	 41.369	  1.003	  0.935	  0.004
19	  0.480	 43.591	  1.003	  0.935	  0.004
20	  0.480	 45.813	  1.003	  0.935	  0.004
21	  0.480	 48.035	  1.003	  0.935	  0.004
22	  0.480	 50.257	  1.003	  0.935	  0.004
23	  0.480	 52.480	  1.003	  0.935	  0.004
24	  0.480	 54.702	  1.003	  0.935	  0.004
25	  0.480	 56.924	  1.003	  0.935	  0.004
26	  0.480	 59.146	  1.003	  0.935	  0.004
27	  0.480	 61.369	  1.003	  0.935	  0.004
28	  0.480	 63.591	  1.003	  0.935	  0.004
29	  0.480	 65.813	  1.003	  0.935	  0.004
30	  0.480	 68.035	  1.003	  0.935	  0.004
31	  0.480	 70.257	  1.003	  0.935	  0.004
32	  0.480	 72.480	  1.003	  0.935	  0.004
33	  0.480	 74.702	  1.003	  0.935	  0.004
34	  0.480	 76.924	  1.003	  0.935	  0.004
35	  0.480	 79.146	  1.003	  0.935	  0.004
36	  0.480	 81.369	  1.003	  0.935	  0.004
37	  0.480	 83.591	  1.003	  0.935	  0.004
38	  0.480	 85.813	  1.003	  0.935	  0.004
39	  0.480	 88.035	  1.003	  0.935	  0.004
40	  0.480	 90.257	  1.003	  0.935	  0.004
41	  0.480	 92.480	  1.003	  0.935	  0.004
42	  0.480	 94.702	  1.003	  0.935	  0.004
43	  0.480	 96.924	  1.003	  0.935	  0.004
44	  0.480	 99.146	  1.003	  0.935	  0.004
0	  0.600	  1.488	  1.004	  1.057	  0.003
1	  0.600	  3.710	  1.004	  1.057	  0.003
2	  0.600	  5.932	  1.004	  1.057	  0.003
3	  0.600	  8.154	  1.004	  1.057	  0.003
4	  0.600	 10.377	  1.004	  1.057	  0.003
5	  0.600	 12.599	  1.004	  1.057	  0.003
6	  0.600	 14.821	  1.004	  1.057	  0.003
7	  0.600	 17.043	  1.004	  1.057	  0.003
8	  0.600	 19.266	  1.004	  1.057	  0.003
9	  0.600	 21.488	  1.004	  1.057	  0.003
10	  0.600	 23.710	  1.004	  1.057	  0.003
11	  0.600	 25.932	  1.004	  1.057	  0.003
12	  0.600	 28.154	  1.004	  1.057	  0.003
13	  0.600	 30.377	  1.004	  1.057	  0.003
14	  0.600	 32.599	  1.004	  1.057	  0.003
15	  0.600	 34.821	  1.004	  1.057	  0.003
16	  0.600	 37.043	  1.004	  1.057	  0.003
17	  0.600	 39.266	  1.004	  1.057	  0.003
18	  0.600	 41.488	  1.004	  1.057	  0.003
19	  0.600	 43.710	  1.004	  1.057	  0.003
20	  0.600	 45.932	  1.004	  1.057	  0.003
21	  0.600	 48.154	  1.004	  1.057	  0.003
22	  0.600	 50.377	  1.004	  1.057	  0.003
23	  0.600	 52.599	  1.004	  1.057	  0.003
24	  0.600	 54.821	  1.004	  1.057	  0.003
25	  0.600	 57.043	  1.004	  1.057	  0.003
26	  0.600	 59.266	  1.004	  1.057	  0.003
27	  0.600	 61.488	  1.004	  1.057	  0.003
28	  0.600	 63.710	  1.004	  1.057	  0.003
29	  0.600	 65.932	  1.004	  1.057	  0.003
30	  0.600	 68.154	  1.004	  1.057	  0.003
31	  0.600	 70.377	  1.004	  1.057	  0.003
32	  0.600	 72.599	  1.004	  1.057	  0.003
33	  0.600	 74.821	  1.004	  1.057	  0.003
34	  0.600	 77.043	  1.004	  1.057	  0.003
35	  0.600	 79.266	  1.004	  1.057	  0.003
36	  0.600	 81.488	  1.004	  1.057	  0.003
37	  0.600	 83.710	  1.004	  1.057	  0.003
38	  0.600	 85.932	  1.004	  1.057	  0.003
39	  0.600	 88.154	  1.004	  1.057	  0.003
40	  0.600	 90.377	  1.004	  1.057	  0.003
41	  0.600	 92.599	  1.004	  1.057	  0.003
42	  0.600	 94.821	  1.004	  1.057	  0.003
43	  0.600	 97.043	  1.004	  1.057	  0.003
44	  0.600	 99.266	  1.004	  1.057	  0.003
0	  0.720	  1.620	  1.004	  1.152	  0.002
1	  0.720	  3.842	  1.004	  1.152	  0.002
2	  0.720	  6.064	  1.004	  1.152	  0.002
3	  0.720	  8.287	  1.004	  1.152	  0.002
4	  0.720	 10.509	  1.004	  1.152	  0.002
5	  0.720	 12.731	  1.004	  1.152	  0.002
6	  0.720	 14.953	  1.004	  1.152	  0.002
7	  0.720	 17.176	  1.004	  1.152	  0.002
8	  0.720	 19.398	  1.004	  1.152	  0.002
9	  0.720	 21.620	  1.004	  1.152	  0.002
10	  0.720	 23.842	  1.004	  1.152	  0.002
11	  0.720	 26.064	  1.004	  1.152	  0.002
12	  0.720	 28.287	  1.004	  1.152	  0.002
13	  0.720	 30.509	  1.004	  1.152	  0.002
14	  0.720	 32.731	  1.004	  1.152	  0.002
15	  0.720	 34.953	  1.004	  1.152	  0.002
16	  0.720	 37.176	  1.004	  1.152	  0.002
17	  0.720	 39.398	  1.004	  1.152	  0.002
18	  0.720	 41.620	  1.004	  1.152	  0.002
19	  0.720	 43.842	  1.004	  1.152	  0.002
20	  0.720	 46.064	  1.004	  1.152	  0.002
21	  0.720	 48.287	  1.004	  1.152	  0.002
22	  0.720	 50.509	  1.004	  1.152	  0.002
23	  0.720	 52.731	  1.004	  1.152	  0.002
24	  0.720	 54.953	  1.004	  1.152	  0.002
25	  0.720	 57.176	  1.004	  1.152	  0.002
26	  0.720	 59.398	  1.004	  1.152	  0.002
27	  0.720	 61.620	  1.004	  1.152	  0.002
28	  0.720	 63.842	  1.004	  1.152	  0.002
29	  0.720	 66.064	  1.004	  1.152	  0.002
30	  0.720	 68.287	  1.004	  1.152	  0.002
31	  0.720	 70.509	  1.004	  1.152	  0.002
32	  0.720	 72.731	  1.004	  1.152	  0.002
33	  0.720	 74.953	  1.004	  1.152	  0.002
34	  0.720	 77.176	  1.004	  1.152	  0.002
35	  0.720	 79.398	  1.004	  1.152	  0.002
36	  0.720	 81.620	  1.004	  1.152	  0.002
37	  0.720	 83.842	  1.004	  1.152	  0.002
38	  0.720	 86.064	  1.004	  1.152	  0.002
39	  0.720	 88.287	  1.004	  1.152	  0.002
40	  0.720	 90.509	  1.004	  1.152	  0.002
41	  0.720	 92.731	  1.004	  1.152	  0.002
42	  0.720	 94.953	  1.004	  1.152	  0.002
43	  0.720	 97.176	  1.004	  1.152	  0.002
44	  0.720	 99.398	  1.004	  1.152	  0.002
0	  0.840	  1.763	  1.004	  1.227	  0.002
1	  0.840	  3.985	  1.004	  1.227	  0.002
2	  0.840	  6.207	  1.004	  1.227	  0.002
3	  0.840	  8.429	  1.004	  1.227	  0.002
4	  0.840	 10.651	  1.004	  1.227	  0.002
5	  0.840	 12.874	  1.004	  1.227	  0.002
6	  0.840	 15.096	  1.004	  1.227	  0.002
7	  0.840	 17.318	  1.004	  1.227	  0.002
8	  0.840	 19.540	  1.004	  1.227	  0.002
9	  0.840	 21.763	  1.004	  1.227	  0.002
10	  0.840	 23.985	  1.004	  1.227	  0.002
11	  0.840	 26.207	  1.004	  1.227	  0.002
12	  0.840	 28.429	  1.004	  1.227	  0.002
13	  0.840	 30.651	  1.004	  1.227	  0.002
14	  0.840	 32.874	  1.004	  1.227	  0.002
15	  0.840	 35.096	  1.004	  1.227	  0.002
16	  0.840	 37.318	  1.004	  1.227	  0.002
17	  0.840	 39.540	  1.004	  1.227	  0.002
18	  0.840	 41.763	  1.004	  1.227	  0.002
19	  0.840	 43.985	  1.004	  1.227	  0.002
20	  0.840	 46.207	  1.004	  1.227	  0.002
21	  0.840	 48.429	  1.004	  1.227	  0.002
22	  0.840	 50.651	  1.004	  1.227	  0.002
23	  0.840	 52.874	  1.004	  1.227	  0.002
24	  0.840	 55.096	  1.004	  1.227	  0.002
25	  0.840	 57.318	  1.004	  1.227	  0.002
26	  0.840	 59.540	  1.004	  1.227	  0.002
27	  0.840	 61.763	  1.004	  1.227	  0.002
28	  0.840	 63.985	  1.004	  1.227	  0.002
29	  0.840	 66.207	  1.004	  1.227	  0.002
30	  0.840	 68.429	  1.004	  1.227	  0.002
31	  0.840	 70.651	  1.004	  1.227	  0.002
32	  0.840	 72.874	  1.004	  1.227	  0.002
33	  0.840	 75.096	  1.004	  1.227	  0.002
34	  0.840	 77.318	  1.004	  1.227	  0.002
35	  0.840	 79.540	  1.004	  1.227	  0.002
36	  0.840	 81.763	  1.004	  1.227	  0.002
37	  0.840	 83.985	  1.004	  1.227	  0.002
38	  0.840	 86.207	  1.004	  1.227	  0.002
39	  0.840	 88.429	  1.004	  1.227	  0.002
40	  0.840	 90.651	  1.004	  1.227	  0.002
41	  0.840	 92.874	  1.004	  1.227	  0.002
42	  0.840	 95.096	  1.004	  1.227	  0.002
43	  0.840	 97.318	  1.004	  1.227	  0.002
44	  0.840	 99.540	  1.004	  1.227	  0.002
0	  0.960	  1.913	  1.004	  1.286	  0.001
1	  0.960	  4.135	  1.004	  1.286	  0.001
2	  0.960	  6.358	  1.004	  1.286	  0.001
3	  0.960	  8.580	  1.004	  1.286	  0.001
4	  0.960	 10.802	  1.004	  1.286	  0.001
5	  0.960	 13.024	  1.004	  1.286	  0.001
6	  0.960	 15.247	  1.004	  1.286	  0.001
7	  0.960	 17.469	  1.004	  1.286	  0.001
8	  0.960	 19.691	  1.004	  1.286	  0.001
9	  0.960	 21.913	  1.004	  1.286	  0.001
10	  0.960	 24.135	  1.004	  1.286	  0.001
11	  0.960	 26.358	  1.004	  1.286	  0.001
12	  0.960	 28.580	  1.004	  1.286	  0.001
13	  0.960	 30.802	  1.004	  1.286	  0.001
14	  0.960	 33.024	  1.004	  1.286	  0.001
15	  0.960	 35.247	  1.004	  1.286	  0.001
16	  0.960	 37.469	  1.004	  1.286	  0.001
17	  0.960	 39.691	  1.004	  1.286	  0.001
18	  0.960	 41.913	  1.004	  1.286	  0.001
19	  0.960	 44.135	  1.004	  1.286	  0.001
20	  0.960	 46.358	  1.004	  1.286	  0.001
21	  0.960	 48.580	  1.004	  1.286	  0.001
22	  0.960	 50.802	  1.004	  1.286	  0.001
23	  0.960	 53.024	  1.004	  1.286	  0.001
24	  0.960	 55.247	  1.004	  1.286	  0.001
25	  0.960	 57.469	  1.004	  1.286	  0.001
26	  0.960	 59.691	  1.004	  1.286	  0.001
27	  0.960	 61.913	  1.004	  1.286	  0.001
28	  0.960	 64.135	  1.004	  1.286	  0.001
29	  0.960	 66.358	  1.004	  1.286	  0.001
30	  0.960	 68.580	  1.004	  1.286	  0.001
31	  0.960	 70.802	  1.004	  1.286	  0.001
32	  0.960	 73.024	  1.004	  1.286	  0.001
33	  0.960	 75.247	  1.004	  1.286	  0.001
34	  0.960	 77.469	  1.004	  1.286	  0.001
35	  0.960	 79.691	  1.004	  1.286	  0.001
36	  0.960	 81.913	  1.004	  1.286	  0.001
37	  0.960	 84.135	  1.004	  1.286	  0.001
38	  0.960	 86.358	  1.004	  1.286	  0.001
39	  0.960	 88.580	  1.004	  1.286	  0.001
40	  0.960	 90.802	  1.004	  1.286	  0.001
41	  0.960	 93.024	  1.004	  1.286	  0.001
42	  0.960	 95.247	  1.004	  1.286	  0.001
43	  0.960	 97.469	  1.004	  1.286	  0.001
44	  0.960	 99.691	  1.004	  1.286	  0.001
0	  1.080	  2.070	  1.004	  1.332	  0.001
1	  1.080	  4.292	  1.004	  1.332	  0.001
2	  1.080	  6.515	  1.004	  1.332	  0.001
3	  1.080	  8.737	  1.004	  1.332	  0.001
4	  1.080	 10.959	  1.004	  1.332	  0.001
5	  1.080	 13.181	  1.004	  1.332	  0.001
6	  1.080	 15.403	  1.004	  1.332	  0.001
7	  1.080	 17.626	  1.004	  1.332	  0.001
8	  1.080	 19.848	  1.004	  1.332	  0.001
9	  1.080	 22.070	  1.004	  1.332	  0.001
10	  1.080	 24.292	  1.004	  1.332	  0.001
11	  1.080	 26.515	  1.004	  1.332	  0.001
12	  1.080	 28.737	  1.004	  1.332	  0.001
13	  1.080	 30.959	  1.004	  1.332	  0.001
14	  1.080	 33.181	  1.004	  1.332	  0.001
15	  1.080	 35.403	  1.004	  1.332	  0.001
16	  1.080	 37.626	  1.004	  1.332	  0.001
17	  1.080	 39.848	  1.004	  1.332	  0.001
18	  1.080	 42.070	  1.004	  1.332	  0.001
19	  1.080	 44.292	  1.004	  1.332	  0.001
20	  1.080	 46.515	  1.004	  1.332	  0.001
21	  1.080	 48.737	  1.004	  1.332	  0.001
22	  1.080	 50.959	  1.004	  1.332	  0.001
23	  1.080	 53.181	  1.004	  1.332	  0.001
24	  1.080	 55.403	  1.004	  1.332	  0.001
25	  1.080	 57.626	  1.004	  1.332	  0.001
26	  1.080	 59.848	  1.004	  1.332	  0.001
27	  1.080	 62.070	  1.004	  1.332	  0.001
28	  1.080	 64.292	  1.004	  1.332	  0.001
29	  1.080	 66.515	  1.004	  1.332	  0.001
30	  1.080	 68.737	  1.004	  1.332	  0.001
31	  1.080	 70.959	  1.004	  1.332	  0.001
32	  1.080	 73.181	  1.004	  1.332	  0.001
33	  1.080	 75.403	  1.004	  1.332	  0.001
34	  1.080	 77.626	  1.004	  1.332	  0.001
35	  1.080	 79.848	  1.004	  1.332	  0.001
36	  1.080	 82.070	  1.004	  1.332	  0.001
37	  1.080	 84.292	  1.004	  1.332	  0.001
38	  1.080	 86.515	  1.004	  1.332	  0.001
39	  1.080	 88.737	  1.004	  1.332	  0.001
40	  1.080	 90.959	  1.004	  1.332	  0.001
41	  1.080	 93.181	  1.004	  1.332	  0.001
42	  1.080	 95.403	  1.004	  1.332	  0.001
43	  1.080	 97.626	  1.004	  1.332	  0.001
44	  1.080	 99.848	  1.004	  1.332	  0.001
0	  1.200	  2.232	  1.005	  1.368	  0.001
1	  1.200	  4.454	  1.005	  1.368	  0.001
2	  1.200	  6.676	  1.005	  1.368	  0.001
3	  1.200	  8.899	  1.005	  1.368	  0.001
4	  1.200	 11.121	  1.005	  1.368	  0.001
5	  1.200	 13.343	  1.005	  1.368	  0.001
6	  1.200	 15.565	  1.005	  1.368	  0.001
7	  1.200	 17.788	  1.005	  1.368	  0.001
8	  1.200	 20.010	  1.005	  1.368	  0.001
9	  1.200	 22.232	  1.005	  1.368	  0.001
10	  1.200	 24.454	  1.005	  1.368	  0.001
11	  1.200	 26.676	  1.005	  1.368	  0.001
12	  1.200	 28.899	  1.005	  1.368	  0.001
13	  1.200	 31.121	  1.005	  1.368	  0.001
14	  1.200	 33.343	  1.005	  1.368	  0.001
15	  1.200	 35.565	  1.005	  1.368	  0.001
16	  1.200	 37.788	  1.005	  1.368	  0.001
17	  1.200	 40.010	  1.005	  1.368	  0.001
18	  1.200	 42.232	  1.005	  1.368	  0.001
19	  1.200	 44.454	  1.005	  1.368	  0.001
20	  1.200	 46.676	  1.005	  1.368	  0.001
21	  1.200	 48.899	  1.005	  1.368	  0.001
22	  1.200	 51.121	  1.005	  1.368	  0.001
23	  1.200	 53.343	  1.005	  1.368	  0.001
24	  1.200	 55.565	  1.005	  1.368	  0.001
25	  1.200	 57.788	  1.005	  1.368	  0.001
26	  1.200	 60.010	  1.005	  1.368	  0.001
27	  1.200	 62.232	  1.005	  1.368	  0.001
28	  1.200	 64.454	  1.005	  1.368	  0.001
29	  1.200	 66.676	  1.005	  1.368	  0.001
30	  1.200	 68.899	  1.005	  1.368	  0.001
31	  1.200	 71.121	  1.005	  1.368	  0.001
32	  1.200	 73.343	  1.005	  1.368	  0.001
33	  1.200	 75.565	  1.005	  1.368	  0.001
34	  1.200	 77.788	  1.005	  1.368	  0.001
35	  1.200	 80.010	  1.005	  1.368	  0.001
36	  1.200	 82.232	  1.005	  1.368	  0.001
37	  1.200	 84.454	  1.005	  1.368	  0.001
38	  1.200	 86.676	  1.005	  1.368	  0.001
39	  1.200	 88.899	  1.005	  1.368	  0.001
40	  1.200	 91.121	  1.005	  1.368	  0.001
41	  1.200	 93.343	  1.005	  1.368	  0.001
42	  1.200	 95.565	  1.005	  1.368	  0.001
43	  1.200	 97.788	  1.005	  1.368	  0.001
44	  1.200	100.010	  1.005	  1.368	  0.001
0	  1.320	  2.398	  1.005	  1.396	  0.001
1	  1.320	  4.620	  1.005	  1.396	  0.001
2	  1.320	  6.842	  1.005	  1.396	  0.001
3	  1.320	  9.065	  1.005	  1.396	  0.001
4	  1.320	 11.287	  1.005	  1.396	  0.001
5	  1.320	 13.509	  1.005	  1.396	  0.001
6	  1.320	 15.731	  1.005	  1.396	  0.001
7	  1.320	 17.953	  1.005	  1.396	  0.001
8	  1.320	 20.176	  1.005	  1.396	  0.001
9	  1.320	 22.398	  1.005	  1.396	  0.001
10	  1.320	 24.620	  1.005	  1.396	  0.001
11	  1.320	 26.842	  1.005	  1.396	  0.001
12	  1.320	 29.065	  1.005	  1.396	  0.001
13	  1.320	 31.287	  1.005	  1.396	  0.001
14	  1.320	 33.509	  1.005	  1.396	  0.001
15	  1.320	 35.731	  1.005	  1.396	  0.001
16	  1.320	 37.953	  1.005	  1.396	  0.001
17	  1.320	 40.176	  1.005	  1.396	  0.001
18	  1.320	 42.398	  1.005	  1.396	  0.001
19	  1.320	 44.620	  1.005	  1.396	  0.001
20	  1.320	 46.842	  1.005	  1.396	  0.001
21	  1.320	 49.065	  1.005	  1.396	  0.001
22	  1.320	 51.287	  1.005	  1.396	  0.001
23	  1.320	 53.509	  1.005	  1.396	  0.001
24	  1.320	 55.731	  1.005	  1.396	  0.001
25	  1.320	 57.953	  1.005	  1.396	  0.001
26	  1.320	 60.176	  1.005	  1.396	  0.001
27	  1.320	 62.398	  1.005	  1.396	  0.001
28	  1.320	 64.620	  1.005	  1.396	  0.001
29	  1.320	 66.842	  1.005	  1.396	  0.001
30	  1.320	 69.065	  1.005	  1.396	  0.001
31	  1.320	 71.287	  1.005	  1.396	  0.001
32	  1.320	 73.509	  1.005	  1.396	  0.001
33	  1.320	 75.731	  1.005	  1.396	  0.001
34	  1.320	 77.953	  1.005	  1.396	  0.001
35	  1.320	 80.176	  1.005	  1.396	  0.001
36	  1.320	 82.398	  1.005	  1.396	  0.001
37	  1.320	 84.620	  1.005	  1.396	  0.001
38	  1.320	 86.842	  1.005	  1.396	  0.001
39	  1.320	 89.065	  1.005	  1.396	  0.001
40	  1.320	 91.287	  1.005	  1.396	  0.001
41	  1.320	 93.509	  1.005	  1.396	  0.001
42	  1.320	 95.731	  1.005	  1.396	  0.001
43	  1.320	 97.953	  1.005	  1.396	  0.001
44	  1.320	100.176	  1.005	  1.396	  0.001
0	  1.440	  2.567	  1.005	  1.419	  0.001
1	  1.440	  4.789	  1.005	  1.419	  0.001
2	  1.440	  7.011	  1.005	  1.419	  0.001
3	  1.440	  9.233	  1.005	  1.419	  0.001
4	  1.440	 11.456	  1.005	  1.419	  0.001
5	  1.440	 13.678	  1.005	  1.419	  0.001
6	  1.440	 15.900	  1.005	  1.419	  0.001
7	  1.440	 18.122	  1.005	  1.419	  0.001
8	  1.440	 20.344	  1.005	  1.419	  0.001
9	  1.440	 22.567	  1.005	  1.419	  0.001
10	  1.440	 24.789	  1.005	  1.419	  0.001
11	  1.440	 27.011	  1.005	  1.419	  0.001
12	  1.440	 29.233	  1.005	  1.419	  0.001
13	  1.440	 31.456	  1.005	  1.419	  0.001
14	  1.440	 33.678	  1.005	  1.419	  0.001
15	  1.440	 35.900	  1.005	  1.419	  0.001
16	  1.440	 38.122	  1.005	  1.419	  0.001
17	  1.440	 40.344	  1.005	  1.419	  0.001
18	  1.440	 42.567	  1.005	  1.419	  0.001
19	  1.440	 44.789	  1.005	  1.419	  0.001
20	  1.440	 47.011	  1.005	  1.419	  0.001
21	  1.440	 49.233	  1.005	  1.419	  0.001
22	  1.440	 51.456	  1.005	  1.419	  0.001
23	  1.440	 53.678	  1.005	  1.419	  0.001
24	  1.440	 55.900	  1.005	  1.419	  0.001
25	  1.440	 58.122	  1.005	  1.419	  0.001
26	  1.440	 60.344	  1.005	  1.419	  0.001
27	  1.440	 62.567	  1.005	  1.419	  0.001
28	  1.440	 64.789	  1.005	  1.419	  0.001
29	  1.440	 67.011	  1.005	  1.419	  0.001
30	  1.440	 69.233	  1.005	  1.419	  0.001
31	  1.440	 71.456	  1.005	  1.419	  0.001
32	  1.440	 73.678	  1.005	  1.419	  0.001
33	  1.440	 75.900	  1.005	  1.419	  0.001
34	  1.440	 78.122	  1.005	  1.419	  0.001
35	  1.440	 80.344	  1.005	  1.419	  0.001
36	  1.440	 82.567	  1.005	  1.419	  0.001
37	  1.440	 84.789	  1.005	  1.419	  0.001
38	  1.440	 87.011	  1.005	  1.419	  0.001
39	  1.440	 89.233	  1.005	  1.419	  0.001
40	  1.440	 91.456	  1.005	  1.419	  0.001
41	  1.440	 93.678	  1.005	  1.419	  0.001
42	  1.440	 95.900	  1.005	  1.419	  0.001
43	  1.440	 98.122	  1.005	  1.419	  0.001
44	  1.440	100.344	  1.005	  1.419	  0.001
0	  1.560	  2.738	  1.005	  1.436	  0.000
1	  1.560	  4.960	  1.005	  1.436	  0.000
2	  1.560	  7.182	  1.005	  1.436	  0.000
3	  1.560	  9.405	  1.005	  1.436	  0.000
4	  1.560	 11.627	  1.005	  1.436	  0.000
5	  1.560	 13.849	  1.005	  1.436	  0.000
6	  1.560	 16.071	  1.005	  1.436	  0.000
7	  1.560	 18.294	  1.005	  1.436	  0.000
8	  1.560	 20.516	  1.005	  1.436	  0.000
9	  1.560	 22.738	  1.005	  1.436	  0.000
10	  1.560	 24.960	  1.005	  1.436	  0.000
11	  1.560	 27.182	  1.005	  1.436	  0.000
12	  1.560	 29.405	  1.005	  1.436	  0.000
13	  1.560	 31.627	  1.005	  1.436	  0.000
14	  1.560	 33.849	  1.005	  1.436	  0.000
15	  1.560	 36.071	  1.005	  1.436	  0.000
16	  1.560	 38.294	  1.005	  1.436	  0.000
17	  1.560	 40.516	  1.005	  1.436	  0.000
18	  1.560	 42.738	  1.005	  1.436	  0.000
19	  1.560	 44.960	  1.005	  1.436	  0.000
20	  1.560	 47.182	  1.005	  1.436	  0.000
21	  1.560	 49.405	  1.005	  1.436	  0.000
22	  1.560	 51.627	  1.005	  1.436	  0.000
23	  1.560	 53.849	  1.005	  1.436	  0.000
24	  1.560	 56.071	  1.005	  1.436	  0.000
25	  1.560	 58.294	  1.005	  1.436	  0.000
26	  1.560	 60.516	  1.005	  1.436	  0.000
27	  1.560	 62.738	  1.005	  1.436	  0.000
28	  1.560	 64.960	  1.005	  1.436	  0.000
29	  1.560	 67.182	  1.005	  1.436	  0.000
30	  1.560	 69.405	  1.005	  1.436	  0.000
31	  1.560	 71.627	  1.005	  1.436	  0.000
32	  1.560	 73.849	  1.005	  1.436	  0.000
33	  1.560	 76.071	  1.005	  1.436	  0.000
34	  1.560	 78.294	  1.005	  1.436	  0.000
35	  1.560	 80.516	  1.005	  1.436	  0.000
36	  1.560	 82.738	  1.005	  1.436	  0.000
37	  1.560	 84.960	  1.005	  1.436	  0.000
38	  1.560	 87.182	  1.005	  1.436	  0.000
39	  1.560	 89.405	  1.005	  1.436	  0.000
40	  1.560	 91.627	  1.005	  1.436	  0.000
41	  1.560	 93.849	  1.005	  1.436	  0.000
42	  1.560	 96.071	  1.005	  1.436	  0.000
43	  1.560	 98.294	  1.005	  1.436	  0.000
44	  1.560	100.516	  1.005	  1.436	  0.000
0	  1.680	  2.911	  1.005	  1.450	  0.000
1	  1.680	  5.133	  1.005	  1.450	  0.000
2	  1.680	  7.356	  1.005	  1.450	  0.000
3	  1.680	  9.578	  1.005	  1.450	  0.000
4	  1.680	 11.800	  1.005	  1.450	  0.000
5	  1.680	 14.022	  1.005	  1.450	  0.000
6	  1.680	 16.244	  1.005	  1.450	  0.000
7	  1.680	 18.467	  1.005	  1.450	  0.000
8	  1.680	 20.689	  1.005	  1.450	  0.000
9	  1.680	 22.911	  1.005	  1.450	  0.000
10	  1.680	 25.133	  1.005	  1.450	  0.000
11	  1.680	 27.356	  1.005	  1.450	  0.000
12	  1.680	 29.578	  1.005	  1.450	  0.000
13	  1.680	 31.800	  1.005	  1.450	  0.000
14	  1.680	 34.022	  1.005	  1.450	  0.000
15	  1.680	 36.244	  1.005	  1.450	  0.000
16	  1.680	 38.467	  1.005	  1.450	  0.000
17	  1.680	 40.689	  1.005	  1.450	  0.000
18	  1.680	 42.911	  1.005	  1.450	  0.000
19	  1.680	 45.133	  1.005	  1.450	  0.000
20	  1.680	 47.356	  1.005	  1.450	  0.000
21	  1.680	 49.578	  1.005	  1.450	  0.000
22	  1.680	 51.800	  1.005	  1.450	  0.000
23	  1.680	 54.022	  1.005	  1.450	  0.000
24	  1.680	 56.244	  1.005	  1.450	  0.000
25	  1.680	 58.467	  1.005	  1.450	  0.000
26	  1.680	 60.689	  1.005	  1.450	  0.000
27	  1.680	 62.911	  1.005	  1.450	  0.000
28	  1.680	 65.133	  1.005	  1.450	  0.000
29	  1.680	 67.356	  1.005	  1.450	  0.000
30	  1.680	 69.578	  1.005	  1.450	  0.000
31	  1.680	 71.800	  1.005	  1.450	  0.000
32	  1.680	 74.022	  1.005	  1.450	  0.000
33	  1.680	 76.244	  1.005	  1.450	  0.000
34	  1.680	 78.467	  1.005	  1.450	  0.000
35	  1.680	 80.689	  1.005	  1.450	  0.000
36	  1.680	 82.911	  1.005	  1.450	  0.000
37	  1.680	 85.133	  1.005	  1.450	  0.000
38	  1.680	 87.356	  1.005	  1.450	  0.000
39	  1.680	 89.578	  1.005	  1.450	  0.000
40	  1.680	 91.800	  1.005	  1.450	  0.000
41	  1.680	 94.022	  1.005	  1.450	  0.000
42	  1.680	 96.244	  1.005	  1.450	  0.000
43	  1.680	 98.467	  1.005	  1.450	  0.000
44	  1.680	100.689	  1.005	  1.450	  0.000
0	  1.800	  3.086	  1.005	  1.461	  0.000
1	  1.800	  5.308	  1.005	  1.461	  0.000
2	  1.800	  7.530	  1.005	  1.461	  0.000
3	  1.800	  9.752	  1.005	  1.461	  0.000
4	  1.800	 11.975	  1.005	  1.461	  0.000
5	  1.800	 14.197	  1.005	  1.461	  0.000
6	  1.800	 16.419	  1.005	  1.461	  0.000
7	  1.800	 18.641	  1.005	  1.461	  0.000
8	  1.800	 20.863	  1.005	  1.461	  0.000
9	  1.800	 23.086	  1.005	  1.461	  0.000
10	  1.800	 25.308	  1.005	  1.461	  0.000
11	  1.800	 27.530	  1.005	  1.461	  0.000
12	  1.800	 29.752	  1.005	  1.461	  0.000
13	  1.800	 31.975	  1.005	  1.461	  0.000
14	  1.800	 34.197	  1.005	  1.461	  0.000
15	  1.800	 36.419	  1.005	  1.461	  0.000
16	  1.800	 38.641	  1.005	  1.461	  0.000
17	  1.800	 40.863	  1.005	  1.461	  0.000
18	  1.800	 43.086	  1.005	  1.461	  0.000
19	  1.800	 45.308	  1.005	  1.461	  0.000
20	  1.800	 47.530	  1.005	  1.461	  0.000
21	  1.800	 49.752	  1.005	  1.461	  0.000
22	  1.800	 51.975	  1.005	  1.461	  0.000
23	  1.800	 54.197	  1.005	  1.461	  0.000
24	  1.800	 56.419	  1.005	  1.461	  0.000
25	  1.800	 58.641	  1.005	  1.461	  0.000
26	  1.800	 60.863	  1.005	  1.461	  0.000
27	  1.800	 63.086	  1.005	  1.461	  0.000
28	  1.800	 65.308	  1.005	  1.461	  0.000
29	  1.800	 67.530	  1.005	  1.461	  0.000
30	  1.800	 69.752	  1.005	  1.461	  0.000
31	  1.800	 71.975	  1.005	  1.461	  0.000
32	  1.800	 74.197	  1.005	  1.461	  0.000
33	  1.800	 76.419	  1.005	  1.461	  0.000
34	  1.800	 78.641	  1.005	  1.461	  0.000
35	  1.800	 80.863	  1.005	  1.461	  0.000
36	  1.800	 83.086	  1.005	  1.461	  0.000
37	  1.800	 85.308	  1.005	  1.461	  0.000
38	  1.800	 87.530	  1.005	  1.461	  0.000
39	  1.800	 89.752	  1.005	  1.461	  0.000
40	  1.800	 91.975	  1.005	  1.461	  0.000
41	  1.800	 94.197	  1.005	  1.461	  0.000
42	  1.800	 96.419	  1.005	  1.461	  0.000
43	  1.800	 98.641	  1.005	  1.461	  0.000
44	  1.800	100.863	  1.005	  1.461	  0.000
0	  1.920	  3.261	  1.005	  1.469	  0.000
1	  1.920	  5.484	  1.005	  1.469	  0.000
2	  1.920	  7.706	  1.005	  1.469	  0.000
3	  1.920	  9.928	  1.005	  1.469	  0.000
4	  1.920	 12.150	  1.005	  1.469	  0.000
5	  1.920	 14.373	  1.005	  1.469	  0.000
6	  1.920	 16.595	  1.005	  1.469	  0.000
7	  1.920	 18.817	  1.005	  1.469	  0.000
8	  1.920	 21.039	  1.005	  1.469	  0.000
9	  1.920	 23.261	  1.005	  1.469	  0.000
10	  1.920	 25.484	  1.005	  1.469	  0.000
11	  1.920	 27.706	  1.005	  1.469	  0.000
12	  1.920	 29.928	  1.005	  1.469	  0.000
13	  1.920	 32.150	  1.005	  1.469	  0.000
14	  1.920	 34.373	  1.005	  1.469	  0.000
15	  1.920	 36.595	  1.005	  1.469	  0.000
16	  1.920	 38.817	  1.005	  1.469	  0.000
17	  1.920	 41.039	  1.005	  1.469	  0.000
18	  1.920	 43.261	  1.005	  1.469	  0.000
19	  1.920	 45.484	  1.005	  1.469	  0.000
20	  1.920	 47.706	  1.005	  1.469	  0.000
21	  1.920	 49.928	  1.005	  1.469	  0.000
22	  1.920	 52.150	  1.005	  1.469	  0.000
23	  1.920	 54.373	  1.005	  1.469	  0.000
24	  1.920	 56.595	  1.005	  1.469	  0.000
25	  1.920	 58.817	  1.005	  1.469	  0.000
26	  1.920	 61.039	  1.005	  1.469	  0.000
27	  1.920	 63.261	  1.005	  1.469	  0.000
28	  1.920	 65.484	  1.005	  1.469	  0.000
29	  1.920	 67.706	  1.005	  1.469	  0.000
30	  1.920	 69.928	  1.005	  1.469	  0.000
31	  1.920	 72.150	  1.005	  1.469	  0.000
32	  1.920	 74.373	  1.005	  1.469	  0.000
33	  1.920	 76.595	  1.005	  1.469	  0.000
34	  1.920	 78.817	  1.005	  1.469	  0.000
35	  1.920	 81.039	  1.005	  1.469	  0.000
36	  1.920	 83.261	  1.005	  1.469	  0.000
37	  1.920	 85.484	  1.005	  1.469	  0.000
38	  1.920	 87.706	  1.005	  1.469	  0.000
39	  1.920	 89.928	  1.005	  1.469	  0.000
40	  1.920	 92.150	  1.005	  1.469	  0.000
41	  1.920	 94.373	  1.005	  1.469	  0.000
42	  1.920	 96.595	  1.005	  1.469	  0.000
43	  1.920	 98.817	  1.005	  1.469	  0.000
44	  1.920	101.039	  1.005	  1.469	  0.000
0	  2.040	  3.438	  1.005	  1.476	  0.000
1	  2.040	  5.660	  1.005	  1.476	  0.000
2	  2.040	  7.883	  1.005	  1.476	  0.000
3	  2.040	 10.105	  1.005	  1.476	  0.000
4	  2.040	 12.327	  1.005	  1.476	  0.000
5	  2.040	 14.549	  1.005	  1.476	  0.000
6	  2.040	 16.771	  1.005	  1.476	  0.000
7	  2.040	 18.994	  1.005	  1.476	  0.000
8	  2.040	 21.216	  1.005	  1.476	  0.000
9	  2.040	 23.438	  1.005	  1.476	  0.000
10	  2.040	 25.660	  1.005	  1.476	  0.000
11	  2.040	 27.883	  1.005	  1.476	  0.000
12	  2.040	 30.105	  1.005	  1.476	  0.000
13	  2.040	 32.327	  1.005	  1.476	  0.000
14	  2.040	 34.549	  1.005	  1.476	  0.000
15	  2.040	 36.771	  1.005	  1.476	  0.000
16	  2.040	 38.994	  1.005	  1.476	  0.000
17	  2.040	 41.216	  1.005	  1.476	  0.000
18	  2.040	 43.438	  1.005	  1.476	  0.000
19	  2.040	 45.660	  1.005	  1.476	  0.000
20	  2.040	 47.883	  1.005	  1.476	  0.000
21	  2.040	 50.105	  1.005	  1.476	  0.000
22	  2.040	 52.327	  1.005	  1.476	  0.000
23	  2.040	 54.549	  1.005	  1.476	  0.000
24	  2.040	 56.771	  1.005	  1.476	  0.000
25	  2.040	 58.994	  1.005	  1.476	  0.000
26	  2.040	 61.216	  1.005	  1.476	  0.000
27	  2.040	 63.438	  1.005	  1.476	  0.000
28	  2.040	 65.660	  1.005	  1.476	  0.000
29	  2.040	 67.883	  1.005	  1.476	  0.000
30	  2.040	 70.105	  1.005	  1.476	  0.000
31	  2.040	 72.327	  1.005	  1.476	  0.000
32	  2.040	 74.549	  1.005	  1.476	  0.000
33	  2.040	 76.771	  1.005	  1.476	  0.000
34	  2.040	 78.994	  1.005	  1.476	  0.000
35	  2.040	 81.216	  1.005	  1.476	  0.000
36	  2.040	 83.438	  1.005	  1.476	  0.000
37	  2.040	 85.660	  1.005	  1.476	  0.000
38	  2.040	 87.883	  1.005	  1.476	  0.000
39	  2.040	 90.105	  1.005	  1.476	  0.000
40	  2.040	 92.327	  1.005	  1.476	  0.000
41	  2.040	 94.549	  1.005	  1.476	  0.000
42	  2.040	 96.771	  1.005	  1.476	  0.000
43	  2.040	 98.994	  1.005	  1.476	  0.000
44	  2.040	101.216	  1.005	  1.476	  0.000
0	  2.160	  3.616	  1.005	  1.481	  0.000
1	  2.160	  5.838	  1.005	  1.481	  0.000
2	  2.160	  8.060	  1.005	  1.481	  0.000
3	  2.160	 10.282	  1.005	  1.481	  0.000
4	  2.160	 12.504	  1.005	  1.481	  0.000
5	  2.160	 14.727	  1.005	  1.481	  0.000
6	  2.160	 16.949	  1.005	  1.481	  0.000
7	  2.160	 19.171	  1.005	  1.481	  0.000
8	  2.160	 21.393	  1.005	  1.481	  0.000
9	  2.160	 23.616	  1.005	  1.481	  0.000
10	  2.160	 25.838	  1.005	  1.481	  0.000
11	  2.160	 28.060	  1.005	  1.481	  0.000
12	  2.160	 30.282	  1.005	  1.481	  0.000
13	  2.160	 32.504	  1.005	  1.481	  0.000
14	  2.160	 34.727	  1.005	  1.481	  0.000
15	  2.160	 36.949	  1.005	  1.481	  0.000
16	  2.160	 39.171	  1.005	  1.481	  0.000
17	  2.160	 41.393	  1.005	  1.481	  0.000
18	  2.160	 43.616	  1.005	  1.481	  0.000
19	  2.160	 45.838	  1.005	  1.481	  0.000
20	  2.160	 48.060	  1.005	  1.481	  0.000
21	  2.160	 50.282	  1.005	  1.481	  0.000
22	  2.160	 52.504	  1.005	  1.481	  0.000
23	  2.160	 54.727	  1.005	  1.481	  0.000
24	  2.160	 56.949	  1.005	  1.481	  0.000
25	  2.160	 59.171	  1.005	  1.481	  0.000
26	  2.160	 61.393	  1.005	  1.481	  0.000
27	  2.160	 63.616	  1.005	  1.481	  0.000
28	  2.160	 65.838	  1.005	  1.481	  0.000
29	  2.160	 68.060	  1.005	  1.481	  0.000
30	  2.160	 70.282	  1.005	  1.481	  0.000
31	  2.160	 72.504	  1.005	  1.481	  0.000
32	  2.160	 74.727	  1.005	  1.481	  0.000
33	  2.160	 76.949	  1.005	  1.481	  0.000
34	  2.160	 79.171	  1.005	  1.481	  0.000
35	  2.160	 81.393	  1.005	  1.481	  0.000
36	  2.160	 83.616	  1.005	  1.481	  0.000
37	  2.160	 85.838	  1.005	  1.481	  0.000
38	  2.160	 88.060	  1.005	  1.481	  0.000
39	  2.160	 90.282	  1.005	  1.481	  0.000
40	  2.160	 92.504	  1.005	  1.481	  0.000
41	  2.160	 94.727	  1.005	  1.481	  0.000
42	  2.160	 96.949	  1.005	  1.481	  0.000
43	  2.160	 99.171	  1.005	  1.481	  0.000
44	  2.160	101.393	  1.005	  1.481	  0.000
0	  2.280	  3.793	  1.005	  1.485	  0.000
1	  2.280	  6.016	  1.005	  1.485	  0.000
2	  2.280	  8.238	  1.005	  1.485	  0.000
3	  2.280	 10.460	  1.005	  1.485	  0.000
4	  2.280	 12.682	  1.005	  1.485	  0.000
5	  2.280	 14.905	  1.005	  1.485	  0.000
6	  2.280	 17.127	  1.005	  1.485	  0.000
7	  2.280	 19.349	  1.005	  1.485	  0.000
8	  2.280	 21.571	  1.005	  1.485	  0.000
9	  2.280	 23.793	  1.005	  1.485	  0.000
10	  2.280	 26.016	  1.005	  1.485	  0.000
11	  2.280	 28.238	  1.005	  1.485	  0.000
12	  2.280	 30.460	  1.005	  1.485	  0.000
13	  2.280	 32.682	  1.005	  1.485	  0.000
14	  2.280	 34.905	  1.005	  1.485	  0.000
15	  2.280	 37.127	  1.005	  1.485	  0.000
16	  2.280	 39.349	  1.005	  1.485	  0.000
17	  2.280	 41.571	  1.005	  1.485	  0.000
18	  2.280	 43.793	  1.005	  1.485	  0.000
19	  2.280	 46.016	  1.005	  1.485	  0.000
20	  2.280	 48.238	  1.005	  1.485	  0.000
21	  2.280	 50.460	  1.005	  1.485	  0.000
22	  2.280	 52.682	  1.005	  1.485	  0.000
23	  2.280	 54.905	  1.005	  1.485	  0.000
24	  2.280	 57.127	  1.005	  1.485	  0.000
25	  2.280	 59.349	  1.005	  1.485	  0.000
26	  2.280	 61.571	  1.005	  1.485	  0.000
27	  2.280	 63.793	  1.005	  1.485	  0.000
28	  2.280	 66.016	  1.005	  1.485	  0.000
29	  2.280	 68.238	  1.005	  1.485	  0.000
30	  2.280	 70.460	  1.005	  1.485	  0.000
31	  2.280	 72.682	  1.005	  1.485	  0.000
32	  2.280	 74.905	  1.005	  1.485	  0.000
33	  2.280	 77.127	  1.005	  1.485	  0.000
34	  2.280	 79.349	  1.005	  1.485	  0.000
35	  2.280	 81.571	  1.005	  1.485	  0.000
36	  2.280	 83.793	  1.005	  1.485	  0.000
37	  2.280	 86.016	  1.005	  1.485	  0.000
38	  2.280	 88.238	  1.005	  1.485	  0.000
39	  2.280	 90.460	  1.005	  1.485	  0.000
40	  2.280	 92.682	  1.005	  1.485	  0.000
41	  2.280	 94.905	  1.005	  1.485	  0.000
42	  2.280	 97.127	  1.005	  1.485	  0.000
43	  2.280	 99.349	  1.005	  1.485	  0.000
44	  2.280	101.571	  1.005	  1.485	  0.000
0	  2.400	  3.972	  1.005	  1.488	  0.000
1	  2.400	  6.194	  1.005	  1.488	  0.000
2	  2.400	  8.416	  1.005	  1.488	  0.000
3	  2.400	 10.639	  1.005	  1.488	  0.000
4	  2.400	 12.861	  1.005	  1.488	  0.000
5	  2.400	 15.083	  1.005	  1.488	  0.000
6	  2.400	 17.305	  1.005	  1.488	  0.000
7	  2.400	 19.527	  1.005	  1.488	  0.000
8	  2.400	 21.750	  1.005	  1.488	  0.000
9	  2.400	 23.972	  1.005	  1.488	  0.000
10	  2.400	 26.194	  1.005	  1.488	  0.000
11	  2.400	 28.416	  1.005	  1.488	  0.000
12	  2.400	 30.639	  1.005	  1.488	  0.000
13	  2.400	 32.861	  1.005	  1.488	  0.000
14	  2.400	 35.083	  1.005	  1.488	  0.000
15	  2.400	 37.305	  1.005	  1.488	  0.000
16	  2.400	 39.527	  1.005	  1.488	  0.000
17	  2.400	 41.750	  1.005	  1.488	  0.000
18	  2.400	 43.972	  1.005	  1.488	  0.000
19	  2.400	 46.194	  1.005	  1.488	  0.000
20	  2.400	 48.416	  1.005	  1.488	  0.000
21	  2.400	 50.639	  1.005	  1.488	  0.000
22	  2.400	 52.861	  1.005	  1.488	  0.000
23	  2.400	 55.083	  1.005	  1.488	  0.000
24	  2.400	 57.305	  1.005	  1.488	  0.000
25	  2.400	 59.527	  1.005	  1.488	  0.000
26	  2.400	 61.750	  1.005	  1.488	  0.000
27	  2.400	 63.972	  1.005	  1.488	  0.000
28	  2.400	 66.194	  1.005	  1.488	  0.000
29	  2.400	 68.416	  1.005	  1.488	  0.000
30	  2.400	 70.639	  1.005	  1.488	  0.000
31	  2.400	 72.861	  1.005	  1.488	  0.000
32	  2.400	 75.083	  1.005	  1.488	  0.000
33	  2.400	 77.305	  1.005	  1.488	  0.000
34	  2.400	 79.527	  1.005	  1.488	  0.000
35	  2.400	 81.750	  1.005	  1.488	  0.000
36	  2.400	 83.972	  1.005	  1.488	  0.000
37	  2.400	 86.194	  1.005	  1.488	  0.000
38	  2.400	 88.416	  1.005	  1.488	  0.000
39	  2.400	 90.639	  1.005	  1.488	  0.000
40	  2.400	 92.861	  1.005	  1.488	  0.000
41	  2.400	 95.083	  1.005	  1.488	  0.000
42	  2.400	 97.305	  1.005	  1.488	  0.000
43	  2.400	 99.527	  1.005	  1.488	  0.000
44	  2.400	101.750	  1.005	  1.488	  0.000
0	  2.520	  4.151	  1.005	  1.491	  0.000
1	  2.520	  6.373	  1.005	  1.491	  0.000
2	  2.520	  8.595	  1.005	  1.491	  0.000
3	  2.520	 10.817	  1.005	  1.491	  0.000
4	  2.520	 13.040	  1.005	  1.491	  0.000
5	  2.520	 15.262	  1.005	  1.491	  0.000
6	  2.520	 17.484	  1.005	  1.491	  0.000
7	  2.520	 19.706	  1.005	  1.491	  0.000
8	  2.520	 21.928	  1.005	  1.491	  0.000
9	  2.520	 24.151	  1.005	  1.491	  0.000
10	  2.520	 26.373	  1.005	  1.491	  0.000
11	  2.520	 28.595	  1.005	  1.491	  0.000
12	  2.520	 30.817	  1.005	  1.491	  0.000
13	  2.520	 33.040	  1.005	  1.491	  0.000
14	  2.520	 35.262	  1.005	  1.491	  0.000
15	  2.520	 37.484	  1.005	  1.491	  0.000
16	  2.520	 39.706	  1.005	  1.491	  0.000
17	  2.520	 41.928	  1.005	  1.491	  0.000
18	  2.520	 44.151	  1.005	  1.491	  0.000
19	  2.520	 46.373	  1.005	  1.491	  0.000
20	  2.520	 48.595	  1.005	  1.491	  0.000
21	  2.520	 50.817	  1.005	  1.491	  0.000
22	  2.520	 53.040	  1.005	  1.491	  0.000
23	  2.520	 55.262	  1.005	  1.491	  0.000
24	  2.520	 57.484	  1.005	  1.491	  0.000
25	  2.520	 59.706	  1.005	  1.491	  0.000
26	  2.520	 61.928	  1.005	  1.491	  0.000
27	  2.520	 64.151	  1.005	  1.491	  0.000
28	  2.520	 66.373	  1.005	  1.491	  0.000
29	  2.520	 68.595	  1.005	  1.491	  0.000
30	  2.520	 70.817	  1.005	  1.491	  0.000
31	  2.520	 73.040	  1.005	  1.491	  0.000
32	  2.520	 75.262	  1.005	  1.491	  0.000
33	  2.520	 77.484	  1.005	  1.491	  0.000
34	  2.520	 79.706	  1.005	  1.491	  0.000
35	  2.520	 81.928	  1.005	  1.491	  0.000
36	  2.520	 84.151	  1.005	  1.491	  0.000
37	  2.520	 86.373	  1.005	  1.491	  0.000
38	  2.520	 88.595	  1.005	  1.491	  0.000
39	  2.520	 90.817	  1.005	  1.491	  0.000
40	  2.520	 93.040	  1.005	  1.491	  0.000
41	  2.520	 95.262	  1.005	  1.491	  0.000
42	  2.520	 97.484	  1.005	  1.491	  0.000
43	  2.520	 99.706	  1.005	  1.491	  0.000
44	  2.520	101.928	  1.005	  1.491	  0.000
0	  2.640	  4.330	  1.005	  1.493	  0.000
1	  2.640	  6.552	  1.005	  1.493	  0.000
2	  2.640	  8.774	  1.005	  1.493	  0.000
3	  2.640	 10.996	  1.005	  1.493	  0.000
4	  2.640	 13.219	  1.005	  1.493	  0.000
5	  2.640	 15.441	  1.005	  1.493	  0.000
6	  2.640	 17.663	  1.005	  1.493	  0.000
7	  2.640	 19.885	  1.005	  1.493	  0.000
8	  2.640	 22.107	  1.005	  1.493	  0.000
9	  2.640	 24.330	  1.005	  1.493	  0.000
10	  2.640	 26.552	  1.005	  1.493	  0.000
11	  2.640	 28.774	  1.005	  1.493	  0.000
12	  2.640	 30.996	  1.005	  1.493	  0.000
13	  2.640	 33.219	  1.005	  1.493	  0.000
14	  2.640	 35.441	  1.005	  1.493	  0.000
15	  2.640	 37.663	  1.005	  1.493	  0.000
16	  2.640	 39.885	  1.005	  1.493	  0.000
17	  2.640	 42.107	  1.005	  1.493	  0.000
18	  2.640	 44.330	  1.005	  1.493	  0.000
19	  2.640	 46.552	  1.005	  1.493	  0.000
20	  2.640	 48.774	  1.005	  1.493	  0.000
21	  2.640	 50.996	  1.005	  1.493	  0.000
22	  2.640	 53.219	  1.005	  1.493	  0.000
23	  2.640	 55.441	  1.005	  1.493	  0.000
24	  2.640	 57.663	  1.005	  1.493	  0.000
25	  2.640	 59.885	  1.005	  1.493	  0.000
26	  2.640	 62.107	  1.005	  1.493	  0.000
27	  2.640	 64.330	  1.005	  1.493	  0.000
28	  2.640	 66.552	  1.005	  1.493	  0.000
29	  2.640	 68.774	  1.005	  1.493	  0.000
30	  2.640	 70.996	  1.005	  1.493	  0.000
31	  2.640	 73.219	  1.005	  1.493	  0.000
32	  2.640	 75.441	  1.005	  1.493	  0.000
33	  2.640	 77.663	  1.005	  1.493	  0.000
34	  2.640	 79.885	  1.005	  1.493	  0.000
35	  2.640	 82.107	  1.005	  1.493	  0.000
36	  2.640	 84.330	  1.005	  1.493	  0.000
37	  2.640	 86.552	  1.005	  1.493	  0.000
38	  2.640	 88.774	  1.005	  1.493	  0.000
39	  2.640	 90.996	  1.005	  1.493	  0.000
40	  2.640	 93.219	  1.005	  1.493	  0.000
41	  2.640	 95.441	  1.005	  1.493	  0.000
42	  2.640	 97.663	  1.005	  1.493	  0.000
43	  2.640	 99.885	  1.005	  1.493	  0.000
44	  2.640	102.107	  1.005	  1.493	  0.000
0	  2.760	  4.509	  1.005	  1.494	  0.000
1	  2.760	  6.731	  1.005	  1.494	  0.000
2	  2.760	  8.953	  1.005	  1.494	  0.000
3	  2.760	 11.176	  1.005	  1.494	  0.000
4	  2.760	 13.398	  1.005	  1.494	  0.000
5	  2.760	 15.620	  1.005	  1.494	  0.000
6	  2.760	 17.842	  1.005	  1.494	  0.000
7	  2.760	 20.064	  1.005	  1.494	  0.000
8	  2.760	 22.287	  1.005	  1.494	  0.000
9	  2.760	 24.509	  1.005	  1.494	  0.000
10	  2.760	 26.731	  1.005	  1.494	  0.000
11	  2.760	 28.953	  1.005	  1.494	  0.000
12	  2.760	 31.176	  1.005	  1.494	  0.000
13	  2.760	 33.398	  1.005	  1.494	  0.000
14	  2.760	 35.620	  1.005	  1.494	  0.000
15	  2.760	 37.842	  1.005	  1.494	  0.000
16	  2.760	 40.064	  1.005	  1.494	  0.000
17	  2.760	 42.287	  1.005	  1.494	  0.000
18	  2.760	 44.509	  1.005	  1.494	  0.000
19	  2.760	 46.731	  1.005	  1.494	  0.000
20	  2.760	 48.953	  1.005	  1.494	  0.000
21	  2.760	 51.176	  1.005	  1.494	  0.000
22	  2.760	 53.398	  1.005	  1.494	  0.000
23	  2.760	 55.620	  1.005	  1.494	  0.000
24	  2.760	 57.842	  1.005	  1.494	  0.000
25	  2.760	 60.064	  1.005	  1.494	  0.000
26	  2.760	 62.287	  1.005	  1.494	  0.000
27	  2.760	 64.509	  1.005	  1.494	  0.000
28	  2.760	 66.731	  1.005	  1.494	  0.000
29	  2.760	 68.953	  1.005	  1.494	  0.000
30	  2.760	 71.176	  1.005	  1.494	  0.000
31	  2.760	 73.398	  1.005	  1.494	  0.000
32	  2.760	 75.620	  1.005	  1.494	  0.000
33	  2.760	 77.842	  1.005	  1.494	  0.000
34	  2.760	 80.064	  1.005	  1.494	  0.000
35	  2.760	 82.287	  1.005	  1.494	  0.000
36	  2.760	 84.509	  1.005	  1.494	  0.000
37	  2.760	 86.731	  1.005	  1.494	  0.000
38	  2.760	 88.953	  1.005	  1.494	  0.000
39	  2.760	 91.176	  1.005	  1.494	  0.000
40	  2.760	 93.398	  1.005	  1.494	  0.000
41	  2.760	 95.620	  1.005	  1.494	  0.000
42	  2.760	 97.842	  1.005	  1.494	  0.000
43	  2.760	100.064	  1.005	  1.494	  0.000
44	  2.760	102.287	  1.005	  1.494	  0.000
0	  2.880	  4.688	  1.005	  1.496	  0.000
1	  2.880	  6.910	  1.005	  1.496	  0.000
2	  2.880	  9.133	  1.005	  1.496	  0.000
3	  2.880	 11.355	  1.005	  1.496	  0.000
4	  2.880	 13.577	  1.005	  1.496	  0.000
5	  2.880	 15.799	  1.005	  1.496	  0.000
6	  2.880	 18.022	  1.005	  1.496	  0.000
7	  2.880	 20.244	  1.005	  1.496	  0.000
8	  2.880	 22.466	  1.005	  1.496	  0.000
9	  2.880	 24.688	  1.005	  1.496	  0.000
10	  2.880	 26.910	  1.005	  1.496	  0.000
11	  2.880	 29.133	  1.005	  1.496	  0.000
12	  2.880	 31.355	  1.005	  1.496	  0.000
13	  2.880	 33.577	  1.005	  1.496	  0.000
14	  2.880	 35.799	  1.005	  1.496	  0.000
15	  2.880	 38.022	  1.005	  1.496	  0.000
16	  2.880	 40.244	  1.005	  1.496	  0.000
17	  2.880	 42.466	  1.005	  1.496	  0.000
18	  2.880	 44.688	  1.005	  1.496	  0.000
19	  2.880	 46.910	  1.005	  1.496	  0.000
20	  2.880	 49.133	  1.005	  1.496	  0.000
21	  2.880	 51.355	  1.005	  1.496	  0.000
22	  2.880	 53.577	  1.005	  1.496	  0.000
23	  2.880	 55.799	  1.005	  1.496	  0.000
24	  2.880	 58.022	  1.005	  1.496	  0.000
25	  2.880	 60.244	  1.005	  1.496	  0.000
26	  2.880	 62.466	  1.005	  1.496	  0.000
27	  2.880	 64.688	  1.005	  1.496	  0.000
28	  2.880	 66.910	  1.005	  1.496	  0.000
29	  2.880	 69.133	  1.005	  1.496	  0.000
30	  2.880	 71.355	  1.005	  1.496	  0.000
31	  2.880	 73.577	  1.005	  1.496	  0.000
32	  2.880	 75.799	  1.005	  1.496	  0.000
33	  2.880	 78.022	  1.005	  1.496	  0.000
34	  2.880	 80.244	  1.005	  1.496	  0.000
35	  2.880	 82.466	  1.005	  1.496	  0.000
36	  2.880	 84.688	  1.005	  1.496	  0.000
37	  2.880	 86.910	  1.005	  1.496	  0.000
38	  2.880	 89.133	  1.005	  1.496	  0.000
39	  2.880	 91.355	  1.005	  1.496	  0.000
40	  2.880	 93.577	  1.005	  1.496	  0.000
41	  2.880	 95.799	  1.005	  1.496	  0.000
42	  2.880	 98.022	  1.005	  1.496	  0.000
43	  2.880	100.244	  1.005	  1.496	  0.000
44	  2.880	102.466	  1.005	  1.496	  0.000
0	  3.000	  4.868	  1.005	  1.496	  0.000
1	  3.000	  7.090	  1.005	  1.496	  0.000
2	  3.000	  9.312	  1.005	  1.496	  0.000
3	  3.000	 11.534	  1.005	  1.496	  0.000
4	  3.000	 13.757	  1.005	  1.496	  0.000
5	  3.000	 15.979	  1.005	  1.496	  0.000
6	  3.000	 18.201	  1.005	  1.496	  0.000
7	  3.000	 20.423	  1.005	  1.496	  0.000
8	  3.000	 22.646	  1.005	  1.496	  0.000
9	  3.000	 24.868	  1.005	  1.496	  0.000
10	  3.000	 27.090	  1.005	  1.496	  0.000
11	  3.000	 29.312	  1.005	  1.496	  0.000
12	  3.000	 31.534	  1.005	  1.496	  0.000
13	  3.000	 33.757	  1.005	  1.496	  0.000
14	  3.000	 35.979	  1.005	  1.496	  0.000
15	  3.000	 38.201	  1.005	  1.496	  0.000
16	  3.000	 40.423	  1.005	  1.496	  0.000
17	  3.000	 42.646	  1.005	  1.496	  0.000
18	  3.000	 44.868	  1.005	  1.496	  0.000
19	  3.000	 47.090	  1.005	  1.496	  0.000
20	  3.000	 49.312	  1.005	  1.496	  0.000
21	  3.000	 51.534	  1.005	  1.496	  0.000
22	  3.000	 53.757	  1.005	  1.496	  0.000
23	  3.000	 55.979	  1.005	  1.496	  0.000
24	  3.000	 58.201	  1.005	  1.496	  0.000
25	  3.000	 60.423	  1.005	  1.496	  0.000
26	  3.000	 62.646	  1.005	  1.496	  0.000
27	  3.000	 64.868	  1.005	  1.496	  0.000
28	  3.000	 67.090	  1.005	  1.496	  0.000
29	  3.000	 69.312	  1.005	  1.496	  0.000
30	  3.000	 71.534	  1.005	  1.496	  0.000
31	  3.000	 73.757	  1.005	  1.496	  0.000
32	  3.000	 75.979	  1.005	  1.496	  0.000
33	  3.000	 78.201	  1.005	  1.496	  0.000
34	  3.000	 80.423	  1.005	  1.496	  0.000
35	  3.000	 82.646	  1.005	  1.496	  0.000
36	  3.000	 84.868	  1.005	  1.496	  0.000
37	  3.000	 87.090	  1.005	  1.496	  0.000
38	  3.000	 89.312	  1.005	  1.496	  0.000
39	  3.000	 91.534	  1.005	  1.496	  0.000
40	  3.000	 93.757	  1.005	  1.496	  0.000
41	  3.000	 95.979	  1.005	  1.496	  0.000
42	  3.000	 98.201	  1.005	  1.496	  0.000
43	  3.000	100.423	  1.005	  1.496	  0.000
44	  3.000	102.646	  1.005	  1.496	  0.000
