# id	 time	 x	 y	 vx	 vy
0	  0.000	  1.064	  1.000	  0.010	  0.010
1	  0.000	  3.191	  1.000	  0.010	  0.010
2	  0.000	  5.319	  1.000	  0.010	  0.010
3	  0.000	  7.447	  1.000	  0.010	  0.010
4	  0.000	  9.574	  1.000	  0.010	  0.010
5	  0.000	 11.702	  1.000	  0.010	  0.010
6	  0.000	 13.830	  1.000	  0.010	  0.010
7	  0.000	 15.957	  1.000	  0.010	  0.010
8	  0.000	 18.085	  1.000	  0.010	  0.010
9	  0.000	 20.213	  1.000	  0.010	  0.010
10	  0.000	 22.340	  1.000	  0.010	  0.010
11	  0.000	 24.468	  1.000	  0.010	  0.010
12	  0.000	 26.596	  1.000	  0.010	  0.010
13	  0.000	 28.723	  1.000	  0.010	  0.010
14	  0.000	 30.851	  1.000	  0.010	  0.010
15	  0.000	 32.979	  1.000	  0.010	  0.010
16	  0.000	 35.106	  1.000	  0.010	  0.010
17	  0.000	 37.234	  1.000	  0.010	  0.010
18	  0.000	 39.362	  1.000	  0.010	  0.010
19	  0.000	 41.489	  1.000	  0.010	  0.010
20	  0.000	 43.617	  1.000	  0.010	  0.010
21	  0.000	 45.745	  1.000	  0.010	  0.010
22	  0.000	 47.872	  1.000	  0.010	  0.010
23	  0.000	 50.000	  1.000	  0.010	  0.010
24	  0.000	 52.128	  1.000	  0.010	  0.010
25	  0.000	 54.255	  1.000	  0.010	  0.010
26	  0.000	 56.383	  1.000	  0.010	  0.010
27	  0.000	 58.511	  1.000	  0.010	  0.010
28	  0.000	 60.638	  1.000	  0.010	  0.010
29	  0.000	 62.766	  1.000	  0.010	  0.010
30	  0.000	 64.894	  1.000	  0.010	  0.010
31	  0.000	 67.021	  1.000	  0.010	  0.010
32	  0.000	 69.149	  1.000	  0.010	  0.010
33	  0.000	 71.277	  1.000	  0.010	  0.010
34	  0.000	 73.404	  1.000	  0.010	  0.010
35	  0.000	 75.532	  1.000	  0.010	  0.010
36	  0.000	 77.660	  1.000	  0.010	  0.010
37	  0.000	 79.787	  1.000	  0.010	  0.010
38	  0.000	 81.915	  1.000	  0.010	  0.010
39	  0.000	 84.043	  1.000	  0.010	  0.010
40	  0.000	 86.170	  1.000	  0.010	  0.010
41	  0.000	 88.298	  1.000	  0.010	  0.010
42	  0.000	 90.426	  1.000	  0.010	  0.010
43	  0.000	 92.553	  1.000	  0.010	  0.010
44	  0.000	 94.681	  1.000	  0.010	  0.010
45	  0.000	 96.809	  1.000	  0.010	  0.010
46	  0.000	 98.936	  1.000	  0.010	  0.010
0	  0.120	  1.083	  1.001	  0.331	  0.008
1	  0.120	  3.211	  1.001	  0.331	  0.008
2	  0.120	  5.339	  1.001	  0.331	  0.008
3	  0.120	  7.466	  1.001	  0.331	  0.008
4	  0.120	  9.594	  1.001	  0.331	  0.008
5	  0.120	 11.722	  1.001	  0.331	  0.008
6	  0.120	 13.849	  1.001	  0.331	  0.008
7	  0.120	 15.977	  1.001	  0.331	  0.008
8	  0.120	 18.105	  1.001	  0.331	  0.008
9	  0.120	 20.232	  1.001	  0.331	  0.008
10	  0.120	 22.360	  1.001	  0.331	  0.008
11	  0.120	 24.488	  1.001	  0.331	  0.008
12	  0.120	 26.615	  1.001	  0.331	  0.008
13	  0.120	 28.743	  1.001	  0.331	  0.008
14	  0.120	 30.871	  1.001	  0.331	  0.008
15	  0.120	 32.998	  1.001	  0.331	  0.008
16	  0.120	 35.126	  1.001	  0.331	  0.008
17	  0.120	 37.254	  1.001	  0.331	  0.008
18	  0.120	 39.381	  1.001	  0.331	  0.008
19	  0.120	 41.509	  1.001	  0.331	  0.008
20	  0.120	 43.637	  1.001	  0.331	  0.008
21	  0.120	 45.764	  1.001	  0.331	  0.008
22	  0.120	 47.892	  1.001	  0.331	  0.008
23	  0.120	 50.020	  1.001	  0.331	  0.008
24	  0.120	 52.147	  1.001	  0.331	  0.008
25	  0.120	 54.275	  1.001	  0.331	  0.008
26	  0.120	 56.403	  1.001	  0.331	  0.008
27	  0.120	 58.530	  1.001	  0.331	  0.008
28	  0.120	 60.658	  1.001	  0.331	  0.008
29	  0.120	 62.786	  1.001	  0.331	  0.008
30	  0.120	 64.913	  1.001	  0.331	  0.008
31	  0.120	 67.041	  1.001	  0.331	  0.008
32	  0.120	 69.169	  1.001	  0.331	  0.008
33	  0.120	 71.296	  1.001	  0.331	  0.008
34	  0.120	 73.424	  1.001	  0.331	  0.008
35	  0.120	 75.552	  1.001	  0.331	  0.008
36	  0.120	 77.679	  1.001	  0.331	  0.008
37	  0.120	 79.807	  1.001	  0.331	  0.008
38	  0.120	 81.935	  1.001	  0.331	  0.008
39	  0.120	 84.062	  1.001	  0.331	  0.008
40	  0.120	 86.190	  1.001	  0.331	  0.008
41	  0.120	 88.317	  1.001	  0.331	  0.008
42	  0.120	 90.445	  1.001	  0.331	  0.008
43	  0.120	 92.573	  1.001	  0.331	  0.008
44	  0.120	 94.700	  1.001	  0.331	  0.008
45	  0.120	 96.828	  1.001	  0.331	  0.008
46	  0.120	 98.956	  1.001	  0.331	  0.008
0	  0.240	  1.138	  1.002	  0.582	  0.006
1	  0.240	  3.265	  1.002	  0.582	  0.006
2	  0.240	  5.393	  1.002	  0.582	  0.006
3	  0.240	  7.521	  1.002	  0.582	  0.006
4	  0.240	  9.648	  1.002	  0.582	  0.006
5	  0.240	 11.776	  1.002	  0.582	  0.006
6	  0.240	 13.904	  1.002	  0.582	  0.006
7	  0.240	 16.031	  1.002	  0.582	  0.006
8	  0.240	 18.159	  1.002	  0.582	  0.006
9	  0.240	 20.287	  1.002	  0.582	  0.006
10	  0.240	 22.414	  1.002	  0.582	  0.006
11	  0.240	 24.542	  1.002	  0.582	  0.006
12	  0.240	 26.669	  1.002	  0.582	  0.006
13	  0.240	 28.797	  1.002	  0.582	  0.006
14	  0.240	 30.925	  1.002	  0.582	  0.006
15	  0.240	 33.052	  1.002	  0.582	  0.006
16	  0.240	 35.180	  1.002	  0.582	  0.006
17	  0.240	 37.308	  1.002	  0.582	  0.006
18	  0.240	 39.435	  1.002	  0.582	  0.006
19	  0.240	 41.563	  1.002	  0.582	  0.006
20	  0.240	 43.691	  1.002	  0.582	  0.006
21	  0.240	 45.818	  1.002	  0.582	  0.006
22	  0.240	 47.946	  1.002	  0.582	  0.006
23	  0.240	 50.074	  1.002	  0.582	  0.006
24	  0.240	 52.201	  1.002	  0.582	  0.006
25	  0.240	 54.329	  1.002	  0.582	  0.006
26	  0.240	 56.457	  1.002	  0.582	  0.006
27	  0.240	 58.584	  1.002	  0.582	  0.006
28	  0.240	 60.712	  1.002	  0.582	  0.006
29	  0.240	 62.840	  1.002	  0.582	  0.006
30	  0.240	 64.967	  1.002	  0.582	  0.006
31	  0.240	 67.095	  1.002	  0.582	  0.006
32	  0.240	 69.223	  1.002	  0.582	  0.006
33	  0.240	 71.350	  1.002	  0.582	  0.006
34	  0.240	 73.478	  1.002	  0.582	  0.006
35	  0.240	 75.606	  1.002	  0.582	  0.006
36	  0.240	 77.733	  1.002	  0.582	  0.006
37	  0.240	 79.861	  1.002	  0.582	  0.006
38	  0.240	 81.989	  1.002	  0.582	  0.006
39	  0.240	 84.116	  1.002	  0.582	  0.006
40	  0.240	 86.244	  1.002	  0.582	  0.006
41	  0.240	 88.372	  1.002	  0.582	  0.006
42	  0.240	 90.499	  1.002	  0.582	  0.006
43	  0.240	 92.627	  1.002	  0.582	  0.006
44	  0.240	 94.755	  1.002	  0.582	  0.006
45	  0.240	 96.882	  1.002	  0.582	  0.006
46	  0.240	 99.010	  1.002	  0.582	  0.006
0	  0.360	  1.219	  1.003	  0.780	  0.005
1	  0.360	  3.346	  1.003	  0.780	  0.005
2	  0.360	  5.474	  1.003	  0.780	  0.005
3	  0.360	  7.602	  1.003	  0.780	  0.005
4	  0.360	  9.729	  1.003	  0.780	  0.005
5	  0.360	 11.857	  1.003	  0.780	  0.005
6	  0.360	 13.985	  1.003	  0.780	  0.005
7	  0.360	 16.112	  1.003	  0.780	  0.005
8	  0.360	 18.240	  1.003	  0.780	  0.005
9	  0.360	 20.368	  1.003	  0.780	  0.005
10	  0.360	 22.495	  1.003	  0.780	  0.005
11	  0.360	 24.623	  1.003	  0.780	  0.005
12	  0.360	 26.751	  1.003	  0.780	  0.005
13	  0.360	 28.878	  1.003	  0.780	  0.005
14	  0.360	 31.006	  1.003	  0.780	  0.005
15	  0.360	 33.134	  1.003	  0.780	  0.005
16	  0.360	 35.261	  1.003	  0.780	  0.005
17	  0.360	 37.389	  1.003	  0.780	  0.005
18	  0.360	 39.517	  1.003	  0.780	  0.005
19	  0.360	 41.644	  1.003	  0.780	  0.005
20	  0.360	 43.772	  1.003	  0.780	  0.005
21	  0.360	 45.900	  1.003	  0.780	  0.005
22	  0.360	 48.027	  1.003	  0.780	  0.005
23	  0.360	 50.155	  1.003	  0.780	  0.005
24	  0.360	 52.283	  1.003	  0.780	  0.005
25	  0.360	 54.410	  1.003	  0.780	  0.005
26	  0.360	 56.538	  1.003	  0.780	  0.005
27	  0.360	 58.666	  1.003	  0.780	  0.005
28	  0.360	 60.793	  1.003	  0.780	  0.005
29	  0.360	 62.921	  1.003	  0.780	  0.005
30	  0.360	 65.049	  1.003	  0.780	  0.005
31	  0.360	 67.176	  1.003	  0.780	  0.005
32	  0.360	 69.304	  1.003	  0.780	  0.005
33	  0.360	 71.432	  1.003	  0.780	  0.005
34	  0.360	 73.559	  1.003	  0.780	  0.005
35	  0.360	 75.687	  1.003	  0.780	  0.005
36	  0.360	 77.815	  1.003	  0.780	  0.005
37	  0.360	 79.942	  1.003	  0.780	  0.005
38	  0.360	 82.070	  1.003	  0.780	  0.005
39	  0.360	 84.198	  1.003	  0.780	  0.005
40	  0.360	 86.325	  1.003	  0.780	  0.005
41	  0.360	 88.453	  1.003	  0.780	  0.005
42	  0.360	 90.581	  1.003	  0.780	  0.005
43	  0.360	 92.708	  1.003	  0.780	  0.005
44	  0.360	 94.836	  1.003	  0.780	  0.005
45	  0.360	 96.963	  1.003	  0.780	  0.005
46	  0.360	 99.091	  1.003	  0.780	  0.005
0	  0.480	  1.321	  1.003	  0.935	  0.004
1	  0.480	  3.449	  1.003	  0.935	  0.004
2	  0.480	  5.577	  1.003	  0.935	  0.004
3	  0.480	  7.704	  1.003	  0.935	  0.004
4	  0.480	  9.832	  1.003	  0.935	  0.004
5	  0.480	 11.960	  1.003	  0.935	  0.004
6	  0.480	 14.087	  1.003	  0.935	  0.004
7	  0.480	 16.215	  1.003	  0.935	  0.004
8	  0.480	 18.343	  1.003	  0.935	  0.004
9	  0.480	 20.470	  1.003	  0.935	  0.004
10	  0.480	 22.598	  1.003	  0.935	  0.004
11	  0.480	 24.726	  1.003	  0.935	  0.004
12	  0.480	 26.853	  1.003	  0.935	  0.004
13	  0.480	 28.981	  1.003	  0.935	  0.004
14	  0.480	 31.109	  1.003	  0.935	  0.004
15	  0.480	 33.236	  1.003	  0.935	  0.004
16	  0.480	 35.364	  1.003	  0.935	  0.004
17	  0.480	 37.492	  1.003	  0.935	  0.004
18	  0.480	 39.619	  1.003	  0.935	  0.004
19	  0.480	 41.747	  1.003	  0.935	  0.004
20	  0.480	 43.874	  1.003	  0.935	  0.004
21	  0.480	 46.002	  1.003	  0.935	  0.004
22	  0.480	 48.130	  1.003	  0.935	  0.004
23	  0.480	 50.257	  1.003	  0.935	  0.004
24	  0.480	 52.385	  1.003	  0.935	  0.004
25	  0.480	 54.513	  1.003	  0.935	  0.004
26	  0.480	 56.640	  1.003	  0.935	  0.004
27	  0.480	 58.768	  1.003	  0.935	  0.004
28	  0.480	 60.896	  1.003	  0.935	  0.004
29	  0.480	 63.023	  1.003	  0.935	  0.004
30	  0.480	 65.151	  1.003	  0.935	  0.004
31	  0.480	 67.279	  1.003	  0.935	  0.004
32	  0.480	 69.406	  1.003	  0.935	  0.004
33	  0.480	 71.534	  1.003	  0.935	  0.004
34	  0.480	 73.662	  1.003	  0.935	  0.004
35	  0.480	 75.789	  1.003	  0.935	  0.004
36	  0.480	 77.917	  1.003	  0.935	  0.004
37	  0.480	 80.045	  1.003	  0.935	  0.004
38	  0.480	 82.172	  1.003	  0.935	  0.004
39	  0.480	 84.300	  1.003	  0.935	  0.004
40	  0.480	 86.428	  1.003	  0.935	  0.004
41	  0.480	 88.555	  1.003	  0.935	  0.004
42	  0.480	 90.683	  1.003	  0.935	  0.004
43	  0.480	 92.811	  1.003	  0.935	  0.004
44	  0.480	 94.938	  1.003	  0.935	  0.004
45	  0.480	 97.066	  1.003	  0.935	  0.004
46	  0.480	 99.194	  1.003	  0.935	  0.004
0	  0.600	  1.440	  1.004	  1.057	  0.003
1	  0.600	  3.568	  1.004	  1.057	  0.003
2	  0.600	  5.696	  1.004	  1.057	  0.003
3	  0.600	  7.823	  1.004	  1.057	  0.003
4	  0.600	  9.951	  1.004	  1.057	  0.003
5	  0.600	 12.079	  1.004	  1.057	  0.003
6	  0.600	 14.206	  1.004	  1.057	  0.003
7	  0.600	 16.334	  1.004	  1.057	  0.003
8	  0.600	 18.462	  1.004	  1.057	  0.003
9	  0.600	 20.589	  1.004	  1.057	  0.003
10	  0.600	 22.717	  1.004	  1.057	  0.003
11	  0.600	 24.845	  1.004	  1.057	  0.003
12	  0.600	 26.972	  1.004	  1.057	  0.003
13	  0.600	 29.100	  1.004	  1.057	  0.003
14	  0.600	 31.228	  1.004	  1.057	  0.003
15	  0.600	 33.355	  1.004	  1.057	  0.003
16	  0.600	 35.483	  1.004	  1.057	  0.003
17	  0.600	 37.611	  1.004	  1.057	  0.003
18	  0.600	 39.738	  1.004	  1.057	  0.003
19	  0.600	 41.866	  1.004	  1.057	  0.003
20	  0.600	 43.994	  1.004	  1.057	  0.003
21	  0.600	 46.121	  1.004	  1.057	  0.003
22	  0.600	 48.249	  1.004	  1.057	  0.003
23	  0.600	 50.377	  1.004	  1.057	  0.003
24	  0.600	 52.504	  1.004	  1.057	  0.003
25	  0.600	 54.632	  1.004	  1.057	  0.003
26	  0.600	 56.760	  1.004	  1.057	  0.003
27	  0.600	 58.887	  1.004	  1.057	  0.003
28	  0.600	 61.015	  1.004	  1.057	  0.003
29	  0.600	 63.143	  1.004	  1.057	  0.003
30	  0.600	 65.270	  1.004	  1.057	  0.003
31	  0.600	 67.398	  1.004	  1.057	  0.003
32	  0.600	 69.526	  1.004	  1.057	  0.003
33	  0.600	 71.653	  1.004	  1.057	  0.003
34	  0.600	 73.781	  1.004	  1.057	  0.003
35	  0.600	 75.909	  1.004	  1.057	  0.003
36	  0.600	 78.036	  1.004	  1.057	  0.003
37	  0.600	 80.164	  1.004	  1.057	  0.003
38	  0.600	 82.292	  1.004	  1.057	  0.003
39	  0.600	 84.419	  1.004	  1.057	  0.003
40	  0.600	 86.547	  1.004	  1.057	  0.003
41	  0.600	 88.675	  1.004	  1.057	  0.003
42	  0.600	 90.802	  1.004	  1.057	  0.003
43	  0.600	 92.930	  1.004	  1.057	  0.003
44	  0.600	 95.057	  1.004	  1.057	  0.003
45	  0.600	 97.185	  1.004	  1.057	  0.003
46	  0.600	 99.313	  1.004	  1.057	  0.003
0	  0.720	  1.573	  1.004	  1.152	  0.002
1	  0.720	  3.700	  1.004	  1.152	  0.002
2	  0.720	  5.828	  1.004	  1.152	  0.002
3	  0.720	  7.956	  1.004	  1.152	  0.002
4	  0.720	 10.083	  1.004	  1.152	  0.002
5	  0.720	 12.211	  1.004	  1.152	  0.002
6	  0.720	 14.339	  1.004	  1.152	  0.002
7	  0.720	 16.466	  1.004	  1.152	  0.002
8	  0.720	 18.594	  1.004	  1.152	  0.002
9	  0.720	 20.722	  1.004	  1.152	  0.002
10	  0.720	 22.849	  1.004	  1.152	  0.002
11	  0.720	 24.977	  1.004	  1.152	  0.002
12	  0.720	 27.105	  1.004	  1.152	  0.002
13	  0.720	 29.232	  1.004	  1.152	  0.002
14	  0.720	 31.360	  1.004	  1.152	  0.002
15	  0.720	 33.488	  1.004	  1.152	  0.002
16	  0.720	 35.615	  1.004	  1.152	  0.002
17	  0.720	 37.743	  1.004	  1.152	  0.002
18	  0.720	 39.871	  1.004	  1.152	  0.002
19	  0.720	 41.998	  1.004	  1.152	  0.002
20	  0.720	 44.126	  1.004	  1.152	  0.002
21	  0.720	 46.254	  1.004	  1.152	  0.002
22	  0.720	 48.381	  1.004	  1.152	  0.002
23	  0.720	 50.509	  1.004	  1.152	  0.002
24	  0.720	 52.637	  1.004	  1.152	  0.002
25	  0.720	 54.764	  1.004	  1.152	  0.002
26	  0.720	 56.892	  1.004	  1.152	  0.002
27	  0.720	 59.020	  1.004	  1.152	  0.002
28	  0.720	 61.147	  1.004	  1.152	  0.002
29	  0.720	 63.275	  1.004	  1.152	  0.002
30	  0.720	 65.403	  1.004	  1.152	  0.002
31	  0.720	 67.530	  1.004	  1.152	  0.002
32	  0.720	 69.658	  1.004	  1.152	  0.002
33	  0.720	 71.786	  1.004	  1.152	  0.002
34	  0.720	 73.913	  1.004	  1.152	  0.002
35	  0.720	 76.041	  1.004	  1.152	  0.002
36	  0.720	 78.168	  1.004	  1.152	  0.002
37	  0.720	 80.296	  1.004	  1.152	  0.002
38	  0.720	 82.424	  1.004	  1.152	  0.002
39	  0.720	 84.551	  1.004	  1.152	  0.002
40	  0.720	 86.679	  1.004	  1.152	  0.002
41	  0.720	 88.807	  1.004	  1.152	  0.002
42	  0.720	 90.934	  1.004	  1.152	  0.002
43	  0.720	 93.062	  1.004	  1.152	  0.002
44	  0.720	 95.190	  1.004	  1.152	  0.002
45	  0.720	 97.317	  1.004	  1.152	  0.002
46	  0.720	 99.445	  1.004	  1.152	  0.002
0	  0.840	  1.715	  1.004	  1.227	  0.002
1	  0.840	  3.843	  1.004	  1.227	  0.002
2	  0.840	  5.971	  1.004	  1.227	  0.002
3	  0.840	  8.098	  1.004	  1.227	  0.002
4	  0.840	 10.226	  1.004	  1.227	  0.002
5	  0.840	 12.354	  1.004	  1.227	  0.002
6	  0.840	 14.481	  1.004	  1.227	  0.002
7	  0.840	 16.609	  1.004	  1.227	  0.002
8	  0.840	 18.737	  1.004	  1.227	  0.002
9	  0.840	 20.864	  1.004	  1.227	  0.002
10	  0.840	 22.992	  1.004	  1.227	  0.002
11	  0.840	 25.120	  1.004	  1.227	  0.002
12	  0.840	 27.247	  1.004	  1.227	  0.002
13	  0.840	 29.375	  1.004	  1.227	  0.002
14	  0.840	 31.503	  1.004	  1.227	  0.002
15	  0.840	 33.630	  1.004	  1.227	  0.002
16	  0.840	 35.758	  1.004	  1.227	  0.002
17	  0.840	 37.885	  1.004	  1.227	  0.002
18	  0.840	 40.013	  1.004	  1.227	  0.002
19	  0.840	 42.141	  1.004	  1.227	  0.002
20	  0.840	 44.268	  1.004	  1.227	  0.002
21	  0.840	 46.396	  1.004	  1.227	  0.002
22	  0.840	 48.524	  1.004	  1.227	  0.002
23	  0.840	 50.651	  1.004	  1.227	  0.002
24	  0.840	 52.779	  1.004	  1.227	  0.002
25	  0.840	 54.907	  1.004	  1.227	  0.002
26	  0.840	 57.034	  1.004	  1.227	  0.002
27	  0.840	 59.162	  1.004	  1.227	  0.002
28	  0.840	 61.290	  1.004	  1.227	  0.002
29	  0.840	 63.417	  1.004	  1.227	  0.002
30	  0.840	 65.545	  1.004	  1.227	  0.002
31	  0.840	 67.673	  1.004	  1.227	  0.002
32	  0.840	 69.800	  1.004	  1.227	  0.002
33	  0.840	 71.928	  1.004	  1.227	  0.002
34	  0.840	 74.056	  1.004	  1.227	  0.002
35	  0.840	 76.183	  1.004	  1.227	  0.002
36	  0.840	 78.311	  1.004	  1.227	  0.002
37	  0.840	 80.439	  1.004	  1.227	  0.002
38	  0.840	 82.566	  1.004	  1.227	  0.002
39	  0.840	 84.694	  1.004	  1.227	  0.002
40	  0.840	 86.822	  1.004	  1.227	  0.002
41	  0.840	 88.949	  1.004	  1.227	  0.002
42	  0.840	 91.077	  1.004	  1.227	  0.002
43	  0.840	 93.205	  1.004	  1.227	  0.002
44	  0.840	 95.332	  1.004	  1.227	  0.002
45	  0.840	 97.460	  1.004	  1.227	  0.002
46	  0.840	 99.588	  1.004	  1.227	  0.002
0	  0.960	  1.866	  1.004	  1.286	  0.001
1	  0.960	  3.994	  1.004	  1.286	  0.001
2	  0.960	  6.121	  1.004	  1.286	  0.001
3	  0.960	  8.249	  1.004	  1.286	  0.001
4	  0.960	 10.377	  1.004	  1.286	  0.001
5	  0.960	 12.504	  1.004	  1.286	  0.001
6	  0.960	 14.632	  1.004	  1.286	  0.001
7	  0.960	 16.760	  1.004	  1.286	  0.001
8	  0.960	 18.887	  1.004	  1.286	  0.001
9	  0.960	 21.015	  1.004	  1.286	  0.001
10	  0.960	 23.142	  1.004	  1.286	  0.001
11	  0.960	 25.270	  1.004	  1.286	  0.001
12	  0.960	 27.398	  1.004	  1.286	  0.001
13	  0.960	 29.525	  1.004	  1.286	  0.001
14	  0.960	 31.653	  1.004	  1.286	  0.001
15	  0.960	 33.781	  1.004	  1.286	  0.001
16	  0.960	 35.908	  1.004	  1.286	  0.001
17	  0.960	 38.036	  1.004	  1.286	  0.001
18	  0.960	 40.164	  1.004	  1.286	  0.001
19	  0.960	 42.291	  1.004	  1.286	  0.001
20	  0.960	 44.419	  1.004	  1.286	  0.001
21	  0.960	 46.547	  1.004	  1.286	  0.001
22	  0.960	 48.674	  1.004	  1.286	  0.001
23	  0.960	 50.802	  1.004	  1.286	  0.001
24	  0.960	 52.930	  1.004	  1.286	  0.001
25	  0.960	 55.057	  1.004	  1.286	  0.001
26	  0.960	 57.185	  1.004	  1.286	  0.001
27	  0.960	 59.313	  1.004	  1.286	  0.001
28	  0.960	 61.440	  1.004	  1.286	  0.001
29	  0.960	 63.568	  1.004	  1.286	  0.001
30	  0.960	 65.696	  1.004	  1.286	  0.001
31	  0.960	 67.823	  1.004	  1.286	  0.001
32	  0.960	 69.951	  1.004	  1.286	  0.001
33	  0.960	 72.079	  1.004	  1.286	  0.001
34	  0.960	 74.206	  1.004	  1.286	  0.001
35	  0.960	 76.334	  1.004	  1.286	  0.001
36	  0.960	 78.462	  1.004	  1.286	  0.001
37	  0.960	 80.589	  1.004	  1.286	  0.001
38	  0.960	 82.717	  1.004	  1.286	  0.001
39	  0.960	 84.845	  1.004	  1.286	  0.001
40	  0.960	 86.972	  1.004	  1.286	  0.001
41	  0.960	 89.100	  1.004	  1.286	  0.001
42	  0.960	 91.228	  1.004	  1.286	  0.001
43	  0.960	 93.355	  1.004	  1.286	  0.001
44	  0.960	 95.483	  1.004	  1.286	  0.001
45	  0.960	 97.611	  1.004	  1.286	  0.001
46	  0.960	 99.738	  1.004	  1.286	  0.001
0	  1.080	  2.023	  1.004	  1.332	  0.001
1	  1.080	  4.150	  1.004	  1.332	  0.001
2	  1.080	  6.278	  1.004	  1.332	  0.001
3	  1.080	  8.406	  1.004	  1.332	  0.001
4	  1.080	 10.533	  1.004	  1.332	  0.001
5	  1.080	 12.661	  1.004	  1.332	  0.001
6	  1.080	 14.789	  1.004	  1.332	  0.001
7	  1.080	 16.916	  1.004	  1.332	  0.001
8	  1.080	 19.044	  1.004	  1.332	  0.001
9	  1.080	 21.172	  1.004	  1.332	  0.001
10	  1.080	 23.299	  1.004	  1.332	  0.001
11	  1.080	 25.427	  1.004	  1.332	  0.001
12	  1.080	 27.555	  1.004	  1.332	  0.001
13	  1.080	 29.682	  1.004	  1.332	  0.001
14	  1.080	 31.810	  1.004	  1.332	  0.001
15	  1.080	 33.938	  1.004	  1.332	  0.001
16	  1.080	 36.065	  1.004	  1.332	  0.001
17	  1.080	 38.193	  1.004	  1.332	  0.001
18	  1.080	 40.321	  1.004	  1.332	  0.001
19	  1.080	 42.448	  1.004	  1.332	  0.001
20	  1.080	 44.576	  1.004	  1.332	  0.001
21	  1.080	 46.704	  1.004	  1.332	  0.001
22	  1.080	 48.831	  1.004	  1.332	  0.001
23	  1.080	 50.959	  1.004	  1.332	  0.001
24	  1.080	 53.087	  1.004	  1.332	  0.001
25	  1.080	 55.214	  1.004	  1.332	  0.001
26	  1.080	 57.342	  1.004	  1.332	  0.001
27	  1.080	 59.470	  1.004	  1.332	  0.001
28	  1.080	 61.597	  1.004	  1.332	  0.001
29	  1.080	 63.725	  1.004	  1.332	  0.001
30	  1.080	 65.853	  1.004	  1.332	  0.001
31	  1.080	 67.980	  1.004	  1.332	  0.001
32	  1.080	 70.108	  1.004	  1.332	  0.001
33	  1.080	 72.236	  1.004	  1.332	  0.001
34	  1.080	 74.363	  1.004	  1.332	  0.001
35	  1.080	 76.491	  1.004	  1.332	  0.001
36	  1.080	 78.619	  1.004	  1.332	  0.001
37	  1.080	 80.746	  1.004	  1.332	  0.001
38	  1.080	 82.874	  1.004	  1.332	  0.001
39	  1.080	 85.002	  1.004	  1.332	  0.001
40	  1.080	 87.129	  1.004	  1.332	  0.001
41	  1.080	 89.257	  1.004	  1.332	  0.001
42	  1.080	 91.385	  1.004	  1.332	  0.001
43	  1.080	 93.512	  1.004	  1.332	  0.001
44	  1.080	 95.640	  1.004	  1.332	  0.001
45	  1.080	 97.767	  1.004	  1.332	  0.001
46	  1.080	 99.895	  1.004	  1.332	  0.001
0	  1.200	  2.185	  1.005	  1.368	  0.001
1	  1.200	  4.312	  1.005	  1.368	  0.001
2	  1.200	  6.440	  1.005	  1.368	  0.001
3	  1.200	  8.568	  1.005	  1.368	  0.001
4	  1.200	 10.695	  1.005	  1.368	  0.001
5	  1.200	 12.823	  1.005	  1.368	  0.001
6	  1.200	 14.951	  1.005	  1.368	  0.001
7	  1.200	 17.078	  1.005	  1.368	  0.001
8	  1.200	 19.206	  1.005	  1.368	  0.001
9	  1.200	 21.334	  1.005	  1.368	  0.001
10	  1.200	 23.461	  1.005	  1.368	  0.001
11	  1.200	 25.589	  1.005	  1.368	  0.001
12	  1.200	 27.717	  1.005	  1.368	  0.001
13	  1.200	 29.844	  1.005	  1.368	  0.001
14	  1.200	 31.972	  1.005	  1.368	  0.001
15	  1.200	 34.100	  1.005	  1.368	  0.001
16	  1.200	 36.227	  1.005	  1.368	  0.001
17	  1.200	 38.355	  1.005	  1.368	  0.001
18	  1.200	 40.483	  1.005	  1.368	  0.001
19	  1.200	 42.610	  1.005	  1.368	  0.001
20	  1.200	 44.738	  1.005	  1.368	  0.001
21	  1.200	 46.866	  1.005	  1.368	  0.001
22	  1.200	 48.993	  1.005	  1.368	  0.001
23	  1.200	 51.121	  1.005	  1.368	  0.001
24	  1.200	 53.249	  1.005	  1.368	  0.001
25	  1.200	 55.376	  1.005	  1.368	  0.001
26	  1.200	 57.504	  1.005	  1.368	  0.001
27	  1.200	 59.632	  1.005	  1.368	  0.001
28	  1.200	 61.759	  1.005	  1.368	  0.001
29	  1.200	 63.887	  1.005	  1.368	  0.001
30	  1.200	 66.014	  1.005	  1.368	  0.001
31	  1.200	 68.142	  1.005	  1.368	  0.001
32	  1.200	 70.270	  1.005	  1.368	  0.001
33	  1.200	 72.397	  1.005	  1.368	  0.001
34	  1.200	 74.525	  1.005	  1.368	  0.001
35	  1.200	 76.653	  1.005	  1.368	  0.001
36	  1.200	 78.780	  1.005	  1.368	  0.001
37	  1.200	 80.908	  1.005	  1.368	  0.001
38	  1.200	 83.036	  1.005	  1.368	  0.001
39	  1.200	 85.163	  1.005	  1.368	  0.001
40	  1.200	 87.291	  1.005	  1.368	  0.001
41	  1.200	 89.419	  1.005	  1.368	  0.001
42	  1.200	 91.546	  1.005	  1.368	  0.001
43	  1.200	 93.674	  1.005	  1.368	  0.001
44	  1.200	 95.802	  1.005	  1.368	  0.001
45	  1.200	 97.929	  1.005	  1.368	  0.001
46	  1.200	100.057	  1.005	  1.368	  0.001
0	  1.320	  2.350	  1.005	  1.396	  0.001
1	  1.320	  4.478	  1.005	  1.396	  0.001
2	  1.320	  6.606	  1.005	  1.396	  0.001
3	  1.320	  8.733	  1.005	  1.396	  0.001
4	  1.320	 10.861	  1.005	  1.396	  0.001
5	  1.320	 12.989	  1.005	  1.396	  0.001
6	  1.320	 15.116	  1.005	  1.396	  0.001
7	  1.320	 17.244	  1.005	  1.396	  0.001
8	  1.320	 19.372	  1.005	  1.396	  0.001
9	  1.320	 21.499	  1.005	  1.396	  0.001
10	  1.320	 23.627	  1.005	  1.396	  0.001
11	  1.320	 25.755	  1.005	  1.396	  0.001
12	  1.320	 27.882	  1.005	  1.396	  0.001
13	  1.320	 30.010	  1.005	  1.396	  0.001
14	  1.320	 32.138	  1.005	  1.396	  0.001
15	  1.320	 34.265	  1.005	  1.396	  0.001
16	  1.320	 36.393	  1.005	  1.396	  0.001
17	  1.320	 38.521	  1.005	  1.396	  0.001
18	  1.320	 40.648	  1.005	  1.396	  0.001
19	  1.320	 42.776	  1.005	  1.396	  0.001
20	  1.320	 44.904	  1.005	  1.396	  0.001
21	  1.320	 47.031	  1.005	  1.396	  0.001
22	  1.320	 49.159	  1.005	  1.396	  0.001
23	  1.320	 51.287	  1.005	  1.396	  0.001
24	  1.320	 53.414	  1.005	  1.396	  0.001
25	  1.320	 55.542	  1.005	  1.396	  0.001
26	  1.320	 57.670	  1.005	  1.396	  0.001
27	  1.320	 59.797	  1.005	  1.396	  0.001
28	  1.320	 61.925	  1.005	  1.396	  0.001
29	  1.320	 64.053	  1.005	  1.396	  0.001
30	  1.320	 66.180	  1.005	  1.396	  0.001
31	  1.320	 68.308	  1.005	  1.396	  0.001
32	  1.320	 70.436	  1.005	  1.396	  0.001
33	  1.320	 72.563	  1.005	  1.396	  0.001
34	  1.320	 74.691	  1.005	  1.396	  0.001
35	  1.320	 76.819	  1.005	  1.396	  0.001
36	  1.320	 78.946	  1.005	  1.396	  0.001
37	  1.320	 81.074	  1.005	  1.396	  0.001
38	  1.320	 83.202	  1.005	  1.396	  0.001
39	  1.320	 85.329	  1.005	  1.396	  0.001
40	  1.320	 87.457	  1.005	  1.396	  0.001
41	  1.320	 89.585	  1.005	  1.396	  0.001
42	  1.320	 91.712	  1.005	  1.396	  0.001
43	  1.320	 93.840	  1.005	  1.396	  0.001
44	  1.320	 95.968	  1.005	  1.396	  0.001
45	  1.320	 98.095	  1.005	  1.396	  0.001
46	  1.320	100.223	  1.005	  1.396	  0.001
0	  1.440	  2.519	  1.005	  1.419	  0.001
1	  1.440	  4.647	  1.005	  1.419	  0.001
2	  1.440	  6.775	  1.005	  1.419	  0.001
3	  1.440	  8.902	  1.005	  1.419	  0.001
4	  1.440	 11.030	  1.005	  1.419	  0.001
5	  1.440	 13.158	  1.005	  1.419	  0.001
6	  1.440	 15.285	  1.005	  1.419	  0.001
7	  1.440	 17.413	  1.005	  1.419	  0.001
8	  1.440	 19.541	  1.005	  1.419	  0.001
9	  1.440	 21.668	  1.005	  1.419	  0.001
10	  1.440	 23.796	  1.005	  1.419	  0.001
11	  1.440	 25.924	  1.005	  1.419	  0.001
12	  1.440	 28.051	  1.005	  1.419	  0.001
13	  1.440	 30.179	  1.005	  1.419	  0.001
14	  1.440	 32.307	  1.005	  1.419	  0.001
15	  1.440	 34.434	  1.005	  1.419	  0.001
16	  1.440	 36.562	  1.005	  1.419	  0.001
17	  1.440	 38.690	  1.005	  1.419	  0.001
18	  1.440	 40.817	  1.005	  1.419	  0.001
19	  1.440	 42.945	  1.005	  1.419	  0.001
20	  1.440	 45.073	  1.005	  1.419	  0.001
21	  1.440	 47.200	  1.005	  1.419	  0.001
22	  1.440	 49.328	  1.005	  1.419	  0.001
23	  1.440	 51.456	  1.005	  1.419	  0.001
24	  1.440	 53.583	  1.005	  1.419	  0.001
25	  1.440	 55.711	  1.005	  1.419	  0.001
26	  1.440	 57.838	  1.005	  1.419	  0.001
27	  1.440	 59.966	  1.005	  1.419	  0.001
28	  1.440	 62.094	  1.005	  1.419	  0.001
29	  1.440	 64.221	  1.005	  1.419	  0.001
30	  1.440	 66.349	  1.005	  1.419	  0.001
31	  1.440	 68.477	  1.005	  1.419	  0.001
32	  1.440	 70.604	  1.005	  1.419	  0.001
33	  1.440	 72.732	  1.005	  1.419	  0.001
34	  1.440	 74.860	  1.005	  1.419	  0.001
35	  1.440	 76.987	  1.005	  1.419	  0.001
36	  1.440	 79.115	  1.005	  1.419	  0.001
37	  1.440	 81.243	  1.005	  1.419	  0.001
38	  1.440	 83.370	  1.005	  1.419	  0.001
39	  1.440	 85.498	  1.005	  1.419	  0.001
40	  1.440	 87.626	  1.005	  1.419	  0.001
41	  1.440	 89.753	  1.005	  1.419	  0.001
42	  1.440	 91.881	  1.005	  1.419	  0.001
43	  1.440	 94.009	  1.005	  1.419	  0.001
44	  1.440	 96.136	  1.005	  1.419	  0.001
45	  1.440	 98.264	  1.005	  1.419	  0.001
46	  1.440	100.392	  1.005	  1.419	  0.001
0	  1.560	  2.691	  1.005	  1.436	  0.000
1	  1.560	  4.818	  1.005	  1.436	  0.000
2	  1.560	  6.946	  1.005	  1.436	  0.000
3	  1.560	  9.074	  1.005	  1.436	  0.000
4	  1.560	 11.201	  1.005	  1.436	  0.000
5	  1.560	 13.329	  1.005	  1.436	  0.000
6	  1.560	 15.457	  1.005	  1.436	  0.000
7	  1.560	 17.584	  1.005	  1.436	  0.000
8	  1.560	 19.712	  1.005	  1.436	  0.000
9	  1.560	 21.840	  1.005	  1.436	  0.000
10	  1.560	 23.967	  1.005	  1.436	  0.000
11	  1.560	 26.095	  1.005	  1.436	  0.000
12	  1.560	 28.222	  1.005	  1.436	  0.000
13	  1.560	 30.350	  1.005	  1.436	  0.000
14	  1.560	 32.478	  1.005	  1.436	  0.000
15	  1.560	 34.605	  1.005	  1.436	  0.000
16	  1.560	 36.733	  1.005	  1.436	  0.000
17	  1.560	 38.861	  1.005	  1.436	  0.000
18	  1.560	 40.988	  1.005	  1.436	  0.000
19	  1.560	 43.116	  1.005	  1.436	  0.000
20	  1.560	 45.244	  1.005	  1.436	  0.000
21	  1.560	 47.371	  1.005	  1.436	  0.000
22	  1.560	 49.499	  1.005	  1.436	  0.000
23	  1.560	 51.627	  1.005	  1.436	  0.000
24	  1.560	 53.754	  1.005	  1.436	  0.000
25	  1.560	 55.882	  1.005	  1.436	  0.000
26	  1.560	 58.010	  1.005	  1.436	  0.000
27	  1.560	 60.137	  1.005	  1.436	  0.000
28	  1.560	 62.265	  1.005	  1.436	  0.000
29	  1.560	 64.393	  1.005	  1.436	  0.000
30	  1.560	 66.520	  1.005	  1.436	  0.000
31	  1.560	 68.648	  1.005	  1.436	  0.000
32	  1.560	 70.776	  1.005	  1.436	  0.000
33	  1.560	 72.903	  1.005	  1.436	  0.000
34	  1.560	 75.031	  1.005	  1.436	  0.000
35	  1.560	 77.159	  1.005	  1.436	  0.000
36	  1.560	 79.286	  1.005	  1.436	  0.000
37	  1.560	 81.414	  1.005	  1.436	  0.000
38	  1.560	 83.542	  1.005	  1.436	  0.000
39	  1.560	 85.669	  1.005	  1.436	  0.000
40	  1.560	 87.797	  1.005	  1.436	  0.000
41	  1.560	 89.925	  1.005	  1.436	  0.000
42	  1.560	 92.052	  1.005	  1.436	  0.000
43	  1.560	 94.180	  1.005	  1.436	  0.000
44	  1.560	 96.308	  1.005	  1.436	  0.000
45	  1.560	 98.435	  1.005	  1.436	  0.000
46	  1.560	100.563	  1.005	  1.436	  0.000
0	  1.680	  2.864	  1.005	  1.450	  0.000
1	  1.680	  4.991	  1.005	  1.450	  0.000
2	  1.680	  7.119	  1.005	  1.450	  0.000
3	  1.680	  9.247	  1.005	  1.450	  0.000
4	  1.680	 11.374	  1.005	  1.450	  0.000
5	  1.680	 13.502	  1.005	  1.450	  0.000
6	  1.680	 15.630	  1.005	  1.450	  0.000
7	  1.680	 17.757	  1.005	  1.450	  0.000
8	  1.680	 19.885	  1.005	  1.450	  0.000
9	  1.680	 22.013	  1.005	  1.450	  0.000
10	  1.680	 24.140	  1.005	  1.450	  0.000
11	  1.680	 26.268	  1.005	  1.450	  0.000
12	  1.680	 28.396	  1.005	  1.450	  0.000
13	  1.680	 30.523	  1.005	  1.450	  0.000
14	  1.680	 32.651	  1.005	  1.450	  0.000
15	  1.680	 34.779	  1.005	  1.450	  0.000
16	  1.680	 36.906	  1.005	  1.450	  0.000
17	  1.680	 39.034	  1.005	  1.450	  0.000
18	  1.680	 41.162	  1.005	  1.450	  0.000
19	  1.680	 43.289	  1.005	  1.450	  0.000
20	  1.680	 45.417	  1.005	  1.450	  0.000
21	  1.680	 47.545	  1.005	  1.450	  0.000
22	  1.680	 49.672	  1.005	  1.450	  0.000
23	  1.680	 51.800	  1.005	  1.450	  0.000
24	  1.680	 53.928	  1.005	  1.450	  0.000
25	  1.680	 56.055	  1.005	  1.450	  0.000
26	  1.680	 58.183	  1.005	  1.450	  0.000
27	  1.680	 60.311	  1.005	  1.450	  0.000
28	  1.680	 62.438	  1.005	  1.450	  0.000
29	  1.680	 64.566	  1.005	  1.450	  0.000
30	  1.680	 66.693	  1.005	  1.450	  0.000
31	  1.680	 68.821	  1.005	  1.450	  0.000
32	  1.680	 70.949	  1.005	  1.450	  0.000
33	  1.680	 73.076	  1.005	  1.450	  0.000
34	  1.680	 75.204	  1.005	  1.450	  0.000
35	  1.680	 77.332	  1.005	  1.450	  0.000
36	  1.680	 79.459	  1.005	  1.450	  0.000
37	  1.680	 81.587	  1.005	  1.450	  0.000
38	  1.680	 83.715	  1.005	  1.450	  0.000
39	  1.680	 85.842	  1.005	  1.450	  0.000
40	  1.680	 87.970	  1.005	  1.450	  0.000
41	  1.680	 90.098	  1.005	  1.450	  0.000
42	  1.680	 92.225	  1.005	  1.450	  0.000
43	  1.680	 94.353	  1.005	  1.450	  0.000
44	  1.680	 96.481	  1.005	  1.450	  0.000
45	  1.680	 98.608	  1.005	  1.450	  0.000
46	  1.680	100.736	  1.005	  1.450	  0.000
0	  1.800	  3.038	  1.005	  1.461	  0.000
1	  1.800	  5.166	  1.005	  1.461	  0.000
2	  1.800	  7.294	  1.005	  1.461	  0.000
3	  1.800	  9.421	  1.005	  1.461	  0.000
4	  1.800	 11.549	  1.005	  1.461	  0.000
5	  1.800	 13.677	  1.005	  1.461	  0.000
6	  1.800	 15.804	  1.005	  1.461	  0.000
7	  1.800	 17.932	  1.005	  1.461	  0.000
8	  1.800	 20.060	  1.005	  1.461	  0.000
9	  1.800	 22.187	  1.005	  1.461	  0.000
10	  1.800	 24.315	  1.005	  1.461	  0.000
11	  1.800	 26.443	  1.005	  1.461	  0.000
12	  1.800	 28.570	  1.005	  1.461	  0.000
13	  1.800	 30.698	  1.005	  1.461	  0.000
14	  1.800	 32.826	  1.005	  1.461	  0.000
15	  1.800	 34.953	  1.005	  1.461	  0.000
16	  1.800	 37.081	  1.005	  1.461	  0.000
17	  1.800	 39.209	  1.005	  1.461	  0.000
18	  1.800	 41.336	  1.005	  1.461	  0.000
19	  1.800	 43.464	  1.005	  1.461	  0.000
20	  1.800	 45.591	  1.005	  1.461	  0.000
21	  1.800	 47.719	  1.005	  1.461	  0.000
22	  1.800	 49.847	  1.005	  1.461	  0.000
23	  1.800	 51.974	  1.005	  1.461	  0.000
24	  1.800	 54.102	  1.005	  1.461	  0.000
25	  1.800	 56.230	  1.005	  1.461	  0.000
26	  1.800	 58.357	  1.005	  1.461	  0.000
27	  1.800	 60.485	  1.005	  1.461	  0.000
28	  1.800	 62.613	  1.005	  1.461	  0.000
29	  1.800	 64.740	  1.005	  1.461	  0.000
30	  1.800	 66.868	  1.005	  1.461	  0.000
31	  1.800	 68.996	  1.005	  1.461	  0.000
32	  1.800	 71.123	  1.005	  1.461	  0.000
33	  1.800	 73.251	  1.005	  1.461	  0.000
34	  1.800	 75.379	  1.005	  1.461	  0.000
35	  1.800	 77.506	  1.005	  1.461	  0.000
36	  1.800	 79.634	  1.005	  1.461	  0.000
37	  1.800	 81.762	  1.005	  1.461	  0.000
38	  1.800	 83.889	  1.005	  1.461	  0.000
39	  1.800	 86.017	  1.005	  1.461	  0.000
40	  1.800	 88.145	  1.005	  1.461	  0.000
41	  1.800	 90.272	  1.005	  1.461	  0.000
42	  1.800	 92.400	  1.005	  1.461	  0.000
43	  1.800	 94.528	  1.005	  1.461	  0.000
44	  1.800	 96.655	  1.005	  1.461	  0.000
45	  1.800	 98.783	  1.005	  1.461	  0.000
46	  1.800	100.911	  1.005	  1.461	  0.000
0	  1.920	  3.214	  1.005	  1.469	  0.000
1	  1.920	  5.342	  1.005	  1.469	  0.000
2	  1.920	  7.469	  1.005	  1.469	  0.000
3	  1.920	  9.597	  1.005	  1.469	  0.000
4	  1.920	 11.725	  1.005	  1.469	  0.000
5	  1.920	 13.852	  1.005	  1.469	  0.000
6	  1.920	 15.980	  1.005	  1.469	  0.000
7	  1.920	 18.108	  1.005	  1.469	  0.000
8	  1.920	 20.235	  1.005	  1.469	  0.000
9	  1.920	 22.363	  1.005	  1.469	  0.000
10	  1.920	 24.491	  1.005	  1.469	  0.000
11	  1.920	 26.618	  1.005	  1.469	  0.000
12	  1.920	 28.746	  1.005	  1.469	  0.000
13	  1.920	 30.874	  1.005	  1.469	  0.000
14	  1.920	 33.001	  1.005	  1.469	  0.000
15	  1.920	 35.129	  1.005	  1.469	  0.000
16	  1.920	 37.257	  1.005	  1.469	  0.000
17	  1.920	 39.384	  1.005	  1.469	  0.000
18	  1.920	 41.512	  1.005	  1.469	  0.000
19	  1.920	 43.640	  1.005	  1.469	  0.000
20	  1.920	 45.767	  1.005	  1.469	  0.000
21	  1.920	 47.895	  1.005	  1.469	  0.000
22	  1.920	 50.023	  1.005	  1.469	  0.000
23	  1.920	 52.150	  1.005	  1.469	  0.000
24	  1.920	 54.278	  1.005	  1.469	  0.000
25	  1.920	 56.406	  1.005	  1.469	  0.000
26	  1.920	 58.533	  1.005	  1.469	  0.000
27	  1.920	 60.661	  1.005	  1.469	  0.000
28	  1.920	 62.789	  1.005	  1.469	  0.000
29	  1.920	 64.916	  1.005	  1.469	  0.000
30	  1.920	 67.044	  1.005	  1.469	  0.000
31	  1.920	 69.172	  1.005	  1.469	  0.000
32	  1.920	 71.299	  1.005	  1.469	  0.000
33	  1.920	 73.427	  1.005	  1.469	  0.000
34	  1.920	 75.554	  1.005	  1.469	  0.000
35	  1.920	 77.682	  1.005	  1.469	  0.000
36	  1.920	 79.810	  1.005	  1.469	  0.000
37	  1.920	 81.937	  1.005	  1.469	  0.000
38	  1.920	 84.065	  1.005	  1.469	  0.000
39	  1.920	 86.193	  1.005	  1.469	  0.000
40	  1.920	 88.320	  1.005	  1.469	  0.000
41	  1.920	 90.448	  1.005	  1.469	  0.000
42	  1.920	 92.576	  1.005	  1.469	  0.000
43	  1.920	 94.703	  1.005	  1.469	  0.000
44	  1.920	 96.831	  1.005	  1.469	  0.000
45	  1.920	 98.959	  1.005	  1.469	  0.000
46	  1.920	101.086	  1.005	  1.469	  0.000
0	  2.040	  3.391	  1.005	  1.476	  0.000
1	  2.040	  5.518	  1.005	  1.476	  0.000
2	  2.040	  7.646	  1.005	  1.476	  0.000
3	  2.040	  9.774	  1.005	  1.476	  0.000
4	  2.040	 11.901	  1.005	  1.476	  0.000
5	  2.040	 14.029	  1.005	  1.476	  0.000
6	  2.040	 16.157	  1.005	  1.476	  0.000
7	  2.040	 18.284	  1.005	  1.476	  0.000
8	  2.040	 20.412	  1.005	  1.476	  0.000
9	  2.040	 22.540	  1.005	  1.476	  0.000
10	  2.040	 24.667	  1.005	  1.476	  0.000
11	  2.040	 26.795	  1.005	  1.476	  0.000
12	  2.040	 28.923	  1.005	  1.476	  0.000
13	  2.040	 31.050	  1.005	  1.476	  0.000
14	  2.040	 33.178	  1.005	  1.476	  0.000
15	  2.040	 35.306	  1.005	  1.476	  0.000
16	  2.040	 37.433	  1.005	  1.476	  0.000
17	  2.040	 39.561	  1.005	  1.476	  0.000
18	  2.040	 41.689	  1.005	  1.476	  0.000
19	  2.040	 43.816	  1.005	  1.476	  0.000
20	  2.040	 45.944	  1.005	  1.476	  0.000
21	  2.040	 48.072	  1.005	  1.476	  0.000
22	  2.040	 50.199	  1.005	  1.476	  0.000
23	  2.040	 52.327	  1.005	  1.476	  0.000
24	  2.040	 54.455	  1.005	  1.476	  0.000
25	  2.040	 56.582	  1.005	  1.476	  0.000
26	  2.040	 58.710	  1.005	  1.476	  0.000
27	  2.040	 60.838	  1.005	  1.476	  0.000
28	  2.040	 62.965	  1.005	  1.476	  0.000
29	  2.040	 65.093	  1.005	  1.476	  0.000
30	  2.040	 67.221	  1.005	  1.476	  0.000
31	  2.040	 69.348	  1.005	  1.476	  0.000
32	  2.040	 71.476	  1.005	  1.476	  0.000
33	  2.040	 73.604	  1.005	  1.476	  0.000
34	  2.040	 75.731	  1.005	  1.476	  0.000
35	  2.040	 77.859	  1.005	  1.476	  0.000
36	  2.040	 79.986	  1.005	  1.476	  0.000
37	  2.040	 82.114	  1.005	  1.476	  0.000
38	  2.040	 84.242	  1.005	  1.476	  0.000
39	  2.040	 86.369	  1.005	  1.476	  0.000
40	  2.040	 88.497	  1.005	  1.476	  0.000
41	  2.040	 90.625	  1.005	  1.476	  0.000
42	  2.040	 92.752	  1.005	  1.476	  0.000
43	  2.040	 94.880	  1.005	  1.476	  0.000
44	  2.040	 97.008	  1.005	  1.476	  0.000
45	  2.040	 99.135	  1.005	  1.476	  0.000
46	  2.040	101.263	  1.005	  1.476	  0.000
0	  2.160	  3.568	  1.005	  1.481	  0.000
1	  2.160	  5.696	  1.005	  1.481	  0.000
2	  2.160	  7.823	  1.005	  1.481	  0.000
3	  2.160	  9.951	  1.005	  1.481	  0.000
4	  2.160	 12.079	  1.005	  1.481	  0.000
5	  2.160	 14.206	  1.005	  1.481	  0.000
6	  2.160	 16.334	  1.005	  1.481	  0.000
7	  2.160	 18.462	  1.005	  1.481	  0.000
8	  2.160	 20.589	  1.005	  1.481	  0.000
9	  2.160	 22.717	  1.005	  1.481	  0.000
10	  2.160	 24.845	  1.005	  1.481	  0.000
11	  2.160	 26.972	  1.005	  1.481	  0.000
12	  2.160	 29.100	  1.005	  1.481	  0.000
13	  2.160	 31.228	  1.005	  1.481	  0.000
14	  2.160	 33.355	  1.005	  1.481	  0.000
15	  2.160	 35.483	  1.005	  1.481	  0.000
16	  2.160	 37.611	  1.005	  1.481	  0.000
17	  2.160	 39.738	  1.005	  1.481	  0.000
18	  2.160	 41.866	  1.005	  1.481	  0.000
19	  2.160	 43.994	  1.005	  1.481	  0.000
20	  2.160	 46.121	  1.005	  1.481	  0.000
21	  2.160	 48.249	  1.005	  1.481	  0.000
22	  2.160	 50.377	  1.005	  1.481	  0.000
23	  2.160	 52.504	  1.005	  1.481	  0.000
24	  2.160	 54.632	  1.005	  1.481	  0.000
25	  2.160	 56.760	  1.005	  1.481	  0.000
26	  2.160	 58.887	  1.005	  1.481	  0.000
27	  2.160	 61.015	  1.005	  1.481	  0.000
28	  2.160	 63.143	  1.005	  1.481	  0.000
29	  2.160	 65.270	  1.005	  1.481	  0.000
30	  2.160	 67.398	  1.005	  1.481	  0.000
31	  2.160	 69.526	  1.005	  1.481	  0.000
32	  2.160	 71.653	  1.005	  1.481	  0.000
33	  2.160	 73.781	  1.005	  1.481	  0.000
34	  2.160	 75.909	  1.005	  1.481	  0.000
35	  2.160	 78.036	  1.005	  1.481	  0.000
36	  2.160	 80.164	  1.005	  1.481	  0.000
37	  2.160	 82.292	  1.005	  1.481	  0.000
38	  2.160	 84.419	  1.005	  1.481	  0.000
39	  2.160	 86.547	  1.005	  1.481	  0.000
40	  2.160	 88.675	  1.005	  1.481	  0.000
41	  2.160	 90.802	  1.005	  1.481	  0.000
42	  2.160	 92.930	  1.005	  1.481	  0.000
43	  2.160	 95.057	  1.005	  1.481	  0.000
44	  2.160	 97.185	  1.005	  1.481	  0.000
45	  2.160	 99.313	  1.005	  1.481	  0.000
46	  2.160	101.440	  1.005	  1.481	  0.000
0	  2.280	  3.746	  1.005	  1.485	  0.000
1	  2.280	  5.874	  1.005	  1.485	  0.000
2	  2.280	  8.001	  1.005	  1.485	  0.000
3	  2.280	 10.129	  1.005	  1.485	  0.000
4	  2.280	 12.257	  1.005	  1.485	  0.000
5	  2.280	 14.384	  1.005	  1.485	  0.000
6	  2.280	 16.512	  1.005	  1.485	  0.000
7	  2.280	 18.640	  1.005	  1.485	  0.000
8	  2.280	 20.767	  1.005	  1.485	  0.000
9	  2.280	 22.895	  1.005	  1.485	  0.000
10	  2.280	 25.023	  1.005	  1.485	  0.000
11	  2.280	 27.150	  1.005	  1.485	  0.000
12	  2.280	 29.278	  1.005	  1.485	  0.000
13	  2.280	 31.406	  1.005	  1.485	  0.000
14	  2.280	 33.533	  1.005	  1.485	  0.000
15	  2.280	 35.661	  1.005	  1.485	  0.000
16	  2.280	 37.789	  1.005	  1.485	  0.000
17	  2.280	 39.916	  1.005	  1.485	  0.000
18	  2.280	 42.044	  1.005	  1.485	  0.000
19	  2.280	 44.172	  1.005	  1.485	  0.000
20	  2.280	 46.299	  1.005	  1.485	  0.000
21	  2.280	 48.427	  1.005	  1.485	  0.000
22	  2.280	 50.555	  1.005	  1.485	  0.000
23	  2.280	 52.682	  1.005	  1.485	  0.000
24	  2.280	 54.810	  1.005	  1.485	  0.000
25	  2.280	 56.938	  1.005	  1.485	  0.000
26	  2.280	 59.065	  1.005	  1.485	  0.000
27	  2.280	 61.193	  1.005	  1.485	  0.000
28	  2.280	 63.321	  1.005	  1.485	  0.000
29	  2.280	 65.448	  1.005	  1.485	  0.000
30	  2.280	 67.576	  1.005	  1.485	  0.000
31	  2.280	 69.704	  1.005	  1.485	  0.000
32	  2.280	 71.831	  1.005	  1.485	  0.000
33	  2.280	 73.959	  1.005	  1.485	  0.000
34	  2.280	 76.086	  1.005	  1.485	  0.000
35	  2.280	 78.214	  1.005	  1.485	  0.000
36	  2.280	 80.342	  1.005	  1.485	  0.000
37	  2.280	 82.469	  1.005	  1.485	  0.000
38	  2.280	 84.597	  1.005	  1.485	  0.000
39	  2.280	 86.725	  1.005	  1.485	  0.000
40	  2.280	 88.852	  1.005	  1.485	  0.000
41	  2.280	 90.980	  1.005	  1.485	  0.000
42	  2.280	 93.108	  1.005	  1.485	  0.000
43	  2.280	 95.235	  1.005	  1.485	  0.000
44	  2.280	 97.363	  1.005	  1.485	  0.000
45	  2.280	 99.491	  1.005	  1.485	  0.000
46	  2.280	101.618	  1.005	  1.485	  0.000
0	  2.400	  3.924	  1.005	  1.488	  0.000
1	  2.400	  6.052	  1.005	  1.488	  0.000
2	  2.400	  8.180	  1.005	  1.488	  0.000
3	  2.400	 10.307	  1.005	  1.488	  0.000
4	  2.400	 12.435	  1.005	  1.488	  0.000
5	  2.400	 14.563	  1.005	  1.488	  0.000
6	  2.400	 16.690	  1.005	  1.488	  0.000
7	  2.400	 18.818	  1.005	  1.488	  0.000
8	  2.400	 20.946	  1.005	  1.488	  0.000
9	  2.400	 23.073	  1.005	  1.488	  0.000
10	  2.400	 25.201	  1.005	  1.488	  0.000
11	  2.400	 27.329	  1.005	  1.488	  0.000
12	  2.400	 29.456	  1.005	  1.488	  0.000
13	  2.400	 31.584	  1.005	  1.488	  0.000
14	  2.400	 33.712	  1.005	  1.488	  0.000
15	  2.400	 35.839	  1.005	  1.488	  0.000
16	  2.400	 37.967	  1.005	  1.488	  0.000
17	  2.400	 40.095	  1.005	  1.488	  0.000
18	  2.400	 42.222	  1.005	  1.488	  0.000
19	  2.400	 44.350	  1.005	  1.488	  0.000
20	  2.400	 46.478	  1.005	  1.488	  0.000
21	  2.400	 48.605	  1.005	  1.488	  0.000
22	  2.400	 50.733	  1.005	  1.488	  0.000
23	  2.400	 52.861	  1.005	  1.488	  0.000
24	  2.400	 54.988	  1.005	  1.488	  0.000
25	  2.400	 57.116	  1.005	  1.488	  0.000
26	  2.400	 59.244	  1.005	  1.488	  0.000
27	  2.400	 61.371	  1.005	  1.488	  0.000
28	  2.400	 63.499	  1.005	  1.488	  0.000
29	  2.400	 65.627	  1.005	  1.488	  0.000
30	  2.400	 67.754	  1.005	  1.488	  0.000
31	  2.400	 69.882	  1.005	  1.488	  0.000
32	  2.400	 72.010	  1.005	  1.488	  0.000
33	  2.400	 74.137	  1.005	  1.488	  0.000
34	  2.400	 76.265	  1.005	  1.488	  0.000
35	  2.400	 78.393	  1.005	  1.488	  0.000
36	  2.400	 80.520	  1.005	  1.488	  0.000
37	  2.400	 82.648	  1.005	  1.488	  0.000
38	  2.400	 84.776	  1.005	  1.488	  0.000
39	  2.400	 86.903	  1.005	  1.488	  0.000
40	  2.400	 89.031	  1.005	  1.488	  0.000
41	  2.400	 91.158	  1.005	  1.488	  0.000
42	  2.400	 93.286	  1.005	  1.488	  0.000
43	  2.400	 95.414	  1.005	  1.488	  0.000
44	  2.400	 97.541	  1.005	  1.488	  0.000
45	  2.400	 99.669	  1.005	  1.488	  0.000
46	  2.400	101.797	  1.005	  1.488	  0.000
0	  2.520	  4.103	  1.005	  1.491	  0.000
1	  2.520	  6.231	  1.005	  1.491	  0.000
2	  2.520	  8.358	  1.005	  1.491	  0.000
3	  2.520	 10.486	  1.005	  1.491	  0.000
4	  2.520	 12.614	  1.005	  1.491	  0.000
5	  2.520	 14.741	  1.005	  1.491	  0.000
6	  2.520	 16.869	  1.005	  1.491	  0.000
7	  2.520	 18.997	  1.005	  1.491	  0.000
8	  2.520	 21.124	  1.005	  1.491	  0.000
9	  2.520	 23.252	  1.005	  1.491	  0.000
10	  2.520	 25.380	  1.005	  1.491	  0.000
11	  2.520	 27.507	  1.005	  1.491	  0.000
12	  2.520	 29.635	  1.005	  1.491	  0.000
13	  2.520	 31.763	  1.005	  1.491	  0.000
14	  2.520	 33.890	  1.005	  1.491	  0.000
15	  2.520	 36.018	  1.005	  1.491	  0.000
16	  2.520	 38.146	  1.005	  1.491	  0.000
17	  2.520	 40.273	  1.005	  1.491	  0.000
18	  2.520	 42.401	  1.005	  1.491	  0.000
19	  2.520	 44.529	  1.005	  1.491	  0.000
20	  2.520	 46.656	  1.005	  1.491	  0.000
21	  2.520	 48.784	  1.005	  1.491	  0.000
22	  2.520	 50.912	  1.005	  1.491	  0.000
23	  2.520	 53.039	  1.005	  1.491	  0.000
24	  2.520	 55.167	  1.005	  1.491	  0.000
25	  2.520	 57.295	  1.005	  1.491	  0.000
26	  2.520	 59.422	  1.005	  1.491	  0.000
27	  2.520	 61.550	  1.005	  1.491	  0.000
28	  2.520	 63.678	  1.005	  1.491	  0.000
29	  2.520	 65.805	  1.005	  1.491	  0.000
30	  2.520	 67.933	  1.005	  1.491	  0.000
31	  2.520	 70.061	  1.005	  1.491	  0.000
32	  2.520	 72.188	  1.005	  1.491	  0.000
33	  2.520	 74.316	  1.005	  1.491	  0.000
34	  2.520	 76.444	  1.005	  1.491	  0.000
35	  2.520	 78.571	  1.005	  1.491	  0.000
36	  2.520	 80.699	  1.005	  1.491	  0.000
37	  2.520	 82.827	  1.005	  1.491	  0.000
38	  2.520	 84.954	  1.005	  1.491	  0.000
39	  2.520	 87.082	  1.005	  1.491	  0.000
40	  2.520	 89.210	  1.005	  1.491	  0.000
41	  2.520	 91.337	  1.005	  1.491	  0.000
42	  2.520	 93.465	  1.005	  1.491	  0.000
43	  2.520	 95.593	  1.005	  1.491	  0.000
44	  2.520	 97.720	  1.005	  1.491	  0.000
45	  2.520	 99.848	  1.005	  1.491	  0.000
46	  2.520	101.976	  1.005	  1.491	  0.000
0	  2.640	  4.282	  1.005	  1.493	  0.000
1	  2.640	  6.410	  1.005	  1.493	  0.000
2	  2.640	  8.537	  1.005	  1.493	  0.000
3	  2.640	 10.665	  1.005	  1.493	  0.000
4	  2.640	 12.793	  1.005	  1.493	  0.000
5	  2.640	 14.920	  1.005	  1.493	  0.000
6	  2.640	 17.048	  1.005	  1.493	  0.000
7	  2.640	 19.176	  1.005	  1.493	  0.000
8	  2.640	 21.303	  1.005	  1.493	  0.000
9	  2.640	 23.431	  1.005	  1.493	  0.000
10	  2.640	 25.559	  1.005	  1.493	  0.000
11	  2.640	 27.686	  1.005	  1.493	  0.000
12	  2.640	 29.814	  1.005	  1.493	  0.000
13	  2.640	 31.942	  1.005	  1.493	  0.000
14	  2.640	 34.069	  1.005	  1.493	  0.000
15	  2.640	 36.197	  1.005	  1.493	  0.000
16	  2.640	 38.325	  1.005	  1.493	  0.000
17	  2.640	 40.452	  1.005	  1.493	  0.000
18	  2.640	 42.580	  1.005	  1.493	  0.000
19	  2.640	 44.708	  1.005	  1.493	  0.000
20	  2.640	 46.835	  1.005	  1.493	  0.000
21	  2.640	 48.963	  1.005	  1.493	  0.000
22	  2.640	 51.091	  1.005	  1.493	  0.000
23	  2.640	 53.218	  1.005	  1.493	  0.000
24	  2.640	 55.346	  1.005	  1.493	  0.000
25	  2.640	 57.474	  1.005	  1.493	  0.000
26	  2.640	 59.601	  1.005	  1.493	  0.000
27	  2.640	 61.729	  1.005	  1.493	  0.000
28	  2.640	 63.857	  1.005	  1.493	  0.000
29	  2.640	 65.984	  1.005	  1.493	  0.000
30	  2.640	 68.112	  1.005	  1.493	  0.000
31	  2.640	 70.240	  1.005	  1.493	  0.000
32	  2.640	 72.367	  1.005	  1.493	  0.000
33	  2.640	 74.495	  1.005	  1.493	  0.000
34	  2.640	 76.623	  1.005	  1.493	  0.000
35	  2.640	 78.750	  1.005	  1.493	  0.000
36	  2.640	 80.878	  1.005	  1.493	  0.000
37	  2.640	 83.006	  1.005	  1.493	  0.000
38	  2.640	 85.133	  1.005	  1.493	  0.000
39	  2.640	 87.261	  1.005	  1.493	  0.000
40	  2.640	 89.389	  1.005	  1.493	  0.000
41	  2.640	 91.516	  1.005	  1.493	  0.000
42	  2.640	 93.644	  1.005	  1.493	  0.000
43	  2.640	 95.772	  1.005	  1.493	  0.000
44	  2.640	 97.899	  1.005	  1.493	  0.000
45	  2.640	100.027	  1.005	  1.493	  0.000
46	  2.640	102.155	  1.005	  1.493	  0.000
0	  2.760	  4.461	  1.005	  1.494	  0.000
1	  2.760	  6.589	  1.005	  1.494	  0.000
2	  2.760	  8.717	  1.005	  1.494	  0.000
3	  2.760	 10.844	  1.005	  1.494	  0.000
4	  2.760	 12.972	  1.005	  1.494	  0.000
5	  2.760	 15.100	  1.005	  1.494	  0.000
6	  2.760	 17.227	  1.005	  1.494	  0.000
7	  2.760	 19.355	  1.005	  1.494	  0.000
8	  2.760	 21.483	  1.005	  1.494	  0.000
9	  2.760	 23.610	  1.005	  1.494	  0.000
10	  2.760	 25.738	  1.005	  1.494	  0.000
11	  2.760	 27.866	  1.005	  1.494	  0.000
12	  2.760	 29.993	  1.005	  1.494	  0.000
13	  2.760	 32.121	  1.005	  1.494	  0.000
14	  2.760	 34.249	  1.005	  1.494	  0.000
15	  2.760	 36.376	  1.005	  1.494	  0.000
16	  2.760	 38.504	  1.005	  1.494	  0.000
17	  2.760	 40.632	  1.005	  1.494	  0.000
18	  2.760	 42.759	  1.005	  1.494	  0.000
19	  2.760	 44.887	  1.005	  1.494	  0.000
20	  2.760	 47.015	  1.005	  1.494	  0.000
21	  2.760	 49.142	  1.005	  1.494	  0.000
22	  2.760	 51.270	  1.005	  1.494	  0.000
23	  2.760	 53.398	  1.005	  1.494	  0.000
24	  2.760	 55.525	  1.005	  1.494	  0.000
25	  2.760	 57.653	  1.005	  1.494	  0.000
26	  2.760	 59.781	  1.005	  1.494	  0.000
27	  2.760	 61.908	  1.005	  1.494	  0.000
28	  2.760	 64.036	  1.005	  1.494	  0.000
29	  2.760	 66.164	  1.005	  1.494	  0.000
30	  2.760	 68.291	  1.005	  1.494	  0.000
31	  2.760	 70.419	  1.005	  1.494	  0.000
32	  2.760	 72.546	  1.005	  1.494	  0.000
33	  2.760	 74.674	  1.005	  1.494	  0.000
34	  2.760	 76.802	  1.005	  1.494	  0.000
35	  2.760	 78.929	  1.005	  1.494	  0.000
36	  2.760	 81.057	  1.005	  1.494	  0.000
37	  2.760	 83.185	  1.005	  1.494	  0.000
38	  2.760	 85.312	  1.005	  1.494	  0.000
39	  2.760	 87.440	  1.005	  1.494	  0.000
40	  2.760	 89.568	  1.005	  1.494	  0.000
41	  2.760	 91.695	  1.005	  1.494	  0.000
42	  2.760	 93.823	  1.005	  1.494	  0.000
43	  2.760	 95.951	  1.005	  1.494	  0.000
44	  2.760	 98.078	  1.005	  1.494	  0.000
45	  2.760	100.206	  1.005	  1.494	  0.000
46	  2.760	102.334	  1.005	  1.494	  0.000
0	  2.880	  4.641	  1.005	  1.495	  0.000
1	  2.880	  6.768	  1.005	  1.495	  0.000
2	  2.880	  8.896	  1.005	  1.495	  0.000
3	  2.880	 11.024	  1.005	  1.495	  0.000
4	  2.880	 13.151	  1.005	  1.495	  0.000
5	  2.880	 15.279	  1.005	  1.495	  0.000
6	  2.880	 17.407	  1.005	  1.495	  0.000
7	  2.880	 19.534	  1.005	  1.495	  0.000
8	  2.880	 21.662	  1.005	  1.495	  0.000
9	  2.880	 23.790	  1.005	  1.495	  0.000
10	  2.880	 25.917	  1.005	  1.495	  0.000
11	  2.880	 28.045	  1.005	  1.495	  0.000
12	  2.880	 30.173	  1.005	  1.495	  0.000
13	  2.880	 32.300	  1.005	  1.495	  0.000
14	  2.880	 34.428	  1.005	  1.495	  0.000
15	  2.880	 36.556	  1.005	  1.495	  0.000
16	  2.880	 38.683	  1.005	  1.495	  0.000
17	  2.880	 40.811	  1.005	  1.495	  0.000
18	  2.880	 42.939	  1.005	  1.495	  0.000
19	  2.880	 45.066	  1.005	  1.495	  0.000
20	  2.880	 47.194	  1.005	  1.495	  0.000
21	  2.880	 49.322	  1.005	  1.495	  0.000
22	  2.880	 51.449	  1.005	  1.495	  0.000
23	  2.880	 53.577	  1.005	  1.495	  0.000
24	  2.880	 55.705	  1.005	  1.495	  0.000
25	  2.880	 57.832	  1.005	  1.495	  0.000
26	  2.880	 59.960	  1.005	  1.495	  0.000
27	  2.880	 62.088	  1.005	  1.495	  0.000
28	  2.880	 64.215	  1.005	  1.495	  0.000
29	  2.880	 66.343	  1.005	  1.495	  0.000
30	  2.880	 68.471	  1.005	  1.495	  0.000
31	  2.880	 70.598	  1.005	  1.495	  0.000
32	  2.880	 72.726	  1.005	  1.495	  0.000
33	  2.880	 74.854	  1.005	  1.495	  0.000
34	  2.880	 76.981	  1.005	  1.495	  0.000
35	  2.880	 79.109	  1.005	  1.495	  0.000
36	  2.880	 81.237	  1.005	  1.495	  0.000
37	  2.880	 83.364	  1.005	  1.495	  0.000
38	  2.880	 85.492	  1.005	  1.495	  0.000
39	  2.880	 87.619	  1.005	  1.495	  0.000
40	  2.880	 89.747	  1.005	  1.495	  0.000
41	  2.880	 91.875	  1.005	  1.495	  0.000
42	  2.880	 94.002	  1.005	  1.495	  0.000
43	  2.880	 96.130	  1.005	  1.495	  0.000
44	  2.880	 98.258	  1.005	  1.495	  0.000
45	  2.880	100.385	  1.005	  1.495	  0.000
46	  2.880	102.513	  1.005	  1.495	  0.000
0	  3.000	  4.820	  1.005	  1.496	  0.000
1	  3.000	  6.948	  1.005	  1.496	  0.000
2	  3.000	  9.076	  1.005	  1.496	  0.000
3	  3.000	 11.203	  1.005	  1.496	  0.000
4	  3.000	 13.331	  1.005	  1.496	  0.000
5	  3.000	 15.459	  1.005	  1.496	  0.000
6	  3.000	 17.586	  1.005	  1.496	  0.000
7	  3.000	 19.714	  1.005	  1.496	  0.000
8	  3.000	 21.842	  1.005	  1.496	  0.000
9	  3.000	 23.969	  1.005	  1.496	  0.000
10	  3.000	 26.097	  1.005	  1.496	  0.000
11	  3.000	 28.225	  1.005	  1.496	  0.000
12	  3.000	 30.352	  1.005	  1.496	  0.000
13	  3.000	 32.480	  1.005	  1.496	  0.000
14	  3.000	 34.608	  1.005	  1.496	  0.000
15	  3.000	 36.735	  1.005	  1.496	  0.000
16	  3.000	 38.863	  1.005	  1.496	  0.000
17	  3.000	 40.990	  1.005	  1.496	  0.000
18	  3.000	 43.118	  1.005	  1.496	  0.000
19	  3.000	 45.246	  1.005	  1.496	  0.000
20	  3.000	 47.373	  1.005	  1.496	  0.000
21	  3.000	 49.501	  1.005	  1.496	  0.000
22	  3.000	 51.629	  1.005	  1.496	  0.000
23	  3.000	 53.756	  1.005	  1.496	  0.000
24	  3.000	 55.884	  1.005	  1.496	  0.000
25	  3.000	 58.012	  1.005	  1.496	  0.000
26	  3.000	 60.139	  1.005	  1.496	  0.000
27	  3.000	 62.267	  1.005	  1.496	  0.000
28	  3.000	 64.395	  1.005	  1.496	  0.000
29	  3.000	 66.522	  1.005	  1.496	  0.000
30	  3.000	 68.650	  1.005	  1.496	  0.000
31	  3.000	 70.778	  1.005	  1.496	  0.000
32	  3.000	 72.905	  1.005	  1.496	  0.000
33	  3.000	 75.033	  1.005	  1.496	  0.000
34	  3.000	 77.161	  1.005	  1.496	  0.000
35	  3.000	 79.288	  1.005	  1.496	  0.000
36	  3.000	 81.416	  1.005	  1.496	  0.000
37	  3.000	 83.544	  1.005	  1.496	  0.000
38	  3.000	 85.671	  1.005	  1.496	  0.000
39	  3.000	 87.799	  1.005	  1.496	  0.000
40	  3.000	 89.927	  1.005	  1.496	  0.000
41	  3.000	 92.054	  1.005	  1.496	  0.000
42	  3.000	 94.182	  1.005	  1.496	  0.000
43	  3.000	 96.310	  1.005	  1.496	  0.000
44	  3.000	 98.437	  1.005	  1.496	  0.000
45	  3.000	100.565	  1.005	  1.496	  0.000
46	  3.000	102.693	  1.005	  1.496	  0.000
