# id	 time	 x	 y	 vx	 vy
0	  0.000	  0.714	  1.000	  0.010	  0.010
1	  0.000	  2.143	  1.000	  0.010	  0.010
2	  0.000	  3.571	  1.000	  0.010	  0.010
3	  0.000	  5.000	  1.000	  0.010	  0.010
4	  0.000	  6.429	  1.000	  0.010	  0.010
5	  0.000	  7.857	  1.000	  0.010	  0.010
6	  0.000	  9.286	  1.000	  0.010	  0.010
7	  0.000	 10.714	  1.000	  0.010	  0.010
8	  0.000	 12.143	  1.000	  0.010	  0.010
9	  0.000	 13.571	  1.000	  0.010	  0.010
10	  0.000	 15.000	  1.000	  0.010	  0.010
11	  0.000	 16.429	  1.000	  0.010	  0.010
12	  0.000	 17.857	  1.000	  0.010	  0.010
13	  0.000	 19.286	  1.000	  0.010	  0.010
14	  0.000	 20.714	  1.000	  0.010	  0.010
15	  0.000	 22.143	  1.000	  0.010	  0.010
16	  0.000	 23.571	  1.000	  0.010	  0.010
17	  0.000	 25.000	  1.000	  0.010	  0.010
18	  0.000	 26.429	  1.000	  0.010	  0.010
19	  0.000	 27.857	  1.000	  0.010	  0.010
20	  0.000	 29.286	  1.000	  0.010	  0.010
21	  0.000	 30.714	  1.000	  0.010	  0.010
22	  0.000	 32.143	  1.000	  0.010	  0.010
23	  0.000	 33.571	  1.000	  0.010	  0.010
24	  0.000	 35.000	  1.000	  0.010	  0.010
25	  0.000	 36.429	  1.000	  0.010	  0.010
26	  0.000	 37.857	  1.000	  0.010	  0.010
27	  0.000	 39.286	  1.000	  0.010	  0.010
28	  0.000	 40.714	  1.000	  0.010	  0.010
29	  0.000	 42.143	  1.000	  0.010	  0.010
30	  0.000	 43.571	  1.000	  0.010	  0.010
31	  0.000	 45.000	  1.000	  0.010	  0.010
32	  0.000	 46.429	  1.000	  0.010	  0.010
33	  0.000	 47.857	  1.000	  0.010	  0.010
34	  0.000	 49.286	  1.000	  0.010	  0.010
35	  0.000	 50.714	  1.000	  0.010	  0.010
36	  0.000	 52.143	  1.000	  0.010	  0.010
37	  0.000	 53.571	  1.000	  0.010	  0.010
38	  0.000	 55.000	  1.000	  0.010	  0.010
39	  0.000	 56.429	  1.000	  0.010	  0.010
40	  0.000	 57.857	  1.000	  0.010	  0.010
41	  0.000	 59.286	  1.000	  0.010	  0.010
42	  0.000	 60.714	  1.000	  0.010	  0.010
43	  0.000	 62.143	  1.000	  0.010	  0.010
44	  0.000	 63.571	  1.000	  0.010	  0.010
45	  0.000	 65.000	  1.000	  0.010	  0.010
46	  0.000	 66.429	  1.000	  0.010	  0.010
47	  0.000	 67.857	  1.000	  0.010	  0.010
48	  0.000	 69.286	  1.000	  0.010	  0.010
49	  0.000	 70.714	  1.000	  0.010	  0.010
50	  0.000	 72.143	  1.000	  0.010	  0.010
51	  0.000	 73.571	  1.000	  0.010	  0.010
52	  0.000	 75.000	  1.000	  0.010	  0.010
53	  0.000	 76.429	  1.000	  0.010	  0.010
54	  0.000	 77.857	  1.000	  0.010	  0.010
55	  0.000	 79.286	  1.000	  0.010	  0.010
56	  0.000	 80.714	  1.000	  0.010	  0.010
57	  0.000	 82.143	  1.000	  0.010	  0.010
58	  0.000	 83.571	  1.000	  0.010	  0.010
59	  0.000	 85.000	  1.000	  0.010	  0.010
60	  0.000	 86.429	  1.000	  0.010	  0.010
61	  0.000	 87.857	  1.000	  0.010	  0.010
62	  0.000	 89.286	  1.000	  0.010	  0.010
63	  0.000	 90.714	  1.000	  0.010	  0.010
64	  0.000	 92.143	  1.000	  0.010	  0.010
65	  0.000	 93.571	  1.000	  0.010	  0.010
66	  0.000	 95.000	  1.000	  0.010	  0.010
67	  0.000	 96.429	  1.000	  0.010	  0.010
68	  0.000	 97.857	  1.000	  0.010	  0.010
69	  0.000	 99.286	  1.000	  0.010	  0.010
0	  0.120	  0.725	  1.001	  0.176	  0.008
1	  0.120	  2.154	  1.001	  0.176	  0.008
2	  0.120	  3.582	  1.001	  0.176	  0.008
3	  0.120	  5.011	  1.001	  0.176	  0.008
4	  0.120	  6.439	  1.001	  0.176	  0.008
5	  0.120	  7.868	  1.001	  0.176	  0.008
6	  0.120	  9.296	  1.001	  0.176	  0.008
7	  0.120	 10.725	  1.001	  0.176	  0.008
8	  0.120	 12.154	  1.001	  0.176	  0.008
9	  0.120	 13.582	  1.001	  0.176	  0.008
10	  0.120	 15.011	  1.001	  0.176	  0.008
11	  0.120	 16.439	  1.001	  0.176	  0.008
12	  0.120	 17.868	  1.001	  0.176	  0.008
13	  0.120	 19.296	  1.001	  0.176	  0.008
14	  0.120	 20.725	  1.001	  0.176	  0.008
15	  0.120	 22.154	  1.001	  0.176	  0.008
16	  0.120	 23.582	  1.001	  0.176	  0.008
17	  0.120	 25.011	  1.001	  0.176	  0.008
18	  0.120	 26.439	  1.001	  0.176	  0.008
19	  0.120	 27.868	  1.001	  0.176	  0.008
20	  0.120	 29.296	  1.001	  0.176	  0.008
21	  0.120	 30.725	  1.001	  0.176	  0.008
22	  0.120	 32.154	  1.001	  0.176	  0.008
23	  0.120	 33.582	  1.001	  0.176	  0.008
24	  0.120	 35.011	  1.001	  0.176	  0.008
25	  0.120	 36.439	  1.001	  0.176	  0.008
26	  0.120	 37.868	  1.001	  0.176	  0.008
27	  0.120	 39.296	  1.001	  0.176	  0.008
28	  0.120	 40.725	  1.001	  0.176	  0.008
29	  0.120	 42.154	  1.001	  0.176	  0.008
30	  0.120	 43.582	  1.001	  0.176	  0.008
31	  0.120	 45.011	  1.001	  0.176	  0.008
32	  0.120	 46.439	  1.001	  0.176	  0.008
33	  0.120	 47.868	  1.001	  0.176	  0.008
34	  0.120	 49.296	  1.001	  0.176	  0.008
35	  0.120	 50.725	  1.001	  0.176	  0.008
36	  0.120	 52.154	  1.001	  0.176	  0.008
37	  0.120	 53.582	  1.001	  0.176	  0.008
38	  0.120	 55.011	  1.001	  0.176	  0.008
39	  0.120	 56.439	  1.001	  0.176	  0.008
40	  0.120	 57.868	  1.001	  0.176	  0.008
41	  0.120	 59.296	  1.001	  0.176	  0.008
42	  0.120	 60.725	  1.001	  0.176	  0.008
43	  0.120	 62.154	  1.001	  0.176	  0.008
44	  0.120	 63.582	  1.001	  0.176	  0.008
45	  0.120	 65.011	  1.001	  0.176	  0.008
46	  0.120	 66.439	  1.001	  0.176	  0.008
47	  0.120	 67.868	  1.001	  0.176	  0.008
48	  0.120	 69.296	  1.001	  0.176	  0.008
49	  0.120	 70.725	  1.001	  0.176	  0.008
50	  0.120	 72.154	  1.001	  0.176	  0.008
51	  0.120	 73.582	  1.001	  0.176	  0.008
52	  0.120	 75.011	  1.001	  0.176	  0.008
53	  0.120	 76.439	  1.001	  0.176	  0.008
54	  0.120	 77.868	  1.001	  0.176	  0.008
55	  0.120	 79.296	  1.001	  0.176	  0.008
56	  0.120	 80.725	  1.001	  0.176	  0.008
57	  0.120	 82.154	  1.001	  0.176	  0.008
58	  0.120	 83.582	  1.001	  0.176	  0.008
59	  0.120	 85.011	  1.001	  0.176	  0.008
60	  0.120	 86.439	  1.001	  0.176	  0.008
61	  0.120	 87.868	  1.001	  0.176	  0.008
62	  0.120	 89.296	  1.001	  0.176	  0.008
63	  0.120	 90.725	  1.001	  0.176	  0.008
64	  0.120	 92.154	  1.001	  0.176	  0.008
65	  0.120	 93.582	  1.001	  0.176	  0.008
66	  0.120	 95.011	  1.001	  0.176	  0.008
67	  0.120	 96.439	  1.001	  0.176	  0.008
68	  0.120	 97.868	  1.001	  0.176	  0.008
69	  0.120	 99.296	  1.001	  0.176	  0.008
0	  0.240	  0.754	  1.002	  0.307	  0.006
1	  0.240	  2.182	  1.002	  0.307	  0.006
2	  0.240	  3.611	  1.002	  0.307	  0.006
3	  0.240	  5.039	  1.002	  0.307	  0.006
4	  0.240	  6.468	  1.002	  0.307	  0.006
5	  0.240	  7.897	  1.002	  0.307	  0.006
6	  0.240	  9.325	  1.002	  0.307	  0.006
7	  0.240	 10.754	  1.002	  0.307	  0.006
8	  0.240	 12.182	  1.002	  0.307	  0.006
9	  0.240	 13.611	  1.002	  0.307	  0.006
10	  0.240	 15.039	  1.002	  0.307	  0.006
11	  0.240	 16.468	  1.002	  0.307	  0.006
12	  0.240	 17.897	  1.002	  0.307	  0.006
13	  0.240	 19.325	  1.002	  0.307	  0.006
14	  0.240	 20.754	  1.002	  0.307	  0.006
15	  0.240	 22.182	  1.002	  0.307	  0.006
16	  0.240	 23.611	  1.002	  0.307	  0.006
17	  0.240	 25.039	  1.002	  0.307	  0.006
18	  0.240	 26.468	  1.002	  0.307	  0.006
19	  0.240	 27.897	  1.002	  0.307	  0.006
20	  0.240	 29.325	  1.002	  0.307	  0.006
21	  0.240	 30.754	  1.002	  0.307	  0.006
22	  0.240	 32.182	  1.002	  0.307	  0.006
23	  0.240	 33.611	  1.002	  0.307	  0.006
24	  0.240	 35.039	  1.002	  0.307	  0.006
25	  0.240	 36.468	  1.002	  0.307	  0.006
26	  0.240	 37.897	  1.002	  0.307	  0.006
27	  0.240	 39.325	  1.002	  0.307	  0.006
28	  0.240	 40.754	  1.002	  0.307	  0.006
29	  0.240	 42.182	  1.002	  0.307	  0.006
30	  0.240	 43.611	  1.002	  0.307	  0.006
31	  0.240	 45.039	  1.002	  0.307	  0.006
32	  0.240	 46.468	  1.002	  0.307	  0.006
33	  0.240	 47.897	  1.002	  0.307	  0.006
34	  0.240	 49.325	  1.002	  0.307	  0.006
35	  0.240	 50.754	  1.002	  0.307	  0.006
36	  0.240	 52.182	  1.002	  0.307	  0.006
37	  0.240	 53.611	  1.002	  0.307	  0.006
38	  0.240	 55.039	  1.002	  0.307	  0.006
39	  0.240	 56.468	  1.002	  0.307	  0.006
40	  0.240	 57.897	  1.002	  0.307	  0.006
41	  0.240	 59.325	  1.002	  0.307	  0.006
42	  0.240	 60.754	  1.002	  0.307	  0.006
43	  0.240	 62.182	  1.002	  0.307	  0.006
44	  0.240	 63.611	  1.002	  0.307	  0.006
45	  0.240	 65.039	  1.002	  0.307	  0.006
46	  0.240	 66.468	  1.002	  0.307	  0.006
47	  0.240	 67.897	  1.002	  0.307	  0.006
48	  0.240	 69.325	  1.002	  0.307	  0.006
49	  0.240	 70.754	  1.002	  0.307	  0.006
50	  0.240	 72.182	  1.002	  0.307	  0.006
51	  0.240	 73.611	  1.002	  0.307	  0.006
52	  0.240	 75.039	  1.002	  0.307	  0.006
53	  0.240	 76.468	  1.002	  0.307	  0.006
54	  0.240	 77.897	  1.002	  0.307	  0.006
55	  0.240	 79.325	  1.002	  0.307	  0.006
56	  0.240	 80.754	  1.002	  0.307	  0.006
57	  0.240	 82.182	  1.002	  0.307	  0.006
58	  0.240	 83.611	  1.002	  0.307	  0.006
59	  0.240	 85.039	  1.002	  0.307	  0.006
60	  0.240	 86.468	  1.002	  0.307	  0.006
61	  0.240	 87.897	  1.002	  0.307	  0.006
62	  0.240	 89.325	  1.002	  0.307	  0.006
63	  0.240	 90.754	  1.002	  0.307	  0.006
64	  0.240	 92.182	  1.002	  0.307	  0.006
65	  0.240	 93.611	  1.002	  0.307	  0.006
66	  0.240	 95.039	  1.002	  0.307	  0.006
67	  0.240	 96.468	  1.002	  0.307	  0.006
68	  0.240	 97.897	  1.002	  0.307	  0.006
69	  0.240	 99.325	  1.002	  0.307	  0.006
0	  0.360	  0.796	  1.003	  0.409	  0.005
1	  0.360	  2.225	  1.003	  0.409	  0.005
2	  0.360	  3.653	  1.003	  0.409	  0.005
3	  0.360	  5.082	  1.003	  0.409	  0.005
4	  0.360	  6.511	  1.003	  0.409	  0.005
5	  0.360	  7.939	  1.003	  0.409	  0.005
6	  0.360	  9.368	  1.003	  0.409	  0.005
7	  0.360	 10.796	  1.003	  0.409	  0.005
8	  0.360	 12.225	  1.003	  0.409	  0.005
9	  0.360	 13.653	  1.003	  0.409	  0.005
10	  0.360	 15.082	  1.003	  0.409	  0.005
11	  0.360	 16.511	  1.003	  0.409	  0.005
12	  0.360	 17.939	  1.003	  0.409	  0.005
13	  0.360	 19.368	  1.003	  0.409	  0.005
14	  0.360	 20.796	  1.003	  0.409	  0.005
15	  0.360	 22.225	  1.003	  0.409	  0.005
16	  0.360	 23.653	  1.003	  0.409	  0.005
17	  0.360	 25.082	  1.003	  0.409	  0.005
18	  0.360	 26.511	  1.003	  0.409	  0.005
19	  0.360	 27.939	  1.003	  0.409	  0.005
20	  0.360	 29.368	  1.003	  0.409	  0.005
21	  0.360	 30.796	  1.003	  0.409	  0.005
22	  0.360	 32.225	  1.003	  0.409	  0.005
23	  0.360	 33.653	  1.003	  0.409	  0.005
24	  0.360	 35.082	  1.003	  0.409	  0.005
25	  0.360	 36.511	  1.003	  0.409	  0.005
26	  0.360	 37.939	  1.003	  0.409	  0.005
27	  0.360	 39.368	  1.003	  0.409	  0.005
28	  0.360	 40.796	  1.003	  0.409	  0.005
29	  0.360	 42.225	  1.003	  0.409	  0.005
30	  0.360	 43.653	  1.003	  0.409	  0.005
31	  0.360	 45.082	  1.003	  0.409	  0.005
32	  0.360	 46.511	  1.003	  0.409	  0.005
33	  0.360	 47.939	  1.003	  0.409	  0.005
34	  0.360	 49.368	  1.003	  0.409	  0.005
35	  0.360	 50.796	  1.003	  0.409	  0.005
36	  0.360	 52.225	  1.003	  0.409	  0.005
37	  0.360	 53.653	  1.003	  0.409	  0.005
38	  0.360	 55.082	  1.003	  0.409	  0.005
39	  0.360	 56.511	  1.003	  0.409	  0.005
40	  0.360	 57.939	  1.003	  0.409	  0.005
41	  0.360	 59.368	  1.003	  0.409	  0.005
42	  0.360	 60.796	  1.003	  0.409	  0.005
43	  0.360	 62.225	  1.003	  0.409	  0.005
44	  0.360	 63.653	  1.003	  0.409	  0.005
45	  0.360	 65.082	  1.003	  0.409	  0.005
46	  0.360	 66.511	  1.003	  0.409	  0.005
47	  0.360	 67.939	  1.003	  0.409	  0.005
48	  0.360	 69.368	  1.003	  0.409	  0.005
49	  0.360	 70.796	  1.003	  0.409	  0.005
50	  0.360	 72.225	  1.003	  0.409	  0.005
51	  0.360	 73.653	  1.003	  0.409	  0.005
52	  0.360	 75.082	  1.003	  0.409	  0.005
53	  0.360	 76.511	  1.003	  0.409	  0.005
54	  0.360	 77.939	  1.003	  0.409	  0.005
55	  0.360	 79.368	  1.003	  0.409	  0.005
56	  0.360	 80.796	  1.003	  0.409	  0.005
57	  0.360	 82.225	  1.003	  0.409	  0.005
58	  0.360	 83.653	  1.003	  0.409	  0.005
59	  0.360	 85.082	  1.003	  0.409	  0.005
60	  0.360	 86.511	  1.003	  0.409	  0.005
61	  0.360	 87.939	  1.003	  0.409	  0.005
62	  0.360	 89.368	  1.003	  0.409	  0.005
63	  0.360	 90.796	  1.003	  0.409	  0.005
64	  0.360	 92.225	  1.003	  0.409	  0.005
65	  0.360	 93.653	  1.003	  0.409	  0.005
66	  0.360	 95.082	  1.003	  0.409	  0.005
67	  0.360	 96.511	  1.003	  0.409	  0.005
68	  0.360	 97.939	  1.003	  0.409	  0.005
69	  0.360	 99.368	  1.003	  0.409	  0.005
0	  0.480	  0.850	  1.003	  0.489	  0.004
1	  0.480	  2.279	  1.003	  0.489	  0.004
2	  0.480	  3.707	  1.003	  0.489	  0.004
3	  0.480	  5.136	  1.003	  0.489	  0.004
4	  0.480	  6.564	  1.003	  0.489	  0.004
5	  0.480	  7.993	  1.003	  0.489	  0.004
6	  0.480	  9.421	  1.003	  0.489	  0.004
7	  0.480	 10.850	  1.003	  0.489	  0.004
8	  0.480	 12.279	  1.003	  0.489	  0.004
9	  0.480	 13.707	  1.003	  0.489	  0.004
10	  0.480	 15.136	  1.003	  0.489	  0.004
11	  0.480	 16.564	  1.003	  0.489	  0.004
12	  0.480	 17.993	  1.003	  0.489	  0.004
13	  0.480	 19.421	  1.003	  0.489	  0.004
14	  0.480	 20.850	  1.003	  0.489	  0.004
15	  0.480	 22.279	  1.003	  0.489	  0.004
16	  0.480	 23.707	  1.003	  0.489	  0.004
17	  0.480	 25.136	  1.003	  0.489	  0.004
18	  0.480	 26.564	  1.003	  0.489	  0.004
19	  0.480	 27.993	  1.003	  0.489	  0.004
20	  0.480	 29.421	  1.003	  0.489	  0.004
21	  0.480	 30.850	  1.003	  0.489	  0.004
22	  0.480	 32.279	  1.003	  0.489	  0.004
23	  0.480	 33.707	  1.003	  0.489	  0.004
24	  0.480	 35.136	  1.003	  0.489	  0.004
25	  0.480	 36.564	  1.003	  0.489	  0.004
26	  0.480	 37.993	  1.003	  0.489	  0.004
27	  0.480	 39.421	  1.003	  0.489	  0.004
28	  0.480	 40.850	  1.003	  0.489	  0.004
29	  0.480	 42.279	  1.003	  0.489	  0.004
30	  0.480	 43.707	  1.003	  0.489	  0.004
31	  0.480	 45.136	  1.003	  0.489	  0.004
32	  0.480	 46.564	  1.003	  0.489	  0.004
33	  0.480	 47.993	  1.003	  0.489	  0.004
34	  0.480	 49.421	  1.003	  0.489	  0.004
35	  0.480	 50.850	  1.003	  0.489	  0.004
36	  0.480	 52.279	  1.003	  0.489	  0.004
37	  0.480	 53.707	  1.003	  0.489	  0.004
38	  0.480	 55.136	  1.003	  0.489	  0.004
39	  0.480	 56.564	  1.003	  0.489	  0.004
40	  0.480	 57.993	  1.003	  0.489	  0.004
41	  0.480	 59.421	  1.003	  0.489	  0.004
42	  0.480	 60.850	  1.003	  0.489	  0.004
43	  0.480	 62.279	  1.003	  0.489	  0.004
44	  0.480	 63.707	  1.003	  0.489	  0.004
45	  0.480	 65.136	  1.003	  0.489	  0.004
46	  0.480	 66.564	  1.003	  0.489	  0.004
47	  0.480	 67.993	  1.003	  0.489	  0.004
48	  0.480	 69.421	  1.003	  0.489	  0.004
49	  0.480	 70.850	  1.003	  0.489	  0.004
50	  0.480	 72.279	  1.003	  0.489	  0.004
51	  0.480	 73.707	  1.003	  0.489	  0.004
52	  0.480	 75.136	  1.003	  0.489	  0.004
53	  0.480	 76.564	  1.003	  0.489	  0.004
54	  0.480	 77.993	  1.003	  0.489	  0.004
55	  0.480	 79.421	  1.003	  0.489	  0.004
56	  0.480	 80.850	  1.003	  0.489	  0.004
57	  0.480	 82.279	  1.003	  0.489	  0.004
58	  0.480	 83.707	  1.003	  0.489	  0.004
59	  0.480	 85.136	  1.003	  0.489	  0.004
60	  0.480	 86.564	  1.003	  0.489	  0.004
61	  0.480	 87.993	  1.003	  0.489	  0.004
62	  0.480	 89.421	  1.003	  0.489	  0.004
63	  0.480	 90.850	  1.003	  0.489	  0.004
64	  0.480	 92.279	  1.003	  0.489	  0.004
65	  0.480	 93.707	  1.003	  0.489	  0.004
66	  0.480	 95.136	  1.003	  0.489	  0.004
67	  0.480	 96.564	  1.003	  0.489	  0.004
68	  0.480	 97.993	  1.003	  0.489	  0.004
69	  0.480	 99.421	  1.003	  0.489	  0.004
0	  0.600	  0.912	  1.004	  0.552	  0.003
1	  0.600	  2.341	  1.004	  0.552	  0.003
2	  0.600	  3.770	  1.004	  0.552	  0.003
3	  0.600	  5.198	  1.004	  0.552	  0.003
4	  0.600	  6.627	  1.004	  0.552	  0.003
5	  0.600	  8.055	  1.004	  0.552	  0.003
6	  0.600	  9.484	  1.004	  0.552	  0.003
7	  0.600	 10.912	  1.004	  0.552	  0.003
8	  0.600	 12.341	  1.004	  0.552	  0.003
9	  0.600	 13.770	  1.004	  0.552	  0.003
10	  0.600	 15.198	  1.004	  0.552	  0.003
11	  0.600	 16.627	  1.004	  0.552	  0.003
12	  0.600	 18.055	  1.004	  0.552	  0.003
13	  0.600	 19.484	  1.004	  0.552	  0.003
14	  0.600	 20.912	  1.004	  0.552	  0.003
15	  0.600	 22.341	  1.004	  0.552	  0.003
16	  0.600	 23.770	  1.004	  0.552	  0.003
17	  0.600	 25.198	  1.004	  0.552	  0.003
18	  0.600	 26.627	  1.004	  0.552	  0.003
19	  0.600	 28.055	  1.004	  0.552	  0.003
20	  0.600	 29.484	  1.004	  0.552	  0.003
21	  0.600	 30.912	  1.004	  0.552	  0.003
22	  0.600	 32.341	  1.004	  0.552	  0.003
23	  0.600	 33.770	  1.004	  0.552	  0.003
24	  0.600	 35.198	  1.004	  0.552	  0.003
25	  0.600	 36.627	  1.004	  0.552	  0.003
26	  0.600	 38.055	  1.004	  0.552	  0.003
27	  0.600	 39.484	  1.004	  0.552	  0.003
28	  0.600	 40.912	  1.004	  0.552	  0.003
29	  0.600	 42.341	  1.004	  0.552	  0.003
30	  0.600	 43.770	  1.004	  0.552	  0.003
31	  0.600	 45.198	  1.004	  0.552	  0.003
32	  0.600	 46.627	  1.004	  0.552	  0.003
33	  0.600	 48.055	  1.004	  0.552	  0.003
34	  0.600	 49.484	  1.004	  0.552	  0.003
35	  0.600	 50.912	  1.004	  0.552	  0.003
36	  0.600	 52.341	  1.004	  0.552	  0.003
37	  0.600	 53.770	  1.004	  0.552	  0.003
38	  0.600	 55.198	  1.004	  0.552	  0.003
39	  0.600	 56.627	  1.004	  0.552	  0.003
40	  0.600	 58.055	  1.004	  0.552	  0.003
41	  0.600	 59.484	  1.004	  0.552	  0.003
42	  0.600	 60.912	  1.004	  0.552	  0.003
43	  0.600	 62.341	  1.004	  0.552	  0.003
44	  0.600	 63.770	  1.004	  0.552	  0.003
45	  0.600	 65.198	  1.004	  0.552	  0.003
46	  0.600	 66.627	  1.004	  0.552	  0.003
47	  0.600	 68.055	  1.004	  0.552	  0.003
48	  0.600	 69.484	  1.004	  0.552	  0.003
49	  0.600	 70.912	  1.004	  0.552	  0.003
50	  0.600	 72.341	  1.004	  0.552	  0.003
51	  0.600	 73.770	  1.004	  0.552	  0.003
52	  0.600	 75.198	  1.004	  0.552	  0.003
53	  0.600	 76.627	  1.004	  0.552	  0.003
54	  0.600	 78.055	  1.004	  0.552	  0.003
55	  0.600	 79.484	  1.004	  0.552	  0.003
56	  0.600	 80.912	  1.004	  0.552	  0.003
57	  0.600	 82.341	  1.004	  0.552	  0.003
58	  0.600	 83.770	  1.004	  0.552	  0.003
59	  0.600	 85.198	  1.004	  0.552	  0.003
60	  0.600	 86.627	  1.004	  0.552	  0.003
61	  0.600	 88.055	  1.004	  0.552	  0.003
62	  0.600	 89.484	  1.004	  0.552	  0.003
63	  0.600	 90.912	  1.004	  0.552	  0.003
64	  0.600	 92.341	  1.004	  0.552	  0.003
65	  0.600	 93.770	  1.004	  0.552	  0.003
66	  0.600	 95.198	  1.004	  0.552	  0.003
67	  0.600	 96.627	  1.004	  0.552	  0.003
68	  0.600	 98.055	  1.004	  0.552	  0.003
69	  0.600	 99.484	  1.004	  0.552	  0.003
0	  0.720	  0.981	  1.004	  0.602	  0.002
1	  0.720	  2.410	  1.004	  0.602	  0.002
2	  0.720	  3.839	  1.004	  0.602	  0.002
3	  0.720	  5.267	  1.004	  0.602	  0.002
4	  0.720	  6.696	  1.004	  0.602	  0.002
5	  0.720	  8.124	  1.004	  0.602	  0.002
6	  0.720	  9.553	  1.004	  0.602	  0.002
7	  0.720	 10.981	  1.004	  0.602	  0.002
8	  0.720	 12.410	  1.004	  0.602	  0.002
9	  0.720	 13.839	  1.004	  0.602	  0.002
10	  0.720	 15.267	  1.004	  0.602	  0.002
11	  0.720	 16.696	  1.004	  0.602	  0.002
12	  0.720	 18.124	  1.004	  0.602	  0.002
13	  0.720	 19.553	  1.004	  0.602	  0.002
14	  0.720	 20.981	  1.004	  0.602	  0.002
15	  0.720	 22.410	  1.004	  0.602	  0.002
16	  0.720	 23.839	  1.004	  0.602	  0.002
17	  0.720	 25.267	  1.004	  0.602	  0.002
18	  0.720	 26.696	  1.004	  0.602	  0.002
19	  0.720	 28.124	  1.004	  0.602	  0.002
20	  0.720	 29.553	  1.004	  0.602	  0.002
21	  0.720	 30.981	  1.004	  0.602	  0.002
22	  0.720	 32.410	  1.004	  0.602	  0.002
23	  0.720	 33.839	  1.004	  0.602	  0.002
24	  0.720	 35.267	  1.004	  0.602	  0.002
25	  0.720	 36.696	  1.004	  0.602	  0.002
26	  0.720	 38.124	  1.004	  0.602	  0.002
27	  0.720	 39.553	  1.004	  0.602	  0.002
28	  0.720	 40.981	  1.004	  0.602	  0.002
29	  0.720	 42.410	  1.004	  0.602	  0.002
30	  0.720	 43.839	  1.004	  0.602	  0.002
31	  0.720	 45.267	  1.004	  0.602	  0.002
32	  0.720	 46.696	  1.004	  0.602	  0.002
33	  0.720	 48.124	  1.004	  0.602	  0.002
34	  0.720	 49.553	  1.004	  0.602	  0.002
35	  0.720	 50.981	  1.004	  0.602	  0.002
36	  0.720	 52.410	  1.004	  0.602	  0.002
37	  0.720	 53.839	  1.004	  0.602	  0.002
38	  0.720	 55.267	  1.004	  0.602	  0.002
39	  0.720	 56.696	  1.004	  0.602	  0.002
40	  0.720	 58.124	  1.004	  0.602	  0.002
41	  0.720	 59.553	  1.004	  0.602	  0.002
42	  0.720	 60.981	  1.004	  0.602	  0.002
43	  0.720	 62.410	  1.004	  0.602	  0.002
44	  0.720	 63.839	  1.004	  0.602	  0.002
45	  0.720	 65.267	  1.004	  0.602	  0.002
46	  0.720	 66.696	  1.004	  0.602	  0.002
47	  0.720	 68.124	  1.004	  0.602	  0.002
48	  0.720	 69.553	  1.004	  0.602	  0.002
49	  0.720	 70.981	  1.004	  0.602	  0.002
50	  0.720	 72.410	  1.004	  0.602	  0.002
51	  0.720	 73.839	  1.004	  0.602	  0.002
52	  0.720	 75.267	  1.004	  0.602	  0.002
53	  0.720	 76.696	  1.004	  0.602	  0.002
54	  0.720	 78.124	  1.004	  0.602	  0.002
55	  0.720	 79.553	  1.004	  0.602	  0.002
56	  0.720	 80.981	  1.004	  0.602	  0.002
57	  0.720	 82.410	  1.004	  0.602	  0.002
58	  0.720	 83.839	  1.004	  0.602	  0.002
59	  0.720	 85.267	  1.004	  0.602	  0.002
60	  0.720	 86.696	  1.004	  0.602	  0.002
61	  0.720	 88.124	  1.004	  0.602	  0.002
62	  0.720	 89.553	  1.004	  0.602	  0.002
63	  0.720	 90.981	  1.004	  0.602	  0.002
64	  0.720	 92.410	  1.004	  0.602	  0.002
65	  0.720	 93.839	  1.004	  0.602	  0.002
66	  0.720	 95.267	  1.004	  0.602	  0.002
67	  0.720	 96.696	  1.004	  0.602	  0.002
68	  0.720	 98.124	  1.004	  0.602	  0.002
69	  0.720	 99.553	  1.004	  0.602	  0.002
0	  0.840	  1.056	  1.004	  0.641	  0.002
1	  0.840	  2.485	  1.004	  0.641	  0.002
2	  0.840	  3.913	  1.004	  0.641	  0.002
3	  0.840	  5.342	  1.004	  0.641	  0.002
4	  0.840	  6.770	  1.004	  0.641	  0.002
5	  0.840	  8.199	  1.004	  0.641	  0.002
6	  0.840	  9.627	  1.004	  0.641	  0.002
7	  0.840	 11.056	  1.004	  0.641	  0.002
8	  0.840	 12.485	  1.004	  0.641	  0.002
9	  0.840	 13.913	  1.004	  0.641	  0.002
10	  0.840	 15.342	  1.004	  0.641	  0.002
11	  0.840	 16.770	  1.004	  0.641	  0.002
12	  0.840	 18.199	  1.004	  0.641	  0.002
13	  0.840	 19.627	  1.004	  0.641	  0.002
14	  0.840	 21.056	  1.004	  0.641	  0.002
15	  0.840	 22.485	  1.004	  0.641	  0.002
16	  0.840	 23.913	  1.004	  0.641	  0.002
17	  0.840	 25.342	  1.004	  0.641	  0.002
18	  0.840	 26.770	  1.004	  0.641	  0.002
19	  0.840	 28.199	  1.004	  0.641	  0.002
20	  0.840	 29.627	  1.004	  0.641	  0.002
21	  0.840	 31.056	  1.004	  0.641	  0.002
22	  0.840	 32.485	  1.004	  0.641	  0.002
23	  0.840	 33.913	  1.004	  0.641	  0.002
24	  0.840	 35.342	  1.004	  0.641	  0.002
25	  0.840	 36.770	  1.004	  0.641	  0.002
26	  0.840	 38.199	  1.004	  0.641	  0.002
27	  0.840	 39.627	  1.004	  0.641	  0.002
28	  0.840	 41.056	  1.004	  0.641	  0.002
29	  0.840	 42.485	  1.004	  0.641	  0.002
30	  0.840	 43.913	  1.004	  0.641	  0.002
31	  0.840	 45.342	  1.004	  0.641	  0.002
32	  0.840	 46.770	  1.004	  0.641	  0.002
33	  0.840	 48.199	  1.004	  0.641	  0.002
34	  0.840	 49.627	  1.004	  0.641	  0.002
35	  0.840	 51.056	  1.004	  0.641	  0.002
36	  0.840	 52.485	  1.004	  0.641	  0.002
37	  0.840	 53.913	  1.004	  0.641	  0.002
38	  0.840	 55.342	  1.004	  0.641	  0.002
39	  0.840	 56.770	  1.004	  0.641	  0.002
40	  0.840	 58.199	  1.004	  0.641	  0.002
41	  0.840	 59.627	  1.004	  0.641	  0.002
42	  0.840	 61.056	  1.004	  0.641	  0.002
43	  0.840	 62.485	  1.004	  0.641	  0.002
44	  0.840	 63.913	  1.004	  0.641	  0.002
45	  0.840	 65.342	  1.004	  0.641	  0.002
46	  0.840	 66.770	  1.004	  0.641	  0.002
47	  0.840	 68.199	  1.004	  0.641	  0.002
48	  0.840	 69.627	  1.004	  0.641	  0.002
49	  0.840	 71.056	  1.004	  0.641	  0.002
50	  0.840	 72.485	  1.004	  0.641	  0.002
51	  0.840	 73.913	  1.004	  0.641	  0.002
52	  0.840	 75.342	  1.004	  0.641	  0.002
53	  0.840	 76.770	  1.004	  0.641	  0.002
54	  0.840	 78.199	  1.004	  0.641	  0.002
55	  0.840	 79.627	  1.004	  0.641	  0.002
56	  0.840	 81.056	  1.004	  0.641	  0.002
57	  0.840	 82.485	  1.004	  0.641	  0.002
58	  0.840	 83.913	  1.004	  0.641	  0.002
59	  0.840	 85.342	  1.004	  0.641	  0.002
60	  0.840	 86.770	  1.004	  0.641	  0.002
61	  0.840	 88.199	  1.004	  0.641	  0.002
62	  0.840	 89.627	  1.004	  0.641	  0.002
63	  0.840	 91.056	  1.004	  0.641	  0.002
64	  0.840	 92.485	  1.004	  0.641	  0.002
65	  0.840	 93.913	  1.004	  0.641	  0.002
66	  0.840	 95.342	  1.004	  0.641	  0.002
67	  0.840	 96.770	  1.004	  0.641	  0.002
68	  0.840	 98.199	  1.004	  0.641	  0.002
69	  0.840	 99.627	  1.004	  0.641	  0.002
0	  0.960	  1.135	  1.004	  0.671	  0.001
1	  0.960	  2.563	  1.004	  0.671	  0.001
2	  0.960	  3.992	  1.004	  0.671	  0.001
3	  0.960	  5.420	  1.004	  0.671	  0.001
4	  0.960	  6.849	  1.004	  0.671	  0.001
5	  0.960	  8.277	  1.004	  0.671	  0.001
6	  0.960	  9.706	  1.004	  0.671	  0.001
7	  0.960	 11.135	  1.004	  0.671	  0.001
8	  0.960	 12.563	  1.004	  0.671	  0.001
9	  0.960	 13.992	  1.004	  0.671	  0.001
10	  0.960	 15.420	  1.004	  0.671	  0.001
11	  0.960	 16.849	  1.004	  0.671	  0.001
12	  0.960	 18.277	  1.004	  0.671	  0.001
13	  0.960	 19.706	  1.004	  0.671	  0.001
14	  0.960	 21.135	  1.004	  0.671	  0.001
15	  0.960	 22.563	  1.004	  0.671	  0.001
16	  0.960	 23.992	  1.004	  0.671	  0.001
17	  0.960	 25.420	  1.004	  0.671	  0.001
18	  0.960	 26.849	  1.004	  0.671	  0.001
19	  0.960	 28.277	  1.004	  0.671	  0.001
20	  0.960	 29.706	  1.004	  0.671	  0.001
21	  0.960	 31.135	  1.004	  0.671	  0.001
22	  0.960	 32.563	  1.004	  0.671	  0.001
23	  0.960	 33.992	  1.004	  0.671	  0.001
24	  0.960	 35.420	  1.004	  0.671	  0.001
25	  0.960	 36.849	  1.004	  0.671	  0.001
26	  0.960	 38.277	  1.004	  0.671	  0.001
27	  0.960	 39.706	  1.004	  0.671	  0.001
28	  0.960	 41.135	  1.004	  0.671	  0.001
29	  0.960	 42.563	  1.004	  0.671	  0.001
30	  0.960	 43.992	  1.004	  0.671	  0.001
31	  0.960	 45.420	  1.004	  0.671	  0.001
32	  0.960	 46.849	  1.004	  0.671	  0.001
33	  0.960	 48.277	  1.004	  0.671	  0.001
34	  0.960	 49.706	  1.004	  0.671	  0.001
35	  0.960	 51.135	  1.004	  0.671	  0.001
36	  0.960	 52.563	  1.004	  0.671	  0.001
37	  0.960	 53.992	  1.004	  0.671	  0.001
38	  0.960	 55.420	  1.004	  0.671	  0.001
39	  0.960	 56.849	  1.004	  0.671	  0.001
40	  0.960	 58.277	  1.004	  0.671	  0.001
41	  0.960	 59.706	  1.004	  0.671	  0.001
42	  0.960	 61.135	  1.004	  0.671	  0.001
43	  0.960	 62.563	  1.004	  0.671	  0.001
44	  0.960	 63.992	  1.004	  0.671	  0.001
45	  0.960	 65.420	  1.004	  0.671	  0.001
46	  0.960	 66.849	  1.004	  0.671	  0.001
47	  0.960	 68.277	  1.004	  0.671	  0.001
48	  0.960	 69.706	  1.004	  0.671	  0.001
49	  0.960	 71.135	  1.004	  0.671	  0.001
50	  0.960	 72.563	  1.004	  0.671	  0.001
51	  0.960	 73.992	  1.004	  0.671	  0.001
52	  0.960	 75.420	  1.004	  0.671	  0.001
53	  0.960	 76.849	  1.004	  0.671	  0.001
54	  0.960	 78.277	  1.004	  0.671	  0.001
55	  0.960	 79.706	  1.004	  0.671	  0.001
56	  0.960	 81.135	  1.004	  0.671	  0.001
57	  0.960	 82.563	  1.004	  0.671	  0.001
58	  0.960	 83.992	  1.004	  0.671	  0.001
59	  0.960	 85.420	  1.004	  0.671	  0.001
60	  0.960	 86.849	  1.004	  0.671	  0.001
61	  0.960	 88.277	  1.004	  0.671	  0.001
62	  0.960	 89.706	  1.004	  0.671	  0.001
63	  0.960	 91.135	  1.004	  0.671	  0.001
64	  0.960	 92.563	  1.004	  0.671	  0.001
65	  0.960	 93.992	  1.004	  0.671	  0.001
66	  0.960	 95.420	  1.004	  0.671	  0.001
67	  0.960	 96.849	  1.004	  0.671	  0.001
68	  0.960	 98.277	  1.004	  0.671	  0.001
69	  0.960	 99.706	  1.004	  0.671	  0.001
0	  1.080	  1.216	  1.004	  0.695	  0.001
1	  1.080	  2.645	  1.004	  0.695	  0.001
2	  1.080	  4.074	  1.004	  0.695	  0.001
3	  1.080	  5.502	  1.004	  0.695	  0.001
4	  1.080	  6.931	  1.004	  0.695	  0.001
5	  1.080	  8.359	  1.004	  0.695	  0.001
6	  1.080	  9.788	  1.004	  0.695	  0.001
7	  1.080	 11.216	  1.004	  0.695	  0.001
8	  1.080	 12.645	  1.004	  0.695	  0.001
9	  1.080	 14.074	  1.004	  0.695	  0.001
10	  1.080	 15.502	  1.004	  0.695	  0.001
11	  1.080	 16.931	  1.004	  0.695	  0.001
12	  1.080	 18.359	  1.004	  0.695	  0.001
13	  1.080	 19.788	  1.004	  0.695	  0.001
14	  1.080	 21.216	  1.004	  0.695	  0.001
15	  1.080	 22.645	  1.004	  0.695	  0.001
16	  1.080	 24.074	  1.004	  0.695	  0.001
17	  1.080	 25.502	  1.004	  0.695	  0.001
18	  1.080	 26.931	  1.004	  0.695	  0.001
19	  1.080	 28.359	  1.004	  0.695	  0.001
20	  1.080	 29.788	  1.004	  0.695	  0.001
21	  1.080	 31.216	  1.004	  0.695	  0.001
22	  1.080	 32.645	  1.004	  0.695	  0.001
23	  1.080	 34.074	  1.004	  0.695	  0.001
24	  1.080	 35.502	  1.004	  0.695	  0.001
25	  1.080	 36.931	  1.004	  0.695	  0.001
26	  1.080	 38.359	  1.004	  0.695	  0.001
27	  1.080	 39.788	  1.004	  0.695	  0.001
28	  1.080	 41.216	  1.004	  0.695	  0.001
29	  1.080	 42.645	  1.004	  0.695	  0.001
30	  1.080	 44.074	  1.004	  0.695	  0.001
31	  1.080	 45.502	  1.004	  0.695	  0.001
32	  1.080	 46.931	  1.004	  0.695	  0.001
33	  1.080	 48.359	  1.004	  0.695	  0.001
34	  1.080	 49.788	  1.004	  0.695	  0.001
35	  1.080	 51.216	  1.004	  0.695	  0.001
36	  1.080	 52.645	  1.004	  0.695	  0.001
37	  1.080	 54.074	  1.004	  0.695	  0.001
38	  1.080	 55.502	  1.004	  0.695	  0.001
39	  1.080	 56.931	  1.004	  0.695	  0.001
40	  1.080	 58.359	  1.004	  0.695	  0.001
41	  1.080	 59.788	  1.004	  0.695	  0.001
42	  1.080	 61.216	  1.004	  0.695	  0.001
43	  1.080	 62.645	  1.004	  0.695	  0.001
44	  1.080	 64.074	  1.004	  0.695	  0.001
45	  1.080	 65.502	  1.004	  0.695	  0.001
46	  1.080	 66.931	  1.004	  0.695	  0.001
47	  1.080	 68.359	  1.004	  0.695	  0.001
48	  1.080	 69.788	  1.004	  0.695	  0.001
49	  1.080	 71.216	  1.004	  0.695	  0.001
50	  1.080	 72.645	  1.004	  0.695	  0.001
51	  1.080	 74.074	  1.004	  0.695	  0.001
52	  1.080	 75.502	  1.004	  0.695	  0.001
53	  1.080	 76.931	  1.004	  0.695	  0.001
54	  1.080	 78.359	  1.004	  0.695	  0.001
55	  1.080	 79.788	  1.004	  0.695	  0.001
56	  1.080	 81.216	  1.004	  0.695	  0.001
57	  1.080	 82.645	  1.004	  0.695	  0.001
58	  1.080	 84.074	  1.004	  0.695	  0.001
59	  1.080	 85.502	  1.004	  0.695	  0.001
60	  1.080	 86.931	  1.004	  0.695	  0.001
61	  1.080	 88.359	  1.004	  0.695	  0.001
62	  1.080	 89.788	  1.004	  0.695	  0.001
63	  1.080	 91.216	  1.004	  0.695	  0.001
64	  1.080	 92.645	  1.004	  0.695	  0.001
65	  1.080	 94.074	  1.004	  0.695	  0.001
66	  1.080	 95.502	  1.004	  0.695	  0.001
67	  1.080	 96.931	  1.004	  0.695	  0.001
68	  1.080	 98.359	  1.004	  0.695	  0.001
69	  1.080	 99.788	  1.004	  0.695	  0.001
0	  1.200	  1.301	  1.005	  0.714	  0.001
1	  1.200	  2.730	  1.005	  0.714	  0.001
2	  1.200	  4.158	  1.005	  0.714	  0.001
3	  1.200	  5.587	  1.005	  0.714	  0.001
4	  1.200	  7.015	  1.005	  0.714	  0.001
5	  1.200	  8.444	  1.005	  0.714	  0.001
6	  1.200	  9.872	  1.005	  0.714	  0.001
7	  1.200	 11.301	  1.005	  0.714	  0.001
8	  1.200	 12.730	  1.005	  0.714	  0.001
9	  1.200	 14.158	  1.005	  0.714	  0.001
10	  1.200	 15.587	  1.005	  0.714	  0.001
11	  1.200	 17.015	  1.005	  0.714	  0.001
12	  1.200	 18.444	  1.005	  0.714	  0.001
13	  1.200	 19.872	  1.005	  0.714	  0.001
14	  1.200	 21.301	  1.005	  0.714	  0.001
15	  1.200	 22.730	  1.005	  0.714	  0.001
16	  1.200	 24.158	  1.005	  0.714	  0.001
17	  1.200	 25.587	  1.005	  0.714	  0.001
18	  1.200	 27.015	  1.005	  0.714	  0.001
19	  1.200	 28.444	  1.005	  0.714	  0.001
20	  1.200	 29.872	  1.005	  0.714	  0.001
21	  1.200	 31.301	  1.005	  0.714	  0.001
22	  1.200	 32.730	  1.005	  0.714	  0.001
23	  1.200	 34.158	  1.005	  0.714	  0.001
24	  1.200	 35.587	  1.005	  0.714	  0.001
25	  1.200	 37.015	  1.005	  0.714	  0.001
26	  1.200	 38.444	  1.005	  0.714	  0.001
27	  1.200	 39.872	  1.005	  0.714	  0.001
28	  1.200	 41.301	  1.005	  0.714	  0.001
29	  1.200	 42.730	  1.005	  0.714	  0.001
30	  1.200	 44.158	  1.005	  0.714	  0.001
31	  1.200	 45.587	  1.005	  0.714	  0.001
32	  1.200	 47.015	  1.005	  0.714	  0.001
33	  1.200	 48.444	  1.005	  0.714	  0.001
34	  1.200	 49.872	  1.005	  0.714	  0.001
35	  1.200	 51.301	  1.005	  0.714	  0.001
36	  1.200	 52.730	  1.005	  0.714	  0.001
37	  1.200	 54.158	  1.005	  0.714	  0.001
38	  1.200	 55.587	  1.005	  0.714	  0.001
39	  1.200	 57.015	  1.005	  0.714	  0.001
40	  1.200	 58.444	  1.005	  0.714	  0.001
41	  1.200	 59.872	  1.005	  0.714	  0.001
42	  1.200	 61.301	  1.005	  0.714	  0.001
43	  1.200	 62.730	  1.005	  0.714	  0.001
44	  1.200	 64.158	  1.005	  0.714	  0.001
45	  1.200	 65.587	  1.005	  0.714	  0.001
46	  1.200	 67.015	  1.005	  0.714	  0.001
47	  1.200	 68.444	  1.005	  0.714	  0.001
48	  1.200	 69.872	  1.005	  0.714	  0.001
49	  1.200	 71.301	  1.005	  0.714	  0.001
50	  1.200	 72.730	  1.005	  0.714	  0.001
51	  1.200	 74.158	  1.005	  0.714	  0.001
52	  1.200	 75.587	  1.005	  0.714	  0.001
53	  1.200	 77.015	  1.005	  0.714	  0.001
54	  1.200	 78.444	  1.005	  0.714	  0.001
55	  1.200	 79.872	  1.005	  0.714	  0.001
56	  1.200	 81.301	  1.005	  0.714	  0.001
57	  1.200	 82.730	  1.005	  0.714	  0.001
58	  1.200	 84.158	  1.005	  0.714	  0.001
59	  1.200	 85.587	  1.005	  0.714	  0.001
60	  1.200	 87.015	  1.005	  0.714	  0.001
61	  1.200	 88.444	  1.005	  0.714	  0.001
62	  1.200	 89.872	  1.005	  0.714	  0.001
63	  1.200	 91.301	  1.005	  0.714	  0.001
64	  1.200	 92.730	  1.005	  0.714	  0.001
65	  1.200	 94.158	  1.005	  0.714	  0.001
66	  1.200	 95.587	  1.005	  0.714	  0.001
67	  1.200	 97.015	  1.005	  0.714	  0.001
68	  1.200	 98.444	  1.005	  0.714	  0.001
69	  1.200	 99.872	  1.005	  0.714	  0.001
0	  1.320	  1.387	  1.005	  0.728	  0.001
1	  1.320	  2.816	  1.005	  0.728	  0.001
2	  1.320	  4.245	  1.005	  0.728	  0.001
3	  1.320	  5.673	  1.005	  0.728	  0.001
4	  1.320	  7.102	  1.005	  0.728	  0.001
5	  1.320	  8.530	  1.005	  0.728	  0.001
6	  1.320	  9.959	  1.005	  0.728	  0.001
7	  1.320	 11.387	  1.005	  0.728	  0.001
8	  1.320	 12.816	  1.005	  0.728	  0.001
9	  1.320	 14.245	  1.005	  0.728	  0.001
10	  1.320	 15.673	  1.005	  0.728	  0.001
11	  1.320	 17.102	  1.005	  0.728	  0.001
12	  1.320	 18.530	  1.005	  0.728	  0.001
13	  1.320	 19.959	  1.005	  0.728	  0.001
14	  1.320	 21.387	  1.005	  0.728	  0.001
15	  1.320	 22.816	  1.005	  0.728	  0.001
16	  1.320	 24.245	  1.005	  0.728	  0.001
17	  1.320	 25.673	  1.005	  0.728	  0.001
18	  1.320	 27.102	  1.005	  0.728	  0.001
19	  1.320	 28.530	  1.005	  0.728	  0.001
20	  1.320	 29.959	  1.005	  0.728	  0.001
21	  1.320	 31.387	  1.005	  0.728	  0.001
22	  1.320	 32.816	  1.005	  0.728	  0.001
23	  1.320	 34.245	  1.005	  0.728	  0.001
24	  1.320	 35.673	  1.005	  0.728	  0.001
25	  1.320	 37.102	  1.005	  0.728	  0.001
26	  1.320	 38.530	  1.005	  0.728	  0.001
27	  1.320	 39.959	  1.005	  0.728	  0.001
28	  1.320	 41.387	  1.005	  0.728	  0.001
29	  1.320	 42.816	  1.005	  0.728	  0.001
30	  1.320	 44.245	  1.005	  0.728	  0.001
31	  1.320	 45.673	  1.005	  0.728	  0.001
32	  1.320	 47.102	  1.005	  0.728	  0.001
33	  1.320	 48.530	  1.005	  0.728	  0.001
34	  1.320	 49.959	  1.005	  0.728	  0.001
35	  1.320	 51.387	  1.005	  0.728	  0.001
36	  1.320	 52.816	  1.005	  0.728	  0.001
37	  1.320	 54.245	  1.005	  0.728	  0.001
38	  1.320	 55.673	  1.005	  0.728	  0.001
39	  1.320	 57.102	  1.005	  0.728	  0.001
40	  1.320	 58.530	  1.005	  0.728	  0.001
41	  1.320	 59.959	  1.005	  0.728	  0.001
42	  1.320	 61.387	  1.005	  0.728	  0.001
43	  1.320	 62.816	  1.005	  0.728	  0.001
44	  1.320	 64.245	  1.005	  0.728	  0.001
45	  1.320	 65.673	  1.005	  0.728	  0.001
46	  1.320	 67.102	  1.005	  0.728	  0.001
47	  1.320	 68.530	  1.005	  0.728	  0.001
48	  1.320	 69.959	  1.005	  0.728	  0.001
49	  1.320	 71.387	  1.005	  0.728	  0.001
50	  1.320	 72.816	  1.005	  0.728	  0.001
51	  1.320	 74.245	  1.005	  0.728	  0.001
52	  1.320	 75.673	  1.005	  0.728	  0.001
53	  1.320	 77.102	  1.005	  0.728	  0.001
54	  1.320	 78.530	  1.005	  0.728	  0.001
55	  1.320	 79.959	  1.005	  0.728	  0.001
56	  1.320	 81.387	  1.005	  0.728	  0.001
57	  1.320	 82.816	  1.005	  0.728	  0.001
58	  1.320	 84.245	  1.005	  0.728	  0.001
59	  1.320	 85.673	  1.005	  0.728	  0.001
60	  1.320	 87.102	  1.005	  0.728	  0.001
61	  1.320	 88.530	  1.005	  0.728	  0.001
62	  1.320	 89.959	  1.005	  0.728	  0.001
63	  1.320	 91.387	  1.005	  0.728	  0.001
64	  1.320	 92.816	  1.005	  0.728	  0.001
65	  1.320	 94.245	  1.005	  0.728	  0.001
66	  1.320	 95.673	  1.005	  0.728	  0.001
67	  1.320	 97.102	  1.005	  0.728	  0.001
68	  1.320	 98.530	  1.005	  0.728	  0.001
69	  1.320	 99.959	  1.005	  0.728	  0.001
0	  1.440	  1.475	  1.005	  0.740	  0.001
1	  1.440	  2.904	  1.005	  0.740	  0.001
2	  1.440	  4.333	  1.005	  0.740	  0.001
3	  1.440	  5.761	  1.005	  0.740	  0.001
4	  1.440	  7.190	  1.005	  0.740	  0.001
5	  1.440	  8.618	  1.005	  0.740	  0.001
6	  1.440	 10.047	  1.005	  0.740	  0.001
7	  1.440	 11.475	  1.005	  0.740	  0.001
8	  1.440	 12.904	  1.005	  0.740	  0.001
9	  1.440	 14.333	  1.005	  0.740	  0.001
10	  1.440	 15.761	  1.005	  0.740	  0.001
11	  1.440	 17.190	  1.005	  0.740	  0.001
12	  1.440	 18.618	  1.005	  0.740	  0.001
13	  1.440	 20.047	  1.005	  0.740	  0.001
14	  1.440	 21.475	  1.005	  0.740	  0.001
15	  1.440	 22.904	  1.005	  0.740	  0.001
16	  1.440	 24.333	  1.005	  0.740	  0.001
17	  1.440	 25.761	  1.005	  0.740	  0.001
18	  1.440	 27.190	  1.005	  0.740	  0.001
19	  1.440	 28.618	  1.005	  0.740	  0.001
20	  1.440	 30.047	  1.005	  0.740	  0.001
21	  1.440	 31.475	  1.005	  0.740	  0.001
22	  1.440	 32.904	  1.005	  0.740	  0.001
23	  1.440	 34.333	  1.005	  0.740	  0.001
24	  1.440	 35.761	  1.005	  0.740	  0.001
25	  1.440	 37.190	  1.005	  0.740	  0.001
26	  1.440	 38.618	  1.005	  0.740	  0.001
27	  1.440	 40.047	  1.005	  0.740	  0.001
28	  1.440	 41.475	  1.005	  0.740	  0.001
29	  1.440	 42.904	  1.005	  0.740	  0.001
30	  1.440	 44.333	  1.005	  0.740	  0.001
31	  1.440	 45.761	  1.005	  0.740	  0.001
32	  1.440	 47.190	  1.005	  0.740	  0.001
33	  1.440	 48.618	  1.005	  0.740	  0.001
34	  1.440	 50.047	  1.005	  0.740	  0.001
35	  1.440	 51.475	  1.005	  0.740	  0.001
36	  1.440	 52.904	  1.005	  0.740	  0.001
37	  1.440	 54.333	  1.005	  0.740	  0.001
38	  1.440	 55.761	  1.005	  0.740	  0.001
39	  1.440	 57.190	  1.005	  0.740	  0.001
40	  1.440	 58.618	  1.005	  0.740	  0.001
41	  1.440	 60.047	  1.005	  0.740	  0.001
42	  1.440	 61.475	  1.005	  0.740	  0.001
43	  1.440	 62.904	  1.005	  0.740	  0.001
44	  1.440	 64.333	  1.005	  0.740	  0.001
45	  1.440	 65.761	  1.005	  0.740	  0.001
46	  1.440	 67.190	  1.005	  0.740	  0.001
47	  1.440	 68.618	  1.005	  0.740	  0.001
48	  1.440	 70.047	  1.005	  0.740	  0.001
49	  1.440	 71.475	  1.005	  0.740	  0.001
50	  1.440	 72.904	  1.005	  0.740	  0.001
51	  1.440	 74.333	  1.005	  0.740	  0.001
52	  1.440	 75.761	  1.005	  0.740	  0.001
53	  1.440	 77.190	  1.005	  0.740	  0.001
54	  1.440	 78.618	  1.005	  0.740	  0.001
55	  1.440	 80.047	  1.005	  0.740	  0.001
56	  1.440	 81.475	  1.005	  0.740	  0.001
57	  1.440	 82.904	  1.005	  0.740	  0.001
58	  1.440	 84.333	  1.005	  0.740	  0.001
59	  1.440	 85.761	  1.005	  0.740	  0.001
60	  1.440	 87.190	  1.005	  0.740	  0.001
61	  1.440	 88.618	  1.005	  0.740	  0.001
62	  1.440	 90.047	  1.005	  0.740	  0.001
63	  1.440	 91.475	  1.005	  0.740	  0.001
64	  1.440	 92.904	  1.005	  0.740	  0.001
65	  1.440	 94.333	  1.005	  0.740	  0.001
66	  1.440	 95.761	  1.005	  0.740	  0.001
67	  1.440	 97.190	  1.005	  0.740	  0.001
68	  1.440	 98.618	  1.005	  0.740	  0.001
69	  1.440	100.047	  1.005	  0.740	  0.001
0	  1.560	  1.565	  1.005	  0.749	  0.000
1	  1.560	  2.993	  1.005	  0.749	  0.000
2	  1.560	  4.422	  1.005	  0.749	  0.000
3	  1.560	  5.851	  1.005	  0.749	  0.000
4	  1.560	  7.279	  1.005	  0.749	  0.000
5	  1.560	  8.708	  1.005	  0.749	  0.000
6	  1.560	 10.136	  1.005	  0.749	  0.000
7	  1.560	 11.565	  1.005	  0.749	  0.000
8	  1.560	 12.993	  1.005	  0.749	  0.000
9	  1.560	 14.422	  1.005	  0.749	  0.000
10	  1.560	 15.851	  1.005	  0.749	  0.000
11	  1.560	 17.279	  1.005	  0.749	  0.000
12	  1.560	 18.708	  1.005	  0.749	  0.000
13	  1.560	 20.136	  1.005	  0.749	  0.000
14	  1.560	 21.565	  1.005	  0.749	  0.000
15	  1.560	 22.993	  1.005	  0.749	  0.000
16	  1.560	 24.422	  1.005	  0.749	  0.000
17	  1.560	 25.851	  1.005	  0.749	  0.000
18	  1.560	 27.279	  1.005	  0.749	  0.000
19	  1.560	 28.708	  1.005	  0.749	  0.000
20	  1.560	 30.136	  1.005	  0.749	  0.000
21	  1.560	 31.565	  1.005	  0.749	  0.000
22	  1.560	 32.993	  1.005	  0.749	  0.000
23	  1.560	 34.422	  1.005	  0.749	  0.000
24	  1.560	 35.851	  1.005	  0.749	  0.000
25	  1.560	 37.279	  1.005	  0.749	  0.000
26	  1.560	 38.708	  1.005	  0.749	  0.000
27	  1.560	 40.136	  1.005	  0.749	  0.000
28	  1.560	 41.565	  1.005	  0.749	  0.000
29	  1.560	 42.993	  1.005	  0.749	  0.000
30	  1.560	 44.422	  1.005	  0.749	  0.000
31	  1.560	 45.851	  1.005	  0.749	  0.000
32	  1.560	 47.279	  1.005	  0.749	  0.000
33	  1.560	 48.708	  1.005	  0.749	  0.000
34	  1.560	 50.136	  1.005	  0.749	  0.000
35	  1.560	 51.565	  1.005	  0.749	  0.000
36	  1.560	 52.993	  1.005	  0.749	  0.000
37	  1.560	 54.422	  1.005	  0.749	  0.000
38	  1.560	 55.851	  1.005	  0.749	  0.000
39	  1.560	 57.279	  1.005	  0.749	  0.000
40	  1.560	 58.708	  1.005	  0.749	  0.000
41	  1.560	 60.136	  1.005	  0.749	  0.000
42	  1.560	 61.565	  1.005	  0.749	  0.000
43	  1.560	 62.993	  1.005	  0.749	  0.000
44	  1.560	 64.422	  1.005	  0.749	  0.000
45	  1.560	 65.851	  1.005	  0.749	  0.000
46	  1.560	 67.279	  1.005	  0.749	  0.000
47	  1.560	 68.708	  1.005	  0.749	  0.000
48	  1.560	 70.136	  1.005	  0.749	  0.000
49	  1.560	 71.565	  1.005	  0.749	  0.000
50	  1.560	 72.993	  1.005	  0.749	  0.000
51	  1.560	 74.422	  1.005	  0.749	  0.000
52	  1.560	 75.851	  1.005	  0.749	  0.000
53	  1.560	 77.279	  1.005	  0.749	  0.000
54	  1.560	 78.708	  1.005	  0.749	  0.000
55	  1.560	 80.136	  1.005	  0.749	  0.000
56	  1.560	 81.565	  1.005	  0.749	  0.000
57	  1.560	 82.993	  1.005	  0.749	  0.000
58	  1.560	 84.422	  1.005	  0.749	  0.000
59	  1.560	 85.851	  1.005	  0.749	  0.000
60	  1.560	 87.279	  1.005	  0.749	  0.000
61	  1.560	 88.708	  1.005	  0.749	  0.000
62	  1.560	 90.136	  1.005	  0.749	  0.000
63	  1.560	 91.565	  1.005	  0.749	  0.000
64	  1.560	 92.993	  1.005	  0.749	  0.000
65	  1.560	 94.422	  1.005	  0.749	  0.000
66	  1.560	 95.851	  1.005	  0.749	  0.000
67	  1.560	 97.279	  1.005	  0.749	  0.000
68	  1.560	 98.708	  1.005	  0.749	  0.000
69	  1.560	100.136	  1.005	  0.749	  0.000
0	  1.680	  1.655	  1.005	  0.756	  0.000
1	  1.680	  3.084	  1.005	  0.756	  0.000
2	  1.680	  4.512	  1.005	  0.756	  0.000
3	  1.680	  5.941	  1.005	  0.756	  0.000
4	  1.680	  7.369	  1.005	  0.756	  0.000
5	  1.680	  8.798	  1.005	  0.756	  0.000
6	  1.680	 10.227	  1.005	  0.756	  0.000
7	  1.680	 11.655	  1.005	  0.756	  0.000
8	  1.680	 13.084	  1.005	  0.756	  0.000
9	  1.680	 14.512	  1.005	  0.756	  0.000
10	  1.680	 15.941	  1.005	  0.756	  0.000
11	  1.680	 17.369	  1.005	  0.756	  0.000
12	  1.680	 18.798	  1.005	  0.756	  0.000
13	  1.680	 20.227	  1.005	  0.756	  0.000
14	  1.680	 21.655	  1.005	  0.756	  0.000
15	  1.680	 23.084	  1.005	  0.756	  0.000
16	  1.680	 24.512	  1.005	  0.756	  0.000
17	  1.680	 25.941	  1.005	  0.756	  0.000
18	  1.680	 27.369	  1.005	  0.756	  0.000
19	  1.680	 28.798	  1.005	  0.756	  0.000
20	  1.680	 30.227	  1.005	  0.756	  0.000
21	  1.680	 31.655	  1.005	  0.756	  0.000
22	  1.680	 33.084	  1.005	  0.756	  0.000
23	  1.680	 34.512	  1.005	  0.756	  0.000
24	  1.680	 35.941	  1.005	  0.756	  0.000
25	  1.680	 37.369	  1.005	  0.756	  0.000
26	  1.680	 38.798	  1.005	  0.756	  0.000
27	  1.680	 40.227	  1.005	  0.756	  0.000
28	  1.680	 41.655	  1.005	  0.756	  0.000
29	  1.680	 43.084	  1.005	  0.756	  0.000
30	  1.680	 44.512	  1.005	  0.756	  0.000
31	  1.680	 45.941	  1.005	  0.756	  0.000
32	  1.680	 47.369	  1.005	  0.756	  0.000
33	  1.680	 48.798	  1.005	  0.756	  0.000
34	  1.680	 50.227	  1.005	  0.756	  0.000
35	  1.680	 51.655	  1.005	  0.756	  0.000
36	  1.680	 53.084	  1.005	  0.756	  0.000
37	  1.680	 54.512	  1.005	  0.756	  0.000
38	  1.680	 55.941	  1.005	  0.756	  0.000
39	  1.680	 57.369	  1.005	  0.756	  0.000
40	  1.680	 58.798	  1.005	  0.756	  0.000
41	  1.680	 60.227	  1.005	  0.756	  0.000
42	  1.680	 61.655	  1.005	  0.756	  0.000
43	  1.680	 63.084	  1.005	  0.756	  0.000
44	  1.680	 64.512	  1.005	  0.756	  0.000
45	  1.680	 65.941	  1.005	  0.756	  0.000
46	  1.680	 67.369	  1.005	  0.756	  0.000
47	  1.680	 68.798	  1.005	  0.756	  0.000
48	  1.680	 70.227	  1.005	  0.756	  0.000
49	  1.680	 71.655	  1.005	  0.756	  0.000
50	  1.680	 73.084	  1.005	  0.756	  0.000
51	  1.680	 74.512	  1.005	  0.756	  0.000
52	  1.680	 75.941	  1.005	  0.756	  0.000
53	  1.680	 77.369	  1.005	  0.756	  0.000
54	  1.680	 78.798	  1.005	  0.756	  0.000
55	  1.680	 80.227	  1.005	  0.756	  0.000
56	  1.680	 81.655	  1.005	  0.756	  0.000
57	  1.680	 83.084	  1.005	  0.756	  0.000
58	  1.680	 84.512	  1.005	  0.756	  0.000
59	  1.680	 85.941	  1.005	  0.756	  0.000
60	  1.680	 87.369	  1.005	  0.756	  0.000
61	  1.680	 88.798	  1.005	  0.756	  0.000
62	  1.680	 90.227	  1.005	  0.756	  0.000
63	  1.680	 91.655	  1.005	  0.756	  0.000
64	  1.680	 93.084	  1.005	  0.756	  0.000
65	  1.680	 94.512	  1.005	  0.756	  0.000
66	  1.680	 95.941	  1.005	  0.756	  0.000
67	  1.680	 97.369	  1.005	  0.756	  0.000
68	  1.680	 98.798	  1.005	  0.756	  0.000
69	  1.680	100.227	  1.005	  0.756	  0.000
0	  1.800	  1.746	  1.005	  0.762	  0.000
1	  1.800	  3.175	  1.005	  0.762	  0.000
2	  1.800	  4.603	  1.005	  0.762	  0.000
3	  1.800	  6.032	  1.005	  0.762	  0.000
4	  1.800	  7.460	  1.005	  0.762	  0.000
5	  1.800	  8.889	  1.005	  0.762	  0.000
6	  1.800	 10.318	  1.005	  0.762	  0.000
7	  1.800	 11.746	  1.005	  0.762	  0.000
8	  1.800	 13.175	  1.005	  0.762	  0.000
9	  1.800	 14.603	  1.005	  0.762	  0.000
10	  1.800	 16.032	  1.005	  0.762	  0.000
11	  1.800	 17.460	  1.005	  0.762	  0.000
12	  1.800	 18.889	  1.005	  0.762	  0.000
13	  1.800	 20.318	  1.005	  0.762	  0.000
14	  1.800	 21.746	  1.005	  0.762	  0.000
15	  1.800	 23.175	  1.005	  0.762	  0.000
16	  1.800	 24.603	  1.005	  0.762	  0.000
17	  1.800	 26.032	  1.005	  0.762	  0.000
18	  1.800	 27.460	  1.005	  0.762	  0.000
19	  1.800	 28.889	  1.005	  0.762	  0.000
20	  1.800	 30.318	  1.005	  0.762	  0.000
21	  1.800	 31.746	  1.005	  0.762	  0.000
22	  1.800	 33.175	  1.005	  0.762	  0.000
23	  1.800	 34.603	  1.005	  0.762	  0.000
24	  1.800	 36.032	  1.005	  0.762	  0.000
25	  1.800	 37.460	  1.005	  0.762	  0.000
26	  1.800	 38.889	  1.005	  0.762	  0.000
27	  1.800	 40.318	  1.005	  0.762	  0.000
28	  1.800	 41.746	  1.005	  0.762	  0.000
29	  1.800	 43.175	  1.005	  0.762	  0.000
30	  1.800	 44.603	  1.005	  0.762	  0.000
31	  1.800	 46.032	  1.005	  0.762	  0.000
32	  1.800	 47.460	  1.005	  0.762	  0.000
33	  1.800	 48.889	  1.005	  0.762	  0.000
34	  1.800	 50.318	  1.005	  0.762	  0.000
35	  1.800	 51.746	  1.005	  0.762	  0.000
36	  1.800	 53.175	  1.005	  0.762	  0.000
37	  1.800	 54.603	  1.005	  0.762	  0.000
38	  1.800	 56.032	  1.005	  0.762	  0.000
39	  1.800	 57.460	  1.005	  0.762	  0.000
40	  1.800	 58.889	  1.005	  0.762	  0.000
41	  1.800	 60.318	  1.005	  0.762	  0.000
42	  1.800	 61.746	  1.005	  0.762	  0.000
43	  1.800	 63.175	  1.005	  0.762	  0.000
44	  1.800	 64.603	  1.005	  0.762	  0.000
45	  1.800	 66.032	  1.005	  0.762	  0.000
46	  1.800	 67.460	  1.005	  0.762	  0.000
47	  1.800	 68.889	  1.005	  0.762	  0.000
48	  1.800	 70.318	  1.005	  0.762	  0.000
49	  1.800	 71.746	  1.005	  0.762	  0.000
50	  1.800	 73.175	  1.005	  0.762	  0.000
51	  1.800	 74.603	  1.005	  0.762	  0.000
52	  1.800	 76.032	  1.005	  0.762	  0.000
53	  1.800	 77.460	  1.005	  0.762	  0.000
54	  1.800	 78.889	  1.005	  0.762	  0.000
55	  1.800	 80.318	  1.005	  0.762	  0.000
56	  1.800	 81.746	  1.005	  0.762	  0.000
57	  1.800	 83.175	  1.005	  0.762	  0.000
58	  1.800	 84.603	  1.005	  0.762	  0.000
59	  1.800	 86.032	  1.005	  0.762	  0.000
60	  1.800	 87.460	  1.005	  0.762	  0.000
61	  1.800	 88.889	  1.005	  0.762	  0.000
62	  1.800	 90.318	  1.005	  0.762	  0.000
63	  1.800	 91.746	  1.005	  0.762	  0.000
64	  1.800	 93.175	  1.005	  0.762	  0.000
65	  1.800	 94.603	  1.005	  0.762	  0.000
66	  1.800	 96.032	  1.005	  0.762	  0.000
67	  1.800	 97.460	  1.005	  0.762	  0.000
68	  1.800	 98.889	  1.005	  0.762	  0.000
69	  1.800	100.318	  1.005	  0.762	  0.000
0	  1.920	  1.838	  1.005	  0.766	  0.000
1	  1.920	  3.266	  1.005	  0.766	  0.000
2	  1.920	  4.695	  1.005	  0.766	  0.000
3	  1.920	  6.124	  1.005	  0.766	  0.000
4	  1.920	  7.552	  1.005	  0.766	  0.000
5	  1.920	  8.981	  1.005	  0.766	  0.000
6	  1.920	 10.409	  1.005	  0.766	  0.000
7	  1.920	 11.838	  1.005	  0.766	  0.000
8	  1.920	 13.266	  1.005	  0.766	  0.000
9	  1.920	 14.695	  1.005	  0.766	  0.000
10	  1.920	 16.124	  1.005	  0.766	  0.000
11	  1.920	 17.552	  1.005	  0.766	  0.000
12	  1.920	 18.981	  1.005	  0.766	  0.000
13	  1.920	 20.409	  1.005	  0.766	  0.000
14	  1.920	 21.838	  1.005	  0.766	  0.000
15	  1.920	 23.266	  1.005	  0.766	  0.000
16	  1.920	 24.695	  1.005	  0.766	  0.000
17	  1.920	 26.124	  1.005	  0.766	  0.000
18	  1.920	 27.552	  1.005	  0.766	  0.000
19	  1.920	 28.981	  1.005	  0.766	  0.000
20	  1.920	 30.409	  1.005	  0.766	  0.000
21	  1.920	 31.838	  1.005	  0.766	  0.000
22	  1.920	 33.266	  1.005	  0.766	  0.000
23	  1.920	 34.695	  1.005	  0.766	  0.000
24	  1.920	 36.124	  1.005	  0.766	  0.000
25	  1.920	 37.552	  1.005	  0.766	  0.000
26	  1.920	 38.981	  1.005	  0.766	  0.000
27	  1.920	 40.409	  1.005	  0.766	  0.000
28	  1.920	 41.838	  1.005	  0.766	  0.000
29	  1.920	 43.266	  1.005	  0.766	  0.000
30	  1.920	 44.695	  1.005	  0.766	  0.000
31	  1.920	 46.124	  1.005	  0.766	  0.000
32	  1.920	 47.552	  1.005	  0.766	  0.000
33	  1.920	 48.981	  1.005	  0.766	  0.000
34	  1.920	 50.409	  1.005	  0.766	  0.000
35	  1.920	 51.838	  1.005	  0.766	  0.000
36	  1.920	 53.266	  1.005	  0.766	  0.000
37	  1.920	 54.695	  1.005	  0.766	  0.000
38	  1.920	 56.124	  1.005	  0.766	  0.000
39	  1.920	 57.552	  1.005	  0.766	  0.000
40	  1.920	 58.981	  1.005	  0.766	  0.000
41	  1.920	 60.409	  1.005	  0.766	  0.000
42	  1.920	 61.838	  1.005	  0.766	  0.000
43	  1.920	 63.266	  1.005	  0.766	  0.000
44	  1.920	 64.695	  1.005	  0.766	  0.000
45	  1.920	 66.124	  1.005	  0.766	  0.000
46	  1.920	 67.552	  1.005	  0.766	  0.000
47	  1.920	 68.981	  1.005	  0.766	  0.000
48	  1.920	 70.409	  1.005	  0.766	  0.000
49	  1.920	 71.838	  1.005	  0.766	  0.000
50	  1.920	 73.266	  1.005	  0.766	  0.000
51	  1.920	 74.695	  1.005	  0.766	  0.000
52	  1.920	 76.124	  1.005	  0.766	  0.000
53	  1.920	 77.552	  1.005	  0.766	  0.000
54	  1.920	 78.981	  1.005	  0.766	  0.000
55	  1.920	 80.409	  1.005	  0.766	  0.000
56	  1.920	 81.838	  1.005	  0.766	  0.000
57	  1.920	 83.266	  1.005	  0.766	  0.000
58	  1.920	 84.695	  1.005	  0.766	  0.000
59	  1.920	 86.124	  1.005	  0.766	  0.000
60	  1.920	 87.552	  1.005	  0.766	  0.000
61	  1.920	 88.981	  1.005	  0.766	  0.000
62	  1.920	 90.409	  1.005	  0.766	  0.000
63	  1.920	 91.838	  1.005	  0.766	  0.000
64	  1.920	 93.266	  1.005	  0.766	  0.000
65	  1.920	 94.695	  1.005	  0.766	  0.000
66	  1.920	 96.124	  1.005	  0.766	  0.000
67	  1.920	 97.552	  1.005	  0.766	  0.000
68	  1.920	 98.981	  1.005	  0.766	  0.000
69	  1.920	100.409	  1.005	  0.766	  0.000
0	  2.040	  1.930	  1.005	  0.770	  0.000
1	  2.040	  3.359	  1.005	  0.770	  0.000
2	  2.040	  4.787	  1.005	  0.770	  0.000
3	  2.040	  6.216	  1.005	  0.770	  0.000
4	  2.040	  7.644	  1.005	  0.770	  0.000
5	  2.040	  9.073	  1.005	  0.770	  0.000
6	  2.040	 10.501	  1.005	  0.770	  0.000
7	  2.040	 11.930	  1.005	  0.770	  0.000
8	  2.040	 13.359	  1.005	  0.770	  0.000
9	  2.040	 14.787	  1.005	  0.770	  0.000
10	  2.040	 16.216	  1.005	  0.770	  0.000
11	  2.040	 17.644	  1.005	  0.770	  0.000
12	  2.040	 19.073	  1.005	  0.770	  0.000
13	  2.040	 20.501	  1.005	  0.770	  0.000
14	  2.040	 21.930	  1.005	  0.770	  0.000
15	  2.040	 23.359	  1.005	  0.770	  0.000
16	  2.040	 24.787	  1.005	  0.770	  0.000
17	  2.040	 26.216	  1.005	  0.770	  0.000
18	  2.040	 27.644	  1.005	  0.770	  0.000
19	  2.040	 29.073	  1.005	  0.770	  0.000
20	  2.040	 30.501	  1.005	  0.770	  0.000
21	  2.040	 31.930	  1.005	  0.770	  0.000
22	  2.040	 33.359	  1.005	  0.770	  0.000
23	  2.040	 34.787	  1.005	  0.770	  0.000
24	  2.040	 36.216	  1.005	  0.770	  0.000
25	  2.040	 37.644	  1.005	  0.770	  0.000
26	  2.040	 39.073	  1.005	  0.770	  0.000
27	  2.040	 40.501	  1.005	  0.770	  0.000
28	  2.040	 41.930	  1.005	  0.770	  0.000
29	  2.040	 43.359	  1.005	  0.770	  0.000
30	  2.040	 44.787	  1.005	  0.770	  0.000
31	  2.040	 46.216	  1.005	  0.770	  0.000
32	  2.040	 47.644	  1.005	  0.770	  0.000
33	  2.040	 49.073	  1.005	  0.770	  0.000
34	  2.040	 50.501	  1.005	  0.770	  0.000
35	  2.040	 51.930	  1.005	  0.770	  0.000
36	  2.040	 53.359	  1.005	  0.770	  0.000
37	  2.040	 54.787	  1.005	  0.770	  0.000
38	  2.040	 56.216	  1.005	  0.770	  0.000
39	  2.040	 57.644	  1.005	  0.770	  0.000
40	  2.040	 59.073	  1.005	  0.770	  0.000
41	  2.040	 60.501	  1.005	  0.770	  0.000
42	  2.040	 61.930	  1.005	  0.770	  0.000
43	  2.040	 63.359	  1.005	  0.770	  0.000
44	  2.040	 64.787	  1.005	  0.770	  0.000
45	  2.040	 66.216	  1.005	  0.770	  0.000
46	  2.040	 67.644	  1.005	  0.770	  0.000
47	  2.040	 69.073	  1.005	  0.770	  0.000
48	  2.040	 70.501	  1.005	  0.770	  0.000
49	  2.040	 71.930	  1.005	  0.770	  0.000
50	  2.040	 73.359	  1.005	  0.770	  0.000
51	  2.040	 74.787	  1.005	  0.770	  0.000
52	  2.040	 76.216	  1.005	  0.770	  0.000
53	  2.040	 77.644	  1.005	  0.770	  0.000
54	  2.040	 79.073	  1.005	  0.770	  0.000
55	  2.040	 80.501	  1.005	  0.770	  0.000
56	  2.040	 81.930	  1.005	  0.770	  0.000
57	  2.040	 83.359	  1.005	  0.770	  0.000
58	  2.040	 84.787	  1.005	  0.770	  0.000
59	  2.040	 86.216	  1.005	  0.770	  0.000
60	  2.040	 87.644	  1.005	  0.770	  0.000
61	  2.040	 89.073	  1.005	  0.770	  0.000
62	  2.040	 90.501	  1.005	  0.770	  0.000
63	  2.040	 91.930	  1.005	  0.770	  0.000
64	  2.040	 93.359	  1.005	  0.770	  0.000
65	  2.040	 94.787	  1.005	  0.770	  0.000
66	  2.040	 96.216	  1.005	  0.770	  0.000
67	  2.040	 97.644	  1.005	  0.770	  0.000
68	  2.040	 99.073	  1.005	  0.770	  0.000
69	  2.040	100.501	  1.005	  0.770	  0.000
0	  2.160	  2.022	  1.005	  0.772	  0.000
1	  2.160	  3.451	  1.005	  0.772	  0.000
2	  2.160	  4.880	  1.005	  0.772	  0.000
3	  2.160	  6.308	  1.005	  0.772	  0.000
4	  2.160	  7.737	  1.005	  0.772	  0.000
5	  2.160	  9.165	  1.005	  0.772	  0.000
6	  2.160	 10.594	  1.005	  0.772	  0.000
7	  2.160	 12.022	  1.005	  0.772	  0.000
8	  2.160	 13.451	  1.005	  0.772	  0.000
9	  2.160	 14.880	  1.005	  0.772	  0.000
10	  2.160	 16.308	  1.005	  0.772	  0.000
11	  2.160	 17.737	  1.005	  0.772	  0.000
12	  2.160	 19.165	  1.005	  0.772	  0.000
13	  2.160	 20.594	  1.005	  0.772	  0.000
14	  2.160	 22.022	  1.005	  0.772	  0.000
15	  2.160	 23.451	  1.005	  0.772	  0.000
16	  2.160	 24.880	  1.005	  0.772	  0.000
17	  2.160	 26.308	  1.005	  0.772	  0.000
18	  2.160	 27.737	  1.005	  0.772	  0.000
19	  2.160	 29.165	  1.005	  0.772	  0.000
20	  2.160	 30.594	  1.005	  0.772	  0.000
21	  2.160	 32.022	  1.005	  0.772	  0.000
22	  2.160	 33.451	  1.005	  0.772	  0.000
23	  2.160	 34.880	  1.005	  0.772	  0.000
24	  2.160	 36.308	  1.005	  0.772	  0.000
25	  2.160	 37.737	  1.005	  0.772	  0.000
26	  2.160	 39.165	  1.005	  0.772	  0.000
27	  2.160	 40.594	  1.005	  0.772	  0.000
28	  2.160	 42.022	  1.005	  0.772	  0.000
29	  2.160	 43.451	  1.005	  0.772	  0.000
30	  2.160	 44.880	  1.005	  0.772	  0.000
31	  2.160	 46.308	  1.005	  0.772	  0.000
32	  2.160	 47.737	  1.005	  0.772	  0.000
33	  2.160	 49.165	  1.005	  0.772	  0.000
34	  2.160	 50.594	  1.005	  0.772	  0.000
35	  2.160	 52.022	  1.005	  0.772	  0.000
36	  2.160	 53.451	  1.005	  0.772	  0.000
37	  2.160	 54.880	  1.005	  0.772	  0.000
38	  2.160	 56.308	  1.005	  0.772	  0.000
39	  2.160	 57.737	  1.005	  0.772	  0.000
40	  2.160	 59.165	  1.005	  0.772	  0.000
41	  2.160	 60.594	  1.005	  0.772	  0.000
42	  2.160	 62.022	  1.005	  0.772	  0.000
43	  2.160	 63.451	  1.005	  0.772	  0.000
44	  2.160	 64.880	  1.005	  0.772	  0.000
45	  2.160	 66.308	  1.005	  0.772	  0.000
46	  2.160	 67.737	  1.005	  0.772	  0.000
47	  2.160	 69.165	  1.005	  0.772	  0.000
48	  2.160	 70.594	  1.005	  0.772	  0.000
49	  2.160	 72.022	  1.005	  0.772	  0.000
50	  2.160	 73.451	  1.005	  0.772	  0.000
51	  2.160	 74.880	  1.005	  0.772	  0.000
52	  2.160	 76.308	  1.005	  0.772	  0.000
53	  2.160	 77.737	  1.005	  0.772	  0.000
54	  2.160	 79.165	  1.005	  0.772	  0.000
55	  2.160	 80.594	  1.005	  0.772	  0.000
56	  2.160	 82.022	  1.005	  0.772	  0.000
57	  2.160	 83.451	  1.005	  0.772	  0.000
58	  2.160	 84.880	  1.005	  0.772	  0.000
59	  2.160	 86.308	  1.005	  0.772	  0.000
60	  2.160	 87.737	  1.005	  0.772	  0.000
61	  2.160	 89.165	  1.005	  0.772	  0.000
62	  2.160	 90.594	  1.005	  0.772	  0.000
63	  2.160	 92.022	  1.005	  0.772	  0.000
64	  2.160	 93.451	  1.005	  0.772	  0.000
65	  2.160	 94.880	  1.005	  0.772	  0.000
66	  2.160	 96.308	  1.005	  0.772	  0.000
67	  2.160	 97.737	  1.005	  0.772	  0.000
68	  2.160	 99.165	  1.005	  0.772	  0.000
69	  2.160	100.594	  1.005	  0.772	  0.000
0	  2.280	  2.115	  1.005	  0.774	  0.000
1	  2.280	  3.544	  1.005	  0.774	  0.000
2	  2.280	  4.972	  1.005	  0.774	  0.000
3	  2.280	  6.401	  1.005	  0.774	  0.000
4	  2.280	  7.830	  1.005	  0.774	  0.000
5	  2.280	  9.258	  1.005	  0.774	  0.000
6	  2.280	 10.687	  1.005	  0.774	  0.000
7	  2.280	 12.115	  1.005	  0.774	  0.000
8	  2.280	 13.544	  1.005	  0.774	  0.000
9	  2.280	 14.972	  1.005	  0.774	  0.000
10	  2.280	 16.401	  1.005	  0.774	  0.000
11	  2.280	 17.830	  1.005	  0.774	  0.000
12	  2.280	 19.258	  1.005	  0.774	  0.000
13	  2.280	 20.687	  1.005	  0.774	  0.000
14	  2.280	 22.115	  1.005	  0.774	  0.000
15	  2.280	 23.544	  1.005	  0.774	  0.000
16	  2.280	 24.972	  1.005	  0.774	  0.000
17	  2.280	 26.401	  1.005	  0.774	  0.000
18	  2.280	 27.830	  1.005	  0.774	  0.000
19	  2.280	 29.258	  1.005	  0.774	  0.000
20	  2.280	 30.687	  1.005	  0.774	  0.000
21	  2.280	 32.115	  1.005	  0.774	  0.000
22	  2.280	 33.544	  1.005	  0.774	  0.000
23	  2.280	 34.972	  1.005	  0.774	  0.000
24	  2.280	 36.401	  1.005	  0.774	  0.000
25	  2.280	 37.830	  1.005	  0.774	  0.000
26	  2.280	 39.258	  1.005	  0.774	  0.000
27	  2.280	 40.687	  1.005	  0.774	  0.000
28	  2.280	 42.115	  1.005	  0.774	  0.000
29	  2.280	 43.544	  1.005	  0.774	  0.000
30	  2.280	 44.972	  1.005	  0.774	  0.000
31	  2.280	 46.401	  1.005	  0.774	  0.000
32	  2.280	 47.830	  1.005	  0.774	  0.000
33	  2.280	 49.258	  1.005	  0.774	  0.000
34	  2.280	 50.687	  1.005	  0.774	  0.000
35	  2.280	 52.115	  1.005	  0.774	  0.000
36	  2.280	 53.544	  1.005	  0.774	  0.000
37	  2.280	 54.972	  1.005	  0.774	  0.000
38	  2.280	 56.401	  1.005	  0.774	  0.000
39	  2.280	 57.830	  1.005	  0.774	  0.000
40	  2.280	 59.258	  1.005	  0.774	  0.000
41	  2.280	 60.687	  1.005	  0.774	  0.000
42	  2.280	 62.115	  1.005	  0.774	  0.000
43	  2.280	 63.544	  1.005	  0.774	  0.000
44	  2.280	 64.972	  1.005	  0.774	  0.000
45	  2.280	 66.401	  1.005	  0.774	  0.000
46	  2.280	 67.830	  1.005	  0.774	  0.000
47	  2.280	 69.258	  1.005	  0.774	  0.000
48	  2.280	 70.687	  1.005	  0.774	  0.000
49	  2.280	 72.115	  1.005	  0.774	  0.000
50	  2.280	 73.544	  1.005	  0.774	  0.000
51	  2.280	 74.972	  1.005	  0.774	  0.000
52	  2.280	 76.401	  1.005	  0.774	  0.000
53	  2.280	 77.830	  1.005	  0.774	  0.000
54	  2.280	 79.258	  1.005	  0.774	  0.000
55	  2.280	 80.687	  1.005	  0.774	  0.000
56	  2.280	 82.115	  1.005	  0.774	  0.000
57	  2.280	 83.544	  1.005	  0.774	  0.000
58	  2.280	 84.972	  1.005	  0.774	  0.000
59	  2.280	 86.401	  1.005	  0.774	  0.000
60	  2.280	 87.830	  1.005	  0.774	  0.000
61	  2.280	 89.258	  1.005	  0.774	  0.000
62	  2.280	 90.687	  1.005	  0.774	  0.000
63	  2.280	 92.115	  1.005	  0.774	  0.000
64	  2.280	 93.544	  1.005	  0.774	  0.000
65	  2.280	 94.972	  1.005	  0.774	  0.000
66	  2.280	 96.401	  1.005	  0.774	  0.000
67	  2.280	 97.830	  1.005	  0.774	  0.000
68	  2.280	 99.258	  1.005	  0.774	  0.000
69	  2.280	100.687	  1.005	  0.774	  0.000
0	  2.400	  2.208	  1.005	  0.776	  0.000
1	  2.400	  3.637	  1.005	  0.776	  0.000
2	  2.400	  5.065	  1.005	  0.776	  0.000
3	  2.400	  6.494	  1.005	  0.776	  0.000
4	  2.400	  7.923	  1.005	  0.776	  0.000
5	  2.400	  9.351	  1.005	  0.776	  0.000
6	  2.400	 10.780	  1.005	  0.776	  0.000
7	  2.400	 12.208	  1.005	  0.776	  0.000
8	  2.400	 13.637	  1.005	  0.776	  0.000
9	  2.400	 15.065	  1.005	  0.776	  0.000
10	  2.400	 16.494	  1.005	  0.776	  0.000
11	  2.400	 17.923	  1.005	  0.776	  0.000
12	  2.400	 19.351	  1.005	  0.776	  0.000
13	  2.400	 20.780	  1.005	  0.776	  0.000
14	  2.400	 22.208	  1.005	  0.776	  0.000
15	  2.400	 23.637	  1.005	  0.776	  0.000
16	  2.400	 25.065	  1.005	  0.776	  0.000
17	  2.400	 26.494	  1.005	  0.776	  0.000
18	  2.400	 27.923	  1.005	  0.776	  0.000
19	  2.400	 29.351	  1.005	  0.776	  0.000
20	  2.400	 30.780	  1.005	  0.776	  0.000
21	  2.400	 32.208	  1.005	  0.776	  0.000
22	  2.400	 33.637	  1.005	  0.776	  0.000
23	  2.400	 35.065	  1.005	  0.776	  0.000
24	  2.400	 36.494	  1.005	  0.776	  0.000
25	  2.400	 37.923	  1.005	  0.776	  0.000
26	  2.400	 39.351	  1.005	  0.776	  0.000
27	  2.400	 40.780	  1.005	  0.776	  0.000
28	  2.400	 42.208	  1.005	  0.776	  0.000
29	  2.400	 43.637	  1.005	  0.776	  0.000
30	  2.400	 45.065	  1.005	  0.776	  0.000
31	  2.400	 46.494	  1.005	  0.776	  0.000
32	  2.400	 47.923	  1.005	  0.776	  0.000
33	  2.400	 49.351	  1.005	  0.776	  0.000
34	  2.400	 50.780	  1.005	  0.776	  0.000
35	  2.400	 52.208	  1.005	  0.776	  0.000
36	  2.400	 53.637	  1.005	  0.776	  0.000
37	  2.400	 55.065	  1.005	  0.776	  0.000
38	  2.400	 56.494	  1.005	  0.776	  0.000
39	  2.400	 57.923	  1.005	  0.776	  0.000
40	  2.400	 59.351	  1.005	  0.776	  0.000
41	  2.400	 60.780	  1.005	  0.776	  0.000
42	  2.400	 62.208	  1.005	  0.776	  0.000
43	  2.400	 63.637	  1.005	  0.776	  0.000
44	  2.400	 65.065	  1.005	  0.776	  0.000
45	  2.400	 66.494	  1.005	  0.776	  0.000
46	  2.400	 67.923	  1.005	  0.776	  0.000
47	  2.400	 69.351	  1.005	  0.776	  0.000
48	  2.400	 70.780	  1.005	  0.776	  0.000
49	  2.400	 72.208	  1.005	  0.776	  0.000
50	  2.400	 73.637	  1.005	  0.776	  0.000
51	  2.400	 75.065	  1.005	  0.776	  0.000
52	  2.400	 76.494	  1.005	  0.776	  0.000
53	  2.400	 77.923	  1.005	  0.776	  0.000
54	  2.400	 79.351	  1.005	  0.776	  0.000
55	  2.400	 80.780	  1.005	  0.776	  0.000
56	  2.400	 82.208	  1.005	  0.776	  0.000
57	  2.400	 83.637	  1.005	  0.776	  0.000
58	  2.400	 85.065	  1.005	  0.776	  0.000
59	  2.400	 86.494	  1.005	  0.776	  0.000
60	  2.400	 87.923	  1.005	  0.776	  0.000
61	  2.400	 89.351	  1.005	  0.776	  0.000
62	  2.400	 90.780	  1.005	  0.776	  0.000
63	  2.400	 92.208	  1.005	  0.776	  0.000
64	  2.400	 93.637	  1.005	  0.776	  0.000
65	  2.400	 95.065	  1.005	  0.776	  0.000
66	  2.400	 96.494	  1.005	  0.776	  0.000
67	  2.400	 97.923	  1.005	  0.776	  0.000
68	  2.400	 99.351	  1.005	  0.776	  0.000
69	  2.400	100.780	  1.005	  0.776	  0.000
0	  2.520	  2.301	  1.005	  0.777	  0.000
1	  2.520	  3.730	  1.005	  0.777	  0.000
2	  2.520	  5.159	  1.005	  0.777	  0.000
3	  2.520	  6.587	  1.005	  0.777	  0.000
4	  2.520	  8.016	  1.005	  0.777	  0.000
5	  2.520	  9.444	  1.005	  0.777	  0.000
6	  2.520	 10.873	  1.005	  0.777	  0.000
7	  2.520	 12.301	  1.005	  0.777	  0.000
8	  2.520	 13.730	  1.005	  0.777	  0.000
9	  2.520	 15.159	  1.005	  0.777	  0.000
10	  2.520	 16.587	  1.005	  0.777	  0.000
11	  2.520	 18.016	  1.005	  0.777	  0.000
12	  2.520	 19.444	  1.005	  0.777	  0.000
13	  2.520	 20.873	  1.005	  0.777	  0.000
14	  2.520	 22.301	  1.005	  0.777	  0.000
15	  2.520	 23.730	  1.005	  0.777	  0.000
16	  2.520	 25.159	  1.005	  0.777	  0.000
17	  2.520	 26.587	  1.005	  0.777	  0.000
18	  2.520	 28.016	  1.005	  0.777	  0.000
19	  2.520	 29.444	  1.005	  0.777	  0.000
20	  2.520	 30.873	  1.005	  0.777	  0.000
21	  2.520	 32.301	  1.005	  0.777	  0.000
22	  2.520	 33.730	  1.005	  0.777	  0.000
23	  2.520	 35.159	  1.005	  0.777	  0.000
24	  2.520	 36.587	  1.005	  0.777	  0.000
25	  2.520	 38.016	  1.005	  0.777	  0.000
26	  2.520	 39.444	  1.005	  0.777	  0.000
27	  2.520	 40.873	  1.005	  0.777	  0.000
28	  2.520	 42.301	  1.005	  0.777	  0.000
29	  2.520	 43.730	  1.005	  0.777	  0.000
30	  2.520	 45.159	  1.005	  0.777	  0.000
31	  2.520	 46.587	  1.005	  0.777	  0.000
32	  2.520	 48.016	  1.005	  0.777	  0.000
33	  2.520	 49.444	  1.005	  0.777	  0.000
34	  2.520	 50.873	  1.005	  0.777	  0.000
35	  2.520	 52.301	  1.005	  0.777	  0.000
36	  2.520	 53.730	  1.005	  0.777	  0.000
37	  2.520	 55.159	  1.005	  0.777	  0.000
38	  2.520	 56.587	  1.005	  0.777	  0.000
39	  2.520	 58.016	  1.005	  0.777	  0.000
40	  2.520	 59.444	  1.005	  0.777	  0.000
41	  2.520	 60.873	  1.005	  0.777	  0.000
42	  2.520	 62.301	  1.005	  0.777	  0.000
43	  2.520	 63.730	  1.005	  0.777	  0.000
44	  2.520	 65.159	  1.005	  0.777	  0.000
45	  2.520	 66.587	  1.005	  0.777	  0.000
46	  2.520	 68.016	  1.005	  0.777	  0.000
47	  2.520	 69.444	  1.005	  0.777	  0.000
48	  2.520	 70.873	  1.005	  0.777	  0.000
49	  2.520	 72.301	  1.005	  0.777	  0.000
50	  2.520	 73.730	  1.005	  0.777	  0.000
51	  2.520	 75.159	  1.005	  0.777	  0.000
52	  2.520	 76.587	  1.005	  0.777	  0.000
53	  2.520	 78.016	  1.005	  0.777	  0.000
54	  2.520	 79.444	  1.005	  0.777	  0.000
55	  2.520	 80.873	  1.005	  0.777	  0.000
56	  2.520	 82.301	  1.005	  0.777	  0.000
57	  2.520	 83.730	  1.005	  0.777	  0.000
58	  2.520	 85.159	  1.005	  0.777	  0.000
59	  2.520	 86.587	  1.005	  0.777	  0.000
60	  2.520	 88.016	  1.005	  0.777	  0.000
61	  2.520	 89.444	  1.005	  0.777	  0.000
62	  2.520	 90.873	  1.005	  0.777	  0.000
63	  2.520	 92.301	  1.005	  0.777	  0.000
64	  2.520	 93.730	  1.005	  0.777	  0.000
65	  2.520	 95.159	  1.005	  0.777	  0.000
66	  2.520	 96.587	  1.005	  0.777	  0.000
67	  2.520	 98.016	  1.005	  0.777	  0.000
68	  2.520	 99.444	  1.005	  0.777	  0.000
69	  2.520	100.873	  1.005	  0.777	  0.000
0	  2.640	  2.395	  1.005	  0.778	  0.000
1	  2.640	  3.823	  1.005	  0.778	  0.000
2	  2.640	  5.252	  1.005	  0.778	  0.000
3	  2.640	  6.681	  1.005	  0.778	  0.000
4	  2.640	  8.109	  1.005	  0.778	  0.000
5	  2.640	  9.538	  1.005	  0.778	  0.000
6	  2.640	 10.966	  1.005	  0.778	  0.000
7	  2.640	 12.395	  1.005	  0.778	  0.000
8	  2.640	 13.823	  1.005	  0.778	  0.000
9	  2.640	 15.252	  1.005	  0.778	  0.000
10	  2.640	 16.681	  1.005	  0.778	  0.000
11	  2.640	 18.109	  1.005	  0.778	  0.000
12	  2.640	 19.538	  1.005	  0.778	  0.000
13	  2.640	 20.966	  1.005	  0.778	  0.000
14	  2.640	 22.395	  1.005	  0.778	  0.000
15	  2.640	 23.823	  1.005	  0.778	  0.000
16	  2.640	 25.252	  1.005	  0.778	  0.000
17	  2.640	 26.681	  1.005	  0.778	  0.000
18	  2.640	 28.109	  1.005	  0.778	  0.000
19	  2.640	 29.538	  1.005	  0.778	  0.000
20	  2.640	 30.966	  1.005	  0.778	  0.000
21	  2.640	 32.395	  1.005	  0.778	  0.000
22	  2.640	 33.823	  1.005	  0.778	  0.000
23	  2.640	 35.252	  1.005	  0.778	  0.000
24	  2.640	 36.681	  1.005	  0.778	  0.000
25	  2.640	 38.109	  1.005	  0.778	  0.000
26	  2.640	 39.538	  1.005	  0.778	  0.000
27	  2.640	 40.966	  1.005	  0.778	  0.000
28	  2.640	 42.395	  1.005	  0.778	  0.000
29	  2.640	 43.823	  1.005	  0.778	  0.000
30	  2.640	 45.252	  1.005	  0.778	  0.000
31	  2.640	 46.681	  1.005	  0.778	  0.000
32	  2.640	 48.109	  1.005	  0.778	  0.000
33	  2.640	 49.538	  1.005	  0.778	  0.000
34	  2.640	 50.966	  1.005	  0.778	  0.000
35	  2.640	 52.395	  1.005	  0.778	  0.000
36	  2.640	 53.823	  1.005	  0.778	  0.000
37	  2.640	 55.252	  1.005	  0.778	  0.000
38	  2.640	 56.681	  1.005	  0.778	  0.000
39	  2.640	 58.109	  1.005	  0.778	  0.000
40	  2.640	 59.538	  1.005	  0.778	  0.000
41	  2.640	 60.966	  1.005	  0.778	  0.000
42	  2.640	 62.395	  1.005	  0.778	  0.000
43	  2.640	 63.823	  1.005	  0.778	  0.000
44	  2.640	 65.252	  1.005	  0.778	  0.000
45	  2.640	 66.681	  1.005	  0.778	  0.000
46	  2.640	 68.109	  1.005	  0.778	  0.000
47	  2.640	 69.538	  1.005	  0.778	  0.000
48	  2.640	 70.966	  1.005	  0.778	  0.000
49	  2.640	 72.395	  1.005	  0.778	  0.000
50	  2.640	 73.823	  1.005	  0.778	  0.000
51	  2.640	 75.252	  1.005	  0.778	  0.000
52	  2.640	 76.681	  1.005	  0.778	  0.000
53	  2.640	 78.109	  1.005	  0.778	  0.000
54	  2.640	 79.538	  1.005	  0.778	  0.000
55	  2.640	 80.966	  1.005	  0.778	  0.000
56	  2.640	 82.395	  1.005	  0.778	  0.000
57	  2.640	 83.823	  1.005	  0.778	  0.000
58	  2.640	 85.252	  1.005	  0.778	  0.000
59	  2.640	 86.681	  1.005	  0.778	  0.000
60	  2.640	 88.109	  1.005	  0.778	  0.000
61	  2.640	 89.538	  1.005	  0.778	  0.000
62	  2.640	 90.966	  1.005	  0.778	  0.000
63	  2.640	 92.395	  1.005	  0.778	  0.000
64	  2.640	 93.823	  1.005	  0.778	  0.000
65	  2.640	 95.252	  1.005	  0.778	  0.000
66	  2.640	 96.681	  1.005	  0.778	  0.000
67	  2.640	 98.109	  1.005	  0.778	  0.000
68	  2.640	 99.538	  1.005	  0.778	  0.000
69	  2.640	100.966	  1.005	  0.778	  0.000
0	  2.760	  2.488	  1.005	  0.779	  0.000
1	  2.760	  3.917	  1.005	  0.779	  0.000
2	  2.760	  5.345	  1.005	  0.779	  0.000
3	  2.760	  6.774	  1.005	  0.779	  0.000
4	  2.760	  8.203	  1.005	  0.779	  0.000
5	  2.760	  9.631	  1.005	  0.779	  0.000
6	  2.760	 11.060	  1.005	  0.779	  0.000
7	  2.760	 12.488	  1.005	  0.779	  0.000
8	  2.760	 13.917	  1.005	  0.779	  0.000
9	  2.760	 15.345	  1.005	  0.779	  0.000
10	  2.760	 16.774	  1.005	  0.779	  0.000
11	  2.760	 18.203	  1.005	  0.779	  0.000
12	  2.760	 19.631	  1.005	  0.779	  0.000
13	  2.760	 21.060	  1.005	  0.779	  0.000
14	  2.760	 22.488	  1.005	  0.779	  0.000
15	  2.760	 23.917	  1.005	  0.779	  0.000
16	  2.760	 25.345	  1.005	  0.779	  0.000
17	  2.760	 26.774	  1.005	  0.779	  0.000
18	  2.760	 28.203	  1.005	  0.779	  0.000
19	  2.760	 29.631	  1.005	  0.779	  0.000
20	  2.760	 31.060	  1.005	  0.779	  0.000
21	  2.760	 32.488	  1.005	  0.779	  0.000
22	  2.760	 33.917	  1.005	  0.779	  0.000
23	  2.760	 35.345	  1.005	  0.779	  0.000
24	  2.760	 36.774	  1.005	  0.779	  0.000
25	  2.760	 38.203	  1.005	  0.779	  0.000
26	  2.760	 39.631	  1.005	  0.779	  0.000
27	  2.760	 41.060	  1.005	  0.779	  0.000
28	  2.760	 42.488	  1.005	  0.779	  0.000
29	  2.760	 43.917	  1.005	  0.779	  0.000
30	  2.760	 45.345	  1.005	  0.779	  0.000
31	  2.760	 46.774	  1.005	  0.779	  0.000
32	  2.760	 48.203	  1.005	  0.779	  0.000
33	  2.760	 49.631	  1.005	  0.779	  0.000
34	  2.760	 51.060	  1.005	  0.779	  0.000
35	  2.760	 52.488	  1.005	  0.779	  0.000
36	  2.760	 53.917	  1.005	  0.779	  0.000
37	  2.760	 55.345	  1.005	  0.779	  0.000
38	  2.760	 56.774	  1.005	  0.779	  0.000
39	  2.760	 58.203	  1.005	  0.779	  0.000
40	  2.760	 59.631	  1.005	  0.779	  0.000
41	  2.760	 61.060	  1.005	  0.779	  0.000
42	  2.760	 62.488	  1.005	  0.779	  0.000
43	  2.760	 63.917	  1.005	  0.779	  0.000
44	  2.760	 65.345	  1.005	  0.779	  0.000
45	  2.760	 66.774	  1.005	  0.779	  0.000
46	  2.760	 68.203	  1.005	  0.779	  0.000
47	  2.760	 69.631	  1.005	  0.779	  0.000
48	  2.760	 71.060	  1.005	  0.779	  0.000
49	  2.760	 72.488	  1.005	  0.779	  0.000
50	  2.760	 73.917	  1.005	  0.779	  0.000
51	  2.760	 75.345	  1.005	  0.779	  0.000
52	  2.760	 76.774	  1.005	  0.779	  0.000
53	  2.760	 78.203	  1.005	  0.779	  0.000
54	  2.760	 79.631	  1.005	  0.779	  0.000
55	  2.760	 81.060	  1.005	  0.779	  0.000
56	  2.760	 82.488	  1.005	  0.779	  0.000
57	  2.760	 83.917	  1.005	  0.779	  0.000
58	  2.760	 85.345	  1.005	  0.779	  0.000
59	  2.760	 86.774	  1.005	  0.779	  0.000
60	  2.760	 88.203	  1.005	  0.779	  0.000
61	  2.760	 89.631	  1.005	  0.779	  0.000
62	  2.760	 91.060	  1.005	  0.779	  0.000
63	  2.760	 92.488	  1.005	  0.779	  0.000
64	  2.760	 93.917	  1.005	  0.779	  0.000
65	  2.760	 95.345	  1.005	  0.779	  0.000
66	  2.760	 96.774	  1.005	  0.779	  0.000
67	  2.760	 98.203	  1.005	  0.779	  0.000
68	  2.760	 99.631	  1.005	  0.779	  0.000
69	  2.760	101.060	  1.005	  0.779	  0.000
0	  2.880	  2.582	  1.005	  0.780	  0.000
1	  2.880	  4.010	  1.005	  0.780	  0.000
2	  2.880	  5.439	  1.005	  0.780	  0.000
3	  2.880	  6.868	  1.005	  0.780	  0.000
4	  2.880	  8.296	  1.005	  0.780	  0.000
5	  2.880	  9.725	  1.005	  0.780	  0.000
6	  2.880	 11.153	  1.005	  0.780	  0.000
7	  2.880	 12.582	  1.005	  0.780	  0.000
8	  2.880	 14.010	  1.005	  0.780	  0.000
9	  2.880	 15.439	  1.005	  0.780	  0.000
10	  2.880	 16.868	  1.005	  0.780	  0.000
11	  2.880	 18.296	  1.005	  0.780	  0.000
12	  2.880	 19.725	  1.005	  0.780	  0.000
13	  2.880	 21.153	  1.005	  0.780	  0.000
14	  2.880	 22.582	  1.005	  0.780	  0.000
15	  2.880	 24.010	  1.005	  0.780	  0.000
16	  2.880	 25.439	  1.005	  0.780	  0.000
17	  2.880	 26.868	  1.005	  0.780	  0.000
18	  2.880	 28.296	  1.005	  0.780	  0.000
19	  2.880	 29.725	  1.005	  0.780	  0.000
20	  2.880	 31.153	  1.005	  0.780	  0.000
21	  2.880	 32.582	  1.005	  0.780	  0.000
22	  2.880	 34.010	  1.005	  0.780	  0.000
23	  2.880	 35.439	  1.005	  0.780	  0.000
24	  2.880	 36.868	  1.005	  0.780	  0.000
25	  2.880	 38.296	  1.005	  0.780	  0.000
26	  2.880	 39.725	  1.005	  0.780	  0.000
27	  2.880	 41.153	  1.005	  0.780	  0.000
28	  2.880	 42.582	  1.005	  0.780	  0.000
29	  2.880	 44.010	  1.005	  0.780	  0.000
30	  2.880	 45.439	  1.005	  0.780	  0.000
31	  2.880	 46.868	  1.005	  0.780	  0.000
32	  2.880	 48.296	  1.005	  0.780	  0.000
33	  2.880	 49.725	  1.005	  0.780	  0.000
34	  2.880	 51.153	  1.005	  0.780	  0.000
35	  2.880	 52.582	  1.005	  0.780	  0.000
36	  2.880	 54.010	  1.005	  0.780	  0.000
37	  2.880	 55.439	  1.005	  0.780	  0.000
38	  2.880	 56.868	  1.005	  0.780	  0.000
39	  2.880	 58.296	  1.005	  0.780	  0.000
40	  2.880	 59.725	  1.005	  0.780	  0.000
41	  2.880	 61.153	  1.005	  0.780	  0.000
42	  2.880	 62.582	  1.005	  0.780	  0.000
43	  2.880	 64.010	  1.005	  0.780	  0.000
44	  2.880	 65.439	  1.005	  0.780	  0.000
45	  2.880	 66.868	  1.005	  0.780	  0.000
46	  2.880	 68.296	  1.005	  0.780	  0.000
47	  2.880	 69.725	  1.005	  0.780	  0.000
48	  2.880	 71.153	  1.005	  0.780	  0.000
49	  2.880	 72.582	  1.005	  0.780	  0.000
50	  2.880	 74.010	  1.005	  0.780	  0.000
51	  2.880	 75.439	  1.005	  0.780	  0.000
52	  2.880	 76.868	  1.005	  0.780	  0.000
53	  2.880	 78.296	  1.005	  0.780	  0.000
54	  2.880	 79.725	  1.005	  0.780	  0.000
55	  2.880	 81.153	  1.005	  0.780	  0.000
56	  2.880	 82.582	  1.005	  0.780	  0.000
57	  2.880	 84.010	  1.005	  0.780	  0.000
58	  2.880	 85.439	  1.005	  0.780	  0.000
59	  2.880	 86.868	  1.005	  0.780	  0.000
60	  2.880	 88.296	  1.005	  0.780	  0.000
61	  2.880	 89.725	  1.005	  0.780	  0.000
62	  2.880	 91.153	  1.005	  0.780	  0.000
63	  2.880	 92.582	  1.005	  0.780	  0.000
64	  2.880	 94.010	  1.005	  0.780	  0.000
65	  2.880	 95.439	  1.005	  0.780	  0.000
66	  2.880	 96.868	  1.005	  0.780	  0.000
67	  2.880	 98.296	  1.005	  0.780	  0.000
68	  2.880	 99.725	  1.005	  0.780	  0.000
69	  2.880	101.153	  1.005	  0.780	  0.000
0	  3.000	  2.675	  1.005	  0.780	  0.000
1	  3.000	  4.104	  1.005	  0.780	  0.000
2	  3.000	  5.533	  1.005	  0.780	  0.000
3	  3.000	  6.961	  1.005	  0.780	  0.000
4	  3.000	  8.390	  1.005	  0.780	  0.000
5	  3.000	  9.818	  1.005	  0.780	  0.000
6	  3.000	 11.247	  1.005	  0.780	  0.000
7	  3.000	 12.675	  1.005	  0.780	  0.000
8	  3.000	 14.104	  1.005	  0.780	  0.000
9	  3.000	 15.533	  1.005	  0.780	  0.000
10	  3.000	 16.961	  1.005	  0.780	  0.000
11	  3.000	 18.390	  1.005	  0.780	  0.000
12	  3.000	 19.818	  1.005	  0.780	  0.000
13	  3.000	 21.247	  1.005	  0.780	  0.000
14	  3.000	 22.675	  1.005	  0.780	  0.000
15	  3.000	 24.104	  1.005	  0.780	  0.000
16	  3.000	 25.533	  1.005	  0.780	  0.000
17	  3.000	 26.961	  1.005	  0.780	  0.000
18	  3.000	 28.390	  1.005	  0.780	  0.000
19	  3.000	 29.818	  1.005	  0.780	  0.000
20	  3.000	 31.247	  1.005	  0.780	  0.000
21	  3.000	 32.675	  1.005	  0.780	  0.000
22	  3.000	 34.104	  1.005	  0.780	  0.000
23	  3.000	 35.533	  1.005	  0.780	  0.000
24	  3.000	 36.961	  1.005	  0.780	  0.000
25	  3.000	 38.390	  1.005	  0.780	  0.000
26	  3.000	 39.818	  1.005	  0.780	  0.000
27	  3.000	 41.247	  1.005	  0.780	  0.000
28	  3.000	 42.675	  1.005	  0.780	  0.000
29	  3.000	 44.104	  1.005	  0.780	  0.000
30	  3.000	 45.533	  1.005	  0.780	  0.000
31	  3.000	 46.961	  1.005	  0.780	  0.000
32	  3.000	 48.390	  1.005	  0.780	  0.000
33	  3.000	 49.818	  1.005	  0.780	  0.000
34	  3.000	 51.247	  1.005	  0.780	  0.000
35	  3.000	 52.675	  1.005	  0.780	  0.000
36	  3.000	 54.104	  1.005	  0.780	  0.000
37	  3.000	 55.533	  1.005	  0.780	  0.000
38	  3.000	 56.961	  1.005	  0.780	  0.000
39	  3.000	 58.390	  1.005	  0.780	  0.000
40	  3.000	 59.818	  1.005	  0.780	  0.000
41	  3.000	 61.247	  1.005	  0.780	  0.000
42	  3.000	 62.675	  1.005	  0.780	  0.000
43	  3.000	 64.104	  1.005	  0.780	  0.000
44	  3.000	 65.533	  1.005	  0.780	  0.000
45	  3.000	 66.961	  1.005	  0.780	  0.000
46	  3.000	 68.390	  1.005	  0.780	  0.000
47	  3.000	 69.818	  1.005	  0.780	  0.000
48	  3.000	 71.247	  1.005	  0.780	  0.000
49	  3.000	 72.675	  1.005	  0.780	  0.000
50	  3.000	 74.104	  1.005	  0.780	  0.000
51	  3.000	 75.533	  1.005	  0.780	  0.000
52	  3.000	 76.961	  1.005	  0.780	  0.000
53	  3.000	 78.390	  1.005	  0.780	  0.000
54	  3.000	 79.818	  1.005	  0.780	  0.000
55	  3.000	 81.247	  1.005	  0.780	  0.000
56	  3.000	 82.675	  1.005	  0.780	  0.000
57	  3.000	 84.104	  1.005	  0.780	  0.000
58	  3.000	 85.533	  1.005	  0.780	  0.000
59	  3.000	 86.961	  1.005	  0.780	  0.000
60	  3.000	 88.390	  1.005	  0.780	  0.000
61	  3.000	 89.818	  1.005	  0.780	  0.000
62	  3.000	 91.247	  1.005	  0.780	  0.000
63	  3.000	 92.675	  1.005	  0.780	  0.000
64	  3.000	 94.104	  1.005	  0.780	  0.000
65	  3.000	 95.533	  1.005	  0.780	  0.000
66	  3.000	 96.961	  1.005	  0.780	  0.000
67	  3.000	 98.390	  1.005	  0.780	  0.000
68	  3.000	 99.818	  1.005	  0.780	  0.000
69	  3.000	101.247	  1.005	  0.780	  0.000
