# id	 time	 x	 y	 vx	 vy
0	  0.000	  0.625	  1.000	  0.010	  0.010
1	  0.000	  1.875	  1.000	  0.010	  0.010
2	  0.000	  3.125	  1.000	  0.010	  0.010
3	  0.000	  4.375	  1.000	  0.010	  0.010
4	  0.000	  5.625	  1.000	  0.010	  0.010
5	  0.000	  6.875	  1.000	  0.010	  0.010
6	  0.000	  8.125	  1.000	  0.010	  0.010
7	  0.000	  9.375	  1.000	  0.010	  0.010
8	  0.000	 10.625	  1.000	  0.010	  0.010
9	  0.000	 11.875	  1.000	  0.010	  0.010
10	  0.000	 13.125	  1.000	  0.010	  0.010
11	  0.000	 14.375	  1.000	  0.010	  0.010
12	  0.000	 15.625	  1.000	  0.010	  0.010
13	  0.000	 16.875	  1.000	  0.010	  0.010
14	  0.000	 18.125	  1.000	  0.010	  0.010
15	  0.000	 19.375	  1.000	  0.010	  0.010
16	  0.000	 20.625	  1.000	  0.010	  0.010
17	  0.000	 21.875	  1.000	  0.010	  0.010
18	  0.000	 23.125	  1.000	  0.010	  0.010
19	  0.000	 24.375	  1.000	  0.010	  0.010
20	  0.000	 25.625	  1.000	  0.010	  0.010
21	  0.000	 26.875	  1.000	  0.010	  0.010
22	  0.000	 28.125	  1.000	  0.010	  0.010
23	  0.000	 29.375	  1.000	  0.010	  0.010
24	  0.000	 30.625	  1.000	  0.010	  0.010
25	  0.000	 31.875	  1.000	  0.010	  0.010
26	  0.000	 33.125	  1.000	  0.010	  0.010
27	  0.000	 34.375	  1.000	  0.010	  0.010
28	  0.000	 35.625	  1.000	  0.010	  0.010
29	  0.000	 36.875	  1.000	  0.010	  0.010
30	  0.000	 38.125	  1.000	  0.010	  0.010
31	  0.000	 39.375	  1.000	  0.010	  0.010
32	  0.000	 40.625	  1.000	  0.010	  0.010
33	  0.000	 41.875	  1.000	  0.010	  0.010
34	  0.000	 43.125	  1.000	  0.010	  0.010
35	  0.000	 44.375	  1.000	  0.010	  0.010
36	  0.000	 45.625	  1.000	  0.010	  0.010
37	  0.000	 46.875	  1.000	  0.010	  0.010
38	  0.000	 48.125	  1.000	  0.010	  0.010
39	  0.000	 49.375	  1.000	  0.010	  0.010
40	  0.000	 50.625	  1.000	  0.010	  0.010
41	  0.000	 51.875	  1.000	  0.010	  0.010
42	  0.000	 53.125	  1.000	  0.010	  0.010
43	  0.000	 54.375	  1.000	  0.010	  0.010
44	  0.000	 55.625	  1.000	  0.010	  0.010
45	  0.000	 56.875	  1.000	  0.010	  0.010
46	  0.000	 58.125	  1.000	  0.010	  0.010
47	  0.000	 59.375	  1.000	  0.010	  0.010
48	  0.000	 60.625	  1.000	  0.010	  0.010
49	  0.000	 61.875	  1.000	  0.010	  0.010
50	  0.000	 63.125	  1.000	  0.010	  0.010
51	  0.000	 64.375	  1.000	  0.010	  0.010
52	  0.000	 65.625	  1.000	  0.010	  0.010
53	  0.000	 66.875	  1.000	  0.010	  0.010
54	  0.000	 68.125	  1.000	  0.010	  0.010
55	  0.000	 69.375	  1.000	  0.010	  0.010
56	  0.000	 70.625	  1.000	  0.010	  0.010
57	  0.000	 71.875	  1.000	  0.010	  0.010
58	  0.000	 73.125	  1.000	  0.010	  0.010
59	  0.000	 74.375	  1.000	  0.010	  0.010
60	  0.000	 75.625	  1.000	  0.010	  0.010
61	  0.000	 76.875	  1.000	  0.010	  0.010
62	  0.000	 78.125	  1.000	  0.010	  0.010
63	  0.000	 79.375	  1.000	  0.010	  0.010
64	  0.000	 80.625	  1.000	  0.010	  0.010
65	  0.000	 81.875	  1.000	  0.010	  0.010
66	  0.000	 83.125	  1.000	  0.010	  0.010
67	  0.000	 84.375	  1.000	  0.010	  0.010
68	  0.000	 85.625	  1.000	  0.010	  0.010
69	  0.000	 86.875	  1.000	  0.010	  0.010
70	  0.000	 88.125	  1.000	  0.010	  0.010
71	  0.000	 89.375	  1.000	  0.010	  0.010
72	  0.000	 90.625	  1.000	  0.010	  0.010
73	  0.000	 91.875	  1.000	  0.010	  0.010
74	  0.000	 93.125	  1.000	  0.010	  0.010
75	  0.000	 94.375	  1.000	  0.010	  0.010
76	  0.000	 95.625	  1.000	  0.010	  0.010
77	  0.000	 96.875	  1.000	  0.010	  0.010
78	  0.000	 98.125	  1.000	  0.010	  0.010
79	  0.000	 99.375	  1.000	  0.010	  0.010
0	  0.120	  0.627	  1.001	  0.098	  0.008
1	  0.120	  1.877	  1.001	  0.098	  0.008
2	  0.120	  3.127	  1.001	  0.098	  0.008
3	  0.120	  4.377	  1.001	  0.098	  0.008
4	  0.120	  5.627	  1.001	  0.098	  0.008
5	  0.120	  6.877	  1.001	  0.098	  0.008
6	  0.120	  8.127	  1.001	  0.098	  0.008
7	  0.120	  9.377	  1.001	  0.098	  0.008
8	  0.120	 10.627	  1.001	  0.098	  0.008
9	  0.120	 11.877	  1.001	  0.098	  0.008
10	  0.120	 13.127	  1.001	  0.098	  0.008
11	  0.120	 14.377	  1.001	  0.098	  0.008
12	  0.120	 15.627	  1.001	  0.098	  0.008
13	  0.120	 16.877	  1.001	  0.098	  0.008
14	  0.120	 18.127	  1.001	  0.098	  0.008
15	  0.120	 19.377	  1.001	  0.098	  0.008
16	  0.120	 20.627	  1.001	  0.098	  0.008
17	  0.120	 21.877	  1.001	  0.098	  0.008
18	  0.120	 23.127	  1.001	  0.098	  0.008
19	  0.120	 24.377	  1.001	  0.098	  0.008
20	  0.120	 25.627	  1.001	  0.098	  0.008
21	  0.120	 26.877	  1.001	  0.098	  0.008
22	  0.120	 28.127	  1.001	  0.098	  0.008
23	  0.120	 29.377	  1.001	  0.098	  0.008
24	  0.120	 30.627	  1.001	  0.098	  0.008
25	  0.120	 31.877	  1.001	  0.098	  0.008
26	  0.120	 33.127	  1.001	  0.098	  0.008
27	  0.120	 34.377	  1.001	  0.098	  0.008
28	  0.120	 35.627	  1.001	  0.098	  0.008
29	  0.120	 36.877	  1.001	  0.098	  0.008
30	  0.120	 38.127	  1.001	  0.098	  0.008
31	  0.120	 39.377	  1.001	  0.098	  0.008
32	  0.120	 40.627	  1.001	  0.098	  0.008
33	  0.120	 41.877	  1.001	  0.098	  0.008
34	  0.120	 43.127	  1.001	  0.098	  0.008
35	  0.120	 44.377	  1.001	  0.098	  0.008
36	  0.120	 45.627	  1.001	  0.098	  0.008
37	  0.120	 46.877	  1.001	  0.098	  0.008
38	  0.120	 48.127	  1.001	  0.098	  0.008
39	  0.120	 49.377	  1.001	  0.098	  0.008
40	  0.120	 50.627	  1.001	  0.098	  0.008
41	  0.120	 51.877	  1.001	  0.098	  0.008
42	  0.120	 53.127	  1.001	  0.098	  0.008
43	  0.120	 54.377	  1.001	  0.098	  0.008
44	  0.120	 55.627	  1.001	  0.098	  0.008
45	  0.120	 56.877	  1.001	  0.098	  0.008
46	  0.120	 58.127	  1.001	  0.098	  0.008
47	  0.120	 59.377	  1.001	  0.098	  0.008
48	  0.120	 60.627	  1.001	  0.098	  0.008
49	  0.120	 61.877	  1.001	  0.098	  0.008
50	  0.120	 63.127	  1.001	  0.098	  0.008
51	  0.120	 64.377	  1.001	  0.098	  0.008
52	  0.120	 65.627	  1.001	  0.098	  0.008
53	  0.120	 66.877	  1.001	  0.098	  0.008
54	  0.120	 68.127	  1.001	  0.098	  0.008
55	  0.120	 69.377	  1.001	  0.098	  0.008
56	  0.120	 70.627	  1.001	  0.098	  0.008
57	  0.120	 71.877	  1.001	  0.098	  0.008
58	  0.120	 73.127	  1.001	  0.098	  0.008
59	  0.120	 74.377	  1.001	  0.098	  0.008
60	  0.120	 75.627	  1.001	  0.098	  0.008
61	  0.120	 76.877	  1.001	  0.098	  0.008
62	  0.120	 78.127	  1.001	  0.098	  0.008
63	  0.120	 79.377	  1.001	  0.098	  0.008
64	  0.120	 80.627	  1.001	  0.098	  0.008
65	  0.120	 81.877	  1.001	  0.098	  0.008
66	  0.120	 83.127	  1.001	  0.098	  0.008
67	  0.120	 84.377	  1.001	  0.098	  0.008
68	  0.120	 85.627	  1.001	  0.098	  0.008
69	  0.120	 86.877	  1.001	  0.098	  0.008
70	  0.120	 88.127	  1.001	  0.098	  0.008
71	  0.120	 89.377	  1.001	  0.098	  0.008
72	  0.120	 90.627	  1.001	  0.098	  0.008
73	  0.120	 91.877	  1.001	  0.098	  0.008
74	  0.120	 93.127	  1.001	  0.098	  0.008
75	  0.120	 94.377	  1.001	  0.098	  0.008
76	  0.120	 95.627	  1.001	  0.098	  0.008
77	  0.120	 96.877	  1.001	  0.098	  0.008
78	  0.120	 98.127	  1.001	  0.098	  0.008
79	  0.120	 99.377	  1.001	  0.098	  0.008
0	  0.240	  0.631	  1.002	 -0.086	  0.006
1	  0.240	  1.881	  1.002	 -0.086	  0.006
2	  0.240	  3.131	  1.002	 -0.086	  0.006
3	  0.240	  4.381	  1.002	 -0.086	  0.006
4	  0.240	  5.631	  1.002	 -0.086	  0.006
5	  0.240	  6.881	  1.002	 -0.086	  0.006
6	  0.240	  8.131	  1.002	 -0.086	  0.006
7	  0.240	  9.381	  1.002	 -0.086	  0.006
8	  0.240	 10.631	  1.002	 -0.086	  0.006
9	  0.240	 11.881	  1.002	 -0.086	  0.006
10	  0.240	 13.131	  1.002	 -0.086	  0.006
11	  0.240	 14.381	  1.002	 -0.086	  0.006
12	  0.240	 15.631	  1.002	 -0.086	  0.006
13	  0.240	 16.881	  1.002	 -0.086	  0.006
14	  0.240	 18.131	  1.002	 -0.086	  0.006
15	  0.240	 19.381	  1.002	 -0.086	  0.006
16	  0.240	 20.631	  1.002	 -0.086	  0.006
17	  0.240	 21.881	  1.002	 -0.086	  0.006
18	  0.240	 23.131	  1.002	 -0.086	  0.006
19	  0.240	 24.381	  1.002	 -0.086	  0.006
20	  0.240	 25.631	  1.002	 -0.086	  0.006
21	  0.240	 26.881	  1.002	 -0.086	  0.006
22	  0.240	 28.131	  1.002	 -0.086	  0.006
23	  0.240	 29.381	  1.002	 -0.086	  0.006
24	  0.240	 30.631	  1.002	 -0.086	  0.006
25	  0.240	 31.881	  1.002	 -0.086	  0.006
26	  0.240	 33.131	  1.002	 -0.086	  0.006
27	  0.240	 34.381	  1.002	 -0.086	  0.006
28	  0.240	 35.631	  1.002	 -0.086	  0.006
29	  0.240	 36.881	  1.002	 -0.086	  0.006
30	  0.240	 38.131	  1.002	 -0.086	  0.006
31	  0.240	 39.381	  1.002	 -0.086	  0.006
32	  0.240	 40.631	  1.002	 -0.086	  0.006
33	  0.240	 41.881	  1.002	 -0.086	  0.006
34	  0.240	 43.131	  1.002	 -0.086	  0.006
35	  0.240	 44.381	  1.002	 -0.086	  0.006
36	  0.240	 45.631	  1.002	 -0.086	  0.006
37	  0.240	 46.881	  1.002	 -0.086	  0.006
38	  0.240	 48.131	  1.002	 -0.086	  0.006
39	  0.240	 49.381	  1.002	 -0.086	  0.006
40	  0.240	 50.631	  1.002	 -0.086	  0.006
41	  0.240	 51.881	  1.002	 -0.086	  0.006
42	  0.240	 53.131	  1.002	 -0.086	  0.006
43	  0.240	 54.381	  1.002	 -0.086	  0.006
44	  0.240	 55.631	  1.002	 -0.086	  0.006
45	  0.240	 56.881	  1.002	 -0.086	  0.006
46	  0.240	 58.131	  1.002	 -0.086	  0.006
47	  0.240	 59.381	  1.002	 -0.086	  0.006
48	  0.240	 60.631	  1.002	 -0.086	  0.006
49	  0.240	 61.881	  1.002	 -0.086	  0.006
50	  0.240	 63.131	  1.002	 -0.086	  0.006
51	  0.240	 64.381	  1.002	 -0.086	  0.006
52	  0.240	 65.631	  1.002	 -0.086	  0.006
53	  0.240	 66.881	  1.002	 -0.086	  0.006
54	  0.240	 68.131	  1.002	 -0.086	  0.006
55	  0.240	 69.381	  1.002	 -0.086	  0.006
56	  0.240	 70.631	  1.002	 -0.086	  0.006
57	  0.240	 71.881	  1.002	 -0.086	  0.006
58	  0.240	 73.131	  1.002	 -0.086	  0.006
59	  0.240	 74.381	  1.002	 -0.086	  0.006
60	  0.240	 75.631	  1.002	 -0.086	  0.006
61	  0.240	 76.881	  1.002	 -0.086	  0.006
62	  0.240	 78.131	  1.002	 -0.086	  0.006
63	  0.240	 79.381	  1.002	 -0.086	  0.006
64	  0.240	 80.631	  1.002	 -0.086	  0.006
65	  0.240	 81.881	  1.002	 -0.086	  0.006
66	  0.240	 83.131	  1.002	 -0.086	  0.006
67	  0.240	 84.381	  1.002	 -0.086	  0.006
68	  0.240	 85.631	  1.002	 -0.086	  0.006
69	  0.240	 86.881	  1.002	 -0.086	  0.006
70	  0.240	 88.131	  1.002	 -0.086	  0.006
71	  0.240	 89.381	  1.002	 -0.086	  0.006
72	  0.240	 90.631	  1.002	 -0.086	  0.006
73	  0.240	 91.881	  1.002	 -0.086	  0.006
74	  0.240	 93.131	  1.002	 -0.086	  0.006
75	  0.240	 94.381	  1.002	 -0.086	  0.006
76	  0.240	 95.631	  1.002	 -0.086	  0.006
77	  0.240	 96.881	  1.002	 -0.086	  0.006
78	  0.240	 98.131	  1.002	 -0.086	  0.006
79	  0.240	 99.381	  1.002	 -0.086	  0.006
0	  0.360	  0.635	  1.003	 -0.001	  0.005
1	  0.360	  1.885	  1.003	 -0.001	  0.005
2	  0.360	  3.135	  1.003	 -0.001	  0.005
3	  0.360	  4.385	  1.003	 -0.001	  0.005
4	  0.360	  5.635	  1.003	 -0.001	  0.005
5	  0.360	  6.885	  1.003	 -0.001	  0.005
6	  0.360	  8.135	  1.003	 -0.001	  0.005
7	  0.360	  9.385	  1.003	 -0.001	  0.005
8	  0.360	 10.635	  1.003	 -0.001	  0.005
9	  0.360	 11.885	  1.003	 -0.001	  0.005
10	  0.360	 13.135	  1.003	 -0.001	  0.005
11	  0.360	 14.385	  1.003	 -0.001	  0.005
12	  0.360	 15.635	  1.003	 -0.001	  0.005
13	  0.360	 16.885	  1.003	 -0.001	  0.005
14	  0.360	 18.135	  1.003	 -0.001	  0.005
15	  0.360	 19.385	  1.003	 -0.001	  0.005
16	  0.360	 20.635	  1.003	 -0.001	  0.005
17	  0.360	 21.885	  1.003	 -0.001	  0.005
18	  0.360	 23.135	  1.003	 -0.001	  0.005
19	  0.360	 24.385	  1.003	 -0.001	  0.005
20	  0.360	 25.635	  1.003	 -0.001	  0.005
21	  0.360	 26.885	  1.003	 -0.001	  0.005
22	  0.360	 28.135	  1.003	 -0.001	  0.005
23	  0.360	 29.385	  1.003	 -0.001	  0.005
24	  0.360	 30.635	  1.003	 -0.001	  0.005
25	  0.360	 31.885	  1.003	 -0.001	  0.005
26	  0.360	 33.135	  1.003	 -0.001	  0.005
27	  0.360	 34.385	  1.003	 -0.001	  0.005
28	  0.360	 35.635	  1.003	 -0.001	  0.005
29	  0.360	 36.885	  1.003	 -0.001	  0.005
30	  0.360	 38.135	  1.003	 -0.001	  0.005
31	  0.360	 39.385	  1.003	 -0.001	  0.005
32	  0.360	 40.635	  1.003	 -0.001	  0.005
33	  0.360	 41.885	  1.003	 -0.001	  0.005
34	  0.360	 43.135	  1.003	 -0.001	  0.005
35	  0.360	 44.385	  1.003	 -0.001	  0.005
36	  0.360	 45.635	  1.003	 -0.001	  0.005
37	  0.360	 46.885	  1.003	 -0.001	  0.005
38	  0.360	 48.135	  1.003	 -0.001	  0.005
39	  0.360	 49.385	  1.003	 -0.001	  0.005
40	  0.360	 50.635	  1.003	 -0.001	  0.005
41	  0.360	 51.885	  1.003	 -0.001	  0.005
42	  0.360	 53.135	  1.003	 -0.001	  0.005
43	  0.360	 54.385	  1.003	 -0.001	  0.005
44	  0.360	 55.635	  1.003	 -0.001	  0.005
45	  0.360	 56.885	  1.003	 -0.001	  0.005
46	  0.360	 58.135	  1.003	 -0.001	  0.005
47	  0.360	 59.385	  1.003	 -0.001	  0.005
48	  0.360	 60.635	  1.003	 -0.001	  0.005
49	  0.360	 61.885	  1.003	 -0.001	  0.005
50	  0.360	 63.135	  1.003	 -0.001	  0.005
51	  0.360	 64.385	  1.003	 -0.001	  0.005
52	  0.360	 65.635	  1.003	 -0.001	  0.005
53	  0.360	 66.885	  1.003	 -0.001	  0.005
54	  0.360	 68.135	  1.003	 -0.001	  0.005
55	  0.360	 69.385	  1.003	 -0.001	  0.005
56	  0.360	 70.635	  1.003	 -0.001	  0.005
57	  0.360	 71.885	  1.003	 -0.001	  0.005
58	  0.360	 73.135	  1.003	 -0.001	  0.005
59	  0.360	 74.385	  1.003	 -0.001	  0.005
60	  0.360	 75.635	  1.003	 -0.001	  0.005
61	  0.360	 76.885	  1.003	 -0.001	  0.005
62	  0.360	 78.135	  1.003	 -0.001	  0.005
63	  0.360	 79.385	  1.003	 -0.001	  0.005
64	  0.360	 80.635	  1.003	 -0.001	  0.005
65	  0.360	 81.885	  1.003	 -0.001	  0.005
66	  0.360	 83.135	  1.003	 -0.001	  0.005
67	  0.360	 84.385	  1.003	 -0.001	  0.005
68	  0.360	 85.635	  1.003	 -0.001	  0.005
69	  0.360	 86.885	  1.003	 -0.001	  0.005
70	  0.360	 88.135	  1.003	 -0.001	  0.005
71	  0.360	 89.385	  1.003	 -0.001	  0.005
72	  0.360	 90.635	  1.003	 -0.001	  0.005
73	  0.360	 91.885	  1.003	 -0.001	  0.005
74	  0.360	 93.135	  1.003	 -0.001	  0.005
75	  0.360	 94.385	  1.003	 -0.001	  0.005
76	  0.360	 95.635	  1.003	 -0.001	  0.005
77	  0.360	 96.885	  1.003	 -0.001	  0.005
78	  0.360	 98.135	  1.003	 -0.001	  0.005
79	  0.360	 99.385	  1.003	 -0.001	  0.005
0	  0.480	  0.638	  1.003	  0.085	  0.004
1	  0.480	  1.888	  1.003	  0.085	  0.004
2	  0.480	  3.138	  1.003	  0.085	  0.004
3	  0.480	  4.388	  1.003	  0.085	  0.004
4	  0.480	  5.638	  1.003	  0.085	  0.004
5	  0.480	  6.888	  1.003	  0.085	  0.004
6	  0.480	  8.138	  1.003	  0.085	  0.004
7	  0.480	  9.388	  1.003	  0.085	  0.004
8	  0.480	 10.638	  1.003	  0.085	  0.004
9	  0.480	 11.888	  1.003	  0.085	  0.004
10	  0.480	 13.138	  1.003	  0.085	  0.004
11	  0.480	 14.388	  1.003	  0.085	  0.004
12	  0.480	 15.638	  1.003	  0.085	  0.004
13	  0.480	 16.888	  1.003	  0.085	  0.004
14	  0.480	 18.138	  1.003	  0.085	  0.004
15	  0.480	 19.388	  1.003	  0.085	  0.004
16	  0.480	 20.638	  1.003	  0.085	  0.004
17	  0.480	 21.888	  1.003	  0.085	  0.004
18	  0.480	 23.138	  1.003	  0.085	  0.004
19	  0.480	 24.388	  1.003	  0.085	  0.004
20	  0.480	 25.638	  1.003	  0.085	  0.004
21	  0.480	 26.888	  1.003	  0.085	  0.004
22	  0.480	 28.138	  1.003	  0.085	  0.004
23	  0.480	 29.388	  1.003	  0.085	  0.004
24	  0.480	 30.638	  1.003	  0.085	  0.004
25	  0.480	 31.888	  1.003	  0.085	  0.004
26	  0.480	 33.138	  1.003	  0.085	  0.004
27	  0.480	 34.388	  1.003	  0.085	  0.004
28	  0.480	 35.638	  1.003	  0.085	  0.004
29	  0.480	 36.888	  1.003	  0.085	  0.004
30	  0.480	 38.138	  1.003	  0.085	  0.004
31	  0.480	 39.388	  1.003	  0.085	  0.004
32	  0.480	 40.638	  1.003	  0.085	  0.004
33	  0.480	 41.888	  1.003	  0.085	  0.004
34	  0.480	 43.138	  1.003	  0.085	  0.004
35	  0.480	 44.388	  1.003	  0.085	  0.004
36	  0.480	 45.638	  1.003	  0.085	  0.004
37	  0.480	 46.888	  1.003	  0.085	  0.004
38	  0.480	 48.138	  1.003	  0.085	  0.004
39	  0.480	 49.388	  1.003	  0.085	  0.004
40	  0.480	 50.638	  1.003	  0.085	  0.004
41	  0.480	 51.888	  1.003	  0.085	  0.004
42	  0.480	 53.138	  1.003	  0.085	  0.004
43	  0.480	 54.388	  1.003	  0.085	  0.004
44	  0.480	 55.638	  1.003	  0.085	  0.004
45	  0.480	 56.888	  1.003	  0.085	  0.004
46	  0.480	 58.138	  1.003	  0.085	  0.004
47	  0.480	 59.388	  1.003	  0.085	  0.004
48	  0.480	 60.638	  1.003	  0.085	  0.004
49	  0.480	 61.888	  1.003	  0.085	  0.004
50	  0.480	 63.138	  1.003	  0.085	  0.004
51	  0.480	 64.388	  1.003	  0.085	  0.004
52	  0.480	 65.638	  1.003	  0.085	  0.004
53	  0.480	 66.888	  1.003	  0.085	  0.004
54	  0.480	 68.138	  1.003	  0.085	  0.004
55	  0.480	 69.388	  1.003	  0.085	  0.004
56	  0.480	 70.638	  1.003	  0.085	  0.004
57	  0.480	 71.888	  1.003	  0.085	  0.004
58	  0.480	 73.138	  1.003	  0.085	  0.004
59	  0.480	 74.388	  1.003	  0.085	  0.004
60	  0.480	 75.638	  1.003	  0.085	  0.004
61	  0.480	 76.888	  1.003	  0.085	  0.004
62	  0.480	 78.138	  1.003	  0.085	  0.004
63	  0.480	 79.388	  1.003	  0.085	  0.004
64	  0.480	 80.638	  1.003	  0.085	  0.004
65	  0.480	 81.888	  1.003	  0.085	  0.004
66	  0.480	 83.138	  1.003	  0.085	  0.004
67	  0.480	 84.388	  1.003	  0.085	  0.004
68	  0.480	 85.638	  1.003	  0.085	  0.004
69	  0.480	 86.888	  1.003	  0.085	  0.004
70	  0.480	 88.138	  1.003	  0.085	  0.004
71	  0.480	 89.388	  1.003	  0.085	  0.004
72	  0.480	 90.638	  1.003	  0.085	  0.004
73	  0.480	 91.888	  1.003	  0.085	  0.004
74	  0.480	 93.138	  1.003	  0.085	  0.004
75	  0.480	 94.388	  1.003	  0.085	  0.004
76	  0.480	 95.638	  1.003	  0.085	  0.004
77	  0.480	 96.888	  1.003	  0.085	  0.004
78	  0.480	 98.138	  1.003	  0.085	  0.004
79	  0.480	 99.388	  1.003	  0.085	  0.004
0	  0.600	  0.644	  1.004	 -0.101	  0.003
1	  0.600	  1.894	  1.004	 -0.101	  0.003
2	  0.600	  3.144	  1.004	 -0.101	  0.003
3	  0.600	  4.394	  1.004	 -0.101	  0.003
4	  0.600	  5.644	  1.004	 -0.101	  0.003
5	  0.600	  6.894	  1.004	 -0.101	  0.003
6	  0.600	  8.144	  1.004	 -0.101	  0.003
7	  0.600	  9.394	  1.004	 -0.101	  0.003
8	  0.600	 10.644	  1.004	 -0.101	  0.003
9	  0.600	 11.894	  1.004	 -0.101	  0.003
10	  0.600	 13.144	  1.004	 -0.101	  0.003
11	  0.600	 14.394	  1.004	 -0.101	  0.003
12	  0.600	 15.644	  1.004	 -0.101	  0.003
13	  0.600	 16.894	  1.004	 -0.101	  0.003
14	  0.600	 18.144	  1.004	 -0.101	  0.003
15	  0.600	 19.394	  1.004	 -0.101	  0.003
16	  0.600	 20.644	  1.004	 -0.101	  0.003
17	  0.600	 21.894	  1.004	 -0.101	  0.003
18	  0.600	 23.144	  1.004	 -0.101	  0.003
19	  0.600	 24.394	  1.004	 -0.101	  0.003
20	  0.600	 25.644	  1.004	 -0.101	  0.003
21	  0.600	 26.894	  1.004	 -0.101	  0.003
22	  0.600	 28.144	  1.004	 -0.101	  0.003
23	  0.600	 29.394	  1.004	 -0.101	  0.003
24	  0.600	 30.644	  1.004	 -0.101	  0.003
25	  0.600	 31.894	  1.004	 -0.101	  0.003
26	  0.600	 33.144	  1.004	 -0.101	  0.003
27	  0.600	 34.394	  1.004	 -0.101	  0.003
28	  0.600	 35.644	  1.004	 -0.101	  0.003
29	  0.600	 36.894	  1.004	 -0.101	  0.003
30	  0.600	 38.144	  1.004	 -0.101	  0.003
31	  0.600	 39.394	  1.004	 -0.101	  0.003
32	  0.600	 40.644	  1.004	 -0.101	  0.003
33	  0.600	 41.894	  1.004	 -0.101	  0.003
34	  0.600	 43.144	  1.004	 -0.101	  0.003
35	  0.600	 44.394	  1.004	 -0.101	  0.003
36	  0.600	 45.644	  1.004	 -0.101	  0.003
37	  0.600	 46.894	  1.004	 -0.101	  0.003
38	  0.600	 48.144	  1.004	 -0.101	  0.003
39	  0.600	 49.394	  1.004	 -0.101	  0.003
40	  0.600	 50.644	  1.004	 -0.101	  0.003
41	  0.600	 51.894	  1.004	 -0.101	  0.003
42	  0.600	 53.144	  1.004	 -0.101	  0.003
43	  0.600	 54.394	  1.004	 -0.101	  0.003
44	  0.600	 55.644	  1.004	 -0.101	  0.003
45	  0.600	 56.894	  1.004	 -0.101	  0.003
46	  0.600	 58.144	  1.004	 -0.101	  0.003
47	  0.600	 59.394	  1.004	 -0.101	  0.003
48	  0.600	 60.644	  1.004	 -0.101	  0.003
49	  0.600	 61.894	  1.004	 -0.101	  0.003
50	  0.600	 63.144	  1.004	 -0.101	  0.003
51	  0.600	 64.394	  1.004	 -0.101	  0.003
52	  0.600	 65.644	  1.004	 -0.101	  0.003
53	  0.600	 66.894	  1.004	 -0.101	  0.003
54	  0.600	 68.144	  1.004	 -0.101	  0.003
55	  0.600	 69.394	  1.004	 -0.101	  0.003
56	  0.600	 70.644	  1.004	 -0.101	  0.003
57	  0.600	 71.894	  1.004	 -0.101	  0.003
58	  0.600	 73.144	  1.004	 -0.101	  0.003
59	  0.600	 74.394	  1.004	 -0.101	  0.003
60	  0.600	 75.644	  1.004	 -0.101	  0.003
61	  0.600	 76.894	  1.004	 -0.101	  0.003
62	  0.600	 78.144	  1.004	 -0.101	  0.003
63	  0.600	 79.394	  1.004	 -0.101	  0.003
64	  0.600	 80.644	  1.004	 -0.101	  0.003
65	  0.600	 81.894	  1.004	 -0.101	  0.003
66	  0.600	 83.144	  1.004	 -0.101	  0.003
67	  0.600	 84.394	  1.004	 -0.101	  0.003
68	  0.600	 85.644	  1.004	 -0.101	  0.003
69	  0.600	 86.894	  1.004	 -0.101	  0.003
70	  0.600	 88.144	  1.004	 -0.101	  0.003
71	  0.600	 89.394	  1.004	 -0.101	  0.003
72	  0.600	 90.644	  1.004	 -0.101	  0.003
73	  0.600	 91.894	  1.004	 -0.101	  0.003
74	  0.600	 93.144	  1.004	 -0.101	  0.003
75	  0.600	 94.394	  1.004	 -0.101	  0.003
76	  0.600	 95.644	  1.004	 -0.101	  0.003
77	  0.600	 96.894	  1.004	 -0.101	  0.003
78	  0.600	 98.144	  1.004	 -0.101	  0.003
79	  0.600	 99.394	  1.004	 -0.101	  0.003
0	  0.720	  0.646	  1.004	 -0.013	  0.002
1	  0.720	  1.896	  1.004	 -0.013	  0.002
2	  0.720	  3.146	  1.004	 -0.013	  0.002
3	  0.720	  4.396	  1.004	 -0.013	  0.002
4	  0.720	  5.646	  1.004	 -0.013	  0.002
5	  0.720	  6.896	  1.004	 -0.013	  0.002
6	  0.720	  8.146	  1.004	 -0.013	  0.002
7	  0.720	  9.396	  1.004	 -0.013	  0.002
8	  0.720	 10.646	  1.004	 -0.013	  0.002
9	  0.720	 11.896	  1.004	 -0.013	  0.002
10	  0.720	 13.146	  1.004	 -0.013	  0.002
11	  0.720	 14.396	  1.004	 -0.013	  0.002
12	  0.720	 15.646	  1.004	 -0.013	  0.002
13	  0.720	 16.896	  1.004	 -0.013	  0.002
14	  0.720	 18.146	  1.004	 -0.013	  0.002
15	  0.720	 19.396	  1.004	 -0.013	  0.002
16	  0.720	 20.646	  1.004	 -0.013	  0.002
17	  0.720	 21.896	  1.004	 -0.013	  0.002
18	  0.720	 23.146	  1.004	 -0.013	  0.002
19	  0.720	 24.396	  1.004	 -0.013	  0.002
20	  0.720	 25.646	  1.004	 -0.013	  0.002
21	  0.720	 26.896	  1.004	 -0.013	  0.002
22	  0.720	 28.146	  1.004	 -0.013	  0.002
23	  0.720	 29.396	  1.004	 -0.013	  0.002
24	  0.720	 30.646	  1.004	 -0.013	  0.002
25	  0.720	 31.896	  1.004	 -0.013	  0.002
26	  0.720	 33.146	  1.004	 -0.013	  0.002
27	  0.720	 34.396	  1.004	 -0.013	  0.002
28	  0.720	 35.646	  1.004	 -0.013	  0.002
29	  0.720	 36.896	  1.004	 -0.013	  0.002
30	  0.720	 38.146	  1.004	 -0.013	  0.002
31	  0.720	 39.396	  1.004	 -0.013	  0.002
32	  0.720	 40.646	  1.004	 -0.013	  0.002
33	  0.720	 41.896	  1.004	 -0.013	  0.002
34	  0.720	 43.146	  1.004	 -0.013	  0.002
35	  0.720	 44.396	  1.004	 -0.013	  0.002
36	  0.720	 45.646	  1.004	 -0.013	  0.002
37	  0.720	 46.896	  1.004	 -0.013	  0.002
38	  0.720	 48.146	  1.004	 -0.013	  0.002
39	  0.720	 49.396	  1.004	 -0.013	  0.002
40	  0.720	 50.646	  1.004	 -0.013	  0.002
41	  0.720	 51.896	  1.004	 -0.013	  0.002
42	  0.720	 53.146	  1.004	 -0.013	  0.002
43	  0.720	 54.396	  1.004	 -0.013	  0.002
44	  0.720	 55.646	  1.004	 -0.013	  0.002
45	  0.720	 56.896	  1.004	 -0.013	  0.002
46	  0.720	 58.146	  1.004	 -0.013	  0.002
47	  0.720	 59.396	  1.004	 -0.013	  0.002
48	  0.720	 60.646	  1.004	 -0.013	  0.002
49	  0.720	 61.896	  1.004	 -0.013	  0.002
50	  0.720	 63.146	  1.004	 -0.013	  0.002
51	  0.720	 64.396	  1.004	 -0.013	  0.002
52	  0.720	 65.646	  1.004	 -0.013	  0.002
53	  0.720	 66.896	  1.004	 -0.013	  0.002
54	  0.720	 68.146	  1.004	 -0.013	  0.002
55	  0.720	 69.396	  1.004	 -0.013	  0.002
56	  0.720	 70.646	  1.004	 -0.013	  0.002
57	  0.720	 71.896	  1.004	 -0.013	  0.002
58	  0.720	 73.146	  1.004	 -0.013	  0.002
59	  0.720	 74.396	  1.004	 -0.013	  0.002
60	  0.720	 75.646	  1.004	 -0.013	  0.002
61	  0.720	 76.896	  1.004	 -0.013	  0.002
62	  0.720	 78.146	  1.004	 -0.013	  0.002
63	  0.720	 79.396	  1.004	 -0.013	  0.002
64	  0.720	 80.646	  1.004	 -0.013	  0.002
65	  0.720	 81.896	  1.004	 -0.013	  0.002
66	  0.720	 83.146	  1.004	 -0.013	  0.002
67	  0.720	 84.396	  1.004	 -0.013	  0.002
68	  0.720	 85.646	  1.004	 -0.013	  0.002
69	  0.720	 86.896	  1.004	 -0.013	  0.002
70	  0.720	 88.146	  1.004	 -0.013	  0.002
71	  0.720	 89.396	  1.004	 -0.013	  0.002
72	  0.720	 90.646	  1.004	 -0.013	  0.002
73	  0.720	 91.896	  1.004	 -0.013	  0.002
74	  0.720	 93.146	  1.004	 -0.013	  0.002
75	  0.720	 94.396	  1.004	 -0.013	  0.002
76	  0.720	 95.646	  1.004	 -0.013	  0.002
77	  0.720	 96.896	  1.004	 -0.013	  0.002
78	  0.720	 98.146	  1.004	 -0.013	  0.002
79	  0.720	 99.396	  1.004	 -0.013	  0.002
0	  0.840	  0.650	  1.004	  0.071	  0.002
1	  0.840	  1.900	  1.004	  0.071	  0.002
2	  0.840	  3.150	  1.004	  0.071	  0.002
3	  0.840	  4.400	  1.004	  0.071	  0.002
4	  0.840	  5.650	  1.004	  0.071	  0.002
5	  0.840	  6.900	  1.004	  0.071	  0.002
6	  0.840	  8.150	  1.004	  0.071	  0.002
7	  0.840	  9.400	  1.004	  0.071	  0.002
8	  0.840	 10.650	  1.004	  0.071	  0.002
9	  0.840	 11.900	  1.004	  0.071	  0.002
10	  0.840	 13.150	  1.004	  0.071	  0.002
11	  0.840	 14.400	  1.004	  0.071	  0.002
12	  0.840	 15.650	  1.004	  0.071	  0.002
13	  0.840	 16.900	  1.004	  0.071	  0.002
14	  0.840	 18.150	  1.004	  0.071	  0.002
15	  0.840	 19.400	  1.004	  0.071	  0.002
16	  0.840	 20.650	  1.004	  0.071	  0.002
17	  0.840	 21.900	  1.004	  0.071	  0.002
18	  0.840	 23.150	  1.004	  0.071	  0.002
19	  0.840	 24.400	  1.004	  0.071	  0.002
20	  0.840	 25.650	  1.004	  0.071	  0.002
21	  0.840	 26.900	  1.004	  0.071	  0.002
22	  0.840	 28.150	  1.004	  0.071	  0.002
23	  0.840	 29.400	  1.004	  0.071	  0.002
24	  0.840	 30.650	  1.004	  0.071	  0.002
25	  0.840	 31.900	  1.004	  0.071	  0.002
26	  0.840	 33.150	  1.004	  0.071	  0.002
27	  0.840	 34.400	  1.004	  0.071	  0.002
28	  0.840	 35.650	  1.004	  0.071	  0.002
29	  0.840	 36.900	  1.004	  0.071	  0.002
30	  0.840	 38.150	  1.004	  0.071	  0.002
31	  0.840	 39.400	  1.004	  0.071	  0.002
32	  0.840	 40.650	  1.004	  0.071	  0.002
33	  0.840	 41.900	  1.004	  0.071	  0.002
34	  0.840	 43.150	  1.004	  0.071	  0.002
35	  0.840	 44.400	  1.004	  0.071	  0.002
36	  0.840	 45.650	  1.004	  0.071	  0.002
37	  0.840	 46.900	  1.004	  0.071	  0.002
38	  0.840	 48.150	  1.004	  0.071	  0.002
39	  0.840	 49.400	  1.004	  0.071	  0.002
40	  0.840	 50.650	  1.004	  0.071	  0.002
41	  0.840	 51.900	  1.004	  0.071	  0.002
42	  0.840	 53.150	  1.004	  0.071	  0.002
43	  0.840	 54.400	  1.004	  0.071	  0.002
44	  0.840	 55.650	  1.004	  0.071	  0.002
45	  0.840	 56.900	  1.004	  0.071	  0.002
46	  0.840	 58.150	  1.004	  0.071	  0.002
47	  0.840	 59.400	  1.004	  0.071	  0.002
48	  0.840	 60.650	  1.004	  0.071	  0.002
49	  0.840	 61.900	  1.004	  0.071	  0.002
50	  0.840	 63.150	  1.004	  0.071	  0.002
51	  0.840	 64.400	  1.004	  0.071	  0.002
52	  0.840	 65.650	  1.004	  0.071	  0.002
53	  0.840	 66.900	  1.004	  0.071	  0.002
54	  0.840	 68.150	  1.004	  0.071	  0.002
55	  0.840	 69.400	  1.004	  0.071	  0.002
56	  0.840	 70.650	  1.004	  0.071	  0.002
57	  0.840	 71.900	  1.004	  0.071	  0.002
58	  0.840	 73.150	  1.004	  0.071	  0.002
59	  0.840	 74.400	  1.004	  0.071	  0.002
60	  0.840	 75.650	  1.004	  0.071	  0.002
61	  0.840	 76.900	  1.004	  0.071	  0.002
62	  0.840	 78.150	  1.004	  0.071	  0.002
63	  0.840	 79.400	  1.004	  0.071	  0.002
64	  0.840	 80.650	  1.004	  0.071	  0.002
65	  0.840	 81.900	  1.004	  0.071	  0.002
66	  0.840	 83.150	  1.004	  0.071	  0.002
67	  0.840	 84.400	  1.004	  0.071	  0.002
68	  0.840	 85.650	  1.004	  0.071	  0.002
69	  0.840	 86.900	  1.004	  0.071	  0.002
70	  0.840	 88.150	  1.004	  0.071	  0.002
71	  0.840	 89.400	  1.004	  0.071	  0.002
72	  0.840	 90.650	  1.004	  0.071	  0.002
73	  0.840	 91.900	  1.004	  0.071	  0.002
74	  0.840	 93.150	  1.004	  0.071	  0.002
75	  0.840	 94.400	  1.004	  0.071	  0.002
76	  0.840	 95.650	  1.004	  0.071	  0.002
77	  0.840	 96.900	  1.004	  0.071	  0.002
78	  0.840	 98.150	  1.004	  0.071	  0.002
79	  0.840	 99.400	  1.004	  0.071	  0.002
0	  0.960	  0.654	  1.004	  0.156	  0.001
1	  0.960	  1.904	  1.004	  0.156	  0.001
2	  0.960	  3.154	  1.004	  0.156	  0.001
3	  0.960	  4.404	  1.004	  0.156	  0.001
4	  0.960	  5.654	  1.004	  0.156	  0.001
5	  0.960	  6.904	  1.004	  0.156	  0.001
6	  0.960	  8.154	  1.004	  0.156	  0.001
7	  0.960	  9.404	  1.004	  0.156	  0.001
8	  0.960	 10.654	  1.004	  0.156	  0.001
9	  0.960	 11.904	  1.004	  0.156	  0.001
10	  0.960	 13.154	  1.004	  0.156	  0.001
11	  0.960	 14.404	  1.004	  0.156	  0.001
12	  0.960	 15.654	  1.004	  0.156	  0.001
13	  0.960	 16.904	  1.004	  0.156	  0.001
14	  0.960	 18.154	  1.004	  0.156	  0.001
15	  0.960	 19.404	  1.004	  0.156	  0.001
16	  0.960	 20.654	  1.004	  0.156	  0.001
17	  0.960	 21.904	  1.004	  0.156	  0.001
18	  0.960	 23.154	  1.004	  0.156	  0.001
19	  0.960	 24.404	  1.004	  0.156	  0.001
20	  0.960	 25.654	  1.004	  0.156	  0.001
21	  0.960	 26.904	  1.004	  0.156	  0.001
22	  0.960	 28.154	  1.004	  0.156	  0.001
23	  0.960	 29.404	  1.004	  0.156	  0.001
24	  0.960	 30.654	  1.004	  0.156	  0.001
25	  0.960	 31.904	  1.004	  0.156	  0.001
26	  0.960	 33.154	  1.004	  0.156	  0.001
27	  0.960	 34.404	  1.004	  0.156	  0.001
28	  0.960	 35.654	  1.004	  0.156	  0.001
29	  0.960	 36.904	  1.004	  0.156	  0.001
30	  0.960	 38.154	  1.004	  0.156	  0.001
31	  0.960	 39.404	  1.004	  0.156	  0.001
32	  0.960	 40.654	  1.004	  0.156	  0.001
33	  0.960	 41.904	  1.004	  0.156	  0.001
34	  0.960	 43.154	  1.004	  0.156	  0.001
35	  0.960	 44.404	  1.004	  0.156	  0.001
36	  0.960	 45.654	  1.004	  0.156	  0.001
37	  0.960	 46.904	  1.004	  0.156	  0.001
38	  0.960	 48.154	  1.004	  0.156	  0.001
39	  0.960	 49.404	  1.004	  0.156	  0.001
40	  0.960	 50.654	  1.004	  0.156	  0.001
41	  0.960	 51.904	  1.004	  0.156	  0.001
42	  0.960	 53.154	  1.004	  0.156	  0.001
43	  0.960	 54.404	  1.004	  0.156	  0.001
44	  0.960	 55.654	  1.004	  0.156	  0.001
45	  0.960	 56.904	  1.004	  0.156	  0.001
46	  0.960	 58.154	  1.004	  0.156	  0.001
47	  0.960	 59.404	  1.004	  0.156	  0.001
48	  0.960	 60.654	  1.004	  0.156	  0.001
49	  0.960	 61.904	  1.004	  0.156	  0.001
50	  0.960	 63.154	  1.004	  0.156	  0.001
51	  0.960	 64.404	  1.004	  0.156	  0.001
52	  0.960	 65.654	  1.004	  0.156	  0.001
53	  0.960	 66.904	  1.004	  0.156	  0.001
54	  0.960	 68.154	  1.004	  0.156	  0.001
55	  0.960	 69.404	  1.004	  0.156	  0.001
56	  0.960	 70.654	  1.004	  0.156	  0.001
57	  0.960	 71.904	  1.004	  0.156	  0.001
58	  0.960	 73.154	  1.004	  0.156	  0.001
59	  0.960	 74.404	  1.004	  0.156	  0.001
60	  0.960	 75.654	  1.004	  0.156	  0.001
61	  0.960	 76.904	  1.004	  0.156	  0.001
62	  0.960	 78.154	  1.004	  0.156	  0.001
63	  0.960	 79.404	  1.004	  0.156	  0.001
64	  0.960	 80.654	  1.004	  0.156	  0.001
65	  0.960	 81.904	  1.004	  0.156	  0.001
66	  0.960	 83.154	  1.004	  0.156	  0.001
67	  0.960	 84.404	  1.004	  0.156	  0.001
68	  0.960	 85.654	  1.004	  0.156	  0.001
69	  0.960	 86.904	  1.004	  0.156	  0.001
70	  0.960	 88.154	  1.004	  0.156	  0.001
71	  0.960	 89.404	  1.004	  0.156	  0.001
72	  0.960	 90.654	  1.004	  0.156	  0.001
73	  0.960	 91.904	  1.004	  0.156	  0.001
74	  0.960	 93.154	  1.004	  0.156	  0.001
75	  0.960	 94.404	  1.004	  0.156	  0.001
76	  0.960	 95.654	  1.004	  0.156	  0.001
77	  0.960	 96.904	  1.004	  0.156	  0.001
78	  0.960	 98.154	  1.004	  0.156	  0.001
79	  0.960	 99.404	  1.004	  0.156	  0.001
0	  1.080	  0.657	  1.004	 -0.026	  0.001
1	  1.080	  1.907	  1.004	 -0.026	  0.001
2	  1.080	  3.157	  1.004	 -0.026	  0.001
3	  1.080	  4.407	  1.004	 -0.026	  0.001
4	  1.080	  5.657	  1.004	 -0.026	  0.001
5	  1.080	  6.907	  1.004	 -0.026	  0.001
6	  1.080	  8.157	  1.004	 -0.026	  0.001
7	  1.080	  9.407	  1.004	 -0.026	  0.001
8	  1.080	 10.657	  1.004	 -0.026	  0.001
9	  1.080	 11.907	  1.004	 -0.026	  0.001
10	  1.080	 13.157	  1.004	 -0.026	  0.001
11	  1.080	 14.407	  1.004	 -0.026	  0.001
12	  1.080	 15.657	  1.004	 -0.026	  0.001
13	  1.080	 16.907	  1.004	 -0.026	  0.001
14	  1.080	 18.157	  1.004	 -0.026	  0.001
15	  1.080	 19.407	  1.004	 -0.026	  0.001
16	  1.080	 20.657	  1.004	 -0.026	  0.001
17	  1.080	 21.907	  1.004	 -0.026	  0.001
18	  1.080	 23.157	  1.004	 -0.026	  0.001
19	  1.080	 24.407	  1.004	 -0.026	  0.001
20	  1.080	 25.657	  1.004	 -0.026	  0.001
21	  1.080	 26.907	  1.004	 -0.026	  0.001
22	  1.080	 28.157	  1.004	 -0.026	  0.001
23	  1.080	 29.407	  1.004	 -0.026	  0.001
24	  1.080	 30.657	  1.004	 -0.026	  0.001
25	  1.080	 31.907	  1.004	 -0.026	  0.001
26	  1.080	 33.157	  1.004	 -0.026	  0.001
27	  1.080	 34.407	  1.004	 -0.026	  0.001
28	  1.080	 35.657	  1.004	 -0.026	  0.001
29	  1.080	 36.907	  1.004	 -0.026	  0.001
30	  1.080	 38.157	  1.004	 -0.026	  0.001
31	  1.080	 39.407	  1.004	 -0.026	  0.001
32	  1.080	 40.657	  1.004	 -0.026	  0.001
33	  1.080	 41.907	  1.004	 -0.026	  0.001
34	  1.080	 43.157	  1.004	 -0.026	  0.001
35	  1.080	 44.407	  1.004	 -0.026	  0.001
36	  1.080	 45.657	  1.004	 -0.026	  0.001
37	  1.080	 46.907	  1.004	 -0.026	  0.001
38	  1.080	 48.157	  1.004	 -0.026	  0.001
39	  1.080	 49.407	  1.004	 -0.026	  0.001
40	  1.080	 50.657	  1.004	 -0.026	  0.001
41	  1.080	 51.907	  1.004	 -0.026	  0.001
42	  1.080	 53.157	  1.004	 -0.026	  0.001
43	  1.080	 54.407	  1.004	 -0.026	  0.001
44	  1.080	 55.657	  1.004	 -0.026	  0.001
45	  1.080	 56.907	  1.004	 -0.026	  0.001
46	  1.080	 58.157	  1.004	 -0.026	  0.001
47	  1.080	 59.407	  1.004	 -0.026	  0.001
48	  1.080	 60.657	  1.004	 -0.026	  0.001
49	  1.080	 61.907	  1.004	 -0.026	  0.001
50	  1.080	 63.157	  1.004	 -0.026	  0.001
51	  1.080	 64.407	  1.004	 -0.026	  0.001
52	  1.080	 65.657	  1.004	 -0.026	  0.001
53	  1.080	 66.907	  1.004	 -0.026	  0.001
54	  1.080	 68.157	  1.004	 -0.026	  0.001
55	  1.080	 69.407	  1.004	 -0.026	  0.001
56	  1.080	 70.657	  1.004	 -0.026	  0.001
57	  1.080	 71.907	  1.004	 -0.026	  0.001
58	  1.080	 73.157	  1.004	 -0.026	  0.001
59	  1.080	 74.407	  1.004	 -0.026	  0.001
60	  1.080	 75.657	  1.004	 -0.026	  0.001
61	  1.080	 76.907	  1.004	 -0.026	  0.001
62	  1.080	 78.157	  1.004	 -0.026	  0.001
63	  1.080	 79.407	  1.004	 -0.026	  0.001
64	  1.080	 80.657	  1.004	 -0.026	  0.001
65	  1.080	 81.907	  1.004	 -0.026	  0.001
66	  1.080	 83.157	  1.004	 -0.026	  0.001
67	  1.080	 84.407	  1.004	 -0.026	  0.001
68	  1.080	 85.657	  1.004	 -0.026	  0.001
69	  1.080	 86.907	  1.004	 -0.026	  0.001
70	  1.080	 88.157	  1.004	 -0.026	  0.001
71	  1.080	 89.407	  1.004	 -0.026	  0.001
72	  1.080	 90.657	  1.004	 -0.026	  0.001
73	  1.080	 91.907	  1.004	 -0.026	  0.001
74	  1.080	 93.157	  1.004	 -0.026	  0.001
75	  1.080	 94.407	  1.004	 -0.026	  0.001
76	  1.080	 95.657	  1.004	 -0.026	  0.001
77	  1.080	 96.907	  1.004	 -0.026	  0.001
78	  1.080	 98.157	  1.004	 -0.026	  0.001
79	  1.080	 99.407	  1.004	 -0.026	  0.001
0	  1.200	  0.663	  1.005	  0.055	  0.001
1	  1.200	  1.913	  1.005	  0.056	  0.001
2	  1.200	  3.163	  1.005	  0.055	  0.001
3	  1.200	  4.413	  1.005	  0.055	  0.001
4	  1.200	  5.663	  1.005	  0.055	  0.001
5	  1.200	  6.913	  1.005	  0.055	  0.001
6	  1.200	  8.163	  1.005	  0.056	  0.001
7	  1.200	  9.413	  1.005	  0.055	  0.001
8	  1.200	 10.663	  1.005	  0.055	  0.001
9	  1.200	 11.913	  1.005	  0.055	  0.001
10	  1.200	 13.163	  1.005	  0.055	  0.001
11	  1.200	 14.413	  1.005	  0.055	  0.001
12	  1.200	 15.663	  1.005	  0.056	  0.001
13	  1.200	 16.913	  1.005	  0.055	  0.001
14	  1.200	 18.163	  1.005	  0.056	  0.001
15	  1.200	 19.413	  1.005	  0.055	  0.001
16	  1.200	 20.663	  1.005	  0.055	  0.001
17	  1.200	 21.913	  1.005	  0.055	  0.001
18	  1.200	 23.163	  1.005	  0.055	  0.001
19	  1.200	 24.413	  1.005	  0.055	  0.001
20	  1.200	 25.663	  1.005	  0.055	  0.001
21	  1.200	 26.913	  1.005	  0.055	  0.001
22	  1.200	 28.163	  1.005	  0.055	  0.001
23	  1.200	 29.413	  1.005	  0.055	  0.001
24	  1.200	 30.663	  1.005	  0.055	  0.001
25	  1.200	 31.913	  1.005	  0.055	  0.001
26	  1.200	 33.163	  1.005	  0.055	  0.001
27	  1.200	 34.413	  1.005	  0.055	  0.001
28	  1.200	 35.663	  1.005	  0.055	  0.001
29	  1.200	 36.913	  1.005	  0.055	  0.001
30	  1.200	 38.163	  1.005	  0.055	  0.001
31	  1.200	 39.413	  1.005	  0.055	  0.001
32	  1.200	 40.663	  1.005	  0.055	  0.001
33	  1.200	 41.913	  1.005	  0.055	  0.001
34	  1.200	 43.163	  1.005	  0.055	  0.001
35	  1.200	 44.413	  1.005	  0.055	  0.001
36	  1.200	 45.663	  1.005	  0.055	  0.001
37	  1.200	 46.913	  1.005	  0.055	  0.001
38	  1.200	 48.163	  1.005	  0.055	  0.001
39	  1.200	 49.413	  1.005	  0.055	  0.001
40	  1.200	 50.663	  1.005	  0.055	  0.001
41	  1.200	 51.913	  1.005	  0.055	  0.001
42	  1.200	 53.163	  1.005	  0.055	  0.001
43	  1.200	 54.413	  1.005	  0.055	  0.001
44	  1.200	 55.663	  1.005	  0.055	  0.001
45	  1.200	 56.913	  1.005	  0.055	  0.001
46	  1.200	 58.163	  1.005	  0.055	  0.001
47	  1.200	 59.413	  1.005	  0.055	  0.001
48	  1.200	 60.663	  1.005	  0.055	  0.001
49	  1.200	 61.913	  1.005	  0.055	  0.001
50	  1.200	 63.163	  1.005	  0.055	  0.001
51	  1.200	 64.413	  1.005	  0.055	  0.001
52	  1.200	 65.663	  1.005	  0.055	  0.001
53	  1.200	 66.913	  1.005	  0.055	  0.001
54	  1.200	 68.163	  1.005	  0.055	  0.001
55	  1.200	 69.413	  1.005	  0.055	  0.001
56	  1.200	 70.663	  1.005	  0.055	  0.001
57	  1.200	 71.913	  1.005	  0.055	  0.001
58	  1.200	 73.163	  1.005	  0.055	  0.001
59	  1.200	 74.413	  1.005	  0.055	  0.001
60	  1.200	 75.663	  1.005	  0.055	  0.001
61	  1.200	 76.913	  1.005	  0.055	  0.001
62	  1.200	 78.163	  1.005	  0.055	  0.001
63	  1.200	 79.413	  1.005	  0.055	  0.001
64	  1.200	 80.663	  1.005	  0.055	  0.001
65	  1.200	 81.913	  1.005	  0.055	  0.001
66	  1.200	 83.163	  1.005	  0.055	  0.001
67	  1.200	 84.413	  1.005	  0.055	  0.001
68	  1.200	 85.663	  1.005	  0.055	  0.001
69	  1.200	 86.913	  1.005	  0.055	  0.001
70	  1.200	 88.163	  1.005	  0.055	  0.001
71	  1.200	 89.413	  1.005	  0.055	  0.001
72	  1.200	 90.663	  1.005	  0.055	  0.001
73	  1.200	 91.913	  1.005	  0.055	  0.001
74	  1.200	 93.163	  1.005	  0.055	  0.001
75	  1.200	 94.413	  1.005	  0.055	  0.001
76	  1.200	 95.663	  1.005	  0.055	  0.001
77	  1.200	 96.913	  1.005	  0.055	  0.001
78	  1.200	 98.163	  1.005	  0.055	  0.001
79	  1.200	 99.413	  1.005	  0.056	  0.001
0	  1.320	  0.665	  1.005	  0.143	  0.001
1	  1.320	  1.915	  1.005	  0.144	  0.001
2	  1.320	  3.165	  1.005	  0.143	  0.001
3	  1.320	  4.415	  1.005	  0.144	  0.001
4	  1.320	  5.665	  1.005	  0.144	  0.001
5	  1.320	  6.915	  1.005	  0.143	  0.001
6	  1.320	  8.165	  1.005	  0.144	  0.001
7	  1.320	  9.415	  1.005	  0.143	  0.001
8	  1.320	 10.665	  1.005	  0.144	  0.001
9	  1.320	 11.915	  1.005	  0.144	  0.001
10	  1.320	 13.165	  1.005	  0.144	  0.001
11	  1.320	 14.415	  1.005	  0.143	  0.001
12	  1.320	 15.665	  1.005	  0.144	  0.001
13	  1.320	 16.915	  1.005	  0.143	  0.001
14	  1.320	 18.165	  1.005	  0.144	  0.001
15	  1.320	 19.415	  1.005	  0.143	  0.001
16	  1.320	 20.665	  1.005	  0.144	  0.001
17	  1.320	 21.915	  1.005	  0.144	  0.001
18	  1.320	 23.165	  1.005	  0.144	  0.001
19	  1.320	 24.415	  1.005	  0.144	  0.001
20	  1.320	 25.665	  1.005	  0.144	  0.001
21	  1.320	 26.915	  1.005	  0.144	  0.001
22	  1.320	 28.165	  1.005	  0.144	  0.001
23	  1.320	 29.415	  1.005	  0.144	  0.001
24	  1.320	 30.665	  1.005	  0.144	  0.001
25	  1.320	 31.915	  1.005	  0.144	  0.001
26	  1.320	 33.165	  1.005	  0.144	  0.001
27	  1.320	 34.415	  1.005	  0.144	  0.001
28	  1.320	 35.665	  1.005	  0.144	  0.001
29	  1.320	 36.915	  1.005	  0.144	  0.001
30	  1.320	 38.165	  1.005	  0.144	  0.001
31	  1.320	 39.415	  1.005	  0.144	  0.001
32	  1.320	 40.665	  1.005	  0.144	  0.001
33	  1.320	 41.915	  1.005	  0.144	  0.001
34	  1.320	 43.165	  1.005	  0.144	  0.001
35	  1.320	 44.415	  1.005	  0.144	  0.001
36	  1.320	 45.665	  1.005	  0.144	  0.001
37	  1.320	 46.915	  1.005	  0.144	  0.001
38	  1.320	 48.165	  1.005	  0.144	  0.001
39	  1.320	 49.415	  1.005	  0.144	  0.001
40	  1.320	 50.665	  1.005	  0.144	  0.001
41	  1.320	 51.915	  1.005	  0.144	  0.001
42	  1.320	 53.165	  1.005	  0.144	  0.001
43	  1.320	 54.415	  1.005	  0.144	  0.001
44	  1.320	 55.665	  1.005	  0.144	  0.001
45	  1.320	 56.915	  1.005	  0.144	  0.001
46	  1.320	 58.165	  1.005	  0.144	  0.001
47	  1.320	 59.415	  1.005	  0.144	  0.001
48	  1.320	 60.665	  1.005	  0.144	  0.001
49	  1.320	 61.915	  1.005	  0.144	  0.001
50	  1.320	 63.165	  1.005	  0.144	  0.001
51	  1.320	 64.415	  1.005	  0.144	  0.001
52	  1.320	 65.665	  1.005	  0.144	  0.001
53	  1.320	 66.915	  1.005	  0.144	  0.001
54	  1.320	 68.165	  1.005	  0.144	  0.001
55	  1.320	 69.415	  1.005	  0.144	  0.001
56	  1.320	 70.665	  1.005	  0.144	  0.001
57	  1.320	 71.915	  1.005	  0.144	  0.001
58	  1.320	 73.165	  1.005	  0.144	  0.001
59	  1.320	 74.415	  1.005	  0.144	  0.001
60	  1.320	 75.665	  1.005	  0.144	  0.001
61	  1.320	 76.915	  1.005	  0.144	  0.001
62	  1.320	 78.165	  1.005	  0.144	  0.001
63	  1.320	 79.415	  1.005	  0.144	  0.001
64	  1.320	 80.665	  1.005	  0.144	  0.001
65	  1.320	 81.915	  1.005	  0.144	  0.001
66	  1.320	 83.165	  1.005	  0.144	  0.001
67	  1.320	 84.415	  1.005	  0.144	  0.001
68	  1.320	 85.665	  1.005	  0.144	  0.001
69	  1.320	 86.915	  1.005	  0.144	  0.001
70	  1.320	 88.165	  1.005	  0.144	  0.001
71	  1.320	 89.415	  1.005	  0.144	  0.001
72	  1.320	 90.665	  1.005	  0.144	  0.001
73	  1.320	 91.915	  1.005	  0.144	  0.001
74	  1.320	 93.165	  1.005	  0.144	  0.001
75	  1.320	 94.415	  1.005	  0.144	  0.001
76	  1.320	 95.665	  1.005	  0.144	  0.001
77	  1.320	 96.915	  1.005	  0.144	  0.001
78	  1.320	 98.165	  1.005	  0.143	  0.001
79	  1.320	 99.415	  1.005	  0.144	  0.001
0	  1.440	  0.669	  1.005	 -0.042	  0.001
1	  1.440	  1.919	  1.005	 -0.038	  0.001
2	  1.440	  3.169	  1.005	 -0.042	  0.001
3	  1.440	  4.419	  1.005	 -0.040	  0.001
4	  1.440	  5.669	  1.005	 -0.039	  0.001
5	  1.440	  6.919	  1.005	 -0.042	  0.001
6	  1.440	  8.169	  1.005	 -0.038	  0.001
7	  1.440	  9.419	  1.005	 -0.042	  0.001
8	  1.440	 10.669	  1.005	 -0.039	  0.001
9	  1.440	 11.919	  1.005	 -0.041	  0.001
10	  1.440	 13.169	  1.005	 -0.039	  0.001
11	  1.440	 14.419	  1.005	 -0.041	  0.001
12	  1.440	 15.669	  1.005	 -0.038	  0.001
13	  1.440	 16.919	  1.005	 -0.043	  0.001
14	  1.440	 18.169	  1.005	 -0.038	  0.001
15	  1.440	 19.419	  1.005	 -0.042	  0.001
16	  1.440	 20.669	  1.005	 -0.039	  0.001
17	  1.440	 21.919	  1.005	 -0.041	  0.001
18	  1.440	 23.169	  1.005	 -0.040	  0.001
19	  1.440	 24.419	  1.005	 -0.040	  0.001
20	  1.440	 25.669	  1.005	 -0.040	  0.001
21	  1.440	 26.919	  1.005	 -0.040	  0.001
22	  1.440	 28.169	  1.005	 -0.040	  0.001
23	  1.440	 29.419	  1.005	 -0.040	  0.001
24	  1.440	 30.669	  1.005	 -0.040	  0.001
25	  1.440	 31.919	  1.005	 -0.040	  0.001
26	  1.440	 33.169	  1.005	 -0.040	  0.001
27	  1.440	 34.419	  1.005	 -0.040	  0.001
28	  1.440	 35.669	  1.005	 -0.040	  0.001
29	  1.440	 36.919	  1.005	 -0.040	  0.001
30	  1.440	 38.169	  1.005	 -0.040	  0.001
31	  1.440	 39.419	  1.005	 -0.040	  0.001
32	  1.440	 40.669	  1.005	 -0.040	  0.001
33	  1.440	 41.919	  1.005	 -0.040	  0.001
34	  1.440	 43.169	  1.005	 -0.040	  0.001
35	  1.440	 44.419	  1.005	 -0.040	  0.001
36	  1.440	 45.669	  1.005	 -0.040	  0.001
37	  1.440	 46.919	  1.005	 -0.040	  0.001
38	  1.440	 48.169	  1.005	 -0.040	  0.001
39	  1.440	 49.419	  1.005	 -0.040	  0.001
40	  1.440	 50.669	  1.005	 -0.040	  0.001
41	  1.440	 51.919	  1.005	 -0.040	  0.001
42	  1.440	 53.169	  1.005	 -0.040	  0.001
43	  1.440	 54.419	  1.005	 -0.040	  0.001
44	  1.440	 55.669	  1.005	 -0.040	  0.001
45	  1.440	 56.919	  1.005	 -0.040	  0.001
46	  1.440	 58.169	  1.005	 -0.040	  0.001
47	  1.440	 59.419	  1.005	 -0.040	  0.001
48	  1.440	 60.669	  1.005	 -0.040	  0.001
49	  1.440	 61.919	  1.005	 -0.040	  0.001
50	  1.440	 63.169	  1.005	 -0.040	  0.001
51	  1.440	 64.419	  1.005	 -0.040	  0.001
52	  1.440	 65.669	  1.005	 -0.040	  0.001
53	  1.440	 66.919	  1.005	 -0.040	  0.001
54	  1.440	 68.169	  1.005	 -0.040	  0.001
55	  1.440	 69.419	  1.005	 -0.040	  0.001
56	  1.440	 70.669	  1.005	 -0.040	  0.001
57	  1.440	 71.919	  1.005	 -0.040	  0.001
58	  1.440	 73.169	  1.005	 -0.040	  0.001
59	  1.440	 74.419	  1.005	 -0.040	  0.001
60	  1.440	 75.669	  1.005	 -0.040	  0.001
61	  1.440	 76.919	  1.005	 -0.040	  0.001
62	  1.440	 78.169	  1.005	 -0.040	  0.001
63	  1.440	 79.419	  1.005	 -0.040	  0.001
64	  1.440	 80.669	  1.005	 -0.040	  0.001
65	  1.440	 81.919	  1.005	 -0.040	  0.001
66	  1.440	 83.169	  1.005	 -0.040	  0.001
67	  1.440	 84.419	  1.005	 -0.040	  0.001
68	  1.440	 85.669	  1.005	 -0.040	  0.001
69	  1.440	 86.919	  1.005	 -0.040	  0.001
70	  1.440	 88.169	  1.005	 -0.040	  0.001
71	  1.440	 89.419	  1.005	 -0.040	  0.001
72	  1.440	 90.669	  1.005	 -0.040	  0.001
73	  1.440	 91.919	  1.005	 -0.040	  0.001
74	  1.440	 93.169	  1.005	 -0.040	  0.001
75	  1.440	 94.419	  1.005	 -0.040	  0.001
76	  1.440	 95.669	  1.005	 -0.040	  0.001
77	  1.440	 96.919	  1.005	 -0.040	  0.001
78	  1.440	 98.169	  1.005	 -0.041	  0.001
79	  1.440	 99.419	  1.005	 -0.038	  0.001
0	  1.560	  0.672	  1.005	  0.030	  0.000
1	  1.560	  1.924	  1.005	  0.058	  0.000
2	  1.560	  3.172	  1.005	  0.035	  0.000
3	  1.560	  4.423	  1.005	  0.047	  0.000
4	  1.560	  5.673	  1.005	  0.049	  0.000
5	  1.560	  6.922	  1.005	  0.034	  0.000
6	  1.560	  8.174	  1.005	  0.057	  0.000
7	  1.560	  9.422	  1.005	  0.032	  0.000
8	  1.560	 10.674	  1.005	  0.054	  0.000
9	  1.560	 11.923	  1.005	  0.038	  0.000
10	  1.560	 13.173	  1.005	  0.050	  0.000
11	  1.560	 14.423	  1.005	  0.036	  0.000
12	  1.560	 15.674	  1.005	  0.056	  0.000
13	  1.560	 16.922	  1.005	  0.028	  0.000
14	  1.560	 18.174	  1.005	  0.061	  0.000
15	  1.560	 19.422	  1.005	  0.029	  0.000
16	  1.560	 20.674	  1.005	  0.055	  0.000
17	  1.560	 21.923	  1.005	  0.038	  0.000
18	  1.560	 23.173	  1.005	  0.047	  0.000
19	  1.560	 24.423	  1.005	  0.043	  0.000
20	  1.560	 25.673	  1.005	  0.045	  0.000
21	  1.560	 26.923	  1.005	  0.044	  0.000
22	  1.560	 28.173	  1.005	  0.044	  0.000
23	  1.560	 29.423	  1.005	  0.044	  0.000
24	  1.560	 30.673	  1.005	  0.044	  0.000
25	  1.560	 31.923	  1.005	  0.044	  0.000
26	  1.560	 33.173	  1.005	  0.044	  0.000
27	  1.560	 34.423	  1.005	  0.044	  0.000
28	  1.560	 35.673	  1.005	  0.044	  0.000
29	  1.560	 36.923	  1.005	  0.044	  0.000
30	  1.560	 38.173	  1.005	  0.044	  0.000
31	  1.560	 39.423	  1.005	  0.044	  0.000
32	  1.560	 40.673	  1.005	  0.044	  0.000
33	  1.560	 41.923	  1.005	  0.044	  0.000
34	  1.560	 43.173	  1.005	  0.044	  0.000
35	  1.560	 44.423	  1.005	  0.044	  0.000
36	  1.560	 45.673	  1.005	  0.044	  0.000
37	  1.560	 46.923	  1.005	  0.044	  0.000
38	  1.560	 48.173	  1.005	  0.044	  0.000
39	  1.560	 49.423	  1.005	  0.044	  0.000
40	  1.560	 50.673	  1.005	  0.044	  0.000
41	  1.560	 51.923	  1.005	  0.044	  0.000
42	  1.560	 53.173	  1.005	  0.044	  0.000
43	  1.560	 54.423	  1.005	  0.044	  0.000
44	  1.560	 55.673	  1.005	  0.044	  0.000
45	  1.560	 56.923	  1.005	  0.044	  0.000
46	  1.560	 58.173	  1.005	  0.044	  0.000
47	  1.560	 59.423	  1.005	  0.044	  0.000
48	  1.560	 60.673	  1.005	  0.044	  0.000
49	  1.560	 61.923	  1.005	  0.044	  0.000
50	  1.560	 63.173	  1.005	  0.044	  0.000
51	  1.560	 64.423	  1.005	  0.044	  0.000
52	  1.560	 65.673	  1.005	  0.044	  0.000
53	  1.560	 66.923	  1.005	  0.044	  0.000
54	  1.560	 68.173	  1.005	  0.044	  0.000
55	  1.560	 69.423	  1.005	  0.044	  0.000
56	  1.560	 70.673	  1.005	  0.044	  0.000
57	  1.560	 71.923	  1.005	  0.044	  0.000
58	  1.560	 73.173	  1.005	  0.044	  0.000
59	  1.560	 74.423	  1.005	  0.044	  0.000
60	  1.560	 75.673	  1.005	  0.044	  0.000
61	  1.560	 76.923	  1.005	  0.044	  0.000
62	  1.560	 78.173	  1.005	  0.044	  0.000
63	  1.560	 79.423	  1.005	  0.044	  0.000
64	  1.560	 80.673	  1.005	  0.044	  0.000
65	  1.560	 81.923	  1.005	  0.044	  0.000
66	  1.560	 83.173	  1.005	  0.044	  0.000
67	  1.560	 84.423	  1.005	  0.044	  0.000
68	  1.560	 85.673	  1.005	  0.044	  0.000
69	  1.560	 86.923	  1.005	  0.044	  0.000
70	  1.560	 88.173	  1.005	  0.044	  0.000
71	  1.560	 89.423	  1.005	  0.044	  0.000
72	  1.560	 90.673	  1.005	  0.044	  0.000
73	  1.560	 91.923	  1.005	  0.044	  0.000
74	  1.560	 93.173	  1.005	  0.044	  0.000
75	  1.560	 94.423	  1.005	  0.045	  0.000
76	  1.560	 95.673	  1.005	  0.043	  0.000
77	  1.560	 96.923	  1.005	  0.047	  0.000
78	  1.560	 98.173	  1.005	  0.038	  0.000
79	  1.560	 99.424	  1.005	  0.055	  0.000
0	  1.680	  0.674	  1.005	  0.078	  0.000
1	  1.680	  1.928	  1.005	 -0.086	  0.000
2	  1.680	  3.176	  1.005	  0.105	  0.000
3	  1.680	  4.424	  1.005	  0.131	  0.000
4	  1.680	  5.675	  1.005	  0.143	  0.000
5	  1.680	  6.926	  1.005	  0.104	  0.000
6	  1.680	  8.178	  1.005	 -0.095	  0.000
7	  1.680	  9.425	  1.005	  0.087	  0.000
8	  1.680	 10.677	  1.005	  0.157	  0.000
9	  1.680	 11.927	  1.005	  0.118	  0.000
10	  1.680	 13.175	  1.005	  0.137	  0.000
11	  1.680	 14.427	  1.005	  0.111	  0.000
12	  1.680	 15.678	  1.005	 -0.099	  0.000
13	  1.680	 16.924	  1.005	  0.065	  0.000
14	  1.680	 18.179	  1.005	 -0.064	  0.000
15	  1.680	 19.424	  1.005	  0.067	  0.000
16	  1.680	 20.677	  1.005	 -0.098	  0.000
17	  1.680	 21.927	  1.005	  0.123	  0.000
18	  1.680	 23.174	  1.005	  0.119	  0.000
19	  1.680	 24.426	  1.005	  0.140	  0.000
20	  1.680	 25.676	  1.005	  0.132	  0.000
21	  1.680	 26.926	  1.005	  0.129	  0.000
22	  1.680	 28.176	  1.005	  0.130	  0.000
23	  1.680	 29.426	  1.005	  0.130	  0.000
24	  1.680	 30.676	  1.005	  0.130	  0.000
25	  1.680	 31.926	  1.005	  0.130	  0.000
26	  1.680	 33.176	  1.005	  0.130	  0.000
27	  1.680	 34.426	  1.005	  0.130	  0.000
28	  1.680	 35.676	  1.005	  0.130	  0.000
29	  1.680	 36.926	  1.005	  0.130	  0.000
30	  1.680	 38.176	  1.005	  0.130	  0.000
31	  1.680	 39.426	  1.005	  0.130	  0.000
32	  1.680	 40.676	  1.005	  0.130	  0.000
33	  1.680	 41.926	  1.005	  0.130	  0.000
34	  1.680	 43.176	  1.005	  0.130	  0.000
35	  1.680	 44.426	  1.005	  0.130	  0.000
36	  1.680	 45.676	  1.005	  0.130	  0.000
37	  1.680	 46.926	  1.005	  0.130	  0.000
38	  1.680	 48.176	  1.005	  0.130	  0.000
39	  1.680	 49.426	  1.005	  0.130	  0.000
40	  1.680	 50.676	  1.005	  0.130	  0.000
41	  1.680	 51.926	  1.005	  0.130	  0.000
42	  1.680	 53.176	  1.005	  0.130	  0.000
43	  1.680	 54.426	  1.005	  0.130	  0.000
44	  1.680	 55.676	  1.005	  0.130	  0.000
45	  1.680	 56.926	  1.005	  0.130	  0.000
46	  1.680	 58.176	  1.005	  0.130	  0.000
47	  1.680	 59.426	  1.005	  0.130	  0.000
48	  1.680	 60.676	  1.005	  0.130	  0.000
49	  1.680	 61.926	  1.005	  0.130	  0.000
50	  1.680	 63.176	  1.005	  0.130	  0.000
51	  1.680	 64.426	  1.005	  0.130	  0.000
52	  1.680	 65.676	  1.005	  0.130	  0.000
53	  1.680	 66.926	  1.005	  0.130	  0.000
54	  1.680	 68.176	  1.005	  0.130	  0.000
55	  1.680	 69.426	  1.005	  0.130	  0.000
56	  1.680	 70.676	  1.005	  0.130	  0.000
57	  1.680	 71.926	  1.005	  0.130	  0.000
58	  1.680	 73.176	  1.005	  0.130	  0.000
59	  1.680	 74.426	  1.005	  0.130	  0.000
60	  1.680	 75.676	  1.005	  0.130	  0.000
61	  1.680	 76.926	  1.005	  0.130	  0.000
62	  1.680	 78.176	  1.005	  0.130	  0.000
63	  1.680	 79.426	  1.005	  0.130	  0.000
64	  1.680	 80.676	  1.005	  0.130	  0.000
65	  1.680	 81.926	  1.005	  0.130	  0.000
66	  1.680	 83.176	  1.005	  0.130	  0.000
67	  1.680	 84.426	  1.005	  0.130	  0.000
68	  1.680	 85.676	  1.005	  0.130	  0.000
69	  1.680	 86.926	  1.005	  0.130	  0.000
70	  1.680	 88.176	  1.005	  0.130	  0.000
71	  1.680	 89.426	  1.005	  0.130	  0.000
72	  1.680	 90.676	  1.005	  0.130	  0.000
73	  1.680	 91.926	  1.005	  0.130	  0.000
74	  1.680	 93.176	  1.005	  0.129	  0.000
75	  1.680	 94.426	  1.005	  0.133	  0.000
76	  1.680	 95.676	  1.005	  0.135	  0.000
77	  1.680	 96.924	  1.005	  0.122	  0.000
78	  1.680	 98.177	  1.005	  0.121	  0.000
79	  1.680	 99.427	  1.005	  0.165	  0.000
0	  1.800	  0.678	  1.005	  0.092	  0.000
1	  1.800	  1.932	  1.005	  0.041	  0.000
2	  1.800	  3.181	  1.005	 -0.069	  0.000
3	  1.800	  4.428	  1.005	 -0.103	  0.000
4	  1.800	  5.681	  1.005	 -0.009	  0.000
5	  1.800	  6.928	  1.005	 -0.101	  0.000
6	  1.800	  8.182	  1.005	  0.029	  0.000
7	  1.800	  9.429	  1.005	  0.135	  0.000
8	  1.800	 10.681	  1.005	 -0.001	  0.000
9	  1.800	 11.932	  1.005	 -0.062	  0.000
10	  1.800	 13.180	  1.005	 -0.070	  0.000
11	  1.800	 14.431	  1.005	 -0.065	  0.000
12	  1.800	 15.681	  1.005	  0.011	  0.000
13	  1.800	 16.928	  1.005	  0.076	  0.000
14	  1.800	 18.183	  1.005	  0.114	  0.000
15	  1.800	 19.429	  1.005	  0.092	  0.000
16	  1.800	 20.680	  1.005	 -0.014	  0.000
17	  1.800	 21.932	  1.005	 -0.007	  0.000
18	  1.800	 23.177	  1.005	  0.138	  0.000
19	  1.800	 24.430	  1.005	 -0.014	  0.000
20	  1.800	 25.682	  1.005	 -0.045	  0.000
21	  1.800	 26.931	  1.005	 -0.062	  0.000
22	  1.800	 28.182	  1.005	 -0.054	  0.000
23	  1.800	 29.432	  1.005	 -0.057	  0.000
24	  1.800	 30.682	  1.005	 -0.056	  0.000
25	  1.800	 31.932	  1.005	 -0.056	  0.000
26	  1.800	 33.182	  1.005	 -0.056	  0.000
27	  1.800	 34.432	  1.005	 -0.056	  0.000
28	  1.800	 35.682	  1.005	 -0.056	  0.000
29	  1.800	 36.932	  1.005	 -0.056	  0.000
30	  1.800	 38.182	  1.005	 -0.056	  0.000
31	  1.800	 39.432	  1.005	 -0.056	  0.000
32	  1.800	 40.682	  1.005	 -0.056	  0.000
33	  1.800	 41.932	  1.005	 -0.056	  0.000
34	  1.800	 43.182	  1.005	 -0.056	  0.000
35	  1.800	 44.432	  1.005	 -0.056	  0.000
36	  1.800	 45.682	  1.005	 -0.056	  0.000
37	  1.800	 46.932	  1.005	 -0.056	  0.000
38	  1.800	 48.182	  1.005	 -0.056	  0.000
39	  1.800	 49.432	  1.005	 -0.056	  0.000
40	  1.800	 50.682	  1.005	 -0.056	  0.000
41	  1.800	 51.932	  1.005	 -0.056	  0.000
42	  1.800	 53.182	  1.005	 -0.056	  0.000
43	  1.800	 54.432	  1.005	 -0.056	  0.000
44	  1.800	 55.682	  1.005	 -0.056	  0.000
45	  1.800	 56.932	  1.005	 -0.056	  0.000
46	  1.800	 58.182	  1.005	 -0.056	  0.000
47	  1.800	 59.432	  1.005	 -0.056	  0.000
48	  1.800	 60.682	  1.005	 -0.056	  0.000
49	  1.800	 61.932	  1.005	 -0.056	  0.000
50	  1.800	 63.182	  1.005	 -0.056	  0.000
51	  1.800	 64.432	  1.005	 -0.056	  0.000
52	  1.800	 65.682	  1.005	 -0.056	  0.000
53	  1.800	 66.932	  1.005	 -0.056	  0.000
54	  1.800	 68.182	  1.005	 -0.056	  0.000
55	  1.800	 69.432	  1.005	 -0.056	  0.000
56	  1.800	 70.682	  1.005	 -0.056	  0.000
57	  1.800	 71.932	  1.005	 -0.056	  0.000
58	  1.800	 73.182	  1.005	 -0.056	  0.000
59	  1.800	 74.432	  1.005	 -0.056	  0.000
60	  1.800	 75.682	  1.005	 -0.056	  0.000
61	  1.800	 76.932	  1.005	 -0.056	  0.000
62	  1.800	 78.182	  1.005	 -0.056	  0.000
63	  1.800	 79.432	  1.005	 -0.056	  0.000
64	  1.800	 80.682	  1.005	 -0.056	  0.000
65	  1.800	 81.932	  1.005	 -0.056	  0.000
66	  1.800	 83.182	  1.005	 -0.056	  0.000
67	  1.800	 84.432	  1.005	 -0.056	  0.000
68	  1.800	 85.682	  1.005	 -0.056	  0.000
69	  1.800	 86.932	  1.005	 -0.056	  0.000
70	  1.800	 88.182	  1.005	 -0.056	  0.000
71	  1.800	 89.432	  1.005	 -0.056	  0.000
72	  1.800	 90.682	  1.005	 -0.056	  0.000
73	  1.800	 91.932	  1.005	 -0.054	  0.000
74	  1.800	 93.181	  1.005	 -0.062	  0.000
75	  1.800	 94.432	  1.005	 -0.046	  0.000
76	  1.800	 95.680	  1.005	 -0.033	  0.000
77	  1.800	 96.926	  1.005	  0.142	  0.000
78	  1.800	 98.181	  1.005	 -0.017	  0.000
79	  1.800	 99.433	  1.005	  0.017	  0.000
0	  1.920	  0.680	  1.005	  0.105	  0.000
1	  1.920	  1.934	  1.005	  0.155	  0.000
2	  1.920	  3.187	  1.005	  0.068	  0.000
3	  1.920	  4.430	  1.005	  0.151	  0.000
4	  1.920	  5.685	  1.005	  0.168	  0.000
5	  1.920	  6.931	  1.005	 -0.105	  0.000
6	  1.920	  8.185	  1.005	 -0.075	  0.000
7	  1.920	  9.431	  1.005	  0.155	  0.000
8	  1.920	 10.687	  1.005	  0.130	  0.000
9	  1.920	 11.936	  1.005	  0.026	  0.000
10	  1.920	 13.185	  1.005	 -0.009	  0.000
11	  1.920	 14.435	  1.005	  0.025	  0.000
12	  1.920	 15.685	  1.005	  0.118	  0.000
13	  1.920	 16.931	  1.005	  0.077	  0.000
14	  1.920	 18.190	  1.005	  0.043	  0.000
15	  1.920	 19.432	  1.005	  0.114	  0.000
16	  1.920	 20.683	  1.005	  0.065	  0.000
17	  1.920	 21.936	  1.005	  0.154	  0.000
18	  1.920	 23.179	  1.005	  0.128	  0.000
19	  1.920	 24.434	  1.005	  0.095	  0.000
20	  1.920	 25.687	  1.005	  0.058	  0.000
21	  1.920	 26.935	  1.005	  0.020	  0.000
22	  1.920	 28.184	  1.005	  0.028	  0.000
23	  1.920	 29.434	  1.005	  0.027	  0.000
24	  1.920	 30.684	  1.005	  0.033	  0.000
25	  1.920	 31.934	  1.005	  0.032	  0.000
26	  1.920	 33.184	  1.005	  0.032	  0.000
27	  1.920	 34.434	  1.005	  0.032	  0.000
28	  1.920	 35.684	  1.005	  0.032	  0.000
29	  1.920	 36.934	  1.005	  0.032	  0.000
30	  1.920	 38.184	  1.005	  0.032	  0.000
31	  1.920	 39.434	  1.005	  0.032	  0.000
32	  1.920	 40.684	  1.005	  0.032	  0.000
33	  1.920	 41.934	  1.005	  0.032	  0.000
34	  1.920	 43.184	  1.005	  0.032	  0.000
35	  1.920	 44.434	  1.005	  0.032	  0.000
36	  1.920	 45.684	  1.005	  0.032	  0.000
37	  1.920	 46.934	  1.005	  0.032	  0.000
38	  1.920	 48.184	  1.005	  0.032	  0.000
39	  1.920	 49.434	  1.005	  0.032	  0.000
40	  1.920	 50.684	  1.005	  0.032	  0.000
41	  1.920	 51.934	  1.005	  0.032	  0.000
42	  1.920	 53.184	  1.005	  0.032	  0.000
43	  1.920	 54.434	  1.005	  0.032	  0.000
44	  1.920	 55.684	  1.005	  0.032	  0.000
45	  1.920	 56.934	  1.005	  0.032	  0.000
46	  1.920	 58.184	  1.005	  0.032	  0.000
47	  1.920	 59.434	  1.005	  0.032	  0.000
48	  1.920	 60.684	  1.005	  0.032	  0.000
49	  1.920	 61.934	  1.005	  0.032	  0.000
50	  1.920	 63.184	  1.005	  0.032	  0.000
51	  1.920	 64.434	  1.005	  0.032	  0.000
52	  1.920	 65.684	  1.005	  0.032	  0.000
53	  1.920	 66.934	  1.005	  0.032	  0.000
54	  1.920	 68.184	  1.005	  0.032	  0.000
55	  1.920	 69.434	  1.005	  0.032	  0.000
56	  1.920	 70.684	  1.005	  0.032	  0.000
57	  1.920	 71.934	  1.005	  0.032	  0.000
58	  1.920	 73.184	  1.005	  0.032	  0.000
59	  1.920	 74.434	  1.005	  0.032	  0.000
60	  1.920	 75.684	  1.005	  0.032	  0.000
61	  1.920	 76.934	  1.005	  0.032	  0.000
62	  1.920	 78.184	  1.005	  0.032	  0.000
63	  1.920	 79.434	  1.005	  0.032	  0.000
64	  1.920	 80.684	  1.005	  0.032	  0.000
65	  1.920	 81.934	  1.005	  0.032	  0.000
66	  1.920	 83.184	  1.005	  0.032	  0.000
67	  1.920	 84.434	  1.005	  0.032	  0.000
68	  1.920	 85.684	  1.005	  0.032	  0.000
69	  1.920	 86.934	  1.005	  0.032	  0.000
70	  1.920	 88.184	  1.005	  0.032	  0.000
71	  1.920	 89.434	  1.005	  0.033	  0.000
72	  1.920	 90.684	  1.005	  0.029	  0.000
73	  1.920	 91.934	  1.005	  0.032	  0.000
74	  1.920	 93.185	  1.005	  0.024	  0.000
75	  1.920	 94.435	  1.005	  0.068	  0.000
76	  1.920	 95.683	  1.005	  0.072	  0.000
77	  1.920	 96.928	  1.005	  0.135	  0.000
78	  1.920	 98.185	  1.005	  0.116	  0.000
79	  1.920	 99.436	  1.005	  0.155	  0.000
0	  2.040	  0.682	  1.005	  0.085	  0.000
1	  2.040	  1.939	  1.005	  0.006	  0.000
2	  2.040	  3.192	  1.005	 -0.034	  0.000
3	  2.040	  4.433	  1.005	  0.097	  0.000
4	  2.040	  5.691	  1.005	  0.126	  0.000
5	  2.040	  6.930	  1.005	  0.097	  0.000
6	  2.040	  8.191	  1.005	  0.128	  0.000
7	  2.040	  9.436	  1.005	  0.153	  0.000
8	  2.040	 10.691	  1.005	  0.017	  0.000
9	  2.040	 11.939	  1.005	  0.100	  0.000
10	  2.040	 13.187	  1.005	  0.072	  0.000
11	  2.040	 14.438	  1.005	  0.105	  0.000
12	  2.040	 15.688	  1.005	 -0.029	  0.000
13	  2.040	 16.934	  1.005	  0.032	  0.000
14	  2.040	 18.194	  1.005	  0.032	  0.000
15	  2.040	 19.435	  1.005	  0.110	  0.000
16	  2.040	 20.686	  1.005	  0.132	  0.000
17	  2.040	 21.941	  1.005	  0.065	  0.000
18	  2.040	 23.181	  1.005	  0.063	  0.000
19	  2.040	 24.440	  1.005	 -0.004	  0.000
20	  2.040	 25.691	  1.005	 -0.087	  0.000
21	  2.040	 26.937	  1.005	  0.075	  0.000
22	  2.040	 28.188	  1.005	  0.115	  0.000
23	  2.040	 29.437	  1.005	  0.103	  0.000
24	  2.040	 30.686	  1.005	  0.124	  0.000
25	  2.040	 31.938	  1.005	  0.116	  0.000
26	  2.040	 33.188	  1.005	  0.116	  0.000
27	  2.040	 34.438	  1.005	  0.115	  0.000
28	  2.040	 35.688	  1.005	  0.115	  0.000
29	  2.040	 36.938	  1.005	  0.115	  0.000
30	  2.040	 38.188	  1.005	  0.115	  0.000
31	  2.040	 39.438	  1.005	  0.115	  0.000
32	  2.040	 40.688	  1.005	  0.115	  0.000
33	  2.040	 41.938	  1.005	  0.115	  0.000
34	  2.040	 43.188	  1.005	  0.115	  0.000
35	  2.040	 44.438	  1.005	  0.115	  0.000
36	  2.040	 45.688	  1.005	  0.115	  0.000
37	  2.040	 46.938	  1.005	  0.115	  0.000
38	  2.040	 48.188	  1.005	  0.115	  0.000
39	  2.040	 49.438	  1.005	  0.115	  0.000
40	  2.040	 50.688	  1.005	  0.115	  0.000
41	  2.040	 51.938	  1.005	  0.115	  0.000
42	  2.040	 53.188	  1.005	  0.115	  0.000
43	  2.040	 54.438	  1.005	  0.115	  0.000
44	  2.040	 55.688	  1.005	  0.115	  0.000
45	  2.040	 56.938	  1.005	  0.115	  0.000
46	  2.040	 58.188	  1.005	  0.115	  0.000
47	  2.040	 59.438	  1.005	  0.115	  0.000
48	  2.040	 60.688	  1.005	  0.115	  0.000
49	  2.040	 61.938	  1.005	  0.115	  0.000
50	  2.040	 63.188	  1.005	  0.115	  0.000
51	  2.040	 64.438	  1.005	  0.115	  0.000
52	  2.040	 65.688	  1.005	  0.115	  0.000
53	  2.040	 66.938	  1.005	  0.115	  0.000
54	  2.040	 68.188	  1.005	  0.115	  0.000
55	  2.040	 69.438	  1.005	  0.115	  0.000
56	  2.040	 70.688	  1.005	  0.115	  0.000
57	  2.040	 71.938	  1.005	  0.115	  0.000
58	  2.040	 73.188	  1.005	  0.115	  0.000
59	  2.040	 74.438	  1.005	  0.115	  0.000
60	  2.040	 75.688	  1.005	  0.115	  0.000
61	  2.040	 76.938	  1.005	  0.115	  0.000
62	  2.040	 78.188	  1.005	  0.115	  0.000
63	  2.040	 79.438	  1.005	  0.115	  0.000
64	  2.040	 80.688	  1.005	  0.115	  0.000
65	  2.040	 81.938	  1.005	  0.115	  0.000
66	  2.040	 83.188	  1.005	  0.115	  0.000
67	  2.040	 84.438	  1.005	  0.115	  0.000
68	  2.040	 85.688	  1.005	  0.115	  0.000
69	  2.040	 86.938	  1.005	  0.116	  0.000
70	  2.040	 88.188	  1.005	  0.118	  0.000
71	  2.040	 89.436	  1.005	  0.119	  0.000
72	  2.040	 90.687	  1.005	  0.108	  0.000
73	  2.040	 91.936	  1.005	  0.119	  0.000
74	  2.040	 93.189	  1.005	  0.116	  0.000
75	  2.040	 94.439	  1.005	  0.165	  0.000
76	  2.040	 95.687	  1.005	 -0.102	  0.000
77	  2.040	 96.931	  1.005	  0.106	  0.000
78	  2.040	 98.190	  1.005	  0.011	  0.000
79	  2.040	 99.442	  1.005	  0.032	  0.000
0	  2.160	  0.688	  1.005	  0.019	  0.000
1	  2.160	  1.942	  1.005	  0.118	  0.000
2	  2.160	  3.196	  1.005	 -0.085	  0.000
3	  2.160	  4.434	  1.005	 -0.026	  0.000
4	  2.160	  5.695	  1.005	  0.137	  0.000
5	  2.160	  6.933	  1.005	 -0.040	  0.000
6	  2.160	  8.195	  1.005	  0.122	  0.000
7	  2.160	  9.438	  1.005	  0.134	  0.000
8	  2.160	 10.694	  1.005	 -0.094	  0.000
9	  2.160	 11.944	  1.005	 -0.078	  0.000
10	  2.160	 13.188	  1.005	  0.116	  0.000
11	  2.160	 14.441	  1.005	 -0.074	  0.000
12	  2.160	 15.692	  1.005	  0.107	  0.000
13	  2.160	 16.937	  1.005	 -0.018	  0.000
14	  2.160	 18.198	  1.005	  0.036	  0.000
15	  2.160	 19.437	  1.005	  0.096	  0.000
16	  2.160	 20.689	  1.005	 -0.086	  0.000
17	  2.160	 21.946	  1.005	  0.023	  0.000
18	  2.160	 23.184	  1.005	 -0.052	  0.000
19	  2.160	 24.445	  1.005	 -0.067	  0.000
20	  2.160	 25.695	  1.005	  0.034	  0.000
21	  2.160	 26.940	  1.005	  0.093	  0.000
22	  2.160	 28.193	  1.005	 -0.052	  0.000
23	  2.160	 29.442	  1.005	 -0.072	  0.000
24	  2.160	 30.690	  1.005	 -0.097	  0.000
25	  2.160	 31.944	  1.005	 -0.039	  0.000
26	  2.160	 33.192	  1.005	 -0.070	  0.000
27	  2.160	 34.442	  1.005	 -0.069	  0.000
28	  2.160	 35.692	  1.005	 -0.067	  0.000
29	  2.160	 36.942	  1.005	 -0.068	  0.000
30	  2.160	 38.192	  1.005	 -0.068	  0.000
31	  2.160	 39.442	  1.005	 -0.068	  0.000
32	  2.160	 40.692	  1.005	 -0.068	  0.000
33	  2.160	 41.942	  1.005	 -0.068	  0.000
34	  2.160	 43.192	  1.005	 -0.068	  0.000
35	  2.160	 44.442	  1.005	 -0.068	  0.000
36	  2.160	 45.692	  1.005	 -0.068	  0.000
37	  2.160	 46.942	  1.005	 -0.068	  0.000
38	  2.160	 48.192	  1.005	 -0.068	  0.000
39	  2.160	 49.442	  1.005	 -0.068	  0.000
40	  2.160	 50.692	  1.005	 -0.068	  0.000
41	  2.160	 51.942	  1.005	 -0.068	  0.000
42	  2.160	 53.192	  1.005	 -0.068	  0.000
43	  2.160	 54.442	  1.005	 -0.068	  0.000
44	  2.160	 55.692	  1.005	 -0.068	  0.000
45	  2.160	 56.942	  1.005	 -0.068	  0.000
46	  2.160	 58.192	  1.005	 -0.068	  0.000
47	  2.160	 59.442	  1.005	 -0.068	  0.000
48	  2.160	 60.692	  1.005	 -0.068	  0.000
49	  2.160	 61.942	  1.005	 -0.068	  0.000
50	  2.160	 63.192	  1.005	 -0.068	  0.000
51	  2.160	 64.442	  1.005	 -0.068	  0.000
52	  2.160	 65.692	  1.005	 -0.068	  0.000
53	  2.160	 66.942	  1.005	 -0.068	  0.000
54	  2.160	 68.192	  1.005	 -0.068	  0.000
55	  2.160	 69.442	  1.005	 -0.068	  0.000
56	  2.160	 70.692	  1.005	 -0.068	  0.000
57	  2.160	 71.942	  1.005	 -0.068	  0.000
58	  2.160	 73.192	  1.005	 -0.068	  0.000
59	  2.160	 74.442	  1.005	 -0.068	  0.000
60	  2.160	 75.692	  1.005	 -0.068	  0.000
61	  2.160	 76.942	  1.005	 -0.068	  0.000
62	  2.160	 78.192	  1.005	 -0.068	  0.000
63	  2.160	 79.442	  1.005	 -0.068	  0.000
64	  2.160	 80.692	  1.005	 -0.068	  0.000
65	  2.160	 81.942	  1.005	 -0.068	  0.000
66	  2.160	 83.192	  1.005	 -0.068	  0.000
67	  2.160	 84.442	  1.005	 -0.068	  0.000
68	  2.160	 85.692	  1.005	 -0.068	  0.000
69	  2.160	 86.942	  1.005	 -0.068	  0.000
70	  2.160	 88.193	  1.005	 -0.044	  0.000
71	  2.160	 89.438	  1.005	 -0.111	  0.000
72	  2.160	 90.692	  1.005	 -0.047	  0.000
73	  2.160	 91.939	  1.005	 -0.097	  0.000
74	  2.160	 93.192	  1.005	 -0.037	  0.000
75	  2.160	 94.445	  1.005	  0.018	  0.000
76	  2.160	 95.690	  1.005	 -0.018	  0.000
77	  2.160	 96.935	  1.005	  0.065	  0.000
78	  2.160	 98.194	  1.005	 -0.077	  0.000
79	  2.160	 99.446	  1.005	 -0.073	  0.000
0	  2.280	  0.688	  1.005	 -0.057	  0.000
1	  2.280	  1.946	  1.005	 -0.011	  0.000
2	  2.280	  3.203	  1.005	  0.170	  0.000
3	  2.280	  4.435	  1.005	  0.067	  0.000
4	  2.280	  5.703	  1.005	 -0.069	  0.000
5	  2.280	  6.934	  1.005	  0.050	  0.000
6	  2.280	  8.200	  1.005	  0.147	  0.000
7	  2.280	  9.440	  1.005	  0.090	  0.000
8	  2.280	 10.698	  1.005	  0.049	  0.000
9	  2.280	 11.949	  1.005	  0.060	  0.000
10	  2.280	 13.190	  1.005	  0.114	  0.000
11	  2.280	 14.444	  1.005	  0.021	  0.000
12	  2.280	 15.696	  1.005	 -0.002	  0.000
13	  2.280	 16.940	  1.005	 -0.099	  0.000
14	  2.280	 18.204	  1.005	  0.071	  0.000
15	  2.280	 19.439	  1.005	  0.050	  0.000
16	  2.280	 20.690	  1.005	 -0.049	  0.000
17	  2.280	 21.948	  1.005	  0.017	  0.000
18	  2.280	 23.185	  1.005	  0.077	  0.000
19	  2.280	 24.450	  1.005	  0.139	  0.000
20	  2.280	 25.699	  1.005	  0.157	  0.000
21	  2.280	 26.943	  1.005	  0.112	  0.000
22	  2.280	 28.197	  1.005	  0.052	  0.000
23	  2.280	 29.447	  1.005	  0.046	  0.000
24	  2.280	 30.693	  1.005	 -0.084	  0.000
25	  2.280	 31.946	  1.005	  0.104	  0.000
26	  2.280	 33.197	  1.005	  0.011	  0.000
27	  2.280	 34.445	  1.005	  0.007	  0.000
28	  2.280	 35.696	  1.005	  0.021	  0.000
29	  2.280	 36.946	  1.005	  0.017	  0.000
30	  2.280	 38.196	  1.005	  0.018	  0.000
31	  2.280	 39.446	  1.005	  0.018	  0.000
32	  2.280	 40.696	  1.005	  0.018	  0.000
33	  2.280	 41.946	  1.005	  0.018	  0.000
34	  2.280	 43.196	  1.005	  0.018	  0.000
35	  2.280	 44.446	  1.005	  0.018	  0.000
36	  2.280	 45.696	  1.005	  0.018	  0.000
37	  2.280	 46.946	  1.005	  0.018	  0.000
38	  2.280	 48.196	  1.005	  0.018	  0.000
39	  2.280	 49.446	  1.005	  0.018	  0.000
40	  2.280	 50.696	  1.005	  0.018	  0.000
41	  2.280	 51.946	  1.005	  0.018	  0.000
42	  2.280	 53.196	  1.005	  0.018	  0.000
43	  2.280	 54.446	  1.005	  0.018	  0.000
44	  2.280	 55.696	  1.005	  0.018	  0.000
45	  2.280	 56.946	  1.005	  0.018	  0.000
46	  2.280	 58.196	  1.005	  0.018	  0.000
47	  2.280	 59.446	  1.005	  0.018	  0.000
48	  2.280	 60.696	  1.005	  0.018	  0.000
49	  2.280	 61.946	  1.005	  0.018	  0.000
50	  2.280	 63.196	  1.005	  0.018	  0.000
51	  2.280	 64.446	  1.005	  0.018	  0.000
52	  2.280	 65.696	  1.005	  0.018	  0.000
53	  2.280	 66.946	  1.005	  0.018	  0.000
54	  2.280	 68.196	  1.005	  0.018	  0.000
55	  2.280	 69.446	  1.005	  0.018	  0.000
56	  2.280	 70.696	  1.005	  0.018	  0.000
57	  2.280	 71.946	  1.005	  0.018	  0.000
58	  2.280	 73.196	  1.005	  0.018	  0.000
59	  2.280	 74.446	  1.005	  0.018	  0.000
60	  2.280	 75.696	  1.005	  0.018	  0.000
61	  2.280	 76.946	  1.005	  0.018	  0.000
62	  2.280	 78.196	  1.005	  0.018	  0.000
63	  2.280	 79.446	  1.005	  0.018	  0.000
64	  2.280	 80.696	  1.005	  0.018	  0.000
65	  2.280	 81.946	  1.005	  0.018	  0.000
66	  2.280	 83.196	  1.005	  0.018	  0.000
67	  2.280	 84.446	  1.005	  0.019	  0.000
68	  2.280	 85.695	  1.005	  0.014	  0.000
69	  2.280	 86.947	  1.005	  0.010	  0.000
70	  2.280	 88.198	  1.005	  0.120	  0.000
71	  2.280	 89.438	  1.005	  0.114	  0.000
72	  2.280	 90.697	  1.005	  0.137	  0.000
73	  2.280	 91.941	  1.005	 -0.098	  0.000
74	  2.280	 93.194	  1.005	  0.071	  0.000
75	  2.280	 94.449	  1.005	 -0.095	  0.000
76	  2.280	 95.694	  1.005	  0.073	  0.000
77	  2.280	 96.939	  1.005	  0.003	  0.000
78	  2.280	 98.198	  1.005	  0.108	  0.000
79	  2.280	 99.448	  1.005	  0.102	  0.000
0	  2.400	  0.688	  1.005	  0.066	  0.000
1	  2.400	  1.951	  1.005	  0.107	  0.000
2	  2.400	  3.213	  1.005	 -0.021	  0.000
3	  2.400	  4.432	  1.005	 -0.019	  0.000
4	  2.400	  5.708	  1.005	  0.161	  0.000
5	  2.400	  6.929	  1.005	 -0.023	  0.000
6	  2.400	  8.208	  1.005	  0.023	  0.000
7	  2.400	  9.444	  1.005	 -0.029	  0.000
8	  2.400	 10.703	  1.005	 -0.046	  0.000
9	  2.400	 11.952	  1.005	 -0.064	  0.000
10	  2.400	 13.195	  1.005	  0.090	  0.000
11	  2.400	 14.447	  1.005	  0.096	  0.000
12	  2.400	 15.703	  1.005	 -0.067	  0.000
13	  2.400	 16.943	  1.005	  0.003	  0.000
14	  2.400	 18.210	  1.005	 -0.072	  0.000
15	  2.400	 19.440	  1.005	 -0.087	  0.000
16	  2.400	 20.696	  1.005	  0.005	  0.000
17	  2.400	 21.950	  1.005	  0.007	  0.000
18	  2.400	 23.191	  1.005	 -0.108	  0.000
19	  2.400	 24.457	  1.005	  0.165	  0.000
20	  2.400	 25.703	  1.005	 -0.014	  0.000
21	  2.400	 26.945	  1.005	  0.097	  0.000
22	  2.400	 28.201	  1.005	 -0.086	  0.000
23	  2.400	 29.450	  1.005	  0.167	  0.000
24	  2.400	 30.696	  1.005	 -0.079	  0.000
25	  2.400	 31.948	  1.005	 -0.033	  0.000
26	  2.400	 33.199	  1.005	  0.140	  0.000
27	  2.400	 34.447	  1.005	  0.043	  0.000
28	  2.400	 35.697	  1.005	  0.130	  0.000
29	  2.400	 36.948	  1.005	  0.100	  0.000
30	  2.400	 38.199	  1.005	  0.106	  0.000
31	  2.400	 39.449	  1.005	  0.104	  0.000
32	  2.400	 40.699	  1.005	  0.105	  0.000
33	  2.400	 41.949	  1.005	  0.105	  0.000
34	  2.400	 43.199	  1.005	  0.105	  0.000
35	  2.400	 44.449	  1.005	  0.105	  0.000
36	  2.400	 45.699	  1.005	  0.105	  0.000
37	  2.400	 46.949	  1.005	  0.105	  0.000
38	  2.400	 48.199	  1.005	  0.105	  0.000
39	  2.400	 49.449	  1.005	  0.105	  0.000
40	  2.400	 50.699	  1.005	  0.105	  0.000
41	  2.400	 51.949	  1.005	  0.105	  0.000
42	  2.400	 53.199	  1.005	  0.105	  0.000
43	  2.400	 54.449	  1.005	  0.105	  0.000
44	  2.400	 55.699	  1.005	  0.105	  0.000
45	  2.400	 56.949	  1.005	  0.105	  0.000
46	  2.400	 58.199	  1.005	  0.105	  0.000
47	  2.400	 59.449	  1.005	  0.105	  0.000
48	  2.400	 60.699	  1.005	  0.105	  0.000
49	  2.400	 61.949	  1.005	  0.105	  0.000
50	  2.400	 63.199	  1.005	  0.105	  0.000
51	  2.400	 64.449	  1.005	  0.105	  0.000
52	  2.400	 65.699	  1.005	  0.105	  0.000
53	  2.400	 66.949	  1.005	  0.105	  0.000
54	  2.400	 68.199	  1.005	  0.105	  0.000
55	  2.400	 69.449	  1.005	  0.105	  0.000
56	  2.400	 70.699	  1.005	  0.105	  0.000
57	  2.400	 71.949	  1.005	  0.105	  0.000
58	  2.400	 73.199	  1.005	  0.105	  0.000
59	  2.400	 74.449	  1.005	  0.105	  0.000
60	  2.400	 75.699	  1.005	  0.105	  0.000
61	  2.400	 76.949	  1.005	  0.105	  0.000
62	  2.400	 78.199	  1.005	  0.105	  0.000
63	  2.400	 79.449	  1.005	  0.105	  0.000
64	  2.400	 80.699	  1.005	  0.104	  0.000
65	  2.400	 81.949	  1.005	  0.105	  0.000
66	  2.400	 83.198	  1.005	  0.103	  0.000
67	  2.400	 84.449	  1.005	  0.113	  0.000
68	  2.400	 85.697	  1.005	  0.076	  0.000
69	  2.400	 86.950	  1.005	  0.107	  0.000
70	  2.400	 88.204	  1.005	  0.036	  0.000
71	  2.400	 89.442	  1.005	 -0.006	  0.000
72	  2.400	 90.701	  1.005	  0.130	  0.000
73	  2.400	 91.941	  1.005	  0.117	  0.000
74	  2.400	 93.200	  1.005	 -0.062	  0.000
75	  2.400	 94.453	  1.005	  0.063	  0.000
76	  2.400	 95.697	  1.005	  0.171	  0.000
77	  2.400	 96.938	  1.005	 -0.089	  0.000
78	  2.400	 98.201	  1.005	  0.054	  0.000
79	  2.400	 99.456	  1.005	  0.040	  0.000
0	  2.520	  0.689	  1.005	  0.082	  0.000
1	  2.520	  1.955	  1.005	  0.006	  0.000
2	  2.520	  3.221	  1.005	 -0.066	  0.000
3	  2.520	  4.428	  1.005	 -0.067	  0.000
4	  2.520	  5.719	  1.005	  0.002	  0.000
5	  2.520	  6.926	  1.005	 -0.046	  0.000
6	  2.520	  8.214	  1.005	  0.043	  0.000
7	  2.520	  9.443	  1.005	  0.063	  0.000
8	  2.520	 10.707	  1.005	  0.158	  0.000
9	  2.520	 11.956	  1.005	  0.058	  0.000
10	  2.520	 13.198	  1.005	  0.076	  0.000
11	  2.520	 14.451	  1.005	 -0.079	  0.000
12	  2.520	 15.706	  1.005	  0.181	  0.000
13	  2.520	 16.939	  1.005	  0.037	  0.000
14	  2.520	 18.216	  1.005	  0.177	  0.000
15	  2.520	 19.442	  1.005	 -0.051	  0.000
16	  2.520	 20.698	  1.005	  0.101	  0.000
17	  2.520	 21.958	  1.005	 -0.002	  0.000
18	  2.520	 23.189	  1.005	 -0.086	  0.000
19	  2.520	 24.464	  1.005	  0.013	  0.000
20	  2.520	 25.708	  1.005	  0.088	  0.000
21	  2.520	 26.948	  1.005	  0.044	  0.000
22	  2.520	 28.204	  1.005	  0.039	  0.000
23	  2.520	 29.456	  1.005	  0.040	  0.000
24	  2.520	 30.698	  1.005	 -0.101	  0.000
25	  2.520	 31.952	  1.005	  0.095	  0.000
26	  2.520	 33.202	  1.005	 -0.022	  0.000
27	  2.520	 34.451	  1.005	  0.101	  0.000
28	  2.520	 35.703	  1.005	 -0.062	  0.000
29	  2.520	 36.954	  1.005	 -0.058	  0.000
30	  2.520	 38.200	  1.005	 -0.107	  0.000
31	  2.520	 39.454	  1.005	 -0.055	  0.000
32	  2.520	 40.703	  1.005	 -0.083	  0.000
33	  2.520	 41.953	  1.005	 -0.081	  0.000
34	  2.520	 43.203	  1.005	 -0.081	  0.000
35	  2.520	 44.453	  1.005	 -0.081	  0.000
36	  2.520	 45.703	  1.005	 -0.081	  0.000
37	  2.520	 46.953	  1.005	 -0.081	  0.000
38	  2.520	 48.203	  1.005	 -0.081	  0.000
39	  2.520	 49.453	  1.005	 -0.081	  0.000
40	  2.520	 50.703	  1.005	 -0.081	  0.000
41	  2.520	 51.953	  1.005	 -0.081	  0.000
42	  2.520	 53.203	  1.005	 -0.081	  0.000
43	  2.520	 54.453	  1.005	 -0.081	  0.000
44	  2.520	 55.703	  1.005	 -0.081	  0.000
45	  2.520	 56.953	  1.005	 -0.081	  0.000
46	  2.520	 58.203	  1.005	 -0.081	  0.000
47	  2.520	 59.453	  1.005	 -0.081	  0.000
48	  2.520	 60.703	  1.005	 -0.081	  0.000
49	  2.520	 61.953	  1.005	 -0.081	  0.000
50	  2.520	 63.203	  1.005	 -0.081	  0.000
51	  2.520	 64.453	  1.005	 -0.081	  0.000
52	  2.520	 65.703	  1.005	 -0.081	  0.000
53	  2.520	 66.953	  1.005	 -0.081	  0.000
54	  2.520	 68.203	  1.005	 -0.081	  0.000
55	  2.520	 69.453	  1.005	 -0.081	  0.000
56	  2.520	 70.703	  1.005	 -0.081	  0.000
57	  2.520	 71.953	  1.005	 -0.081	  0.000
58	  2.520	 73.203	  1.005	 -0.081	  0.000
59	  2.520	 74.453	  1.005	 -0.081	  0.000
60	  2.520	 75.703	  1.005	 -0.081	  0.000
61	  2.520	 76.953	  1.005	 -0.081	  0.000
62	  2.520	 78.203	  1.005	 -0.081	  0.000
63	  2.520	 79.453	  1.005	 -0.081	  0.000
64	  2.520	 80.703	  1.005	 -0.081	  0.000
65	  2.520	 81.954	  1.005	 -0.079	  0.000
66	  2.520	 83.203	  1.005	 -0.079	  0.000
67	  2.520	 84.453	  1.005	 -0.067	  0.000
68	  2.520	 85.699	  1.005	  0.115	  0.000
69	  2.520	 86.954	  1.005	 -0.060	  0.000
70	  2.520	 88.207	  1.005	  0.004	  0.000
71	  2.520	 89.443	  1.005	  0.105	  0.000
72	  2.520	 90.707	  1.005	  0.162	  0.000
73	  2.520	 91.946	  1.005	  0.017	  0.000
74	  2.520	 93.201	  1.005	  0.070	  0.000
75	  2.520	 94.458	  1.005	 -0.038	  0.000
76	  2.520	 95.703	  1.005	  0.004	  0.000
77	  2.520	 96.941	  1.005	  0.003	  0.000
78	  2.520	 98.206	  1.005	  0.021	  0.000
79	  2.520	 99.461	  1.005	  0.052	  0.000
0	  2.640	  0.687	  1.005	  0.003	  0.000
1	  2.640	  1.958	  1.005	  0.130	  0.000
2	  2.640	  3.231	  1.005	  0.205	  0.000
3	  2.640	  4.417	  1.005	 -0.280	  0.000
4	  2.640	  5.734	  1.005	  0.358	  0.000
5	  2.640	  6.921	  1.005	 -0.314	  0.000
6	  2.640	  8.224	  1.005	 -0.025	  0.000
7	  2.640	  9.441	  1.005	 -0.062	  0.000
8	  2.640	 10.716	  1.005	 -0.019	  0.000
9	  2.640	 11.959	  1.005	  0.160	  0.000
10	  2.640	 13.202	  1.005	  0.066	  0.000
11	  2.640	 14.453	  1.005	 -0.035	  0.000
12	  2.640	 15.714	  1.005	 -0.021	  0.000
13	  2.640	 16.936	  1.005	 -0.147	  0.000
14	  2.640	 18.227	  1.005	  0.026	  0.000
15	  2.640	 19.444	  1.005	 -0.105	  0.000
16	  2.640	 20.700	  1.005	 -0.083	  0.000
17	  2.640	 21.965	  1.005	  0.171	  0.000
18	  2.640	 23.184	  1.005	  0.005	  0.000
19	  2.640	 24.470	  1.005	 -0.033	  0.000
20	  2.640	 25.714	  1.005	 -0.098	  0.000
21	  2.640	 26.948	  1.005	 -0.075	  0.000
22	  2.640	 28.207	  1.005	 -0.075	  0.000
23	  2.640	 29.460	  1.005	 -0.045	  0.000
24	  2.640	 30.697	  1.005	  0.095	  0.000
25	  2.640	 31.958	  1.005	  0.008	  0.000
26	  2.640	 33.207	  1.005	  0.049	  0.000
27	  2.640	 34.455	  1.005	 -0.093	  0.000
28	  2.640	 35.706	  1.005	  0.016	  0.000
29	  2.640	 36.956	  1.005	  0.076	  0.000
30	  2.640	 38.202	  1.005	 -0.110	  0.000
31	  2.640	 39.457	  1.005	  0.097	  0.000
32	  2.640	 40.707	  1.005	 -0.012	  0.000
33	  2.640	 41.958	  1.005	  0.006	  0.000
34	  2.640	 43.208	  1.005	  0.003	  0.000
35	  2.640	 44.458	  1.005	  0.003	  0.000
36	  2.640	 45.708	  1.005	  0.003	  0.000
37	  2.640	 46.958	  1.005	  0.003	  0.000
38	  2.640	 48.208	  1.005	  0.003	  0.000
39	  2.640	 49.458	  1.005	  0.003	  0.000
40	  2.640	 50.708	  1.005	  0.003	  0.000
41	  2.640	 51.958	  1.005	  0.003	  0.000
42	  2.640	 53.208	  1.005	  0.003	  0.000
43	  2.640	 54.458	  1.005	  0.003	  0.000
44	  2.640	 55.708	  1.005	  0.003	  0.000
45	  2.640	 56.958	  1.005	  0.003	  0.000
46	  2.640	 58.208	  1.005	  0.003	  0.000
47	  2.640	 59.458	  1.005	  0.003	  0.000
48	  2.640	 60.708	  1.005	  0.003	  0.000
49	  2.640	 61.958	  1.005	  0.003	  0.000
50	  2.640	 63.208	  1.005	  0.003	  0.000
51	  2.640	 64.458	  1.005	  0.003	  0.000
52	  2.640	 65.708	  1.005	  0.003	  0.000
53	  2.640	 66.958	  1.005	  0.003	  0.000
54	  2.640	 68.208	  1.005	  0.003	  0.000
55	  2.640	 69.458	  1.005	  0.003	  0.000
56	  2.640	 70.708	  1.005	  0.003	  0.000
57	  2.640	 71.958	  1.005	  0.003	  0.000
58	  2.640	 73.208	  1.005	  0.003	  0.000
59	  2.640	 74.458	  1.005	  0.003	  0.000
60	  2.640	 75.708	  1.005	  0.003	  0.000
61	  2.640	 76.958	  1.005	  0.003	  0.000
62	  2.640	 78.208	  1.005	  0.003	  0.000
63	  2.640	 79.458	  1.005	  0.004	  0.000
64	  2.640	 80.708	  1.005	 -0.001	  0.000
65	  2.640	 81.959	  1.005	  0.011	  0.000
66	  2.640	 83.208	  1.005	  0.000	  0.000
67	  2.640	 84.458	  1.005	  0.061	  0.000
68	  2.640	 85.700	  1.005	  0.092	  0.000
69	  2.640	 86.957	  1.005	  0.072	  0.000
70	  2.640	 88.213	  1.005	 -0.049	  0.000
71	  2.640	 89.443	  1.005	 -0.117	  0.000
72	  2.640	 90.715	  1.005	  0.014	  0.000
73	  2.640	 91.948	  1.005	  0.146	  0.000
74	  2.640	 93.206	  1.005	 -0.066	  0.000
75	  2.640	 94.460	  1.005	  0.163	  0.000
76	  2.640	 95.706	  1.005	  0.148	  0.000
77	  2.640	 96.939	  1.005	  0.072	  0.000
78	  2.640	 98.207	  1.005	 -0.009	  0.000
79	  2.640	 99.468	  1.005	  0.157	  0.000
0	  2.760	  0.682	  1.005	 -0.008	  0.000
1	  2.760	  1.962	  1.005	 -0.001	  0.000
2	  2.760	  4.044	  1.005	 44.168	  0.000
3	  2.760	  3.606	  1.005	-43.914	  0.000
4	  2.760	  6.742	  1.005	-278288.335	  0.000
5	  2.760	  5.964	  1.005	278289.130	  0.000
6	  2.760	  8.237	  1.005	  0.182	  0.000
7	  2.760	  9.436	  1.005	 -0.170	  0.000
8	  2.760	 10.723	  1.005	  0.172	  0.000
9	  2.760	 11.964	  1.005	 -0.051	  0.000
10	  2.760	 13.207	  1.005	  0.039	  0.000
11	  2.760	 14.456	  1.005	 -0.045	  0.000
12	  2.760	 15.723	  1.005	  0.249	  0.000
13	  2.760	 16.930	  1.005	 -0.037	  0.000
14	  2.760	 18.240	  1.005	  0.073	  0.000
15	  2.760	 19.440	  1.005	 -0.005	  0.000
16	  2.760	 20.701	  1.005	 -0.034	  0.000
17	  2.760	 21.972	  1.005	  0.220	  0.000
18	  2.760	 23.179	  1.005	 -0.141	  0.000
19	  2.760	 24.478	  1.005	  0.050	  0.000
20	  2.760	 25.717	  1.005	  0.023	  0.000
21	  2.760	 26.953	  1.005	  0.012	  0.000
22	  2.760	 28.211	  1.005	  0.100	  0.000
23	  2.760	 29.462	  1.005	  0.176	  0.000
24	  2.760	 30.700	  1.005	 -0.051	  0.000
25	  2.760	 31.963	  1.005	 -0.043	  0.000
26	  2.760	 33.210	  1.005	  0.154	  0.000
27	  2.760	 34.456	  1.005	 -0.052	  0.000
28	  2.760	 35.709	  1.005	  0.112	  0.000
29	  2.760	 36.960	  1.005	 -0.070	  0.000
30	  2.760	 38.202	  1.005	  0.114	  0.000
31	  2.760	 39.464	  1.005	  0.026	  0.000
32	  2.760	 40.711	  1.005	  0.064	  0.000
33	  2.760	 41.959	  1.005	  0.083	  0.000
34	  2.760	 43.209	  1.005	  0.090	  0.000
35	  2.760	 44.459	  1.005	  0.093	  0.000
36	  2.760	 45.709	  1.005	  0.093	  0.000
37	  2.760	 46.959	  1.005	  0.093	  0.000
38	  2.760	 48.209	  1.005	  0.093	  0.000
39	  2.760	 49.459	  1.005	  0.093	  0.000
40	  2.760	 50.709	  1.005	  0.093	  0.000
41	  2.760	 51.959	  1.005	  0.093	  0.000
42	  2.760	 53.209	  1.005	  0.093	  0.000
43	  2.760	 54.459	  1.005	  0.093	  0.000
44	  2.760	 55.709	  1.005	  0.093	  0.000
45	  2.760	 56.959	  1.005	  0.093	  0.000
46	  2.760	 58.209	  1.005	  0.093	  0.000
47	  2.760	 59.459	  1.005	  0.093	  0.000
48	  2.760	 60.709	  1.005	  0.093	  0.000
49	  2.760	 61.959	  1.005	  0.093	  0.000
50	  2.760	 63.209	  1.005	  0.093	  0.000
51	  2.760	 64.459	  1.005	  0.093	  0.000
52	  2.760	 65.709	  1.005	  0.093	  0.000
53	  2.760	 66.959	  1.005	  0.093	  0.000
54	  2.760	 68.209	  1.005	  0.093	  0.000
55	  2.760	 69.459	  1.005	  0.093	  0.000
56	  2.760	 70.709	  1.005	  0.093	  0.000
57	  2.760	 71.959	  1.005	  0.093	  0.000
58	  2.760	 73.209	  1.005	  0.093	  0.000
59	  2.760	 74.459	  1.005	  0.093	  0.000
60	  2.760	 75.709	  1.005	  0.093	  0.000
61	  2.760	 76.959	  1.005	  0.093	  0.000
62	  2.760	 78.209	  1.005	  0.092	  0.000
63	  2.760	 79.459	  1.005	  0.080	  0.000
64	  2.760	 80.712	  1.005	  0.110	  0.000
65	  2.760	 81.961	  1.005	  0.104	  0.000
66	  2.760	 83.207	  1.005	  0.054	  0.000
67	  2.760	 84.463	  1.005	 -0.028	  0.000
68	  2.760	 85.702	  1.005	 -0.002	  0.000
69	  2.760	 86.962	  1.005	 -0.042	  0.000
70	  2.760	 88.222	  1.005	  0.034	  0.000
71	  2.760	 89.439	  1.005	 -0.007	  0.000
72	  2.760	 90.725	  1.005	  0.020	  0.000
73	  2.760	 91.947	  1.005	 -0.117	  0.000
74	  2.760	 93.210	  1.005	  0.090	  0.000
75	  2.760	 94.464	  1.005	  0.085	  0.000
76	  2.760	 95.711	  1.005	  0.036	  0.000
77	  2.760	 96.938	  1.005	  0.036	  0.000
78	  2.760	 98.213	  1.005	 -0.031	  0.000
79	  2.760	 99.478	  1.005	  0.125	  0.000
0	  2.880	  0.609	  1.005	 -1.495	  0.000
1	  2.880	-7120.963	  1.005	-225946.829	  0.000
2	  2.880	-5242.898	  1.005	-76878.627	  0.000
3	  2.880	3666.497	  1.005	13883.479	  0.000
4	  2.880	-25406.409	  1.005	-157943.773	  0.000
5	  2.880	24268.977	  1.005	153415.668	  0.000
6	  2.880	 55.025	  1.005	-171.739	  0.000
7	  2.880	  9.018	  1.005	-82.890	  0.000
8	  2.880	6356.437	  1.005	194045.786	  0.000
9	  2.880	1237.887	  1.005	29138.117	  0.000
10	  2.880	1143.144	  1.005	110776.944	  0.000
11	  2.880	14443.099	  1.005	-3871.597	  0.000
12	  2.880	-952.320	  1.005	-18229.665	  0.000
13	  2.880	-34783.625	  1.005	-650027.170	  0.000
14	  2.880	467.519	  1.005	14209.824	  0.000
15	  2.880	2324.266	  1.005	223210.240	  0.000
16	  2.880	4050.990	  1.005	-279866.712	  0.000
17	  2.880	 46.741	  1.005	813.129	  0.000
18	  2.880	10476.275	  1.005	524339.073	  0.000
19	  2.880	-394.879	  1.005	-13570.773	  0.000
20	  2.880	-1434.993	  1.005	-143332.336	  0.000
21	  2.880	6918.493	  1.005	31862.039	  0.000
22	  2.880	767.744	  1.005	11000.696	  0.000
23	  2.880	 67.581	  1.005	-2156.299	  0.000
24	  2.880	 30.173	  1.005	  9.563	  0.000
25	  2.880	 31.967	  1.005	-15260.612	  0.000
26	  2.880	-9527.711	  1.005	-226149.982	  0.000
27	  2.880	3702.866	  1.005	272174.255	  0.000
28	  2.880	-838.764	  1.005	-33864.731	  0.000
29	  2.880	7472.408	  1.005	44285.817	  0.000
30	  2.880	-45.668	  1.005	-8322.798	  0.000
31	  2.880	 24.300	  1.005	-1788.369	  0.000
32	  2.880	-49.994	  1.005	-4425.002	  0.000
33	  2.880	 27.294	  1.005	359449.167	  0.000
34	  2.880	-8312.928	  1.005	-402260.746	  0.000
35	  2.880	 87.573	  1.005	-127692.645	  0.000
36	  2.880	-443.228	  1.005	7617.255	  0.000
37	  2.880	 56.671	  1.005	-80601.934	  0.000
38	  2.880	-5225.694	  1.005	-523268.014	  0.000
39	  2.880	-1110.962	  1.005	-56232.550	  0.000
40	  2.880	3758.847	  1.005	678893.095	  0.000
41	  2.880	-7690.145	  1.005	-217805.124	  0.000
42	  2.880	 52.585	  1.005	 75.527	  0.000
43	  2.880	 54.533	  1.005	-6115.390	  0.000
44	  2.880	 55.182	  1.005	-53.352	  0.000
45	  2.880	 65.653	  1.005	866.795	  0.000
46	  2.880	 57.676	  1.005	-42.591	  0.000
47	  2.880	-18088.512	  1.005	-579078.431	  0.000
48	  2.880	11847.932	  1.005	375590.264	  0.000
49	  2.880	 58.518	  1.005	-80.249	  0.000
50	  2.880	 24.488	  1.005	11527.344	  0.000
51	  2.880	994.470	  1.005	75771.888	  0.000
52	  2.880	 64.662	  1.005	-103.137	  0.000
53	  2.880	484.886	  1.005	91080.021	  0.000
54	  2.880	 67.581	  1.005	432.019	  0.000
55	  2.880	-1189.166	  1.005	-29919.286	  0.000
56	  2.880	-3168.510	  1.005	2876.313	  0.000
57	  2.880	3817.408	  1.005	182856.451	  0.000
58	  2.880	-7345.543	  1.005	-237496.241	  0.000
59	  2.880	 75.465	  1.005	 10.895	  0.000
60	  2.880	 71.674	  1.005	 27.788	  0.000
61	  2.880	-9403.127	  1.005	-306701.936	  0.000
62	  2.880	19406.836	  1.005	138970.181	  0.000
63	  2.880	 79.357	  1.005	218671.456	  0.000
64	  2.880	 81.970	  1.005	 52.125	  0.000
65	  2.880	-7132.693	  1.005	-230952.105	  0.000
66	  2.880	-5625.253	  1.005	-162133.375	  0.000
67	  2.880	-10266.843	  1.005	-487498.120	  0.000
68	  2.880	-8953.542	  1.005	-394152.628	  0.000
69	  2.880	 87.019	  1.005	 33.803	  0.000
70	  2.880	13144.208	  1.005	115481.849	  0.000
71	  2.880	100.165	  1.005	599.946	  0.000
72	  2.880	-22347.230	  1.005	-533144.375	  0.000
73	  2.880	7206.820	  1.005	-373736.838	  0.000
74	  2.880	 95.858	  1.005	-158.092	  0.000
75	  2.880	 91.786	  1.005	105.774	  0.000
76	  2.880	 49.666	  1.005	86484.337	  0.000
77	  2.880	3458.189	  1.005	-1890.609	  0.000
78	  2.880	6200.913	  1.005	-7452.394	  0.000
79	  2.880	290.911	  1.005	-545586.552	  0.000
0	  3.000	1791.466	  1.005	11376.694	  0.000
1	  3.000	-9155.961	  1.005	27233.764	  0.000
2	  3.000	-8899.125	  1.005	65254.027	  0.000
3	  3.000	14048.182	  1.005	73691.917	  0.000
4	  3.000	-40951.472	  1.005	-61849.893	  0.000
5	  3.000	32682.078	  1.005	127547.884	  0.000
6	  3.000	-10147.040	  1.005	-592913.288	  0.000
7	  3.000	-9136.366	  1.005	-206314.951	  0.000
8	  3.000	8473.204	  1.005	-605834.992	  0.000
9	  3.000	33607.990	  1.005	631466.443	  0.000
10	  3.000	-25425.714	  1.005	-2410.679	  0.000
11	  3.000	41201.794	  1.005	9684.252	  0.000
12	  3.000	-324.918	  1.005	-1961.743	  0.000
13	  3.000	-68191.394	  1.005	172230.304	  0.000
14	  3.000	5377.265	  1.005	-54037.449	  0.000
15	  3.000	19326.325	  1.005	-130759.486	  0.000
16	  3.000	-20925.721	  1.005	-8259.086	  0.000
17	  3.000	-2190.157	  1.005	-16922.006	  0.000
18	  3.000	39552.492	  1.005	58585.052	  0.000
19	  3.000	44356.064	  1.005	399938.851	  0.000
20	  3.000	-5536.472	  1.005	-115384.485	  0.000
21	  3.000	28225.700	  1.005	644754.101	  0.000
22	  3.000	-3526.490	  1.005	98146.246	  0.000
23	  3.000	46517.913	  1.005	289161.155	  0.000
24	  3.000	-7308.558	  1.005	-375601.600	  0.000
25	  3.000	-4049.850	  1.005	547483.653	  0.000
26	  3.000	-5910.651	  1.005	92795.062	  0.000
27	  3.000	30965.085	  1.005	121049.760	  0.000
28	  3.000	-5452.617	  1.005	-116693.210	  0.000
29	  3.000	8820.265	  1.005	560009.818	  0.000
30	  3.000	-3192.579	  1.005	-55339.589	  0.000
31	  3.000	2619.197	  1.005	-72298.140	  0.000
32	  3.000	5903.852	  1.005	143991.393	  0.000
33	  3.000	5516.717	  1.005	-541127.285	  0.000
34	  3.000	-32175.443	  1.005	352295.920	  0.000
35	  3.000	11540.548	  1.005	-312576.612	  0.000
36	  3.000	-11150.451	  1.005	30837.639	  0.000
37	  3.000	-37515.339	  1.005	-390948.530	  0.000
38	  3.000	-60443.646	  1.005	-398058.255	  0.000
39	  3.000	7714.706	  1.005	221864.310	  0.000
40	  3.000	73274.349	  1.005	337922.792	  0.000
41	  3.000	-25057.818	  1.005	397049.842	  0.000
42	  3.000	-36805.846	  1.005	694085.924	  0.000
43	  3.000	-1097.488	  1.005	-59026.791	  0.000
44	  3.000	4345.587	  1.005	-489293.899	  0.000
45	  3.000	29280.478	  1.005	429277.504	  0.000
46	  3.000	 37.810	  1.005	-12197.970	  0.000
47	  3.000	-68319.270	  1.005	-321317.946	  0.000
48	  3.000	48665.705	  1.005	234785.347	  0.000
49	  3.000	-10479.804	  1.005	-99931.531	  0.000
50	  3.000	-6209.703	  1.005	6291.095	  0.000
51	  3.000	160.429	  1.005	-33287.822	  0.000
52	  3.000	664.571	  1.005	-318.202	  0.000
53	  3.000	8933.856	  1.005	52359.597	  0.000
54	  3.000	-81197.128	  1.005	-581404.783	  0.000
55	  3.000	-2882.095	  1.005	-38738.368	  0.000
56	  3.000	-72955.896	  1.005	-544467.104	  0.000
57	  3.000	15814.904	  1.005	575523.469	  0.000
58	  3.000	-11323.887	  1.005	-435878.664	  0.000
59	  3.000	-4310.254	  1.005	-141151.191	  0.000
60	  3.000	-29458.966	  1.005	-239070.802	  0.000
61	  3.000	682.035	  1.005	385100.399	  0.000
62	  3.000	-22250.194	  1.005	-251538.875	  0.000
63	  3.000	8646.512	  1.005	-46690.577	  0.000
64	  3.000	-40358.014	  1.005	276884.860	  0.000
65	  3.000	3218.330	  1.005	295209.479	  0.000
66	  3.000	-19801.494	  1.005	-69483.895	  0.000
67	  3.000	-59124.555	  1.005	-314519.618	  0.000
68	  3.000	-43847.548	  1.005	-166920.285	  0.000
69	  3.000	26048.627	  1.005	-140407.006	  0.000
70	  3.000	22683.035	  1.005	263418.352	  0.000
71	  3.000	-229.169	  1.005	535.230	  0.000
72	  3.000	-53121.444	  1.005	-57908.385	  0.000
73	  3.000	4877.683	  1.005	592321.451	  0.000
74	  3.000	8701.530	  1.005	533957.055	  0.000
75	  3.000	-2744.129	  1.005	-374360.629	  0.000
76	  3.000	-12498.465	  1.005	-215752.814	  0.000
77	  3.000	-9087.445	  1.005	-655440.574	  0.000
78	  3.000	-15426.368	  1.005	-16661.146	  0.000
79	  3.000	17949.392	  1.005	224499.999	  0.000
