# id	 time	 x	 y	 vx	 vy
0	  0.000	  0.862	  1.000	  0.010	  0.010
1	  0.000	  2.586	  1.000	  0.010	  0.010
2	  0.000	  4.310	  1.000	  0.010	  0.010
3	  0.000	  6.034	  1.000	  0.010	  0.010
4	  0.000	  7.759	  1.000	  0.010	  0.010
5	  0.000	  9.483	  1.000	  0.010	  0.010
6	  0.000	 11.207	  1.000	  0.010	  0.010
7	  0.000	 12.931	  1.000	  0.010	  0.010
8	  0.000	 14.655	  1.000	  0.010	  0.010
9	  0.000	 16.379	  1.000	  0.010	  0.010
10	  0.000	 18.103	  1.000	  0.010	  0.010
11	  0.000	 19.828	  1.000	  0.010	  0.010
12	  0.000	 21.552	  1.000	  0.010	  0.010
13	  0.000	 23.276	  1.000	  0.010	  0.010
14	  0.000	 25.000	  1.000	  0.010	  0.010
15	  0.000	 26.724	  1.000	  0.010	  0.010
16	  0.000	 28.448	  1.000	  0.010	  0.010
17	  0.000	 30.172	  1.000	  0.010	  0.010
18	  0.000	 31.897	  1.000	  0.010	  0.010
19	  0.000	 33.621	  1.000	  0.010	  0.010
20	  0.000	 35.345	  1.000	  0.010	  0.010
21	  0.000	 37.069	  1.000	  0.010	  0.010
22	  0.000	 38.793	  1.000	  0.010	  0.010
23	  0.000	 40.517	  1.000	  0.010	  0.010
24	  0.000	 42.241	  1.000	  0.010	  0.010
25	  0.000	 43.966	  1.000	  0.010	  0.010
26	  0.000	 45.690	  1.000	  0.010	  0.010
27	  0.000	 47.414	  1.000	  0.010	  0.010
28	  0.000	 49.138	  1.000	  0.010	  0.010
29	  0.000	 50.862	  1.000	  0.010	  0.010
30	  0.000	 52.586	  1.000	  0.010	  0.010
31	  0.000	 54.310	  1.000	  0.010	  0.010
32	  0.000	 56.034	  1.000	  0.010	  0.010
33	  0.000	 57.759	  1.000	  0.010	  0.010
34	  0.000	 59.483	  1.000	  0.010	  0.010
35	  0.000	 61.207	  1.000	  0.010	  0.010
36	  0.000	 62.931	  1.000	  0.010	  0.010
37	  0.000	 64.655	  1.000	  0.010	  0.010
38	  0.000	 66.379	  1.000	  0.010	  0.010
39	  0.000	 68.103	  1.000	  0.010	  0.010
40	  0.000	 69.828	  1.000	  0.010	  0.010
41	  0.000	 71.552	  1.000	  0.010	  0.010
42	  0.000	 73.276	  1.000	  0.010	  0.010
43	  0.000	 75.000	  1.000	  0.010	  0.010
44	  0.000	 76.724	  1.000	  0.010	  0.010
45	  0.000	 78.448	  1.000	  0.010	  0.010
46	  0.000	 80.172	  1.000	  0.010	  0.010
47	  0.000	 81.897	  1.000	  0.010	  0.010
48	  0.000	 83.621	  1.000	  0.010	  0.010
49	  0.000	 85.345	  1.000	  0.010	  0.010
50	  0.000	 87.069	  1.000	  0.010	  0.010
51	  0.000	 88.793	  1.000	  0.010	  0.010
52	  0.000	 90.517	  1.000	  0.010	  0.010
53	  0.000	 92.241	  1.000	  0.010	  0.010
54	  0.000	 93.966	  1.000	  0.010	  0.010
55	  0.000	 95.690	  1.000	  0.010	  0.010
56	  0.000	 97.414	  1.000	  0.010	  0.010
57	  0.000	 99.138	  1.000	  0.010	  0.010
0	  0.120	  0.881	  1.001	  0.327	  0.008
1	  0.120	  2.606	  1.001	  0.327	  0.008
2	  0.120	  4.330	  1.001	  0.327	  0.008
3	  0.120	  6.054	  1.001	  0.327	  0.008
4	  0.120	  7.778	  1.001	  0.327	  0.008
5	  0.120	  9.502	  1.001	  0.327	  0.008
6	  0.120	 11.226	  1.001	  0.327	  0.008
7	  0.120	 12.950	  1.001	  0.327	  0.008
8	  0.120	 14.675	  1.001	  0.327	  0.008
9	  0.120	 16.399	  1.001	  0.327	  0.008
10	  0.120	 18.123	  1.001	  0.327	  0.008
11	  0.120	 19.847	  1.001	  0.327	  0.008
12	  0.120	 21.571	  1.001	  0.327	  0.008
13	  0.120	 23.295	  1.001	  0.327	  0.008
14	  0.120	 25.019	  1.001	  0.327	  0.008
15	  0.120	 26.744	  1.001	  0.327	  0.008
16	  0.120	 28.468	  1.001	  0.327	  0.008
17	  0.120	 30.192	  1.001	  0.327	  0.008
18	  0.120	 31.916	  1.001	  0.327	  0.008
19	  0.120	 33.640	  1.001	  0.327	  0.008
20	  0.120	 35.364	  1.001	  0.327	  0.008
21	  0.120	 37.088	  1.001	  0.327	  0.008
22	  0.120	 38.812	  1.001	  0.327	  0.008
23	  0.120	 40.537	  1.001	  0.327	  0.008
24	  0.120	 42.261	  1.001	  0.327	  0.008
25	  0.120	 43.985	  1.001	  0.327	  0.008
26	  0.120	 45.709	  1.001	  0.327	  0.008
27	  0.120	 47.433	  1.001	  0.327	  0.008
28	  0.120	 49.157	  1.001	  0.327	  0.008
29	  0.120	 50.881	  1.001	  0.327	  0.008
30	  0.120	 52.606	  1.001	  0.327	  0.008
31	  0.120	 54.330	  1.001	  0.327	  0.008
32	  0.120	 56.054	  1.001	  0.327	  0.008
33	  0.120	 57.778	  1.001	  0.327	  0.008
34	  0.120	 59.502	  1.001	  0.327	  0.008
35	  0.120	 61.226	  1.001	  0.327	  0.008
36	  0.120	 62.950	  1.001	  0.327	  0.008
37	  0.120	 64.675	  1.001	  0.327	  0.008
38	  0.120	 66.399	  1.001	  0.327	  0.008
39	  0.120	 68.123	  1.001	  0.327	  0.008
40	  0.120	 69.847	  1.001	  0.327	  0.008
41	  0.120	 71.571	  1.001	  0.327	  0.008
42	  0.120	 73.295	  1.001	  0.327	  0.008
43	  0.120	 75.019	  1.001	  0.327	  0.008
44	  0.120	 76.744	  1.001	  0.327	  0.008
45	  0.120	 78.468	  1.001	  0.327	  0.008
46	  0.120	 80.192	  1.001	  0.327	  0.008
47	  0.120	 81.916	  1.001	  0.327	  0.008
48	  0.120	 83.640	  1.001	  0.327	  0.008
49	  0.120	 85.364	  1.001	  0.327	  0.008
50	  0.120	 87.088	  1.001	  0.327	  0.008
51	  0.120	 88.812	  1.001	  0.327	  0.008
52	  0.120	 90.537	  1.001	  0.327	  0.008
53	  0.120	 92.261	  1.001	  0.327	  0.008
54	  0.120	 93.985	  1.001	  0.327	  0.008
55	  0.120	 95.709	  1.001	  0.327	  0.008
56	  0.120	 97.433	  1.001	  0.327	  0.008
57	  0.120	 99.157	  1.001	  0.327	  0.008
0	  0.240	  0.935	  1.002	  0.576	  0.006
1	  0.240	  2.659	  1.002	  0.576	  0.006
2	  0.240	  4.383	  1.002	  0.576	  0.006
3	  0.240	  6.107	  1.002	  0.576	  0.006
4	  0.240	  7.832	  1.002	  0.576	  0.006
5	  0.240	  9.556	  1.002	  0.576	  0.006
6	  0.240	 11.280	  1.002	  0.576	  0.006
7	  0.240	 13.004	  1.002	  0.576	  0.006
8	  0.240	 14.728	  1.002	  0.576	  0.006
9	  0.240	 16.452	  1.002	  0.576	  0.006
10	  0.240	 18.176	  1.002	  0.576	  0.006
11	  0.240	 19.900	  1.002	  0.576	  0.006
12	  0.240	 21.625	  1.002	  0.576	  0.006
13	  0.240	 23.349	  1.002	  0.576	  0.006
14	  0.240	 25.073	  1.002	  0.576	  0.006
15	  0.240	 26.797	  1.002	  0.576	  0.006
16	  0.240	 28.521	  1.002	  0.576	  0.006
17	  0.240	 30.245	  1.002	  0.576	  0.006
18	  0.240	 31.969	  1.002	  0.576	  0.006
19	  0.240	 33.694	  1.002	  0.576	  0.006
20	  0.240	 35.418	  1.002	  0.576	  0.006
21	  0.240	 37.142	  1.002	  0.576	  0.006
22	  0.240	 38.866	  1.002	  0.576	  0.006
23	  0.240	 40.590	  1.002	  0.576	  0.006
24	  0.240	 42.314	  1.002	  0.576	  0.006
25	  0.240	 44.038	  1.002	  0.576	  0.006
26	  0.240	 45.763	  1.002	  0.576	  0.006
27	  0.240	 47.487	  1.002	  0.576	  0.006
28	  0.240	 49.211	  1.002	  0.576	  0.006
29	  0.240	 50.935	  1.002	  0.576	  0.006
30	  0.240	 52.659	  1.002	  0.576	  0.006
31	  0.240	 54.383	  1.002	  0.576	  0.006
32	  0.240	 56.107	  1.002	  0.576	  0.006
33	  0.240	 57.832	  1.002	  0.576	  0.006
34	  0.240	 59.556	  1.002	  0.576	  0.006
35	  0.240	 61.280	  1.002	  0.576	  0.006
36	  0.240	 63.004	  1.002	  0.576	  0.006
37	  0.240	 64.728	  1.002	  0.576	  0.006
38	  0.240	 66.452	  1.002	  0.576	  0.006
39	  0.240	 68.176	  1.002	  0.576	  0.006
40	  0.240	 69.900	  1.002	  0.576	  0.006
41	  0.240	 71.625	  1.002	  0.576	  0.006
42	  0.240	 73.349	  1.002	  0.576	  0.006
43	  0.240	 75.073	  1.002	  0.576	  0.006
44	  0.240	 76.797	  1.002	  0.576	  0.006
45	  0.240	 78.521	  1.002	  0.576	  0.006
46	  0.240	 80.245	  1.002	  0.576	  0.006
47	  0.240	 81.969	  1.002	  0.576	  0.006
48	  0.240	 83.694	  1.002	  0.576	  0.006
49	  0.240	 85.418	  1.002	  0.576	  0.006
50	  0.240	 87.142	  1.002	  0.576	  0.006
51	  0.240	 88.866	  1.002	  0.576	  0.006
52	  0.240	 90.590	  1.002	  0.576	  0.006
53	  0.240	 92.314	  1.002	  0.576	  0.006
54	  0.240	 94.038	  1.002	  0.576	  0.006
55	  0.240	 95.763	  1.002	  0.576	  0.006
56	  0.240	 97.487	  1.002	  0.576	  0.006
57	  0.240	 99.211	  1.002	  0.576	  0.006
0	  0.360	  1.015	  1.003	  0.771	  0.005
1	  0.360	  2.739	  1.003	  0.771	  0.005
2	  0.360	  4.464	  1.003	  0.771	  0.005
3	  0.360	  6.188	  1.003	  0.771	  0.005
4	  0.360	  7.912	  1.003	  0.771	  0.005
5	  0.360	  9.636	  1.003	  0.771	  0.005
6	  0.360	 11.360	  1.003	  0.771	  0.005
7	  0.360	 13.084	  1.003	  0.771	  0.005
8	  0.360	 14.808	  1.003	  0.771	  0.005
9	  0.360	 16.532	  1.003	  0.771	  0.005
10	  0.360	 18.257	  1.003	  0.771	  0.005
11	  0.360	 19.981	  1.003	  0.771	  0.005
12	  0.360	 21.705	  1.003	  0.771	  0.005
13	  0.360	 23.429	  1.003	  0.771	  0.005
14	  0.360	 25.153	  1.003	  0.771	  0.005
15	  0.360	 26.877	  1.003	  0.771	  0.005
16	  0.360	 28.601	  1.003	  0.771	  0.005
17	  0.360	 30.326	  1.003	  0.771	  0.005
18	  0.360	 32.050	  1.003	  0.771	  0.005
19	  0.360	 33.774	  1.003	  0.771	  0.005
20	  0.360	 35.498	  1.003	  0.771	  0.005
21	  0.360	 37.222	  1.003	  0.771	  0.005
22	  0.360	 38.946	  1.003	  0.771	  0.005
23	  0.360	 40.670	  1.003	  0.771	  0.005
24	  0.360	 42.395	  1.003	  0.771	  0.005
25	  0.360	 44.119	  1.003	  0.771	  0.005
26	  0.360	 45.843	  1.003	  0.771	  0.005
27	  0.360	 47.567	  1.003	  0.771	  0.005
28	  0.360	 49.291	  1.003	  0.771	  0.005
29	  0.360	 51.015	  1.003	  0.771	  0.005
30	  0.360	 52.739	  1.003	  0.771	  0.005
31	  0.360	 54.464	  1.003	  0.771	  0.005
32	  0.360	 56.188	  1.003	  0.771	  0.005
33	  0.360	 57.912	  1.003	  0.771	  0.005
34	  0.360	 59.636	  1.003	  0.771	  0.005
35	  0.360	 61.360	  1.003	  0.771	  0.005
36	  0.360	 63.084	  1.003	  0.771	  0.005
37	  0.360	 64.808	  1.003	  0.771	  0.005
38	  0.360	 66.532	  1.003	  0.771	  0.005
39	  0.360	 68.257	  1.003	  0.771	  0.005
40	  0.360	 69.981	  1.003	  0.771	  0.005
41	  0.360	 71.705	  1.003	  0.771	  0.005
42	  0.360	 73.429	  1.003	  0.771	  0.005
43	  0.360	 75.153	  1.003	  0.771	  0.005
44	  0.360	 76.877	  1.003	  0.771	  0.005
45	  0.360	 78.601	  1.003	  0.771	  0.005
46	  0.360	 80.326	  1.003	  0.771	  0.005
47	  0.360	 82.050	  1.003	  0.771	  0.005
48	  0.360	 83.774	  1.003	  0.771	  0.005
49	  0.360	 85.498	  1.003	  0.771	  0.005
50	  0.360	 87.222	  1.003	  0.771	  0.005
51	  0.360	 88.946	  1.003	  0.771	  0.005
52	  0.360	 90.670	  1.003	  0.771	  0.005
53	  0.360	 92.395	  1.003	  0.771	  0.005
54	  0.360	 94.119	  1.003	  0.771	  0.005
55	  0.360	 95.843	  1.003	  0.771	  0.005
56	  0.360	 97.567	  1.003	  0.771	  0.005
57	  0.360	 99.291	  1.003	  0.771	  0.005
0	  0.480	  1.117	  1.003	  0.924	  0.004
1	  0.480	  2.841	  1.003	  0.924	  0.004
2	  0.480	  4.565	  1.003	  0.924	  0.004
3	  0.480	  6.289	  1.003	  0.924	  0.004
4	  0.480	  8.013	  1.003	  0.924	  0.004
5	  0.480	  9.737	  1.003	  0.924	  0.004
6	  0.480	 11.461	  1.003	  0.924	  0.004
7	  0.480	 13.186	  1.003	  0.924	  0.004
8	  0.480	 14.910	  1.003	  0.924	  0.004
9	  0.480	 16.634	  1.003	  0.924	  0.004
10	  0.480	 18.358	  1.003	  0.924	  0.004
11	  0.480	 20.082	  1.003	  0.924	  0.004
12	  0.480	 21.806	  1.003	  0.924	  0.004
13	  0.480	 23.530	  1.003	  0.924	  0.004
14	  0.480	 25.254	  1.003	  0.924	  0.004
15	  0.480	 26.979	  1.003	  0.924	  0.004
16	  0.480	 28.703	  1.003	  0.924	  0.004
17	  0.480	 30.427	  1.003	  0.924	  0.004
18	  0.480	 32.151	  1.003	  0.924	  0.004
19	  0.480	 33.875	  1.003	  0.924	  0.004
20	  0.480	 35.599	  1.003	  0.924	  0.004
21	  0.480	 37.323	  1.003	  0.924	  0.004
22	  0.480	 39.048	  1.003	  0.924	  0.004
23	  0.480	 40.772	  1.003	  0.924	  0.004
24	  0.480	 42.496	  1.003	  0.924	  0.004
25	  0.480	 44.220	  1.003	  0.924	  0.004
26	  0.480	 45.944	  1.003	  0.924	  0.004
27	  0.480	 47.668	  1.003	  0.924	  0.004
28	  0.480	 49.392	  1.003	  0.924	  0.004
29	  0.480	 51.117	  1.003	  0.924	  0.004
30	  0.480	 52.841	  1.003	  0.924	  0.004
31	  0.480	 54.565	  1.003	  0.924	  0.004
32	  0.480	 56.289	  1.003	  0.924	  0.004
33	  0.480	 58.013	  1.003	  0.924	  0.004
34	  0.480	 59.737	  1.003	  0.924	  0.004
35	  0.480	 61.461	  1.003	  0.924	  0.004
36	  0.480	 63.186	  1.003	  0.924	  0.004
37	  0.480	 64.910	  1.003	  0.924	  0.004
38	  0.480	 66.634	  1.003	  0.924	  0.004
39	  0.480	 68.358	  1.003	  0.924	  0.004
40	  0.480	 70.082	  1.003	  0.924	  0.004
41	  0.480	 71.806	  1.003	  0.924	  0.004
42	  0.480	 73.530	  1.003	  0.924	  0.004
43	  0.480	 75.254	  1.003	  0.924	  0.004
44	  0.480	 76.979	  1.003	  0.924	  0.004
45	  0.480	 78.703	  1.003	  0.924	  0.004
46	  0.480	 80.427	  1.003	  0.924	  0.004
47	  0.480	 82.151	  1.003	  0.924	  0.004
48	  0.480	 83.875	  1.003	  0.924	  0.004
49	  0.480	 85.599	  1.003	  0.924	  0.004
50	  0.480	 87.323	  1.003	  0.924	  0.004
51	  0.480	 89.048	  1.003	  0.924	  0.004
52	  0.480	 90.772	  1.003	  0.924	  0.004
53	  0.480	 92.496	  1.003	  0.924	  0.004
54	  0.480	 94.220	  1.003	  0.924	  0.004
55	  0.480	 95.944	  1.003	  0.924	  0.004
56	  0.480	 97.668	  1.003	  0.924	  0.004
57	  0.480	 99.392	  1.003	  0.924	  0.004
0	  0.600	  1.234	  1.004	  1.044	  0.003
1	  0.600	  2.958	  1.004	  1.044	  0.003
2	  0.600	  4.683	  1.004	  1.044	  0.003
3	  0.600	  6.407	  1.004	  1.044	  0.003
4	  0.600	  8.131	  1.004	  1.044	  0.003
5	  0.600	  9.855	  1.004	  1.044	  0.003
6	  0.600	 11.579	  1.004	  1.044	  0.003
7	  0.600	 13.303	  1.004	  1.044	  0.003
8	  0.600	 15.027	  1.004	  1.044	  0.003
9	  0.600	 16.752	  1.004	  1.044	  0.003
10	  0.600	 18.476	  1.004	  1.044	  0.003
11	  0.600	 20.200	  1.004	  1.044	  0.003
12	  0.600	 21.924	  1.004	  1.044	  0.003
13	  0.600	 23.648	  1.004	  1.044	  0.003
14	  0.600	 25.372	  1.004	  1.044	  0.003
15	  0.600	 27.096	  1.004	  1.044	  0.003
16	  0.600	 28.821	  1.004	  1.044	  0.003
17	  0.600	 30.545	  1.004	  1.044	  0.003
18	  0.600	 32.269	  1.004	  1.044	  0.003
19	  0.600	 33.993	  1.004	  1.044	  0.003
20	  0.600	 35.717	  1.004	  1.044	  0.003
21	  0.600	 37.441	  1.004	  1.044	  0.003
22	  0.600	 39.165	  1.004	  1.044	  0.003
23	  0.600	 40.889	  1.004	  1.044	  0.003
24	  0.600	 42.614	  1.004	  1.044	  0.003
25	  0.600	 44.338	  1.004	  1.044	  0.003
26	  0.600	 46.062	  1.004	  1.044	  0.003
27	  0.600	 47.786	  1.004	  1.044	  0.003
28	  0.600	 49.510	  1.004	  1.044	  0.003
29	  0.600	 51.234	  1.004	  1.044	  0.003
30	  0.600	 52.958	  1.004	  1.044	  0.003
31	  0.600	 54.683	  1.004	  1.044	  0.003
32	  0.600	 56.407	  1.004	  1.044	  0.003
33	  0.600	 58.131	  1.004	  1.044	  0.003
34	  0.600	 59.855	  1.004	  1.044	  0.003
35	  0.600	 61.579	  1.004	  1.044	  0.003
36	  0.600	 63.303	  1.004	  1.044	  0.003
37	  0.600	 65.027	  1.004	  1.044	  0.003
38	  0.600	 66.752	  1.004	  1.044	  0.003
39	  0.600	 68.476	  1.004	  1.044	  0.003
40	  0.600	 70.200	  1.004	  1.044	  0.003
41	  0.600	 71.924	  1.004	  1.044	  0.003
42	  0.600	 73.648	  1.004	  1.044	  0.003
43	  0.600	 75.372	  1.004	  1.044	  0.003
44	  0.600	 77.096	  1.004	  1.044	  0.003
45	  0.600	 78.821	  1.004	  1.044	  0.003
46	  0.600	 80.545	  1.004	  1.044	  0.003
47	  0.600	 82.269	  1.004	  1.044	  0.003
48	  0.600	 83.993	  1.004	  1.044	  0.003
49	  0.600	 85.717	  1.004	  1.044	  0.003
50	  0.600	 87.441	  1.004	  1.044	  0.003
51	  0.600	 89.165	  1.004	  1.044	  0.003
52	  0.600	 90.889	  1.004	  1.044	  0.003
53	  0.600	 92.614	  1.004	  1.044	  0.003
54	  0.600	 94.338	  1.004	  1.044	  0.003
55	  0.600	 96.062	  1.004	  1.044	  0.003
56	  0.600	 97.786	  1.004	  1.044	  0.003
57	  0.600	 99.510	  1.004	  1.044	  0.003
0	  0.720	  1.365	  1.004	  1.138	  0.002
1	  0.720	  3.089	  1.004	  1.138	  0.002
2	  0.720	  4.813	  1.004	  1.138	  0.002
3	  0.720	  6.537	  1.004	  1.138	  0.002
4	  0.720	  8.262	  1.004	  1.138	  0.002
5	  0.720	  9.986	  1.004	  1.138	  0.002
6	  0.720	 11.710	  1.004	  1.138	  0.002
7	  0.720	 13.434	  1.004	  1.138	  0.002
8	  0.720	 15.158	  1.004	  1.138	  0.002
9	  0.720	 16.882	  1.004	  1.138	  0.002
10	  0.720	 18.606	  1.004	  1.138	  0.002
11	  0.720	 20.331	  1.004	  1.138	  0.002
12	  0.720	 22.055	  1.004	  1.138	  0.002
13	  0.720	 23.779	  1.004	  1.138	  0.002
14	  0.720	 25.503	  1.004	  1.138	  0.002
15	  0.720	 27.227	  1.004	  1.138	  0.002
16	  0.720	 28.951	  1.004	  1.138	  0.002
17	  0.720	 30.675	  1.004	  1.138	  0.002
18	  0.720	 32.399	  1.004	  1.138	  0.002
19	  0.720	 34.124	  1.004	  1.138	  0.002
20	  0.720	 35.848	  1.004	  1.138	  0.002
21	  0.720	 37.572	  1.004	  1.138	  0.002
22	  0.720	 39.296	  1.004	  1.138	  0.002
23	  0.720	 41.020	  1.004	  1.138	  0.002
24	  0.720	 42.744	  1.004	  1.138	  0.002
25	  0.720	 44.468	  1.004	  1.138	  0.002
26	  0.720	 46.193	  1.004	  1.138	  0.002
27	  0.720	 47.917	  1.004	  1.138	  0.002
28	  0.720	 49.641	  1.004	  1.138	  0.002
29	  0.720	 51.365	  1.004	  1.138	  0.002
30	  0.720	 53.089	  1.004	  1.138	  0.002
31	  0.720	 54.813	  1.004	  1.138	  0.002
32	  0.720	 56.537	  1.004	  1.138	  0.002
33	  0.720	 58.262	  1.004	  1.138	  0.002
34	  0.720	 59.986	  1.004	  1.138	  0.002
35	  0.720	 61.710	  1.004	  1.138	  0.002
36	  0.720	 63.434	  1.004	  1.138	  0.002
37	  0.720	 65.158	  1.004	  1.138	  0.002
38	  0.720	 66.882	  1.004	  1.138	  0.002
39	  0.720	 68.606	  1.004	  1.138	  0.002
40	  0.720	 70.331	  1.004	  1.138	  0.002
41	  0.720	 72.055	  1.004	  1.138	  0.002
42	  0.720	 73.779	  1.004	  1.138	  0.002
43	  0.720	 75.503	  1.004	  1.138	  0.002
44	  0.720	 77.227	  1.004	  1.138	  0.002
45	  0.720	 78.951	  1.004	  1.138	  0.002
46	  0.720	 80.675	  1.004	  1.138	  0.002
47	  0.720	 82.399	  1.004	  1.138	  0.002
48	  0.720	 84.124	  1.004	  1.138	  0.002
49	  0.720	 85.848	  1.004	  1.138	  0.002
50	  0.720	 87.572	  1.004	  1.138	  0.002
51	  0.720	 89.296	  1.004	  1.138	  0.002
52	  0.720	 91.020	  1.004	  1.138	  0.002
53	  0.720	 92.744	  1.004	  1.138	  0.002
54	  0.720	 94.468	  1.004	  1.138	  0.002
55	  0.720	 96.193	  1.004	  1.138	  0.002
56	  0.720	 97.917	  1.004	  1.138	  0.002
57	  0.720	 99.641	  1.004	  1.138	  0.002
0	  0.840	  1.506	  1.004	  1.212	  0.002
1	  0.840	  3.230	  1.004	  1.212	  0.002
2	  0.840	  4.954	  1.004	  1.212	  0.002
3	  0.840	  6.678	  1.004	  1.212	  0.002
4	  0.840	  8.402	  1.004	  1.212	  0.002
5	  0.840	 10.127	  1.004	  1.212	  0.002
6	  0.840	 11.851	  1.004	  1.212	  0.002
7	  0.840	 13.575	  1.004	  1.212	  0.002
8	  0.840	 15.299	  1.004	  1.212	  0.002
9	  0.840	 17.023	  1.004	  1.212	  0.002
10	  0.840	 18.747	  1.004	  1.212	  0.002
11	  0.840	 20.471	  1.004	  1.212	  0.002
12	  0.840	 22.196	  1.004	  1.212	  0.002
13	  0.840	 23.920	  1.004	  1.212	  0.002
14	  0.840	 25.644	  1.004	  1.212	  0.002
15	  0.840	 27.368	  1.004	  1.212	  0.002
16	  0.840	 29.092	  1.004	  1.212	  0.002
17	  0.840	 30.816	  1.004	  1.212	  0.002
18	  0.840	 32.540	  1.004	  1.212	  0.002
19	  0.840	 34.264	  1.004	  1.212	  0.002
20	  0.840	 35.989	  1.004	  1.212	  0.002
21	  0.840	 37.713	  1.004	  1.212	  0.002
22	  0.840	 39.437	  1.004	  1.212	  0.002
23	  0.840	 41.161	  1.004	  1.212	  0.002
24	  0.840	 42.885	  1.004	  1.212	  0.002
25	  0.840	 44.609	  1.004	  1.212	  0.002
26	  0.840	 46.333	  1.004	  1.212	  0.002
27	  0.840	 48.058	  1.004	  1.212	  0.002
28	  0.840	 49.782	  1.004	  1.212	  0.002
29	  0.840	 51.506	  1.004	  1.212	  0.002
30	  0.840	 53.230	  1.004	  1.212	  0.002
31	  0.840	 54.954	  1.004	  1.212	  0.002
32	  0.840	 56.678	  1.004	  1.212	  0.002
33	  0.840	 58.402	  1.004	  1.212	  0.002
34	  0.840	 60.127	  1.004	  1.212	  0.002
35	  0.840	 61.851	  1.004	  1.212	  0.002
36	  0.840	 63.575	  1.004	  1.212	  0.002
37	  0.840	 65.299	  1.004	  1.212	  0.002
38	  0.840	 67.023	  1.004	  1.212	  0.002
39	  0.840	 68.747	  1.004	  1.212	  0.002
40	  0.840	 70.471	  1.004	  1.212	  0.002
41	  0.840	 72.196	  1.004	  1.212	  0.002
42	  0.840	 73.920	  1.004	  1.212	  0.002
43	  0.840	 75.644	  1.004	  1.212	  0.002
44	  0.840	 77.368	  1.004	  1.212	  0.002
45	  0.840	 79.092	  1.004	  1.212	  0.002
46	  0.840	 80.816	  1.004	  1.212	  0.002
47	  0.840	 82.540	  1.004	  1.212	  0.002
48	  0.840	 84.264	  1.004	  1.212	  0.002
49	  0.840	 85.989	  1.004	  1.212	  0.002
50	  0.840	 87.713	  1.004	  1.212	  0.002
51	  0.840	 89.437	  1.004	  1.212	  0.002
52	  0.840	 91.161	  1.004	  1.212	  0.002
53	  0.840	 92.885	  1.004	  1.212	  0.002
54	  0.840	 94.609	  1.004	  1.212	  0.002
55	  0.840	 96.333	  1.004	  1.212	  0.002
56	  0.840	 98.058	  1.004	  1.212	  0.002
57	  0.840	 99.782	  1.004	  1.212	  0.002
0	  0.960	  1.655	  1.004	  1.270	  0.001
1	  0.960	  3.379	  1.004	  1.270	  0.001
2	  0.960	  5.103	  1.004	  1.270	  0.001
3	  0.960	  6.827	  1.004	  1.270	  0.001
4	  0.960	  8.551	  1.004	  1.270	  0.001
5	  0.960	 10.275	  1.004	  1.270	  0.001
6	  0.960	 12.000	  1.004	  1.270	  0.001
7	  0.960	 13.724	  1.004	  1.270	  0.001
8	  0.960	 15.448	  1.004	  1.270	  0.001
9	  0.960	 17.172	  1.004	  1.270	  0.001
10	  0.960	 18.896	  1.004	  1.270	  0.001
11	  0.960	 20.620	  1.004	  1.270	  0.001
12	  0.960	 22.344	  1.004	  1.270	  0.001
13	  0.960	 24.068	  1.004	  1.270	  0.001
14	  0.960	 25.793	  1.004	  1.270	  0.001
15	  0.960	 27.517	  1.004	  1.270	  0.001
16	  0.960	 29.241	  1.004	  1.270	  0.001
17	  0.960	 30.965	  1.004	  1.270	  0.001
18	  0.960	 32.689	  1.004	  1.270	  0.001
19	  0.960	 34.413	  1.004	  1.270	  0.001
20	  0.960	 36.137	  1.004	  1.270	  0.001
21	  0.960	 37.862	  1.004	  1.270	  0.001
22	  0.960	 39.586	  1.004	  1.270	  0.001
23	  0.960	 41.310	  1.004	  1.270	  0.001
24	  0.960	 43.034	  1.004	  1.270	  0.001
25	  0.960	 44.758	  1.004	  1.270	  0.001
26	  0.960	 46.482	  1.004	  1.270	  0.001
27	  0.960	 48.206	  1.004	  1.270	  0.001
28	  0.960	 49.931	  1.004	  1.270	  0.001
29	  0.960	 51.655	  1.004	  1.270	  0.001
30	  0.960	 53.379	  1.004	  1.270	  0.001
31	  0.960	 55.103	  1.004	  1.270	  0.001
32	  0.960	 56.827	  1.004	  1.270	  0.001
33	  0.960	 58.551	  1.004	  1.270	  0.001
34	  0.960	 60.275	  1.004	  1.270	  0.001
35	  0.960	 62.000	  1.004	  1.270	  0.001
36	  0.960	 63.724	  1.004	  1.270	  0.001
37	  0.960	 65.448	  1.004	  1.270	  0.001
38	  0.960	 67.172	  1.004	  1.270	  0.001
39	  0.960	 68.896	  1.004	  1.270	  0.001
40	  0.960	 70.620	  1.004	  1.270	  0.001
41	  0.960	 72.344	  1.004	  1.270	  0.001
42	  0.960	 74.068	  1.004	  1.270	  0.001
43	  0.960	 75.793	  1.004	  1.270	  0.001
44	  0.960	 77.517	  1.004	  1.270	  0.001
45	  0.960	 79.241	  1.004	  1.270	  0.001
46	  0.960	 80.965	  1.004	  1.270	  0.001
47	  0.960	 82.689	  1.004	  1.270	  0.001
48	  0.960	 84.413	  1.004	  1.270	  0.001
49	  0.960	 86.137	  1.004	  1.270	  0.001
50	  0.960	 87.862	  1.004	  1.270	  0.001
51	  0.960	 89.586	  1.004	  1.270	  0.001
52	  0.960	 91.310	  1.004	  1.270	  0.001
53	  0.960	 93.034	  1.004	  1.270	  0.001
54	  0.960	 94.758	  1.004	  1.270	  0.001
55	  0.960	 96.482	  1.004	  1.270	  0.001
56	  0.960	 98.206	  1.004	  1.270	  0.001
57	  0.960	 99.931	  1.004	  1.270	  0.001
0	  1.080	  1.810	  1.004	  1.316	  0.001
1	  1.080	  3.534	  1.004	  1.316	  0.001
2	  1.080	  5.258	  1.004	  1.316	  0.001
3	  1.080	  6.982	  1.004	  1.316	  0.001
4	  1.080	  8.706	  1.004	  1.316	  0.001
5	  1.080	 10.430	  1.004	  1.316	  0.001
6	  1.080	 12.155	  1.004	  1.316	  0.001
7	  1.080	 13.879	  1.004	  1.316	  0.001
8	  1.080	 15.603	  1.004	  1.316	  0.001
9	  1.080	 17.327	  1.004	  1.316	  0.001
10	  1.080	 19.051	  1.004	  1.316	  0.001
11	  1.080	 20.775	  1.004	  1.316	  0.001
12	  1.080	 22.499	  1.004	  1.316	  0.001
13	  1.080	 24.224	  1.004	  1.316	  0.001
14	  1.080	 25.948	  1.004	  1.316	  0.001
15	  1.080	 27.672	  1.004	  1.316	  0.001
16	  1.080	 29.396	  1.004	  1.316	  0.001
17	  1.080	 31.120	  1.004	  1.316	  0.001
18	  1.080	 32.844	  1.004	  1.316	  0.001
19	  1.080	 34.568	  1.004	  1.316	  0.001
20	  1.080	 36.293	  1.004	  1.316	  0.001
21	  1.080	 38.017	  1.004	  1.316	  0.001
22	  1.080	 39.741	  1.004	  1.316	  0.001
23	  1.080	 41.465	  1.004	  1.316	  0.001
24	  1.080	 43.189	  1.004	  1.316	  0.001
25	  1.080	 44.913	  1.004	  1.316	  0.001
26	  1.080	 46.637	  1.004	  1.316	  0.001
27	  1.080	 48.361	  1.004	  1.316	  0.001
28	  1.080	 50.086	  1.004	  1.316	  0.001
29	  1.080	 51.810	  1.004	  1.316	  0.001
30	  1.080	 53.534	  1.004	  1.316	  0.001
31	  1.080	 55.258	  1.004	  1.316	  0.001
32	  1.080	 56.982	  1.004	  1.316	  0.001
33	  1.080	 58.706	  1.004	  1.316	  0.001
34	  1.080	 60.430	  1.004	  1.316	  0.001
35	  1.080	 62.155	  1.004	  1.316	  0.001
36	  1.080	 63.879	  1.004	  1.316	  0.001
37	  1.080	 65.603	  1.004	  1.316	  0.001
38	  1.080	 67.327	  1.004	  1.316	  0.001
39	  1.080	 69.051	  1.004	  1.316	  0.001
40	  1.080	 70.775	  1.004	  1.316	  0.001
41	  1.080	 72.499	  1.004	  1.316	  0.001
42	  1.080	 74.224	  1.004	  1.316	  0.001
43	  1.080	 75.948	  1.004	  1.316	  0.001
44	  1.080	 77.672	  1.004	  1.316	  0.001
45	  1.080	 79.396	  1.004	  1.316	  0.001
46	  1.080	 81.120	  1.004	  1.316	  0.001
47	  1.080	 82.844	  1.004	  1.316	  0.001
48	  1.080	 84.568	  1.004	  1.316	  0.001
49	  1.080	 86.293	  1.004	  1.316	  0.001
50	  1.080	 88.017	  1.004	  1.316	  0.001
51	  1.080	 89.741	  1.004	  1.316	  0.001
52	  1.080	 91.465	  1.004	  1.316	  0.001
53	  1.080	 93.189	  1.004	  1.316	  0.001
54	  1.080	 94.913	  1.004	  1.316	  0.001
55	  1.080	 96.637	  1.004	  1.316	  0.001
56	  1.080	 98.361	  1.004	  1.316	  0.001
57	  1.080	100.086	  1.004	  1.316	  0.001
0	  1.200	  1.970	  1.005	  1.352	  0.001
1	  1.200	  3.694	  1.005	  1.352	  0.001
2	  1.200	  5.418	  1.005	  1.352	  0.001
3	  1.200	  7.142	  1.005	  1.352	  0.001
4	  1.200	  8.866	  1.005	  1.352	  0.001
5	  1.200	 10.590	  1.005	  1.352	  0.001
6	  1.200	 12.315	  1.005	  1.352	  0.001
7	  1.200	 14.039	  1.005	  1.352	  0.001
8	  1.200	 15.763	  1.005	  1.352	  0.001
9	  1.200	 17.487	  1.005	  1.352	  0.001
10	  1.200	 19.211	  1.005	  1.352	  0.001
11	  1.200	 20.935	  1.005	  1.352	  0.001
12	  1.200	 22.659	  1.005	  1.352	  0.001
13	  1.200	 24.384	  1.005	  1.352	  0.001
14	  1.200	 26.108	  1.005	  1.352	  0.001
15	  1.200	 27.832	  1.005	  1.352	  0.001
16	  1.200	 29.556	  1.005	  1.352	  0.001
17	  1.200	 31.280	  1.005	  1.352	  0.001
18	  1.200	 33.004	  1.005	  1.352	  0.001
19	  1.200	 34.728	  1.005	  1.352	  0.001
20	  1.200	 36.453	  1.005	  1.352	  0.001
21	  1.200	 38.177	  1.005	  1.352	  0.001
22	  1.200	 39.901	  1.005	  1.352	  0.001
23	  1.200	 41.625	  1.005	  1.352	  0.001
24	  1.200	 43.349	  1.005	  1.352	  0.001
25	  1.200	 45.073	  1.005	  1.352	  0.001
26	  1.200	 46.797	  1.005	  1.352	  0.001
27	  1.200	 48.521	  1.005	  1.352	  0.001
28	  1.200	 50.246	  1.005	  1.352	  0.001
29	  1.200	 51.970	  1.005	  1.352	  0.001
30	  1.200	 53.694	  1.005	  1.352	  0.001
31	  1.200	 55.418	  1.005	  1.352	  0.001
32	  1.200	 57.142	  1.005	  1.352	  0.001
33	  1.200	 58.866	  1.005	  1.352	  0.001
34	  1.200	 60.590	  1.005	  1.352	  0.001
35	  1.200	 62.315	  1.005	  1.352	  0.001
36	  1.200	 64.039	  1.005	  1.352	  0.001
37	  1.200	 65.763	  1.005	  1.352	  0.001
38	  1.200	 67.487	  1.005	  1.352	  0.001
39	  1.200	 69.211	  1.005	  1.352	  0.001
40	  1.200	 70.935	  1.005	  1.352	  0.001
41	  1.200	 72.659	  1.005	  1.352	  0.001
42	  1.200	 74.384	  1.005	  1.352	  0.001
43	  1.200	 76.108	  1.005	  1.352	  0.001
44	  1.200	 77.832	  1.005	  1.352	  0.001
45	  1.200	 79.556	  1.005	  1.352	  0.001
46	  1.200	 81.280	  1.005	  1.352	  0.001
47	  1.200	 83.004	  1.005	  1.352	  0.001
48	  1.200	 84.728	  1.005	  1.352	  0.001
49	  1.200	 86.453	  1.005	  1.352	  0.001
50	  1.200	 88.177	  1.005	  1.352	  0.001
51	  1.200	 89.901	  1.005	  1.352	  0.001
52	  1.200	 91.625	  1.005	  1.352	  0.001
53	  1.200	 93.349	  1.005	  1.352	  0.001
54	  1.200	 95.073	  1.005	  1.352	  0.001
55	  1.200	 96.797	  1.005	  1.352	  0.001
56	  1.200	 98.521	  1.005	  1.352	  0.001
57	  1.200	100.246	  1.005	  1.352	  0.001
0	  1.320	  2.134	  1.005	  1.380	  0.001
1	  1.320	  3.858	  1.005	  1.380	  0.001
2	  1.320	  5.582	  1.005	  1.380	  0.001
3	  1.320	  7.306	  1.005	  1.380	  0.001
4	  1.320	  9.030	  1.005	  1.380	  0.001
5	  1.320	 10.754	  1.005	  1.380	  0.001
6	  1.320	 12.478	  1.005	  1.380	  0.001
7	  1.320	 14.203	  1.005	  1.380	  0.001
8	  1.320	 15.927	  1.005	  1.380	  0.001
9	  1.320	 17.651	  1.005	  1.380	  0.001
10	  1.320	 19.375	  1.005	  1.380	  0.001
11	  1.320	 21.099	  1.005	  1.380	  0.001
12	  1.320	 22.823	  1.005	  1.380	  0.001
13	  1.320	 24.547	  1.005	  1.380	  0.001
14	  1.320	 26.272	  1.005	  1.380	  0.001
15	  1.320	 27.996	  1.005	  1.380	  0.001
16	  1.320	 29.720	  1.005	  1.380	  0.001
17	  1.320	 31.444	  1.005	  1.380	  0.001
18	  1.320	 33.168	  1.005	  1.380	  0.001
19	  1.320	 34.892	  1.005	  1.380	  0.001
20	  1.320	 36.616	  1.005	  1.380	  0.001
21	  1.320	 38.340	  1.005	  1.380	  0.001
22	  1.320	 40.065	  1.005	  1.380	  0.001
23	  1.320	 41.789	  1.005	  1.380	  0.001
24	  1.320	 43.513	  1.005	  1.380	  0.001
25	  1.320	 45.237	  1.005	  1.380	  0.001
26	  1.320	 46.961	  1.005	  1.380	  0.001
27	  1.320	 48.685	  1.005	  1.380	  0.001
28	  1.320	 50.409	  1.005	  1.380	  0.001
29	  1.320	 52.134	  1.005	  1.380	  0.001
30	  1.320	 53.858	  1.005	  1.380	  0.001
31	  1.320	 55.582	  1.005	  1.380	  0.001
32	  1.320	 57.306	  1.005	  1.380	  0.001
33	  1.320	 59.030	  1.005	  1.380	  0.001
34	  1.320	 60.754	  1.005	  1.380	  0.001
35	  1.320	 62.478	  1.005	  1.380	  0.001
36	  1.320	 64.203	  1.005	  1.380	  0.001
37	  1.320	 65.927	  1.005	  1.380	  0.001
38	  1.320	 67.651	  1.005	  1.380	  0.001
39	  1.320	 69.375	  1.005	  1.380	  0.001
40	  1.320	 71.099	  1.005	  1.380	  0.001
41	  1.320	 72.823	  1.005	  1.380	  0.001
42	  1.320	 74.547	  1.005	  1.380	  0.001
43	  1.320	 76.272	  1.005	  1.380	  0.001
44	  1.320	 77.996	  1.005	  1.380	  0.001
45	  1.320	 79.720	  1.005	  1.380	  0.001
46	  1.320	 81.444	  1.005	  1.380	  0.001
47	  1.320	 83.168	  1.005	  1.380	  0.001
48	  1.320	 84.892	  1.005	  1.380	  0.001
49	  1.320	 86.616	  1.005	  1.380	  0.001
50	  1.320	 88.340	  1.005	  1.380	  0.001
51	  1.320	 90.065	  1.005	  1.380	  0.001
52	  1.320	 91.789	  1.005	  1.380	  0.001
53	  1.320	 93.513	  1.005	  1.380	  0.001
54	  1.320	 95.237	  1.005	  1.380	  0.001
55	  1.320	 96.961	  1.005	  1.380	  0.001
56	  1.320	 98.685	  1.005	  1.380	  0.001
57	  1.320	100.409	  1.005	  1.380	  0.001
0	  1.440	  2.300	  1.005	  1.402	  0.001
1	  1.440	  4.025	  1.005	  1.402	  0.001
2	  1.440	  5.749	  1.005	  1.402	  0.001
3	  1.440	  7.473	  1.005	  1.402	  0.001
4	  1.440	  9.197	  1.005	  1.402	  0.001
5	  1.440	 10.921	  1.005	  1.402	  0.001
6	  1.440	 12.645	  1.005	  1.402	  0.001
7	  1.440	 14.369	  1.005	  1.402	  0.001
8	  1.440	 16.094	  1.005	  1.402	  0.001
9	  1.440	 17.818	  1.005	  1.402	  0.001
10	  1.440	 19.542	  1.005	  1.402	  0.001
11	  1.440	 21.266	  1.005	  1.402	  0.001
12	  1.440	 22.990	  1.005	  1.402	  0.001
13	  1.440	 24.714	  1.005	  1.402	  0.001
14	  1.440	 26.438	  1.005	  1.402	  0.001
15	  1.440	 28.162	  1.005	  1.402	  0.001
16	  1.440	 29.887	  1.005	  1.402	  0.001
17	  1.440	 31.611	  1.005	  1.402	  0.001
18	  1.440	 33.335	  1.005	  1.402	  0.001
19	  1.440	 35.059	  1.005	  1.402	  0.001
20	  1.440	 36.783	  1.005	  1.402	  0.001
21	  1.440	 38.507	  1.005	  1.402	  0.001
22	  1.440	 40.231	  1.005	  1.402	  0.001
23	  1.440	 41.956	  1.005	  1.402	  0.001
24	  1.440	 43.680	  1.005	  1.402	  0.001
25	  1.440	 45.404	  1.005	  1.402	  0.001
26	  1.440	 47.128	  1.005	  1.402	  0.001
27	  1.440	 48.852	  1.005	  1.402	  0.001
28	  1.440	 50.576	  1.005	  1.402	  0.001
29	  1.440	 52.300	  1.005	  1.402	  0.001
30	  1.440	 54.025	  1.005	  1.402	  0.001
31	  1.440	 55.749	  1.005	  1.402	  0.001
32	  1.440	 57.473	  1.005	  1.402	  0.001
33	  1.440	 59.197	  1.005	  1.402	  0.001
34	  1.440	 60.921	  1.005	  1.402	  0.001
35	  1.440	 62.645	  1.005	  1.402	  0.001
36	  1.440	 64.369	  1.005	  1.402	  0.001
37	  1.440	 66.094	  1.005	  1.402	  0.001
38	  1.440	 67.818	  1.005	  1.402	  0.001
39	  1.440	 69.542	  1.005	  1.402	  0.001
40	  1.440	 71.266	  1.005	  1.402	  0.001
41	  1.440	 72.990	  1.005	  1.402	  0.001
42	  1.440	 74.714	  1.005	  1.402	  0.001
43	  1.440	 76.438	  1.005	  1.402	  0.001
44	  1.440	 78.162	  1.005	  1.402	  0.001
45	  1.440	 79.887	  1.005	  1.402	  0.001
46	  1.440	 81.611	  1.005	  1.402	  0.001
47	  1.440	 83.335	  1.005	  1.402	  0.001
48	  1.440	 85.059	  1.005	  1.402	  0.001
49	  1.440	 86.783	  1.005	  1.402	  0.001
50	  1.440	 88.507	  1.005	  1.402	  0.001
51	  1.440	 90.231	  1.005	  1.402	  0.001
52	  1.440	 91.956	  1.005	  1.402	  0.001
53	  1.440	 93.680	  1.005	  1.402	  0.001
54	  1.440	 95.404	  1.005	  1.402	  0.001
55	  1.440	 97.128	  1.005	  1.402	  0.001
56	  1.440	 98.852	  1.005	  1.402	  0.001
57	  1.440	100.576	  1.005	  1.402	  0.001
0	  1.560	  2.470	  1.005	  1.419	  0.000
1	  1.560	  4.194	  1.005	  1.419	  0.000
2	  1.560	  5.918	  1.005	  1.419	  0.000
3	  1.560	  7.642	  1.005	  1.419	  0.000
4	  1.560	  9.366	  1.005	  1.419	  0.000
5	  1.560	 11.090	  1.005	  1.419	  0.000
6	  1.560	 12.814	  1.005	  1.419	  0.000
7	  1.560	 14.539	  1.005	  1.419	  0.000
8	  1.560	 16.263	  1.005	  1.419	  0.000
9	  1.560	 17.987	  1.005	  1.419	  0.000
10	  1.560	 19.711	  1.005	  1.419	  0.000
11	  1.560	 21.435	  1.005	  1.419	  0.000
12	  1.560	 23.159	  1.005	  1.419	  0.000
13	  1.560	 24.883	  1.005	  1.419	  0.000
14	  1.560	 26.608	  1.005	  1.419	  0.000
15	  1.560	 28.332	  1.005	  1.419	  0.000
16	  1.560	 30.056	  1.005	  1.419	  0.000
17	  1.560	 31.780	  1.005	  1.419	  0.000
18	  1.560	 33.504	  1.005	  1.419	  0.000
19	  1.560	 35.228	  1.005	  1.419	  0.000
20	  1.560	 36.952	  1.005	  1.419	  0.000
21	  1.560	 38.677	  1.005	  1.419	  0.000
22	  1.560	 40.401	  1.005	  1.419	  0.000
23	  1.560	 42.125	  1.005	  1.419	  0.000
24	  1.560	 43.849	  1.005	  1.419	  0.000
25	  1.560	 45.573	  1.005	  1.419	  0.000
26	  1.560	 47.297	  1.005	  1.419	  0.000
27	  1.560	 49.021	  1.005	  1.419	  0.000
28	  1.560	 50.746	  1.005	  1.419	  0.000
29	  1.560	 52.470	  1.005	  1.419	  0.000
30	  1.560	 54.194	  1.005	  1.419	  0.000
31	  1.560	 55.918	  1.005	  1.419	  0.000
32	  1.560	 57.642	  1.005	  1.419	  0.000
33	  1.560	 59.366	  1.005	  1.419	  0.000
34	  1.560	 61.090	  1.005	  1.419	  0.000
35	  1.560	 62.814	  1.005	  1.419	  0.000
36	  1.560	 64.539	  1.005	  1.419	  0.000
37	  1.560	 66.263	  1.005	  1.419	  0.000
38	  1.560	 67.987	  1.005	  1.419	  0.000
39	  1.560	 69.711	  1.005	  1.419	  0.000
40	  1.560	 71.435	  1.005	  1.419	  0.000
41	  1.560	 73.159	  1.005	  1.419	  0.000
42	  1.560	 74.883	  1.005	  1.419	  0.000
43	  1.560	 76.608	  1.005	  1.419	  0.000
44	  1.560	 78.332	  1.005	  1.419	  0.000
45	  1.560	 80.056	  1.005	  1.419	  0.000
46	  1.560	 81.780	  1.005	  1.419	  0.000
47	  1.560	 83.504	  1.005	  1.419	  0.000
48	  1.560	 85.228	  1.005	  1.419	  0.000
49	  1.560	 86.952	  1.005	  1.419	  0.000
50	  1.560	 88.677	  1.005	  1.419	  0.000
51	  1.560	 90.401	  1.005	  1.419	  0.000
52	  1.560	 92.125	  1.005	  1.419	  0.000
53	  1.560	 93.849	  1.005	  1.419	  0.000
54	  1.560	 95.573	  1.005	  1.419	  0.000
55	  1.560	 97.297	  1.005	  1.419	  0.000
56	  1.560	 99.021	  1.005	  1.419	  0.000
57	  1.560	100.746	  1.005	  1.419	  0.000
0	  1.680	  2.641	  1.005	  1.433	  0.000
1	  1.680	  4.365	  1.005	  1.433	  0.000
2	  1.680	  6.089	  1.005	  1.433	  0.000
3	  1.680	  7.813	  1.005	  1.433	  0.000
4	  1.680	  9.537	  1.005	  1.433	  0.000
5	  1.680	 11.261	  1.005	  1.433	  0.000
6	  1.680	 12.986	  1.005	  1.433	  0.000
7	  1.680	 14.710	  1.005	  1.433	  0.000
8	  1.680	 16.434	  1.005	  1.433	  0.000
9	  1.680	 18.158	  1.005	  1.433	  0.000
10	  1.680	 19.882	  1.005	  1.433	  0.000
11	  1.680	 21.606	  1.005	  1.433	  0.000
12	  1.680	 23.330	  1.005	  1.433	  0.000
13	  1.680	 25.055	  1.005	  1.433	  0.000
14	  1.680	 26.779	  1.005	  1.433	  0.000
15	  1.680	 28.503	  1.005	  1.433	  0.000
16	  1.680	 30.227	  1.005	  1.433	  0.000
17	  1.680	 31.951	  1.005	  1.433	  0.000
18	  1.680	 33.675	  1.005	  1.433	  0.000
19	  1.680	 35.399	  1.005	  1.433	  0.000
20	  1.680	 37.123	  1.005	  1.433	  0.000
21	  1.680	 38.848	  1.005	  1.433	  0.000
22	  1.680	 40.572	  1.005	  1.433	  0.000
23	  1.680	 42.296	  1.005	  1.433	  0.000
24	  1.680	 44.020	  1.005	  1.433	  0.000
25	  1.680	 45.744	  1.005	  1.433	  0.000
26	  1.680	 47.468	  1.005	  1.433	  0.000
27	  1.680	 49.192	  1.005	  1.433	  0.000
28	  1.680	 50.917	  1.005	  1.433	  0.000
29	  1.680	 52.641	  1.005	  1.433	  0.000
30	  1.680	 54.365	  1.005	  1.433	  0.000
31	  1.680	 56.089	  1.005	  1.433	  0.000
32	  1.680	 57.813	  1.005	  1.433	  0.000
33	  1.680	 59.537	  1.005	  1.433	  0.000
34	  1.680	 61.261	  1.005	  1.433	  0.000
35	  1.680	 62.986	  1.005	  1.433	  0.000
36	  1.680	 64.710	  1.005	  1.433	  0.000
37	  1.680	 66.434	  1.005	  1.433	  0.000
38	  1.680	 68.158	  1.005	  1.433	  0.000
39	  1.680	 69.882	  1.005	  1.433	  0.000
40	  1.680	 71.606	  1.005	  1.433	  0.000
41	  1.680	 73.330	  1.005	  1.433	  0.000
42	  1.680	 75.055	  1.005	  1.433	  0.000
43	  1.680	 76.779	  1.005	  1.433	  0.000
44	  1.680	 78.503	  1.005	  1.433	  0.000
45	  1.680	 80.227	  1.005	  1.433	  0.000
46	  1.680	 81.951	  1.005	  1.433	  0.000
47	  1.680	 83.675	  1.005	  1.433	  0.000
48	  1.680	 85.399	  1.005	  1.433	  0.000
49	  1.680	 87.123	  1.005	  1.433	  0.000
50	  1.680	 88.848	  1.005	  1.433	  0.000
51	  1.680	 90.572	  1.005	  1.433	  0.000
52	  1.680	 92.296	  1.005	  1.433	  0.000
53	  1.680	 94.020	  1.005	  1.433	  0.000
54	  1.680	 95.744	  1.005	  1.433	  0.000
55	  1.680	 97.468	  1.005	  1.433	  0.000
56	  1.680	 99.192	  1.005	  1.433	  0.000
57	  1.680	100.917	  1.005	  1.433	  0.000
0	  1.800	  2.813	  1.005	  1.443	  0.000
1	  1.800	  4.537	  1.005	  1.443	  0.000
2	  1.800	  6.262	  1.005	  1.443	  0.000
3	  1.800	  7.986	  1.005	  1.443	  0.000
4	  1.800	  9.710	  1.005	  1.443	  0.000
5	  1.800	 11.434	  1.005	  1.443	  0.000
6	  1.800	 13.158	  1.005	  1.443	  0.000
7	  1.800	 14.882	  1.005	  1.443	  0.000
8	  1.800	 16.606	  1.005	  1.443	  0.000
9	  1.800	 18.331	  1.005	  1.443	  0.000
10	  1.800	 20.055	  1.005	  1.443	  0.000
11	  1.800	 21.779	  1.005	  1.443	  0.000
12	  1.800	 23.503	  1.005	  1.443	  0.000
13	  1.800	 25.227	  1.005	  1.443	  0.000
14	  1.800	 26.951	  1.005	  1.443	  0.000
15	  1.800	 28.675	  1.005	  1.443	  0.000
16	  1.800	 30.399	  1.005	  1.443	  0.000
17	  1.800	 32.124	  1.005	  1.443	  0.000
18	  1.800	 33.848	  1.005	  1.443	  0.000
19	  1.800	 35.572	  1.005	  1.443	  0.000
20	  1.800	 37.296	  1.005	  1.443	  0.000
21	  1.800	 39.020	  1.005	  1.443	  0.000
22	  1.800	 40.744	  1.005	  1.443	  0.000
23	  1.800	 42.468	  1.005	  1.443	  0.000
24	  1.800	 44.193	  1.005	  1.443	  0.000
25	  1.800	 45.917	  1.005	  1.443	  0.000
26	  1.800	 47.641	  1.005	  1.443	  0.000
27	  1.800	 49.365	  1.005	  1.443	  0.000
28	  1.800	 51.089	  1.005	  1.443	  0.000
29	  1.800	 52.813	  1.005	  1.443	  0.000
30	  1.800	 54.537	  1.005	  1.443	  0.000
31	  1.800	 56.262	  1.005	  1.443	  0.000
32	  1.800	 57.986	  1.005	  1.443	  0.000
33	  1.800	 59.710	  1.005	  1.443	  0.000
34	  1.800	 61.434	  1.005	  1.443	  0.000
35	  1.800	 63.158	  1.005	  1.443	  0.000
36	  1.800	 64.882	  1.005	  1.443	  0.000
37	  1.800	 66.606	  1.005	  1.443	  0.000
38	  1.800	 68.331	  1.005	  1.443	  0.000
39	  1.800	 70.055	  1.005	  1.443	  0.000
40	  1.800	 71.779	  1.005	  1.443	  0.000
41	  1.800	 73.503	  1.005	  1.443	  0.000
42	  1.800	 75.227	  1.005	  1.443	  0.000
43	  1.800	 76.951	  1.005	  1.443	  0.000
44	  1.800	 78.675	  1.005	  1.443	  0.000
45	  1.800	 80.399	  1.005	  1.443	  0.000
46	  1.800	 82.124	  1.005	  1.443	  0.000
47	  1.800	 83.848	  1.005	  1.443	  0.000
48	  1.800	 85.572	  1.005	  1.443	  0.000
49	  1.800	 87.296	  1.005	  1.443	  0.000
50	  1.800	 89.020	  1.005	  1.443	  0.000
51	  1.800	 90.744	  1.005	  1.443	  0.000
52	  1.800	 92.468	  1.005	  1.443	  0.000
53	  1.800	 94.193	  1.005	  1.443	  0.000
54	  1.800	 95.917	  1.005	  1.443	  0.000
55	  1.800	 97.641	  1.005	  1.443	  0.000
56	  1.800	 99.365	  1.005	  1.443	  0.000
57	  1.800	101.089	  1.005	  1.443	  0.000
0	  1.920	  2.987	  1.005	  1.452	  0.000
1	  1.920	  4.711	  1.005	  1.452	  0.000
2	  1.920	  6.435	  1.005	  1.452	  0.000
3	  1.920	  8.159	  1.005	  1.452	  0.000
4	  1.920	  9.883	  1.005	  1.452	  0.000
5	  1.920	 11.608	  1.005	  1.452	  0.000
6	  1.920	 13.332	  1.005	  1.452	  0.000
7	  1.920	 15.056	  1.005	  1.452	  0.000
8	  1.920	 16.780	  1.005	  1.452	  0.000
9	  1.920	 18.504	  1.005	  1.452	  0.000
10	  1.920	 20.228	  1.005	  1.452	  0.000
11	  1.920	 21.952	  1.005	  1.452	  0.000
12	  1.920	 23.677	  1.005	  1.452	  0.000
13	  1.920	 25.401	  1.005	  1.452	  0.000
14	  1.920	 27.125	  1.005	  1.452	  0.000
15	  1.920	 28.849	  1.005	  1.452	  0.000
16	  1.920	 30.573	  1.005	  1.452	  0.000
17	  1.920	 32.297	  1.005	  1.452	  0.000
18	  1.920	 34.021	  1.005	  1.452	  0.000
19	  1.920	 35.746	  1.005	  1.452	  0.000
20	  1.920	 37.470	  1.005	  1.452	  0.000
21	  1.920	 39.194	  1.005	  1.452	  0.000
22	  1.920	 40.918	  1.005	  1.452	  0.000
23	  1.920	 42.642	  1.005	  1.452	  0.000
24	  1.920	 44.366	  1.005	  1.452	  0.000
25	  1.920	 46.090	  1.005	  1.452	  0.000
26	  1.920	 47.815	  1.005	  1.452	  0.000
27	  1.920	 49.539	  1.005	  1.452	  0.000
28	  1.920	 51.263	  1.005	  1.452	  0.000
29	  1.920	 52.987	  1.005	  1.452	  0.000
30	  1.920	 54.711	  1.005	  1.452	  0.000
31	  1.920	 56.435	  1.005	  1.452	  0.000
32	  1.920	 58.159	  1.005	  1.452	  0.000
33	  1.920	 59.883	  1.005	  1.452	  0.000
34	  1.920	 61.608	  1.005	  1.452	  0.000
35	  1.920	 63.332	  1.005	  1.452	  0.000
36	  1.920	 65.056	  1.005	  1.452	  0.000
37	  1.920	 66.780	  1.005	  1.452	  0.000
38	  1.920	 68.504	  1.005	  1.452	  0.000
39	  1.920	 70.228	  1.005	  1.452	  0.000
40	  1.920	 71.952	  1.005	  1.452	  0.000
41	  1.920	 73.677	  1.005	  1.452	  0.000
42	  1.920	 75.401	  1.005	  1.452	  0.000
43	  1.920	 77.125	  1.005	  1.452	  0.000
44	  1.920	 78.849	  1.005	  1.452	  0.000
45	  1.920	 80.573	  1.005	  1.452	  0.000
46	  1.920	 82.297	  1.005	  1.452	  0.000
47	  1.920	 84.021	  1.005	  1.452	  0.000
48	  1.920	 85.746	  1.005	  1.452	  0.000
49	  1.920	 87.470	  1.005	  1.452	  0.000
50	  1.920	 89.194	  1.005	  1.452	  0.000
51	  1.920	 90.918	  1.005	  1.452	  0.000
52	  1.920	 92.642	  1.005	  1.452	  0.000
53	  1.920	 94.366	  1.005	  1.452	  0.000
54	  1.920	 96.090	  1.005	  1.452	  0.000
55	  1.920	 97.815	  1.005	  1.452	  0.000
56	  1.920	 99.539	  1.005	  1.452	  0.000
57	  1.920	101.263	  1.005	  1.452	  0.000
0	  2.040	  3.162	  1.005	  1.458	  0.000
1	  2.040	  4.886	  1.005	  1.458	  0.000
2	  2.040	  6.610	  1.005	  1.458	  0.000
3	  2.040	  8.334	  1.005	  1.458	  0.000
4	  2.040	 10.058	  1.005	  1.458	  0.000
5	  2.040	 11.782	  1.005	  1.458	  0.000
6	  2.040	 13.506	  1.005	  1.458	  0.000
7	  2.040	 15.230	  1.005	  1.458	  0.000
8	  2.040	 16.955	  1.005	  1.458	  0.000
9	  2.040	 18.679	  1.005	  1.458	  0.000
10	  2.040	 20.403	  1.005	  1.458	  0.000
11	  2.040	 22.127	  1.005	  1.458	  0.000
12	  2.040	 23.851	  1.005	  1.458	  0.000
13	  2.040	 25.575	  1.005	  1.458	  0.000
14	  2.040	 27.299	  1.005	  1.458	  0.000
15	  2.040	 29.024	  1.005	  1.458	  0.000
16	  2.040	 30.748	  1.005	  1.458	  0.000
17	  2.040	 32.472	  1.005	  1.458	  0.000
18	  2.040	 34.196	  1.005	  1.458	  0.000
19	  2.040	 35.920	  1.005	  1.458	  0.000
20	  2.040	 37.644	  1.005	  1.458	  0.000
21	  2.040	 39.368	  1.005	  1.458	  0.000
22	  2.040	 41.093	  1.005	  1.458	  0.000
23	  2.040	 42.817	  1.005	  1.458	  0.000
24	  2.040	 44.541	  1.005	  1.458	  0.000
25	  2.040	 46.265	  1.005	  1.458	  0.000
26	  2.040	 47.989	  1.005	  1.458	  0.000
27	  2.040	 49.713	  1.005	  1.458	  0.000
28	  2.040	 51.437	  1.005	  1.458	  0.000
29	  2.040	 53.162	  1.005	  1.458	  0.000
30	  2.040	 54.886	  1.005	  1.458	  0.000
31	  2.040	 56.610	  1.005	  1.458	  0.000
32	  2.040	 58.334	  1.005	  1.458	  0.000
33	  2.040	 60.058	  1.005	  1.458	  0.000
34	  2.040	 61.782	  1.005	  1.458	  0.000
35	  2.040	 63.506	  1.005	  1.458	  0.000
36	  2.040	 65.230	  1.005	  1.458	  0.000
37	  2.040	 66.955	  1.005	  1.458	  0.000
38	  2.040	 68.679	  1.005	  1.458	  0.000
39	  2.040	 70.403	  1.005	  1.458	  0.000
40	  2.040	 72.127	  1.005	  1.458	  0.000
41	  2.040	 73.851	  1.005	  1.458	  0.000
42	  2.040	 75.575	  1.005	  1.458	  0.000
43	  2.040	 77.299	  1.005	  1.458	  0.000
44	  2.040	 79.024	  1.005	  1.458	  0.000
45	  2.040	 80.748	  1.005	  1.458	  0.000
46	  2.040	 82.472	  1.005	  1.458	  0.000
47	  2.040	 84.196	  1.005	  1.458	  0.000
48	  2.040	 85.920	  1.005	  1.458	  0.000
49	  2.040	 87.644	  1.005	  1.458	  0.000
50	  2.040	 89.368	  1.005	  1.458	  0.000
51	  2.040	 91.093	  1.005	  1.458	  0.000
52	  2.040	 92.817	  1.005	  1.458	  0.000
53	  2.040	 94.541	  1.005	  1.458	  0.000
54	  2.040	 96.265	  1.005	  1.458	  0.000
55	  2.040	 97.989	  1.005	  1.458	  0.000
56	  2.040	 99.713	  1.005	  1.458	  0.000
57	  2.040	101.437	  1.005	  1.458	  0.000
0	  2.160	  3.337	  1.005	  1.463	  0.000
1	  2.160	  5.061	  1.005	  1.463	  0.000
2	  2.160	  6.785	  1.005	  1.463	  0.000
3	  2.160	  8.509	  1.005	  1.463	  0.000
4	  2.160	 10.233	  1.005	  1.463	  0.000
5	  2.160	 11.958	  1.005	  1.463	  0.000
6	  2.160	 13.682	  1.005	  1.463	  0.000
7	  2.160	 15.406	  1.005	  1.463	  0.000
8	  2.160	 17.130	  1.005	  1.463	  0.000
9	  2.160	 18.854	  1.005	  1.463	  0.000
10	  2.160	 20.578	  1.005	  1.463	  0.000
11	  2.160	 22.302	  1.005	  1.463	  0.000
12	  2.160	 24.026	  1.005	  1.463	  0.000
13	  2.160	 25.751	  1.005	  1.463	  0.000
14	  2.160	 27.475	  1.005	  1.463	  0.000
15	  2.160	 29.199	  1.005	  1.463	  0.000
16	  2.160	 30.923	  1.005	  1.463	  0.000
17	  2.160	 32.647	  1.005	  1.463	  0.000
18	  2.160	 34.371	  1.005	  1.463	  0.000
19	  2.160	 36.095	  1.005	  1.463	  0.000
20	  2.160	 37.820	  1.005	  1.463	  0.000
21	  2.160	 39.544	  1.005	  1.463	  0.000
22	  2.160	 41.268	  1.005	  1.463	  0.000
23	  2.160	 42.992	  1.005	  1.463	  0.000
24	  2.160	 44.716	  1.005	  1.463	  0.000
25	  2.160	 46.440	  1.005	  1.463	  0.000
26	  2.160	 48.164	  1.005	  1.463	  0.000
27	  2.160	 49.889	  1.005	  1.463	  0.000
28	  2.160	 51.613	  1.005	  1.463	  0.000
29	  2.160	 53.337	  1.005	  1.463	  0.000
30	  2.160	 55.061	  1.005	  1.463	  0.000
31	  2.160	 56.785	  1.005	  1.463	  0.000
32	  2.160	 58.509	  1.005	  1.463	  0.000
33	  2.160	 60.233	  1.005	  1.463	  0.000
34	  2.160	 61.958	  1.005	  1.463	  0.000
35	  2.160	 63.682	  1.005	  1.463	  0.000
36	  2.160	 65.406	  1.005	  1.463	  0.000
37	  2.160	 67.130	  1.005	  1.463	  0.000
38	  2.160	 68.854	  1.005	  1.463	  0.000
39	  2.160	 70.578	  1.005	  1.463	  0.000
40	  2.160	 72.302	  1.005	  1.463	  0.000
41	  2.160	 74.026	  1.005	  1.463	  0.000
42	  2.160	 75.751	  1.005	  1.463	  0.000
43	  2.160	 77.475	  1.005	  1.463	  0.000
44	  2.160	 79.199	  1.005	  1.463	  0.000
45	  2.160	 80.923	  1.005	  1.463	  0.000
46	  2.160	 82.647	  1.005	  1.463	  0.000
47	  2.160	 84.371	  1.005	  1.463	  0.000
48	  2.160	 86.095	  1.005	  1.463	  0.000
49	  2.160	 87.820	  1.005	  1.463	  0.000
50	  2.160	 89.544	  1.005	  1.463	  0.000
51	  2.160	 91.268	  1.005	  1.463	  0.000
52	  2.160	 92.992	  1.005	  1.463	  0.000
53	  2.160	 94.716	  1.005	  1.463	  0.000
54	  2.160	 96.440	  1.005	  1.463	  0.000
55	  2.160	 98.164	  1.005	  1.463	  0.000
56	  2.160	 99.889	  1.005	  1.463	  0.000
57	  2.160	101.613	  1.005	  1.463	  0.000
0	  2.280	  3.513	  1.005	  1.467	  0.000
1	  2.280	  5.237	  1.005	  1.467	  0.000
2	  2.280	  6.961	  1.005	  1.467	  0.000
3	  2.280	  8.685	  1.005	  1.467	  0.000
4	  2.280	 10.409	  1.005	  1.467	  0.000
5	  2.280	 12.133	  1.005	  1.467	  0.000
6	  2.280	 13.857	  1.005	  1.467	  0.000
7	  2.280	 15.582	  1.005	  1.467	  0.000
8	  2.280	 17.306	  1.005	  1.467	  0.000
9	  2.280	 19.030	  1.005	  1.467	  0.000
10	  2.280	 20.754	  1.005	  1.467	  0.000
11	  2.280	 22.478	  1.005	  1.467	  0.000
12	  2.280	 24.202	  1.005	  1.467	  0.000
13	  2.280	 25.926	  1.005	  1.467	  0.000
14	  2.280	 27.651	  1.005	  1.467	  0.000
15	  2.280	 29.375	  1.005	  1.467	  0.000
16	  2.280	 31.099	  1.005	  1.467	  0.000
17	  2.280	 32.823	  1.005	  1.467	  0.000
18	  2.280	 34.547	  1.005	  1.467	  0.000
19	  2.280	 36.271	  1.005	  1.467	  0.000
20	  2.280	 37.995	  1.005	  1.467	  0.000
21	  2.280	 39.720	  1.005	  1.467	  0.000
22	  2.280	 41.444	  1.005	  1.467	  0.000
23	  2.280	 43.168	  1.005	  1.467	  0.000
24	  2.280	 44.892	  1.005	  1.467	  0.000
25	  2.280	 46.616	  1.005	  1.467	  0.000
26	  2.280	 48.340	  1.005	  1.467	  0.000
27	  2.280	 50.064	  1.005	  1.467	  0.000
28	  2.280	 51.789	  1.005	  1.467	  0.000
29	  2.280	 53.513	  1.005	  1.467	  0.000
30	  2.280	 55.237	  1.005	  1.467	  0.000
31	  2.280	 56.961	  1.005	  1.467	  0.000
32	  2.280	 58.685	  1.005	  1.467	  0.000
33	  2.280	 60.409	  1.005	  1.467	  0.000
34	  2.280	 62.133	  1.005	  1.467	  0.000
35	  2.280	 63.857	  1.005	  1.467	  0.000
36	  2.280	 65.582	  1.005	  1.467	  0.000
37	  2.280	 67.306	  1.005	  1.467	  0.000
38	  2.280	 69.030	  1.005	  1.467	  0.000
39	  2.280	 70.754	  1.005	  1.467	  0.000
40	  2.280	 72.478	  1.005	  1.467	  0.000
41	  2.280	 74.202	  1.005	  1.467	  0.000
42	  2.280	 75.926	  1.005	  1.467	  0.000
43	  2.280	 77.651	  1.005	  1.467	  0.000
44	  2.280	 79.375	  1.005	  1.467	  0.000
45	  2.280	 81.099	  1.005	  1.467	  0.000
46	  2.280	 82.823	  1.005	  1.467	  0.000
47	  2.280	 84.547	  1.005	  1.467	  0.000
48	  2.280	 86.271	  1.005	  1.467	  0.000
49	  2.280	 87.995	  1.005	  1.467	  0.000
50	  2.280	 89.720	  1.005	  1.467	  0.000
51	  2.280	 91.444	  1.005	  1.467	  0.000
52	  2.280	 93.168	  1.005	  1.467	  0.000
53	  2.280	 94.892	  1.005	  1.467	  0.000
54	  2.280	 96.616	  1.005	  1.467	  0.000
55	  2.280	 98.340	  1.005	  1.467	  0.000
56	  2.280	100.064	  1.005	  1.467	  0.000
57	  2.280	101.789	  1.005	  1.467	  0.000
0	  2.400	  3.689	  1.005	  1.471	  0.000
1	  2.400	  5.413	  1.005	  1.471	  0.000
2	  2.400	  7.137	  1.005	  1.471	  0.000
3	  2.400	  8.861	  1.005	  1.471	  0.000
4	  2.400	 10.585	  1.005	  1.471	  0.000
5	  2.400	 12.310	  1.005	  1.471	  0.000
6	  2.400	 14.034	  1.005	  1.471	  0.000
7	  2.400	 15.758	  1.005	  1.471	  0.000
8	  2.400	 17.482	  1.005	  1.471	  0.000
9	  2.400	 19.206	  1.005	  1.471	  0.000
10	  2.400	 20.930	  1.005	  1.471	  0.000
11	  2.400	 22.654	  1.005	  1.471	  0.000
12	  2.400	 24.379	  1.005	  1.471	  0.000
13	  2.400	 26.103	  1.005	  1.471	  0.000
14	  2.400	 27.827	  1.005	  1.471	  0.000
15	  2.400	 29.551	  1.005	  1.471	  0.000
16	  2.400	 31.275	  1.005	  1.471	  0.000
17	  2.400	 32.999	  1.005	  1.471	  0.000
18	  2.400	 34.723	  1.005	  1.471	  0.000
19	  2.400	 36.448	  1.005	  1.471	  0.000
20	  2.400	 38.172	  1.005	  1.471	  0.000
21	  2.400	 39.896	  1.005	  1.471	  0.000
22	  2.400	 41.620	  1.005	  1.471	  0.000
23	  2.400	 43.344	  1.005	  1.471	  0.000
24	  2.400	 45.068	  1.005	  1.471	  0.000
25	  2.400	 46.792	  1.005	  1.471	  0.000
26	  2.400	 48.517	  1.005	  1.471	  0.000
27	  2.400	 50.241	  1.005	  1.471	  0.000
28	  2.400	 51.965	  1.005	  1.471	  0.000
29	  2.400	 53.689	  1.005	  1.471	  0.000
30	  2.400	 55.413	  1.005	  1.471	  0.000
31	  2.400	 57.137	  1.005	  1.471	  0.000
32	  2.400	 58.861	  1.005	  1.471	  0.000
33	  2.400	 60.585	  1.005	  1.471	  0.000
34	  2.400	 62.310	  1.005	  1.471	  0.000
35	  2.400	 64.034	  1.005	  1.471	  0.000
36	  2.400	 65.758	  1.005	  1.471	  0.000
37	  2.400	 67.482	  1.005	  1.471	  0.000
38	  2.400	 69.206	  1.005	  1.471	  0.000
39	  2.400	 70.930	  1.005	  1.471	  0.000
40	  2.400	 72.654	  1.005	  1.471	  0.000
41	  2.400	 74.379	  1.005	  1.471	  0.000
42	  2.400	 76.103	  1.005	  1.471	  0.000
43	  2.400	 77.827	  1.005	  1.471	  0.000
44	  2.400	 79.551	  1.005	  1.471	  0.000
45	  2.400	 81.275	  1.005	  1.471	  0.000
46	  2.400	 82.999	  1.005	  1.471	  0.000
47	  2.400	 84.723	  1.005	  1.471	  0.000
48	  2.400	 86.448	  1.005	  1.471	  0.000
49	  2.400	 88.172	  1.005	  1.471	  0.000
50	  2.400	 89.896	  1.005	  1.471	  0.000
51	  2.400	 91.620	  1.005	  1.471	  0.000
52	  2.400	 93.344	  1.005	  1.471	  0.000
53	  2.400	 95.068	  1.005	  1.471	  0.000
54	  2.400	 96.792	  1.005	  1.471	  0.000
55	  2.400	 98.517	  1.005	  1.471	  0.000
56	  2.400	100.241	  1.005	  1.471	  0.000
57	  2.400	101.965	  1.005	  1.471	  0.000
0	  2.520	  3.866	  1.005	  1.473	  0.000
1	  2.520	  5.590	  1.005	  1.473	  0.000
2	  2.520	  7.314	  1.005	  1.473	  0.000
3	  2.520	  9.038	  1.005	  1.473	  0.000
4	  2.520	 10.762	  1.005	  1.473	  0.000
5	  2.520	 12.486	  1.005	  1.473	  0.000
6	  2.520	 14.210	  1.005	  1.473	  0.000
7	  2.520	 15.935	  1.005	  1.473	  0.000
8	  2.520	 17.659	  1.005	  1.473	  0.000
9	  2.520	 19.383	  1.005	  1.473	  0.000
10	  2.520	 21.107	  1.005	  1.473	  0.000
11	  2.520	 22.831	  1.005	  1.473	  0.000
12	  2.520	 24.555	  1.005	  1.473	  0.000
13	  2.520	 26.279	  1.005	  1.473	  0.000
14	  2.520	 28.003	  1.005	  1.473	  0.000
15	  2.520	 29.728	  1.005	  1.473	  0.000
16	  2.520	 31.452	  1.005	  1.473	  0.000
17	  2.520	 33.176	  1.005	  1.473	  0.000
18	  2.520	 34.900	  1.005	  1.473	  0.000
19	  2.520	 36.624	  1.005	  1.473	  0.000
20	  2.520	 38.348	  1.005	  1.473	  0.000
21	  2.520	 40.072	  1.005	  1.473	  0.000
22	  2.520	 41.797	  1.005	  1.473	  0.000
23	  2.520	 43.521	  1.005	  1.473	  0.000
24	  2.520	 45.245	  1.005	  1.473	  0.000
25	  2.520	 46.969	  1.005	  1.473	  0.000
26	  2.520	 48.693	  1.005	  1.473	  0.000
27	  2.520	 50.417	  1.005	  1.473	  0.000
28	  2.520	 52.141	  1.005	  1.473	  0.000
29	  2.520	 53.866	  1.005	  1.473	  0.000
30	  2.520	 55.590	  1.005	  1.473	  0.000
31	  2.520	 57.314	  1.005	  1.473	  0.000
32	  2.520	 59.038	  1.005	  1.473	  0.000
33	  2.520	 60.762	  1.005	  1.473	  0.000
34	  2.520	 62.486	  1.005	  1.473	  0.000
35	  2.520	 64.210	  1.005	  1.473	  0.000
36	  2.520	 65.935	  1.005	  1.473	  0.000
37	  2.520	 67.659	  1.005	  1.473	  0.000
38	  2.520	 69.383	  1.005	  1.473	  0.000
39	  2.520	 71.107	  1.005	  1.473	  0.000
40	  2.520	 72.831	  1.005	  1.473	  0.000
41	  2.520	 74.555	  1.005	  1.473	  0.000
42	  2.520	 76.279	  1.005	  1.473	  0.000
43	  2.520	 78.003	  1.005	  1.473	  0.000
44	  2.520	 79.728	  1.005	  1.473	  0.000
45	  2.520	 81.452	  1.005	  1.473	  0.000
46	  2.520	 83.176	  1.005	  1.473	  0.000
47	  2.520	 84.900	  1.005	  1.473	  0.000
48	  2.520	 86.624	  1.005	  1.473	  0.000
49	  2.520	 88.348	  1.005	  1.473	  0.000
50	  2.520	 90.072	  1.005	  1.473	  0.000
51	  2.520	 91.797	  1.005	  1.473	  0.000
52	  2.520	 93.521	  1.005	  1.473	  0.000
53	  2.520	 95.245	  1.005	  1.473	  0.000
54	  2.520	 96.969	  1.005	  1.473	  0.000
55	  2.520	 98.693	  1.005	  1.473	  0.000
56	  2.520	100.417	  1.005	  1.473	  0.000
57	  2.520	102.141	  1.005	  1.473	  0.000
0	  2.640	  4.042	  1.005	  1.475	  0.000
1	  2.640	  5.767	  1.005	  1.475	  0.000
2	  2.640	  7.491	  1.005	  1.475	  0.000
3	  2.640	  9.215	  1.005	  1.475	  0.000
4	  2.640	 10.939	  1.005	  1.475	  0.000
5	  2.640	 12.663	  1.005	  1.475	  0.000
6	  2.640	 14.387	  1.005	  1.475	  0.000
7	  2.640	 16.111	  1.005	  1.475	  0.000
8	  2.640	 17.836	  1.005	  1.475	  0.000
9	  2.640	 19.560	  1.005	  1.475	  0.000
10	  2.640	 21.284	  1.005	  1.475	  0.000
11	  2.640	 23.008	  1.005	  1.475	  0.000
12	  2.640	 24.732	  1.005	  1.475	  0.000
13	  2.640	 26.456	  1.005	  1.475	  0.000
14	  2.640	 28.180	  1.005	  1.475	  0.000
15	  2.640	 29.905	  1.005	  1.475	  0.000
16	  2.640	 31.629	  1.005	  1.475	  0.000
17	  2.640	 33.353	  1.005	  1.475	  0.000
18	  2.640	 35.077	  1.005	  1.475	  0.000
19	  2.640	 36.801	  1.005	  1.475	  0.000
20	  2.640	 38.525	  1.005	  1.475	  0.000
21	  2.640	 40.249	  1.005	  1.475	  0.000
22	  2.640	 41.973	  1.005	  1.475	  0.000
23	  2.640	 43.698	  1.005	  1.475	  0.000
24	  2.640	 45.422	  1.005	  1.475	  0.000
25	  2.640	 47.146	  1.005	  1.475	  0.000
26	  2.640	 48.870	  1.005	  1.475	  0.000
27	  2.640	 50.594	  1.005	  1.475	  0.000
28	  2.640	 52.318	  1.005	  1.475	  0.000
29	  2.640	 54.042	  1.005	  1.475	  0.000
30	  2.640	 55.767	  1.005	  1.475	  0.000
31	  2.640	 57.491	  1.005	  1.475	  0.000
32	  2.640	 59.215	  1.005	  1.475	  0.000
33	  2.640	 60.939	  1.005	  1.475	  0.000
34	  2.640	 62.663	  1.005	  1.475	  0.000
35	  2.640	 64.387	  1.005	  1.475	  0.000
36	  2.640	 66.111	  1.005	  1.475	  0.000
37	  2.640	 67.836	  1.005	  1.475	  0.000
38	  2.640	 69.560	  1.005	  1.475	  0.000
39	  2.640	 71.284	  1.005	  1.475	  0.000
40	  2.640	 73.008	  1.005	  1.475	  0.000
41	  2.640	 74.732	  1.005	  1.475	  0.000
42	  2.640	 76.456	  1.005	  1.475	  0.000
43	  2.640	 78.180	  1.005	  1.475	  0.000
44	  2.640	 79.905	  1.005	  1.475	  0.000
45	  2.640	 81.629	  1.005	  1.475	  0.000
46	  2.640	 83.353	  1.005	  1.475	  0.000
47	  2.640	 85.077	  1.005	  1.475	  0.000
48	  2.640	 86.801	  1.005	  1.475	  0.000
49	  2.640	 88.525	  1.005	  1.475	  0.000
50	  2.640	 90.249	  1.005	  1.475	  0.000
51	  2.640	 91.973	  1.005	  1.475	  0.000
52	  2.640	 93.698	  1.005	  1.475	  0.000
53	  2.640	 95.422	  1.005	  1.475	  0.000
54	  2.640	 97.146	  1.005	  1.475	  0.000
55	  2.640	 98.870	  1.005	  1.475	  0.000
56	  2.640	100.594	  1.005	  1.475	  0.000
57	  2.640	102.318	  1.005	  1.475	  0.000
0	  2.760	  4.220	  1.005	  1.477	  0.000
1	  2.760	  5.944	  1.005	  1.477	  0.000
2	  2.760	  7.668	  1.005	  1.477	  0.000
3	  2.760	  9.392	  1.005	  1.477	  0.000
4	  2.760	 11.116	  1.005	  1.477	  0.000
5	  2.760	 12.840	  1.005	  1.477	  0.000
6	  2.760	 14.564	  1.005	  1.477	  0.000
7	  2.760	 16.288	  1.005	  1.477	  0.000
8	  2.760	 18.013	  1.005	  1.477	  0.000
9	  2.760	 19.737	  1.005	  1.477	  0.000
10	  2.760	 21.461	  1.005	  1.477	  0.000
11	  2.760	 23.185	  1.005	  1.477	  0.000
12	  2.760	 24.909	  1.005	  1.477	  0.000
13	  2.760	 26.633	  1.005	  1.477	  0.000
14	  2.760	 28.357	  1.005	  1.477	  0.000
15	  2.760	 30.082	  1.005	  1.477	  0.000
16	  2.760	 31.806	  1.005	  1.477	  0.000
17	  2.760	 33.530	  1.005	  1.477	  0.000
18	  2.760	 35.254	  1.005	  1.477	  0.000
19	  2.760	 36.978	  1.005	  1.477	  0.000
20	  2.760	 38.702	  1.005	  1.477	  0.000
21	  2.760	 40.426	  1.005	  1.477	  0.000
22	  2.760	 42.151	  1.005	  1.477	  0.000
23	  2.760	 43.875	  1.005	  1.477	  0.000
24	  2.760	 45.599	  1.005	  1.477	  0.000
25	  2.760	 47.323	  1.005	  1.477	  0.000
26	  2.760	 49.047	  1.005	  1.477	  0.000
27	  2.760	 50.771	  1.005	  1.477	  0.000
28	  2.760	 52.495	  1.005	  1.477	  0.000
29	  2.760	 54.220	  1.005	  1.477	  0.000
30	  2.760	 55.944	  1.005	  1.477	  0.000
31	  2.760	 57.668	  1.005	  1.477	  0.000
32	  2.760	 59.392	  1.005	  1.477	  0.000
33	  2.760	 61.116	  1.005	  1.477	  0.000
34	  2.760	 62.840	  1.005	  1.477	  0.000
35	  2.760	 64.564	  1.005	  1.477	  0.000
36	  2.760	 66.288	  1.005	  1.477	  0.000
37	  2.760	 68.013	  1.005	  1.477	  0.000
38	  2.760	 69.737	  1.005	  1.477	  0.000
39	  2.760	 71.461	  1.005	  1.477	  0.000
40	  2.760	 73.185	  1.005	  1.477	  0.000
41	  2.760	 74.909	  1.005	  1.477	  0.000
42	  2.760	 76.633	  1.005	  1.477	  0.000
43	  2.760	 78.357	  1.005	  1.477	  0.000
44	  2.760	 80.082	  1.005	  1.477	  0.000
45	  2.760	 81.806	  1.005	  1.477	  0.000
46	  2.760	 83.530	  1.005	  1.477	  0.000
47	  2.760	 85.254	  1.005	  1.477	  0.000
48	  2.760	 86.978	  1.005	  1.477	  0.000
49	  2.760	 88.702	  1.005	  1.477	  0.000
50	  2.760	 90.426	  1.005	  1.477	  0.000
51	  2.760	 92.151	  1.005	  1.477	  0.000
52	  2.760	 93.875	  1.005	  1.477	  0.000
53	  2.760	 95.599	  1.005	  1.477	  0.000
54	  2.760	 97.323	  1.005	  1.477	  0.000
55	  2.760	 99.047	  1.005	  1.477	  0.000
56	  2.760	100.771	  1.005	  1.477	  0.000
57	  2.760	102.495	  1.005	  1.477	  0.000
0	  2.880	  4.397	  1.005	  1.478	  0.000
1	  2.880	  6.121	  1.005	  1.478	  0.000
2	  2.880	  7.845	  1.005	  1.478	  0.000
3	  2.880	  9.569	  1.005	  1.478	  0.000
4	  2.880	 11.293	  1.005	  1.478	  0.000
5	  2.880	 13.017	  1.005	  1.478	  0.000
6	  2.880	 14.742	  1.005	  1.478	  0.000
7	  2.880	 16.466	  1.005	  1.478	  0.000
8	  2.880	 18.190	  1.005	  1.478	  0.000
9	  2.880	 19.914	  1.005	  1.478	  0.000
10	  2.880	 21.638	  1.005	  1.478	  0.000
11	  2.880	 23.362	  1.005	  1.478	  0.000
12	  2.880	 25.086	  1.005	  1.478	  0.000
13	  2.880	 26.811	  1.005	  1.478	  0.000
14	  2.880	 28.535	  1.005	  1.478	  0.000
15	  2.880	 30.259	  1.005	  1.478	  0.000
16	  2.880	 31.983	  1.005	  1.478	  0.000
17	  2.880	 33.707	  1.005	  1.478	  0.000
18	  2.880	 35.431	  1.005	  1.478	  0.000
19	  2.880	 37.155	  1.005	  1.478	  0.000
20	  2.880	 38.880	  1.005	  1.478	  0.000
21	  2.880	 40.604	  1.005	  1.478	  0.000
22	  2.880	 42.328	  1.005	  1.478	  0.000
23	  2.880	 44.052	  1.005	  1.478	  0.000
24	  2.880	 45.776	  1.005	  1.478	  0.000
25	  2.880	 47.500	  1.005	  1.478	  0.000
26	  2.880	 49.224	  1.005	  1.478	  0.000
27	  2.880	 50.949	  1.005	  1.478	  0.000
28	  2.880	 52.673	  1.005	  1.478	  0.000
29	  2.880	 54.397	  1.005	  1.478	  0.000
30	  2.880	 56.121	  1.005	  1.478	  0.000
31	  2.880	 57.845	  1.005	  1.478	  0.000
32	  2.880	 59.569	  1.005	  1.478	  0.000
33	  2.880	 61.293	  1.005	  1.478	  0.000
34	  2.880	 63.017	  1.005	  1.478	  0.000
35	  2.880	 64.742	  1.005	  1.478	  0.000
36	  2.880	 66.466	  1.005	  1.478	  0.000
37	  2.880	 68.190	  1.005	  1.478	  0.000
38	  2.880	 69.914	  1.005	  1.478	  0.000
39	  2.880	 71.638	  1.005	  1.478	  0.000
40	  2.880	 73.362	  1.005	  1.478	  0.000
41	  2.880	 75.086	  1.005	  1.478	  0.000
42	  2.880	 76.811	  1.005	  1.478	  0.000
43	  2.880	 78.535	  1.005	  1.478	  0.000
44	  2.880	 80.259	  1.005	  1.478	  0.000
45	  2.880	 81.983	  1.005	  1.478	  0.000
46	  2.880	 83.707	  1.005	  1.478	  0.000
47	  2.880	 85.431	  1.005	  1.478	  0.000
48	  2.880	 87.155	  1.005	  1.478	  0.000
49	  2.880	 88.880	  1.005	  1.478	  0.000
50	  2.880	 90.604	  1.005	  1.478	  0.000
51	  2.880	 92.328	  1.005	  1.478	  0.000
52	  2.880	 94.052	  1.005	  1.478	  0.000
53	  2.880	 95.776	  1.005	  1.478	  0.000
54	  2.880	 97.500	  1.005	  1.478	  0.000
55	  2.880	 99.224	  1.005	  1.478	  0.000
56	  2.880	100.949	  1.005	  1.478	  0.000
57	  2.880	102.673	  1.005	  1.478	  0.000
0	  3.000	  4.574	  1.005	  1.479	  0.000
1	  3.000	  6.298	  1.005	  1.479	  0.000
2	  3.000	  8.022	  1.005	  1.479	  0.000
3	  3.000	  9.747	  1.005	  1.479	  0.000
4	  3.000	 11.471	  1.005	  1.479	  0.000
5	  3.000	 13.195	  1.005	  1.479	  0.000
6	  3.000	 14.919	  1.005	  1.479	  0.000
7	  3.000	 16.643	  1.005	  1.479	  0.000
8	  3.000	 18.367	  1.005	  1.479	  0.000
9	  3.000	 20.091	  1.005	  1.479	  0.000
10	  3.000	 21.816	  1.005	  1.479	  0.000
11	  3.000	 23.540	  1.005	  1.479	  0.000
12	  3.000	 25.264	  1.005	  1.479	  0.000
13	  3.000	 26.988	  1.005	  1.479	  0.000
14	  3.000	 28.712	  1.005	  1.479	  0.000
15	  3.000	 30.436	  1.005	  1.479	  0.000
16	  3.000	 32.160	  1.005	  1.479	  0.000
17	  3.000	 33.885	  1.005	  1.479	  0.000
18	  3.000	 35.609	  1.005	  1.479	  0.000
19	  3.000	 37.333	  1.005	  1.479	  0.000
20	  3.000	 39.057	  1.005	  1.479	  0.000
21	  3.000	 40.781	  1.005	  1.479	  0.000
22	  3.000	 42.505	  1.005	  1.479	  0.000
23	  3.000	 44.229	  1.005	  1.479	  0.000
24	  3.000	 45.953	  1.005	  1.479	  0.000
25	  3.000	 47.678	  1.005	  1.479	  0.000
26	  3.000	 49.402	  1.005	  1.479	  0.000
27	  3.000	 51.126	  1.005	  1.479	  0.000
28	  3.000	 52.850	  1.005	  1.479	  0.000
29	  3.000	 54.574	  1.005	  1.479	  0.000
30	  3.000	 56.298	  1.005	  1.479	  0.000
31	  3.000	 58.022	  1.005	  1.479	  0.000
32	  3.000	 59.747	  1.005	  1.479	  0.000
33	  3.000	 61.471	  1.005	  1.479	  0.000
34	  3.000	 63.195	  1.005	  1.479	  0.000
35	  3.000	 64.919	  1.005	  1.479	  0.000
36	  3.000	 66.643	  1.005	  1.479	  0.000
37	  3.000	 68.367	  1.005	  1.479	  0.000
38	  3.000	 70.091	  1.005	  1.479	  0.000
39	  3.000	 71.816	  1.005	  1.479	  0.000
40	  3.000	 73.540	  1.005	  1.479	  0.000
41	  3.000	 75.264	  1.005	  1.479	  0.000
42	  3.000	 76.988	  1.005	  1.479	  0.000
43	  3.000	 78.712	  1.005	  1.479	  0.000
44	  3.000	 80.436	  1.005	  1.479	  0.000
45	  3.000	 82.160	  1.005	  1.479	  0.000
46	  3.000	 83.885	  1.005	  1.479	  0.000
47	  3.000	 85.609	  1.005	  1.479	  0.000
48	  3.000	 87.333	  1.005	  1.479	  0.000
49	  3.000	 89.057	  1.005	  1.479	  0.000
50	  3.000	 90.781	  1.005	  1.479	  0.000
51	  3.000	 92.505	  1.005	  1.479	  0.000
52	  3.000	 94.229	  1.005	  1.479	  0.000
53	  3.000	 95.953	  1.005	  1.479	  0.000
54	  3.000	 97.678	  1.005	  1.479	  0.000
55	  3.000	 99.402	  1.005	  1.479	  0.000
56	  3.000	101.126	  1.005	  1.479	  0.000
57	  3.000	102.850	  1.005	  1.479	  0.000
