# id	 time	 x	 y	 vx	 vy
0	  0.000	  2.941	  1.000	  0.010	  0.010
1	  0.000	  8.824	  1.000	  0.010	  0.010
2	  0.000	 14.706	  1.000	  0.010	  0.010
3	  0.000	 20.588	  1.000	  0.010	  0.010
4	  0.000	 26.471	  1.000	  0.010	  0.010
5	  0.000	 32.353	  1.000	  0.010	  0.010
6	  0.000	 38.235	  1.000	  0.010	  0.010
7	  0.000	 44.118	  1.000	  0.010	  0.010
8	  0.000	 50.000	  1.000	  0.010	  0.010
9	  0.000	 55.882	  1.000	  0.010	  0.010
10	  0.000	 61.765	  1.000	  0.010	  0.010
11	  0.000	 67.647	  1.000	  0.010	  0.010
12	  0.000	 73.529	  1.000	  0.010	  0.010
13	  0.000	 79.412	  1.000	  0.010	  0.010
14	  0.000	 85.294	  1.000	  0.010	  0.010
15	  0.000	 91.176	  1.000	  0.010	  0.010
16	  0.000	 97.059	  1.000	  0.010	  0.010
0	  0.120	  2.961	  1.001	  0.331	  0.008
1	  0.120	  8.843	  1.001	  0.331	  0.008
2	  0.120	 14.725	  1.001	  0.331	  0.008
3	  0.120	 20.608	  1.001	  0.331	  0.008
4	  0.120	 26.490	  1.001	  0.331	  0.008
5	  0.120	 32.373	  1.001	  0.331	  0.008
6	  0.120	 38.255	  1.001	  0.331	  0.008
7	  0.120	 44.137	  1.001	  0.331	  0.008
8	  0.120	 50.020	  1.001	  0.331	  0.008
9	  0.120	 55.902	  1.001	  0.331	  0.008
10	  0.120	 61.784	  1.001	  0.331	  0.008
11	  0.120	 67.667	  1.001	  0.331	  0.008
12	  0.120	 73.549	  1.001	  0.331	  0.008
13	  0.120	 79.431	  1.001	  0.331	  0.008
14	  0.120	 85.314	  1.001	  0.331	  0.008
15	  0.120	 91.196	  1.001	  0.331	  0.008
16	  0.120	 97.078	  1.001	  0.331	  0.008
0	  0.240	  3.015	  1.002	  0.582	  0.006
1	  0.240	  8.897	  1.002	  0.582	  0.006
2	  0.240	 14.780	  1.002	  0.582	  0.006
3	  0.240	 20.662	  1.002	  0.582	  0.006
4	  0.240	 26.544	  1.002	  0.582	  0.006
5	  0.240	 32.427	  1.002	  0.582	  0.006
6	  0.240	 38.309	  1.002	  0.582	  0.006
7	  0.240	 44.191	  1.002	  0.582	  0.006
8	  0.240	 50.074	  1.002	  0.582	  0.006
9	  0.240	 55.956	  1.002	  0.582	  0.006
10	  0.240	 61.838	  1.002	  0.582	  0.006
11	  0.240	 67.721	  1.002	  0.582	  0.006
12	  0.240	 73.603	  1.002	  0.582	  0.006
13	  0.240	 79.486	  1.002	  0.582	  0.006
14	  0.240	 85.368	  1.002	  0.582	  0.006
15	  0.240	 91.250	  1.002	  0.582	  0.006
16	  0.240	 97.133	  1.002	  0.582	  0.006
0	  0.360	  3.096	  1.003	  0.780	  0.005
1	  0.360	  8.979	  1.003	  0.780	  0.005
2	  0.360	 14.861	  1.003	  0.780	  0.005
3	  0.360	 20.743	  1.003	  0.780	  0.005
4	  0.360	 26.626	  1.003	  0.780	  0.005
5	  0.360	 32.508	  1.003	  0.780	  0.005
6	  0.360	 38.390	  1.003	  0.780	  0.005
7	  0.360	 44.273	  1.003	  0.780	  0.005
8	  0.360	 50.155	  1.003	  0.780	  0.005
9	  0.360	 56.037	  1.003	  0.780	  0.005
10	  0.360	 61.920	  1.003	  0.780	  0.005
11	  0.360	 67.802	  1.003	  0.780	  0.005
12	  0.360	 73.684	  1.003	  0.780	  0.005
13	  0.360	 79.567	  1.003	  0.780	  0.005
14	  0.360	 85.449	  1.003	  0.780	  0.005
15	  0.360	 91.331	  1.003	  0.780	  0.005
16	  0.360	 97.214	  1.003	  0.780	  0.005
0	  0.480	  3.199	  1.003	  0.935	  0.004
1	  0.480	  9.081	  1.003	  0.935	  0.004
2	  0.480	 14.963	  1.003	  0.935	  0.004
3	  0.480	 20.846	  1.003	  0.935	  0.004
4	  0.480	 26.728	  1.003	  0.935	  0.004
5	  0.480	 32.610	  1.003	  0.935	  0.004
6	  0.480	 38.493	  1.003	  0.935	  0.004
7	  0.480	 44.375	  1.003	  0.935	  0.004
8	  0.480	 50.257	  1.003	  0.935	  0.004
9	  0.480	 56.140	  1.003	  0.935	  0.004
10	  0.480	 62.022	  1.003	  0.935	  0.004
11	  0.480	 67.905	  1.003	  0.935	  0.004
12	  0.480	 73.787	  1.003	  0.935	  0.004
13	  0.480	 79.669	  1.003	  0.935	  0.004
14	  0.480	 85.552	  1.003	  0.935	  0.004
15	  0.480	 91.434	  1.003	  0.935	  0.004
16	  0.480	 97.316	  1.003	  0.935	  0.004
0	  0.600	  3.318	  1.004	  1.057	  0.003
1	  0.600	  9.200	  1.004	  1.057	  0.003
2	  0.600	 15.083	  1.004	  1.057	  0.003
3	  0.600	 20.965	  1.004	  1.057	  0.003
4	  0.600	 26.847	  1.004	  1.057	  0.003
5	  0.600	 32.730	  1.004	  1.057	  0.003
6	  0.600	 38.612	  1.004	  1.057	  0.003
7	  0.600	 44.494	  1.004	  1.057	  0.003
8	  0.600	 50.377	  1.004	  1.057	  0.003
9	  0.600	 56.259	  1.004	  1.057	  0.003
10	  0.600	 62.141	  1.004	  1.057	  0.003
11	  0.600	 68.024	  1.004	  1.057	  0.003
12	  0.600	 73.906	  1.004	  1.057	  0.003
13	  0.600	 79.788	  1.004	  1.057	  0.003
14	  0.600	 85.671	  1.004	  1.057	  0.003
15	  0.600	 91.553	  1.004	  1.057	  0.003
16	  0.600	 97.436	  1.004	  1.057	  0.003
0	  0.720	  3.450	  1.004	  1.152	  0.002
1	  0.720	  9.332	  1.004	  1.152	  0.002
2	  0.720	 15.215	  1.004	  1.152	  0.002
3	  0.720	 21.097	  1.004	  1.152	  0.002
4	  0.720	 26.980	  1.004	  1.152	  0.002
5	  0.720	 32.862	  1.004	  1.152	  0.002
6	  0.720	 38.744	  1.004	  1.152	  0.002
7	  0.720	 44.627	  1.004	  1.152	  0.002
8	  0.720	 50.509	  1.004	  1.152	  0.002
9	  0.720	 56.391	  1.004	  1.152	  0.002
10	  0.720	 62.274	  1.004	  1.152	  0.002
11	  0.720	 68.156	  1.004	  1.152	  0.002
12	  0.720	 74.038	  1.004	  1.152	  0.002
13	  0.720	 79.921	  1.004	  1.152	  0.002
14	  0.720	 85.803	  1.004	  1.152	  0.002
15	  0.720	 91.685	  1.004	  1.152	  0.002
16	  0.720	 97.568	  1.004	  1.152	  0.002
0	  0.840	  3.593	  1.004	  1.227	  0.002
1	  0.840	  9.475	  1.004	  1.227	  0.002
2	  0.840	 15.357	  1.004	  1.227	  0.002
3	  0.840	 21.240	  1.004	  1.227	  0.002
4	  0.840	 27.122	  1.004	  1.227	  0.002
5	  0.840	 33.004	  1.004	  1.227	  0.002
6	  0.840	 38.887	  1.004	  1.227	  0.002
7	  0.840	 44.769	  1.004	  1.227	  0.002
8	  0.840	 50.652	  1.004	  1.227	  0.002
9	  0.840	 56.534	  1.004	  1.227	  0.002
10	  0.840	 62.416	  1.004	  1.227	  0.002
11	  0.840	 68.299	  1.004	  1.227	  0.002
12	  0.840	 74.181	  1.004	  1.227	  0.002
13	  0.840	 80.063	  1.004	  1.227	  0.002
14	  0.840	 85.946	  1.004	  1.227	  0.002
15	  0.840	 91.828	  1.004	  1.227	  0.002
16	  0.840	 97.710	  1.004	  1.227	  0.002
0	  0.960	  3.743	  1.004	  1.286	  0.001
1	  0.960	  9.626	  1.004	  1.286	  0.001
2	  0.960	 15.508	  1.004	  1.286	  0.001
3	  0.960	 21.390	  1.004	  1.286	  0.001
4	  0.960	 27.273	  1.004	  1.286	  0.001
5	  0.960	 33.155	  1.004	  1.286	  0.001
6	  0.960	 39.037	  1.004	  1.286	  0.001
7	  0.960	 44.920	  1.004	  1.286	  0.001
8	  0.960	 50.802	  1.004	  1.286	  0.001
9	  0.960	 56.684	  1.004	  1.286	  0.001
10	  0.960	 62.567	  1.004	  1.286	  0.001
11	  0.960	 68.449	  1.004	  1.286	  0.001
12	  0.960	 74.332	  1.004	  1.286	  0.001
13	  0.960	 80.214	  1.004	  1.286	  0.001
14	  0.960	 86.096	  1.004	  1.286	  0.001
15	  0.960	 91.979	  1.004	  1.286	  0.001
16	  0.960	 97.861	  1.004	  1.286	  0.001
0	  1.080	  3.900	  1.004	  1.332	  0.001
1	  1.080	  9.783	  1.004	  1.332	  0.001
2	  1.080	 15.665	  1.004	  1.332	  0.001
3	  1.080	 21.547	  1.004	  1.332	  0.001
4	  1.080	 27.430	  1.004	  1.332	  0.001
5	  1.080	 33.312	  1.004	  1.332	  0.001
6	  1.080	 39.194	  1.004	  1.332	  0.001
7	  1.080	 45.077	  1.004	  1.332	  0.001
8	  1.080	 50.959	  1.004	  1.332	  0.001
9	  1.080	 56.841	  1.004	  1.332	  0.001
10	  1.080	 62.724	  1.004	  1.332	  0.001
11	  1.080	 68.606	  1.004	  1.332	  0.001
12	  1.080	 74.488	  1.004	  1.332	  0.001
13	  1.080	 80.371	  1.004	  1.332	  0.001
14	  1.080	 86.253	  1.004	  1.332	  0.001
15	  1.080	 92.136	  1.004	  1.332	  0.001
16	  1.080	 98.018	  1.004	  1.332	  0.001
0	  1.200	  4.062	  1.005	  1.368	  0.001
1	  1.200	  9.944	  1.005	  1.368	  0.001
2	  1.200	 15.827	  1.005	  1.368	  0.001
3	  1.200	 21.709	  1.005	  1.368	  0.001
4	  1.200	 27.592	  1.005	  1.368	  0.001
5	  1.200	 33.474	  1.005	  1.368	  0.001
6	  1.200	 39.356	  1.005	  1.368	  0.001
7	  1.200	 45.239	  1.005	  1.368	  0.001
8	  1.200	 51.121	  1.005	  1.368	  0.001
9	  1.200	 57.003	  1.005	  1.368	  0.001
10	  1.200	 62.886	  1.005	  1.368	  0.001
11	  1.200	 68.768	  1.005	  1.368	  0.001
12	  1.200	 74.650	  1.005	  1.368	  0.001
13	  1.200	 80.533	  1.005	  1.368	  0.001
14	  1.200	 86.415	  1.005	  1.368	  0.001
15	  1.200	 92.297	  1.005	  1.368	  0.001
16	  1.200	 98.180	  1.005	  1.368	  0.001
0	  1.320	  4.228	  1.005	  1.396	  0.001
1	  1.320	 10.110	  1.005	  1.396	  0.001
2	  1.320	 15.993	  1.005	  1.396	  0.001
3	  1.320	 21.875	  1.005	  1.396	  0.001
4	  1.320	 27.757	  1.005	  1.396	  0.001
5	  1.320	 33.640	  1.005	  1.396	  0.001
6	  1.320	 39.522	  1.005	  1.396	  0.001
7	  1.320	 45.404	  1.005	  1.396	  0.001
8	  1.320	 51.287	  1.005	  1.396	  0.001
9	  1.320	 57.169	  1.005	  1.396	  0.001
10	  1.320	 63.051	  1.005	  1.396	  0.001
11	  1.320	 68.934	  1.005	  1.396	  0.001
12	  1.320	 74.816	  1.005	  1.396	  0.001
13	  1.320	 80.699	  1.005	  1.396	  0.001
14	  1.320	 86.581	  1.005	  1.396	  0.001
15	  1.320	 92.463	  1.005	  1.396	  0.001
16	  1.320	 98.346	  1.005	  1.396	  0.001
0	  1.440	  4.397	  1.005	  1.419	  0.001
1	  1.440	 10.279	  1.005	  1.419	  0.001
2	  1.440	 16.161	  1.005	  1.419	  0.001
3	  1.440	 22.044	  1.005	  1.419	  0.001
4	  1.440	 27.926	  1.005	  1.419	  0.001
5	  1.440	 33.809	  1.005	  1.419	  0.001
6	  1.440	 39.691	  1.005	  1.419	  0.001
7	  1.440	 45.573	  1.005	  1.419	  0.001
8	  1.440	 51.456	  1.005	  1.419	  0.001
9	  1.440	 57.338	  1.005	  1.419	  0.001
10	  1.440	 63.220	  1.005	  1.419	  0.001
11	  1.440	 69.103	  1.005	  1.419	  0.001
12	  1.440	 74.985	  1.005	  1.419	  0.001
13	  1.440	 80.867	  1.005	  1.419	  0.001
14	  1.440	 86.750	  1.005	  1.419	  0.001
15	  1.440	 92.632	  1.005	  1.419	  0.001
16	  1.440	 98.514	  1.005	  1.419	  0.001
0	  1.560	  4.568	  1.005	  1.436	  0.000
1	  1.560	 10.450	  1.005	  1.436	  0.000
2	  1.560	 16.333	  1.005	  1.436	  0.000
3	  1.560	 22.215	  1.005	  1.436	  0.000
4	  1.560	 28.097	  1.005	  1.436	  0.000
5	  1.560	 33.980	  1.005	  1.436	  0.000
6	  1.560	 39.862	  1.005	  1.436	  0.000
7	  1.560	 45.745	  1.005	  1.436	  0.000
8	  1.560	 51.627	  1.005	  1.436	  0.000
9	  1.560	 57.509	  1.005	  1.436	  0.000
10	  1.560	 63.392	  1.005	  1.436	  0.000
11	  1.560	 69.274	  1.005	  1.436	  0.000
12	  1.560	 75.156	  1.005	  1.436	  0.000
13	  1.560	 81.039	  1.005	  1.436	  0.000
14	  1.560	 86.921	  1.005	  1.436	  0.000
15	  1.560	 92.803	  1.005	  1.436	  0.000
16	  1.560	 98.686	  1.005	  1.436	  0.000
0	  1.680	  4.741	  1.005	  1.450	  0.000
1	  1.680	 10.624	  1.005	  1.450	  0.000
2	  1.680	 16.506	  1.005	  1.450	  0.000
3	  1.680	 22.388	  1.005	  1.450	  0.000
4	  1.680	 28.271	  1.005	  1.450	  0.000
5	  1.680	 34.153	  1.005	  1.450	  0.000
6	  1.680	 40.035	  1.005	  1.450	  0.000
7	  1.680	 45.918	  1.005	  1.450	  0.000
8	  1.680	 51.800	  1.005	  1.450	  0.000
9	  1.680	 57.682	  1.005	  1.450	  0.000
10	  1.680	 63.565	  1.005	  1.450	  0.000
11	  1.680	 69.447	  1.005	  1.450	  0.000
12	  1.680	 75.329	  1.005	  1.450	  0.000
13	  1.680	 81.212	  1.005	  1.450	  0.000
14	  1.680	 87.094	  1.005	  1.450	  0.000
15	  1.680	 92.976	  1.005	  1.450	  0.000
16	  1.680	 98.859	  1.005	  1.450	  0.000
0	  1.800	  4.916	  1.005	  1.461	  0.000
1	  1.800	 10.798	  1.005	  1.461	  0.000
2	  1.800	 16.681	  1.005	  1.461	  0.000
3	  1.800	 22.563	  1.005	  1.461	  0.000
4	  1.800	 28.445	  1.005	  1.461	  0.000
5	  1.800	 34.328	  1.005	  1.461	  0.000
6	  1.800	 40.210	  1.005	  1.461	  0.000
7	  1.800	 46.092	  1.005	  1.461	  0.000
8	  1.800	 51.975	  1.005	  1.461	  0.000
9	  1.800	 57.857	  1.005	  1.461	  0.000
10	  1.800	 63.739	  1.005	  1.461	  0.000
11	  1.800	 69.622	  1.005	  1.461	  0.000
12	  1.800	 75.504	  1.005	  1.461	  0.000
13	  1.800	 81.386	  1.005	  1.461	  0.000
14	  1.800	 87.269	  1.005	  1.461	  0.000
15	  1.800	 93.151	  1.005	  1.461	  0.000
16	  1.800	 99.033	  1.005	  1.461	  0.000
0	  1.920	  5.092	  1.005	  1.469	  0.000
1	  1.920	 10.974	  1.005	  1.469	  0.000
2	  1.920	 16.856	  1.005	  1.469	  0.000
3	  1.920	 22.739	  1.005	  1.469	  0.000
4	  1.920	 28.621	  1.005	  1.469	  0.000
5	  1.920	 34.503	  1.005	  1.469	  0.000
6	  1.920	 40.386	  1.005	  1.469	  0.000
7	  1.920	 46.268	  1.005	  1.469	  0.000
8	  1.920	 52.150	  1.005	  1.469	  0.000
9	  1.920	 58.033	  1.005	  1.469	  0.000
10	  1.920	 63.915	  1.005	  1.469	  0.000
11	  1.920	 69.797	  1.005	  1.469	  0.000
12	  1.920	 75.680	  1.005	  1.469	  0.000
13	  1.920	 81.562	  1.005	  1.469	  0.000
14	  1.920	 87.445	  1.005	  1.469	  0.000
15	  1.920	 93.327	  1.005	  1.469	  0.000
16	  1.920	 99.209	  1.005	  1.469	  0.000
0	  2.040	  5.268	  1.005	  1.476	  0.000
1	  2.040	 11.151	  1.005	  1.476	  0.000
2	  2.040	 17.033	  1.005	  1.476	  0.000
3	  2.040	 22.915	  1.005	  1.476	  0.000
4	  2.040	 28.798	  1.005	  1.476	  0.000
5	  2.040	 34.680	  1.005	  1.476	  0.000
6	  2.040	 40.562	  1.005	  1.476	  0.000
7	  2.040	 46.445	  1.005	  1.476	  0.000
8	  2.040	 52.327	  1.005	  1.476	  0.000
9	  2.040	 58.209	  1.005	  1.476	  0.000
10	  2.040	 64.092	  1.005	  1.476	  0.000
11	  2.040	 69.974	  1.005	  1.476	  0.000
12	  2.040	 75.856	  1.005	  1.476	  0.000
13	  2.040	 81.739	  1.005	  1.476	  0.000
14	  2.040	 87.621	  1.005	  1.476	  0.000
15	  2.040	 93.504	  1.005	  1.476	  0.000
16	  2.040	 99.386	  1.005	  1.476	  0.000
0	  2.160	  5.446	  1.005	  1.481	  0.000
1	  2.160	 11.328	  1.005	  1.481	  0.000
2	  2.160	 17.210	  1.005	  1.481	  0.000
3	  2.160	 23.093	  1.005	  1.481	  0.000
4	  2.160	 28.975	  1.005	  1.481	  0.000
5	  2.160	 34.857	  1.005	  1.481	  0.000
6	  2.160	 40.740	  1.005	  1.481	  0.000
7	  2.160	 46.622	  1.005	  1.481	  0.000
8	  2.160	 52.504	  1.005	  1.481	  0.000
9	  2.160	 58.387	  1.005	  1.481	  0.000
10	  2.160	 64.269	  1.005	  1.481	  0.000
11	  2.160	 70.152	  1.005	  1.481	  0.000
12	  2.160	 76.034	  1.005	  1.481	  0.000
13	  2.160	 81.916	  1.005	  1.481	  0.000
14	  2.160	 87.799	  1.005	  1.481	  0.000
15	  2.160	 93.681	  1.005	  1.481	  0.000
16	  2.160	 99.563	  1.005	  1.481	  0.000
0	  2.280	  5.624	  1.005	  1.485	  0.000
1	  2.280	 11.506	  1.005	  1.485	  0.000
2	  2.280	 17.388	  1.005	  1.485	  0.000
3	  2.280	 23.271	  1.005	  1.485	  0.000
4	  2.280	 29.153	  1.005	  1.485	  0.000
5	  2.280	 35.035	  1.005	  1.485	  0.000
6	  2.280	 40.918	  1.005	  1.485	  0.000
7	  2.280	 46.800	  1.005	  1.485	  0.000
8	  2.280	 52.682	  1.005	  1.485	  0.000
9	  2.280	 58.565	  1.005	  1.485	  0.000
10	  2.280	 64.447	  1.005	  1.485	  0.000
11	  2.280	 70.330	  1.005	  1.485	  0.000
12	  2.280	 76.212	  1.005	  1.485	  0.000
13	  2.280	 82.094	  1.005	  1.485	  0.000
14	  2.280	 87.977	  1.005	  1.485	  0.000
15	  2.280	 93.859	  1.005	  1.485	  0.000
16	  2.280	 99.741	  1.005	  1.485	  0.000
0	  2.400	  5.802	  1.005	  1.488	  0.000
1	  2.400	 11.684	  1.005	  1.488	  0.000
2	  2.400	 17.567	  1.005	  1.488	  0.000
3	  2.400	 23.449	  1.005	  1.488	  0.000
4	  2.400	 29.331	  1.005	  1.488	  0.000
5	  2.400	 35.214	  1.005	  1.488	  0.000
6	  2.400	 41.096	  1.005	  1.488	  0.000
7	  2.400	 46.978	  1.005	  1.488	  0.000
8	  2.400	 52.861	  1.005	  1.488	  0.000
9	  2.400	 58.743	  1.005	  1.488	  0.000
10	  2.400	 64.626	  1.005	  1.488	  0.000
11	  2.400	 70.508	  1.005	  1.488	  0.000
12	  2.400	 76.390	  1.005	  1.488	  0.000
13	  2.400	 82.273	  1.005	  1.488	  0.000
14	  2.400	 88.155	  1.005	  1.488	  0.000
15	  2.400	 94.037	  1.005	  1.488	  0.000
16	  2.400	 99.920	  1.005	  1.488	  0.000
0	  2.520	  5.981	  1.005	  1.491	  0.000
1	  2.520	 11.863	  1.005	  1.491	  0.000
2	  2.520	 17.745	  1.005	  1.491	  0.000
3	  2.520	 23.628	  1.005	  1.491	  0.000
4	  2.520	 29.510	  1.005	  1.491	  0.000
5	  2.520	 35.393	  1.005	  1.491	  0.000
6	  2.520	 41.275	  1.005	  1.491	  0.000
7	  2.520	 47.157	  1.005	  1.491	  0.000
8	  2.520	 53.040	  1.005	  1.491	  0.000
9	  2.520	 58.922	  1.005	  1.491	  0.000
10	  2.520	 64.804	  1.005	  1.491	  0.000
11	  2.520	 70.687	  1.005	  1.491	  0.000
12	  2.520	 76.569	  1.005	  1.491	  0.000
13	  2.520	 82.451	  1.005	  1.491	  0.000
14	  2.520	 88.334	  1.005	  1.491	  0.000
15	  2.520	 94.216	  1.005	  1.491	  0.000
16	  2.520	100.098	  1.005	  1.491	  0.000
0	  2.640	  6.160	  1.005	  1.493	  0.000
1	  2.640	 12.042	  1.005	  1.493	  0.000
2	  2.640	 17.924	  1.005	  1.493	  0.000
3	  2.640	 23.807	  1.005	  1.493	  0.000
4	  2.640	 29.689	  1.005	  1.493	  0.000
5	  2.640	 35.572	  1.005	  1.493	  0.000
6	  2.640	 41.454	  1.005	  1.493	  0.000
7	  2.640	 47.336	  1.005	  1.493	  0.000
8	  2.640	 53.219	  1.005	  1.493	  0.000
9	  2.640	 59.101	  1.005	  1.493	  0.000
10	  2.640	 64.983	  1.005	  1.493	  0.000
11	  2.640	 70.866	  1.005	  1.493	  0.000
12	  2.640	 76.748	  1.005	  1.493	  0.000
13	  2.640	 82.630	  1.005	  1.493	  0.000
14	  2.640	 88.513	  1.005	  1.493	  0.000
15	  2.640	 94.395	  1.005	  1.493	  0.000
16	  2.640	100.277	  1.005	  1.493	  0.000
0	  2.760	  6.339	  1.005	  1.494	  0.000
1	  2.760	 12.221	  1.005	  1.494	  0.000
2	  2.760	 18.104	  1.005	  1.494	  0.000
3	  2.760	 23.986	  1.005	  1.494	  0.000
4	  2.760	 29.868	  1.005	  1.494	  0.000
5	  2.760	 35.751	  1.005	  1.494	  0.000
6	  2.760	 41.633	  1.005	  1.494	  0.000
7	  2.760	 47.515	  1.005	  1.494	  0.000
8	  2.760	 53.398	  1.005	  1.494	  0.000
9	  2.760	 59.280	  1.005	  1.494	  0.000
10	  2.760	 65.163	  1.005	  1.494	  0.000
11	  2.760	 71.045	  1.005	  1.494	  0.000
12	  2.760	 76.927	  1.005	  1.494	  0.000
13	  2.760	 82.810	  1.005	  1.494	  0.000
14	  2.760	 88.692	  1.005	  1.494	  0.000
15	  2.760	 94.574	  1.005	  1.494	  0.000
16	  2.760	100.457	  1.005	  1.494	  0.000
0	  2.880	  6.518	  1.005	  1.496	  0.000
1	  2.880	 12.401	  1.005	  1.496	  0.000
2	  2.880	 18.283	  1.005	  1.496	  0.000
3	  2.880	 24.165	  1.005	  1.496	  0.000
4	  2.880	 30.048	  1.005	  1.496	  0.000
5	  2.880	 35.930	  1.005	  1.496	  0.000
6	  2.880	 41.813	  1.005	  1.496	  0.000
7	  2.880	 47.695	  1.005	  1.496	  0.000
8	  2.880	 53.577	  1.005	  1.496	  0.000
9	  2.880	 59.460	  1.005	  1.496	  0.000
10	  2.880	 65.342	  1.005	  1.496	  0.000
11	  2.880	 71.224	  1.005	  1.496	  0.000
12	  2.880	 77.107	  1.005	  1.496	  0.000
13	  2.880	 82.989	  1.005	  1.496	  0.000
14	  2.880	 88.871	  1.005	  1.496	  0.000
15	  2.880	 94.754	  1.005	  1.496	  0.000
16	  2.880	100.636	  1.005	  1.496	  0.000
0	  3.000	  6.698	  1.005	  1.497	  0.000
1	  3.000	 12.580	  1.005	  1.497	  0.000
2	  3.000	 18.463	  1.005	  1.497	  0.000
3	  3.000	 24.345	  1.005	  1.497	  0.000
4	  3.000	 30.227	  1.005	  1.497	  0.000
5	  3.000	 36.110	  1.005	  1.497	  0.000
6	  3.000	 41.992	  1.005	  1.497	  0.000
7	  3.000	 47.874	  1.005	  1.497	  0.000
8	  3.000	 53.757	  1.005	  1.497	  0.000
9	  3.000	 59.639	  1.005	  1.497	  0.000
10	  3.000	 65.521	  1.005	  1.497	  0.000
11	  3.000	 71.404	  1.005	  1.497	  0.000
12	  3.000	 77.286	  1.005	  1.497	  0.000
13	  3.000	 83.169	  1.005	  1.497	  0.000
14	  3.000	 89.051	  1.005	  1.497	  0.000
15	  3.000	 94.933	  1.005	  1.497	  0.000
16	  3.000	100.816	  1.005	  1.497	  0.000
