# id	 time	 x	 y	 vx	 vy
0	  0.000	  1.020	  1.000	  0.010	  0.010
1	  0.000	  3.061	  1.000	  0.010	  0.010
2	  0.000	  5.102	  1.000	  0.010	  0.010
3	  0.000	  7.143	  1.000	  0.010	  0.010
4	  0.000	  9.184	  1.000	  0.010	  0.010
5	  0.000	 11.224	  1.000	  0.010	  0.010
6	  0.000	 13.265	  1.000	  0.010	  0.010
7	  0.000	 15.306	  1.000	  0.010	  0.010
8	  0.000	 17.347	  1.000	  0.010	  0.010
9	  0.000	 19.388	  1.000	  0.010	  0.010
10	  0.000	 21.429	  1.000	  0.010	  0.010
11	  0.000	 23.469	  1.000	  0.010	  0.010
12	  0.000	 25.510	  1.000	  0.010	  0.010
13	  0.000	 27.551	  1.000	  0.010	  0.010
14	  0.000	 29.592	  1.000	  0.010	  0.010
15	  0.000	 31.633	  1.000	  0.010	  0.010
16	  0.000	 33.673	  1.000	  0.010	  0.010
17	  0.000	 35.714	  1.000	  0.010	  0.010
18	  0.000	 37.755	  1.000	  0.010	  0.010
19	  0.000	 39.796	  1.000	  0.010	  0.010
20	  0.000	 41.837	  1.000	  0.010	  0.010
21	  0.000	 43.878	  1.000	  0.010	  0.010
22	  0.000	 45.918	  1.000	  0.010	  0.010
23	  0.000	 47.959	  1.000	  0.010	  0.010
24	  0.000	 50.000	  1.000	  0.010	  0.010
25	  0.000	 52.041	  1.000	  0.010	  0.010
26	  0.000	 54.082	  1.000	  0.010	  0.010
27	  0.000	 56.122	  1.000	  0.010	  0.010
28	  0.000	 58.163	  1.000	  0.010	  0.010
29	  0.000	 60.204	  1.000	  0.010	  0.010
30	  0.000	 62.245	  1.000	  0.010	  0.010
31	  0.000	 64.286	  1.000	  0.010	  0.010
32	  0.000	 66.327	  1.000	  0.010	  0.010
33	  0.000	 68.367	  1.000	  0.010	  0.010
34	  0.000	 70.408	  1.000	  0.010	  0.010
35	  0.000	 72.449	  1.000	  0.010	  0.010
36	  0.000	 74.490	  1.000	  0.010	  0.010
37	  0.000	 76.531	  1.000	  0.010	  0.010
38	  0.000	 78.571	  1.000	  0.010	  0.010
39	  0.000	 80.612	  1.000	  0.010	  0.010
40	  0.000	 82.653	  1.000	  0.010	  0.010
41	  0.000	 84.694	  1.000	  0.010	  0.010
42	  0.000	 86.735	  1.000	  0.010	  0.010
43	  0.000	 88.776	  1.000	  0.010	  0.010
44	  0.000	 90.816	  1.000	  0.010	  0.010
45	  0.000	 92.857	  1.000	  0.010	  0.010
46	  0.000	 94.898	  1.000	  0.010	  0.010
47	  0.000	 96.939	  1.000	  0.010	  0.010
48	  0.000	 98.980	  1.000	  0.010	  0.010
0	  0.120	  1.040	  1.001	  0.331	  0.008
1	  0.120	  3.081	  1.001	  0.331	  0.008
2	  0.120	  5.122	  1.001	  0.331	  0.008
3	  0.120	  7.162	  1.001	  0.331	  0.008
4	  0.120	  9.203	  1.001	  0.331	  0.008
5	  0.120	 11.244	  1.001	  0.331	  0.008
6	  0.120	 13.285	  1.001	  0.331	  0.008
7	  0.120	 15.326	  1.001	  0.331	  0.008
8	  0.120	 17.367	  1.001	  0.331	  0.008
9	  0.120	 19.407	  1.001	  0.331	  0.008
10	  0.120	 21.448	  1.001	  0.331	  0.008
11	  0.120	 23.489	  1.001	  0.331	  0.008
12	  0.120	 25.530	  1.001	  0.331	  0.008
13	  0.120	 27.571	  1.001	  0.331	  0.008
14	  0.120	 29.611	  1.001	  0.331	  0.008
15	  0.120	 31.652	  1.001	  0.331	  0.008
16	  0.120	 33.693	  1.001	  0.331	  0.008
17	  0.120	 35.734	  1.001	  0.331	  0.008
18	  0.120	 37.775	  1.001	  0.331	  0.008
19	  0.120	 39.816	  1.001	  0.331	  0.008
20	  0.120	 41.856	  1.001	  0.331	  0.008
21	  0.120	 43.897	  1.001	  0.331	  0.008
22	  0.120	 45.938	  1.001	  0.331	  0.008
23	  0.120	 47.979	  1.001	  0.331	  0.008
24	  0.120	 50.020	  1.001	  0.331	  0.008
25	  0.120	 52.060	  1.001	  0.331	  0.008
26	  0.120	 54.101	  1.001	  0.331	  0.008
27	  0.120	 56.142	  1.001	  0.331	  0.008
28	  0.120	 58.183	  1.001	  0.331	  0.008
29	  0.120	 60.224	  1.001	  0.331	  0.008
30	  0.120	 62.265	  1.001	  0.331	  0.008
31	  0.120	 64.305	  1.001	  0.331	  0.008
32	  0.120	 66.346	  1.001	  0.331	  0.008
33	  0.120	 68.387	  1.001	  0.331	  0.008
34	  0.120	 70.428	  1.001	  0.331	  0.008
35	  0.120	 72.469	  1.001	  0.331	  0.008
36	  0.120	 74.509	  1.001	  0.331	  0.008
37	  0.120	 76.550	  1.001	  0.331	  0.008
38	  0.120	 78.591	  1.001	  0.331	  0.008
39	  0.120	 80.632	  1.001	  0.331	  0.008
40	  0.120	 82.673	  1.001	  0.331	  0.008
41	  0.120	 84.713	  1.001	  0.331	  0.008
42	  0.120	 86.754	  1.001	  0.331	  0.008
43	  0.120	 88.795	  1.001	  0.331	  0.008
44	  0.120	 90.836	  1.001	  0.331	  0.008
45	  0.120	 92.877	  1.001	  0.331	  0.008
46	  0.120	 94.918	  1.001	  0.331	  0.008
47	  0.120	 96.958	  1.001	  0.331	  0.008
48	  0.120	 98.999	  1.001	  0.331	  0.008
0	  0.240	  1.094	  1.002	  0.582	  0.006
1	  0.240	  3.135	  1.002	  0.582	  0.006
2	  0.240	  5.176	  1.002	  0.582	  0.006
3	  0.240	  7.217	  1.002	  0.582	  0.006
4	  0.240	  9.257	  1.002	  0.582	  0.006
5	  0.240	 11.298	  1.002	  0.582	  0.006
6	  0.240	 13.339	  1.002	  0.582	  0.006
7	  0.240	 15.380	  1.002	  0.582	  0.006
8	  0.240	 17.421	  1.002	  0.582	  0.006
9	  0.240	 19.461	  1.002	  0.582	  0.006
10	  0.240	 21.502	  1.002	  0.582	  0.006
11	  0.240	 23.543	  1.002	  0.582	  0.006
12	  0.240	 25.584	  1.002	  0.582	  0.006
13	  0.240	 27.625	  1.002	  0.582	  0.006
14	  0.240	 29.666	  1.002	  0.582	  0.006
15	  0.240	 31.706	  1.002	  0.582	  0.006
16	  0.240	 33.747	  1.002	  0.582	  0.006
17	  0.240	 35.788	  1.002	  0.582	  0.006
18	  0.240	 37.829	  1.002	  0.582	  0.006
19	  0.240	 39.870	  1.002	  0.582	  0.006
20	  0.240	 41.910	  1.002	  0.582	  0.006
21	  0.240	 43.951	  1.002	  0.582	  0.006
22	  0.240	 45.992	  1.002	  0.582	  0.006
23	  0.240	 48.033	  1.002	  0.582	  0.006
24	  0.240	 50.074	  1.002	  0.582	  0.006
25	  0.240	 52.115	  1.002	  0.582	  0.006
26	  0.240	 54.155	  1.002	  0.582	  0.006
27	  0.240	 56.196	  1.002	  0.582	  0.006
28	  0.240	 58.237	  1.002	  0.582	  0.006
29	  0.240	 60.278	  1.002	  0.582	  0.006
30	  0.240	 62.319	  1.002	  0.582	  0.006
31	  0.240	 64.359	  1.002	  0.582	  0.006
32	  0.240	 66.400	  1.002	  0.582	  0.006
33	  0.240	 68.441	  1.002	  0.582	  0.006
34	  0.240	 70.482	  1.002	  0.582	  0.006
35	  0.240	 72.523	  1.002	  0.582	  0.006
36	  0.240	 74.564	  1.002	  0.582	  0.006
37	  0.240	 76.604	  1.002	  0.582	  0.006
38	  0.240	 78.645	  1.002	  0.582	  0.006
39	  0.240	 80.686	  1.002	  0.582	  0.006
40	  0.240	 82.727	  1.002	  0.582	  0.006
41	  0.240	 84.768	  1.002	  0.582	  0.006
42	  0.240	 86.808	  1.002	  0.582	  0.006
43	  0.240	 88.849	  1.002	  0.582	  0.006
44	  0.240	 90.890	  1.002	  0.582	  0.006
45	  0.240	 92.931	  1.002	  0.582	  0.006
46	  0.240	 94.972	  1.002	  0.582	  0.006
47	  0.240	 97.013	  1.002	  0.582	  0.006
48	  0.240	 99.053	  1.002	  0.582	  0.006
0	  0.360	  1.175	  1.003	  0.780	  0.005
1	  0.360	  3.216	  1.003	  0.780	  0.005
2	  0.360	  5.257	  1.003	  0.780	  0.005
3	  0.360	  7.298	  1.003	  0.780	  0.005
4	  0.360	  9.339	  1.003	  0.780	  0.005
5	  0.360	 11.379	  1.003	  0.780	  0.005
6	  0.360	 13.420	  1.003	  0.780	  0.005
7	  0.360	 15.461	  1.003	  0.780	  0.005
8	  0.360	 17.502	  1.003	  0.780	  0.005
9	  0.360	 19.543	  1.003	  0.780	  0.005
10	  0.360	 21.584	  1.003	  0.780	  0.005
11	  0.360	 23.624	  1.003	  0.780	  0.005
12	  0.360	 25.665	  1.003	  0.780	  0.005
13	  0.360	 27.706	  1.003	  0.780	  0.005
14	  0.360	 29.747	  1.003	  0.780	  0.005
15	  0.360	 31.788	  1.003	  0.780	  0.005
16	  0.360	 33.828	  1.003	  0.780	  0.005
17	  0.360	 35.869	  1.003	  0.780	  0.005
18	  0.360	 37.910	  1.003	  0.780	  0.005
19	  0.360	 39.951	  1.003	  0.780	  0.005
20	  0.360	 41.992	  1.003	  0.780	  0.005
21	  0.360	 44.033	  1.003	  0.780	  0.005
22	  0.360	 46.073	  1.003	  0.780	  0.005
23	  0.360	 48.114	  1.003	  0.780	  0.005
24	  0.360	 50.155	  1.003	  0.780	  0.005
25	  0.360	 52.196	  1.003	  0.780	  0.005
26	  0.360	 54.237	  1.003	  0.780	  0.005
27	  0.360	 56.277	  1.003	  0.780	  0.005
28	  0.360	 58.318	  1.003	  0.780	  0.005
29	  0.360	 60.359	  1.003	  0.780	  0.005
30	  0.360	 62.400	  1.003	  0.780	  0.005
31	  0.360	 64.441	  1.003	  0.780	  0.005
32	  0.360	 66.481	  1.003	  0.780	  0.005
33	  0.360	 68.522	  1.003	  0.780	  0.005
34	  0.360	 70.563	  1.003	  0.780	  0.005
35	  0.360	 72.604	  1.003	  0.780	  0.005
36	  0.360	 74.645	  1.003	  0.780	  0.005
37	  0.360	 76.686	  1.003	  0.780	  0.005
38	  0.360	 78.726	  1.003	  0.780	  0.005
39	  0.360	 80.767	  1.003	  0.780	  0.005
40	  0.360	 82.808	  1.003	  0.780	  0.005
41	  0.360	 84.849	  1.003	  0.780	  0.005
42	  0.360	 86.890	  1.003	  0.780	  0.005
43	  0.360	 88.930	  1.003	  0.780	  0.005
44	  0.360	 90.971	  1.003	  0.780	  0.005
45	  0.360	 93.012	  1.003	  0.780	  0.005
46	  0.360	 95.053	  1.003	  0.780	  0.005
47	  0.360	 97.094	  1.003	  0.780	  0.005
48	  0.360	 99.135	  1.003	  0.780	  0.005
0	  0.480	  1.278	  1.003	  0.935	  0.004
1	  0.480	  3.319	  1.003	  0.935	  0.004
2	  0.480	  5.359	  1.003	  0.935	  0.004
3	  0.480	  7.400	  1.003	  0.935	  0.004
4	  0.480	  9.441	  1.003	  0.935	  0.004
5	  0.480	 11.482	  1.003	  0.935	  0.004
6	  0.480	 13.523	  1.003	  0.935	  0.004
7	  0.480	 15.564	  1.003	  0.935	  0.004
8	  0.480	 17.604	  1.003	  0.935	  0.004
9	  0.480	 19.645	  1.003	  0.935	  0.004
10	  0.480	 21.686	  1.003	  0.935	  0.004
11	  0.480	 23.727	  1.003	  0.935	  0.004
12	  0.480	 25.768	  1.003	  0.935	  0.004
13	  0.480	 27.808	  1.003	  0.935	  0.004
14	  0.480	 29.849	  1.003	  0.935	  0.004
15	  0.480	 31.890	  1.003	  0.935	  0.004
16	  0.480	 33.931	  1.003	  0.935	  0.004
17	  0.480	 35.972	  1.003	  0.935	  0.004
18	  0.480	 38.013	  1.003	  0.935	  0.004
19	  0.480	 40.053	  1.003	  0.935	  0.004
20	  0.480	 42.094	  1.003	  0.935	  0.004
21	  0.480	 44.135	  1.003	  0.935	  0.004
22	  0.480	 46.176	  1.003	  0.935	  0.004
23	  0.480	 48.217	  1.003	  0.935	  0.004
24	  0.480	 50.257	  1.003	  0.935	  0.004
25	  0.480	 52.298	  1.003	  0.935	  0.004
26	  0.480	 54.339	  1.003	  0.935	  0.004
27	  0.480	 56.380	  1.003	  0.935	  0.004
28	  0.480	 58.421	  1.003	  0.935	  0.004
29	  0.480	 60.462	  1.003	  0.935	  0.004
30	  0.480	 62.502	  1.003	  0.935	  0.004
31	  0.480	 64.543	  1.003	  0.935	  0.004
32	  0.480	 66.584	  1.003	  0.935	  0.004
33	  0.480	 68.625	  1.003	  0.935	  0.004
34	  0.480	 70.666	  1.003	  0.935	  0.004
35	  0.480	 72.706	  1.003	  0.935	  0.004
36	  0.480	 74.747	  1.003	  0.935	  0.004
37	  0.480	 76.788	  1.003	  0.935	  0.004
38	  0.480	 78.829	  1.003	  0.935	  0.004
39	  0.480	 80.870	  1.003	  0.935	  0.004
40	  0.480	 82.910	  1.003	  0.935	  0.004
41	  0.480	 84.951	  1.003	  0.935	  0.004
42	  0.480	 86.992	  1.003	  0.935	  0.004
43	  0.480	 89.033	  1.003	  0.935	  0.004
44	  0.480	 91.074	  1.003	  0.935	  0.004
45	  0.480	 93.115	  1.003	  0.935	  0.004
46	  0.480	 95.155	  1.003	  0.935	  0.004
47	  0.480	 97.196	  1.003	  0.935	  0.004
48	  0.480	 99.237	  1.003	  0.935	  0.004
0	  0.600	  1.397	  1.004	  1.056	  0.003
1	  0.600	  3.438	  1.004	  1.056	  0.003
2	  0.600	  5.479	  1.004	  1.056	  0.003
3	  0.600	  7.519	  1.004	  1.056	  0.003
4	  0.600	  9.560	  1.004	  1.056	  0.003
5	  0.600	 11.601	  1.004	  1.056	  0.003
6	  0.600	 13.642	  1.004	  1.056	  0.003
7	  0.600	 15.683	  1.004	  1.056	  0.003
8	  0.600	 17.724	  1.004	  1.056	  0.003
9	  0.600	 19.764	  1.004	  1.056	  0.003
10	  0.600	 21.805	  1.004	  1.056	  0.003
11	  0.600	 23.846	  1.004	  1.056	  0.003
12	  0.600	 25.887	  1.004	  1.056	  0.003
13	  0.600	 27.928	  1.004	  1.056	  0.003
14	  0.600	 29.968	  1.004	  1.056	  0.003
15	  0.600	 32.009	  1.004	  1.056	  0.003
16	  0.600	 34.050	  1.004	  1.056	  0.003
17	  0.600	 36.091	  1.004	  1.056	  0.003
18	  0.600	 38.132	  1.004	  1.056	  0.003
19	  0.600	 40.173	  1.004	  1.056	  0.003
20	  0.600	 42.213	  1.004	  1.056	  0.003
21	  0.600	 44.254	  1.004	  1.056	  0.003
22	  0.600	 46.295	  1.004	  1.056	  0.003
23	  0.600	 48.336	  1.004	  1.056	  0.003
24	  0.600	 50.377	  1.004	  1.056	  0.003
25	  0.600	 52.417	  1.004	  1.056	  0.003
26	  0.600	 54.458	  1.004	  1.056	  0.003
27	  0.600	 56.499	  1.004	  1.056	  0.003
28	  0.600	 58.540	  1.004	  1.056	  0.003
29	  0.600	 60.581	  1.004	  1.056	  0.003
30	  0.600	 62.621	  1.004	  1.056	  0.003
31	  0.600	 64.662	  1.004	  1.056	  0.003
32	  0.600	 66.703	  1.004	  1.056	  0.003
33	  0.600	 68.744	  1.004	  1.056	  0.003
34	  0.600	 70.785	  1.004	  1.056	  0.003
35	  0.600	 72.826	  1.004	  1.056	  0.003
36	  0.600	 74.866	  1.004	  1.056	  0.003
37	  0.600	 76.907	  1.004	  1.056	  0.003
38	  0.600	 78.948	  1.004	  1.056	  0.003
39	  0.600	 80.989	  1.004	  1.056	  0.003
40	  0.600	 83.030	  1.004	  1.056	  0.003
41	  0.600	 85.070	  1.004	  1.056	  0.003
42	  0.600	 87.111	  1.004	  1.056	  0.003
43	  0.600	 89.152	  1.004	  1.056	  0.003
44	  0.600	 91.193	  1.004	  1.056	  0.003
45	  0.600	 93.234	  1.004	  1.056	  0.003
46	  0.600	 95.275	  1.004	  1.056	  0.003
47	  0.600	 97.315	  1.004	  1.056	  0.003
48	  0.600	 99.356	  1.004	  1.056	  0.003
0	  0.720	  1.529	  1.004	  1.152	  0.002
1	  0.720	  3.570	  1.004	  1.152	  0.002
2	  0.720	  5.611	  1.004	  1.152	  0.002
3	  0.720	  7.652	  1.004	  1.152	  0.002
4	  0.720	  9.693	  1.004	  1.152	  0.002
5	  0.720	 11.733	  1.004	  1.152	  0.002
6	  0.720	 13.774	  1.004	  1.152	  0.002
7	  0.720	 15.815	  1.004	  1.152	  0.002
8	  0.720	 17.856	  1.004	  1.152	  0.002
9	  0.720	 19.897	  1.004	  1.152	  0.002
10	  0.720	 21.937	  1.004	  1.152	  0.002
11	  0.720	 23.978	  1.004	  1.152	  0.002
12	  0.720	 26.019	  1.004	  1.152	  0.002
13	  0.720	 28.060	  1.004	  1.152	  0.002
14	  0.720	 30.101	  1.004	  1.152	  0.002
15	  0.720	 32.141	  1.004	  1.152	  0.002
16	  0.720	 34.182	  1.004	  1.152	  0.002
17	  0.720	 36.223	  1.004	  1.152	  0.002
18	  0.720	 38.264	  1.004	  1.152	  0.002
19	  0.720	 40.305	  1.004	  1.152	  0.002
20	  0.720	 42.346	  1.004	  1.152	  0.002
21	  0.720	 44.386	  1.004	  1.152	  0.002
22	  0.720	 46.427	  1.004	  1.152	  0.002
23	  0.720	 48.468	  1.004	  1.152	  0.002
24	  0.720	 50.509	  1.004	  1.152	  0.002
25	  0.720	 52.550	  1.004	  1.152	  0.002
26	  0.720	 54.590	  1.004	  1.152	  0.002
27	  0.720	 56.631	  1.004	  1.152	  0.002
28	  0.720	 58.672	  1.004	  1.152	  0.002
29	  0.720	 60.713	  1.004	  1.152	  0.002
30	  0.720	 62.754	  1.004	  1.152	  0.002
31	  0.720	 64.795	  1.004	  1.152	  0.002
32	  0.720	 66.835	  1.004	  1.152	  0.002
33	  0.720	 68.876	  1.004	  1.152	  0.002
34	  0.720	 70.917	  1.004	  1.152	  0.002
35	  0.720	 72.958	  1.004	  1.152	  0.002
36	  0.720	 74.999	  1.004	  1.152	  0.002
37	  0.720	 77.039	  1.004	  1.152	  0.002
38	  0.720	 79.080	  1.004	  1.152	  0.002
39	  0.720	 81.121	  1.004	  1.152	  0.002
40	  0.720	 83.162	  1.004	  1.152	  0.002
41	  0.720	 85.203	  1.004	  1.152	  0.002
42	  0.720	 87.244	  1.004	  1.152	  0.002
43	  0.720	 89.284	  1.004	  1.152	  0.002
44	  0.720	 91.325	  1.004	  1.152	  0.002
45	  0.720	 93.366	  1.004	  1.152	  0.002
46	  0.720	 95.407	  1.004	  1.152	  0.002
47	  0.720	 97.448	  1.004	  1.152	  0.002
48	  0.720	 99.488	  1.004	  1.152	  0.002
0	  0.840	  1.672	  1.004	  1.227	  0.002
1	  0.840	  3.713	  1.004	  1.227	  0.002
2	  0.840	  5.753	  1.004	  1.227	  0.002
3	  0.840	  7.794	  1.004	  1.227	  0.002
4	  0.840	  9.835	  1.004	  1.227	  0.002
5	  0.840	 11.876	  1.004	  1.227	  0.002
6	  0.840	 13.917	  1.004	  1.227	  0.002
7	  0.840	 15.957	  1.004	  1.227	  0.002
8	  0.840	 17.998	  1.004	  1.227	  0.002
9	  0.840	 20.039	  1.004	  1.227	  0.002
10	  0.840	 22.080	  1.004	  1.227	  0.002
11	  0.840	 24.121	  1.004	  1.227	  0.002
12	  0.840	 26.162	  1.004	  1.227	  0.002
13	  0.840	 28.202	  1.004	  1.227	  0.002
14	  0.840	 30.243	  1.004	  1.227	  0.002
15	  0.840	 32.284	  1.004	  1.227	  0.002
16	  0.840	 34.325	  1.004	  1.227	  0.002
17	  0.840	 36.366	  1.004	  1.227	  0.002
18	  0.840	 38.406	  1.004	  1.227	  0.002
19	  0.840	 40.447	  1.004	  1.227	  0.002
20	  0.840	 42.488	  1.004	  1.227	  0.002
21	  0.840	 44.529	  1.004	  1.227	  0.002
22	  0.840	 46.570	  1.004	  1.227	  0.002
23	  0.840	 48.611	  1.004	  1.227	  0.002
24	  0.840	 50.651	  1.004	  1.227	  0.002
25	  0.840	 52.692	  1.004	  1.227	  0.002
26	  0.840	 54.733	  1.004	  1.227	  0.002
27	  0.840	 56.774	  1.004	  1.227	  0.002
28	  0.840	 58.815	  1.004	  1.227	  0.002
29	  0.840	 60.855	  1.004	  1.227	  0.002
30	  0.840	 62.896	  1.004	  1.227	  0.002
31	  0.840	 64.937	  1.004	  1.227	  0.002
32	  0.840	 66.978	  1.004	  1.227	  0.002
33	  0.840	 69.019	  1.004	  1.227	  0.002
34	  0.840	 71.060	  1.004	  1.227	  0.002
35	  0.840	 73.100	  1.004	  1.227	  0.002
36	  0.840	 75.141	  1.004	  1.227	  0.002
37	  0.840	 77.182	  1.004	  1.227	  0.002
38	  0.840	 79.223	  1.004	  1.227	  0.002
39	  0.840	 81.264	  1.004	  1.227	  0.002
40	  0.840	 83.304	  1.004	  1.227	  0.002
41	  0.840	 85.345	  1.004	  1.227	  0.002
42	  0.840	 87.386	  1.004	  1.227	  0.002
43	  0.840	 89.427	  1.004	  1.227	  0.002
44	  0.840	 91.468	  1.004	  1.227	  0.002
45	  0.840	 93.509	  1.004	  1.227	  0.002
46	  0.840	 95.549	  1.004	  1.227	  0.002
47	  0.840	 97.590	  1.004	  1.227	  0.002
48	  0.840	 99.631	  1.004	  1.227	  0.002
0	  0.960	  1.822	  1.004	  1.285	  0.001
1	  0.960	  3.863	  1.004	  1.285	  0.001
2	  0.960	  5.904	  1.004	  1.285	  0.001
3	  0.960	  7.945	  1.004	  1.285	  0.001
4	  0.960	  9.986	  1.004	  1.285	  0.001
5	  0.960	 12.026	  1.004	  1.285	  0.001
6	  0.960	 14.067	  1.004	  1.285	  0.001
7	  0.960	 16.108	  1.004	  1.285	  0.001
8	  0.960	 18.149	  1.004	  1.285	  0.001
9	  0.960	 20.190	  1.004	  1.285	  0.001
10	  0.960	 22.231	  1.004	  1.285	  0.001
11	  0.960	 24.271	  1.004	  1.285	  0.001
12	  0.960	 26.312	  1.004	  1.285	  0.001
13	  0.960	 28.353	  1.004	  1.285	  0.001
14	  0.960	 30.394	  1.004	  1.285	  0.001
15	  0.960	 32.435	  1.004	  1.285	  0.001
16	  0.960	 34.475	  1.004	  1.285	  0.001
17	  0.960	 36.516	  1.004	  1.285	  0.001
18	  0.960	 38.557	  1.004	  1.285	  0.001
19	  0.960	 40.598	  1.004	  1.285	  0.001
20	  0.960	 42.639	  1.004	  1.285	  0.001
21	  0.960	 44.679	  1.004	  1.285	  0.001
22	  0.960	 46.720	  1.004	  1.285	  0.001
23	  0.960	 48.761	  1.004	  1.285	  0.001
24	  0.960	 50.802	  1.004	  1.285	  0.001
25	  0.960	 52.843	  1.004	  1.285	  0.001
26	  0.960	 54.884	  1.004	  1.285	  0.001
27	  0.960	 56.924	  1.004	  1.285	  0.001
28	  0.960	 58.965	  1.004	  1.285	  0.001
29	  0.960	 61.006	  1.004	  1.285	  0.001
30	  0.960	 63.047	  1.004	  1.285	  0.001
31	  0.960	 65.088	  1.004	  1.285	  0.001
32	  0.960	 67.128	  1.004	  1.285	  0.001
33	  0.960	 69.169	  1.004	  1.285	  0.001
34	  0.960	 71.210	  1.004	  1.285	  0.001
35	  0.960	 73.251	  1.004	  1.285	  0.001
36	  0.960	 75.292	  1.004	  1.285	  0.001
37	  0.960	 77.333	  1.004	  1.285	  0.001
38	  0.960	 79.373	  1.004	  1.285	  0.001
39	  0.960	 81.414	  1.004	  1.285	  0.001
40	  0.960	 83.455	  1.004	  1.285	  0.001
41	  0.960	 85.496	  1.004	  1.285	  0.001
42	  0.960	 87.537	  1.004	  1.285	  0.001
43	  0.960	 89.577	  1.004	  1.285	  0.001
44	  0.960	 91.618	  1.004	  1.285	  0.001
45	  0.960	 93.659	  1.004	  1.285	  0.001
46	  0.960	 95.700	  1.004	  1.285	  0.001
47	  0.960	 97.741	  1.004	  1.285	  0.001
48	  0.960	 99.782	  1.004	  1.285	  0.001
0	  1.080	  1.979	  1.004	  1.332	  0.001
1	  1.080	  4.020	  1.004	  1.332	  0.001
2	  1.080	  6.061	  1.004	  1.332	  0.001
3	  1.080	  8.102	  1.004	  1.332	  0.001
4	  1.080	 10.143	  1.004	  1.332	  0.001
5	  1.080	 12.183	  1.004	  1.332	  0.001
6	  1.080	 14.224	  1.004	  1.332	  0.001
7	  1.080	 16.265	  1.004	  1.332	  0.001
8	  1.080	 18.306	  1.004	  1.332	  0.001
9	  1.080	 20.347	  1.004	  1.332	  0.001
10	  1.080	 22.387	  1.004	  1.332	  0.001
11	  1.080	 24.428	  1.004	  1.332	  0.001
12	  1.080	 26.469	  1.004	  1.332	  0.001
13	  1.080	 28.510	  1.004	  1.332	  0.001
14	  1.080	 30.551	  1.004	  1.332	  0.001
15	  1.080	 32.591	  1.004	  1.332	  0.001
16	  1.080	 34.632	  1.004	  1.332	  0.001
17	  1.080	 36.673	  1.004	  1.332	  0.001
18	  1.080	 38.714	  1.004	  1.332	  0.001
19	  1.080	 40.755	  1.004	  1.332	  0.001
20	  1.080	 42.796	  1.004	  1.332	  0.001
21	  1.080	 44.836	  1.004	  1.332	  0.001
22	  1.080	 46.877	  1.004	  1.332	  0.001
23	  1.080	 48.918	  1.004	  1.332	  0.001
24	  1.080	 50.959	  1.004	  1.332	  0.001
25	  1.080	 53.000	  1.004	  1.332	  0.001
26	  1.080	 55.040	  1.004	  1.332	  0.001
27	  1.080	 57.081	  1.004	  1.332	  0.001
28	  1.080	 59.122	  1.004	  1.332	  0.001
29	  1.080	 61.163	  1.004	  1.332	  0.001
30	  1.080	 63.204	  1.004	  1.332	  0.001
31	  1.080	 65.245	  1.004	  1.332	  0.001
32	  1.080	 67.285	  1.004	  1.332	  0.001
33	  1.080	 69.326	  1.004	  1.332	  0.001
34	  1.080	 71.367	  1.004	  1.332	  0.001
35	  1.080	 73.408	  1.004	  1.332	  0.001
36	  1.080	 75.449	  1.004	  1.332	  0.001
37	  1.080	 77.489	  1.004	  1.332	  0.001
38	  1.080	 79.530	  1.004	  1.332	  0.001
39	  1.080	 81.571	  1.004	  1.332	  0.001
40	  1.080	 83.612	  1.004	  1.332	  0.001
41	  1.080	 85.653	  1.004	  1.332	  0.001
42	  1.080	 87.694	  1.004	  1.332	  0.001
43	  1.080	 89.734	  1.004	  1.332	  0.001
44	  1.080	 91.775	  1.004	  1.332	  0.001
45	  1.080	 93.816	  1.004	  1.332	  0.001
46	  1.080	 95.857	  1.004	  1.332	  0.001
47	  1.080	 97.898	  1.004	  1.332	  0.001
48	  1.080	 99.938	  1.004	  1.332	  0.001
0	  1.200	  2.141	  1.005	  1.368	  0.001
1	  1.200	  4.182	  1.005	  1.368	  0.001
2	  1.200	  6.223	  1.005	  1.368	  0.001
3	  1.200	  8.264	  1.005	  1.368	  0.001
4	  1.200	 10.304	  1.005	  1.368	  0.001
5	  1.200	 12.345	  1.005	  1.368	  0.001
6	  1.200	 14.386	  1.005	  1.368	  0.001
7	  1.200	 16.427	  1.005	  1.368	  0.001
8	  1.200	 18.468	  1.005	  1.368	  0.001
9	  1.200	 20.508	  1.005	  1.368	  0.001
10	  1.200	 22.549	  1.005	  1.368	  0.001
11	  1.200	 24.590	  1.005	  1.368	  0.001
12	  1.200	 26.631	  1.005	  1.368	  0.001
13	  1.200	 28.672	  1.005	  1.368	  0.001
14	  1.200	 30.713	  1.005	  1.368	  0.001
15	  1.200	 32.753	  1.005	  1.368	  0.001
16	  1.200	 34.794	  1.005	  1.368	  0.001
17	  1.200	 36.835	  1.005	  1.368	  0.001
18	  1.200	 38.876	  1.005	  1.368	  0.001
19	  1.200	 40.917	  1.005	  1.368	  0.001
20	  1.200	 42.957	  1.005	  1.368	  0.001
21	  1.200	 44.998	  1.005	  1.368	  0.001
22	  1.200	 47.039	  1.005	  1.368	  0.001
23	  1.200	 49.080	  1.005	  1.368	  0.001
24	  1.200	 51.121	  1.005	  1.368	  0.001
25	  1.200	 53.162	  1.005	  1.368	  0.001
26	  1.200	 55.202	  1.005	  1.368	  0.001
27	  1.200	 57.243	  1.005	  1.368	  0.001
28	  1.200	 59.284	  1.005	  1.368	  0.001
29	  1.200	 61.325	  1.005	  1.368	  0.001
30	  1.200	 63.366	  1.005	  1.368	  0.001
31	  1.200	 65.406	  1.005	  1.368	  0.001
32	  1.200	 67.447	  1.005	  1.368	  0.001
33	  1.200	 69.488	  1.005	  1.368	  0.001
34	  1.200	 71.529	  1.005	  1.368	  0.001
35	  1.200	 73.570	  1.005	  1.368	  0.001
36	  1.200	 75.611	  1.005	  1.368	  0.001
37	  1.200	 77.651	  1.005	  1.368	  0.001
38	  1.200	 79.692	  1.005	  1.368	  0.001
39	  1.200	 81.733	  1.005	  1.368	  0.001
40	  1.200	 83.774	  1.005	  1.368	  0.001
41	  1.200	 85.815	  1.005	  1.368	  0.001
42	  1.200	 87.855	  1.005	  1.368	  0.001
43	  1.200	 89.896	  1.005	  1.368	  0.001
44	  1.200	 91.937	  1.005	  1.368	  0.001
45	  1.200	 93.978	  1.005	  1.368	  0.001
46	  1.200	 96.019	  1.005	  1.368	  0.001
47	  1.200	 98.059	  1.005	  1.368	  0.001
48	  1.200	100.100	  1.005	  1.368	  0.001
0	  1.320	  2.307	  1.005	  1.396	  0.001
1	  1.320	  4.348	  1.005	  1.396	  0.001
2	  1.320	  6.389	  1.005	  1.396	  0.001
3	  1.320	  8.429	  1.005	  1.396	  0.001
4	  1.320	 10.470	  1.005	  1.396	  0.001
5	  1.320	 12.511	  1.005	  1.396	  0.001
6	  1.320	 14.552	  1.005	  1.396	  0.001
7	  1.320	 16.593	  1.005	  1.396	  0.001
8	  1.320	 18.633	  1.005	  1.396	  0.001
9	  1.320	 20.674	  1.005	  1.396	  0.001
10	  1.320	 22.715	  1.005	  1.396	  0.001
11	  1.320	 24.756	  1.005	  1.396	  0.001
12	  1.320	 26.797	  1.005	  1.396	  0.001
13	  1.320	 28.837	  1.005	  1.396	  0.001
14	  1.320	 30.878	  1.005	  1.396	  0.001
15	  1.320	 32.919	  1.005	  1.396	  0.001
16	  1.320	 34.960	  1.005	  1.396	  0.001
17	  1.320	 37.001	  1.005	  1.396	  0.001
18	  1.320	 39.042	  1.005	  1.396	  0.001
19	  1.320	 41.082	  1.005	  1.396	  0.001
20	  1.320	 43.123	  1.005	  1.396	  0.001
21	  1.320	 45.164	  1.005	  1.396	  0.001
22	  1.320	 47.205	  1.005	  1.396	  0.001
23	  1.320	 49.246	  1.005	  1.396	  0.001
24	  1.320	 51.286	  1.005	  1.396	  0.001
25	  1.320	 53.327	  1.005	  1.396	  0.001
26	  1.320	 55.368	  1.005	  1.396	  0.001
27	  1.320	 57.409	  1.005	  1.396	  0.001
28	  1.320	 59.450	  1.005	  1.396	  0.001
29	  1.320	 61.491	  1.005	  1.396	  0.001
30	  1.320	 63.531	  1.005	  1.396	  0.001
31	  1.320	 65.572	  1.005	  1.396	  0.001
32	  1.320	 67.613	  1.005	  1.396	  0.001
33	  1.320	 69.654	  1.005	  1.396	  0.001
34	  1.320	 71.695	  1.005	  1.396	  0.001
35	  1.320	 73.735	  1.005	  1.396	  0.001
36	  1.320	 75.776	  1.005	  1.396	  0.001
37	  1.320	 77.817	  1.005	  1.396	  0.001
38	  1.320	 79.858	  1.005	  1.396	  0.001
39	  1.320	 81.899	  1.005	  1.396	  0.001
40	  1.320	 83.940	  1.005	  1.396	  0.001
41	  1.320	 85.980	  1.005	  1.396	  0.001
42	  1.320	 88.021	  1.005	  1.396	  0.001
43	  1.320	 90.062	  1.005	  1.396	  0.001
44	  1.320	 92.103	  1.005	  1.396	  0.001
45	  1.320	 94.144	  1.005	  1.396	  0.001
46	  1.320	 96.184	  1.005	  1.396	  0.001
47	  1.320	 98.225	  1.005	  1.396	  0.001
48	  1.320	100.266	  1.005	  1.396	  0.001
0	  1.440	  2.476	  1.005	  1.418	  0.001
1	  1.440	  4.517	  1.005	  1.418	  0.001
2	  1.440	  6.557	  1.005	  1.418	  0.001
3	  1.440	  8.598	  1.005	  1.418	  0.001
4	  1.440	 10.639	  1.005	  1.418	  0.001
5	  1.440	 12.680	  1.005	  1.418	  0.001
6	  1.440	 14.721	  1.005	  1.418	  0.001
7	  1.440	 16.761	  1.005	  1.418	  0.001
8	  1.440	 18.802	  1.005	  1.418	  0.001
9	  1.440	 20.843	  1.005	  1.418	  0.001
10	  1.440	 22.884	  1.005	  1.418	  0.001
11	  1.440	 24.925	  1.005	  1.418	  0.001
12	  1.440	 26.965	  1.005	  1.418	  0.001
13	  1.440	 29.006	  1.005	  1.418	  0.001
14	  1.440	 31.047	  1.005	  1.418	  0.001
15	  1.440	 33.088	  1.005	  1.418	  0.001
16	  1.440	 35.129	  1.005	  1.418	  0.001
17	  1.440	 37.170	  1.005	  1.418	  0.001
18	  1.440	 39.210	  1.005	  1.418	  0.001
19	  1.440	 41.251	  1.005	  1.418	  0.001
20	  1.440	 43.292	  1.005	  1.418	  0.001
21	  1.440	 45.333	  1.005	  1.418	  0.001
22	  1.440	 47.374	  1.005	  1.418	  0.001
23	  1.440	 49.414	  1.005	  1.418	  0.001
24	  1.440	 51.455	  1.005	  1.418	  0.001
25	  1.440	 53.496	  1.005	  1.418	  0.001
26	  1.440	 55.537	  1.005	  1.418	  0.001
27	  1.440	 57.578	  1.005	  1.418	  0.001
28	  1.440	 59.619	  1.005	  1.418	  0.001
29	  1.440	 61.659	  1.005	  1.418	  0.001
30	  1.440	 63.700	  1.005	  1.418	  0.001
31	  1.440	 65.741	  1.005	  1.418	  0.001
32	  1.440	 67.782	  1.005	  1.418	  0.001
33	  1.440	 69.823	  1.005	  1.418	  0.001
34	  1.440	 71.863	  1.005	  1.418	  0.001
35	  1.440	 73.904	  1.005	  1.418	  0.001
36	  1.440	 75.945	  1.005	  1.418	  0.001
37	  1.440	 77.986	  1.005	  1.418	  0.001
38	  1.440	 80.027	  1.005	  1.418	  0.001
39	  1.440	 82.068	  1.005	  1.418	  0.001
40	  1.440	 84.108	  1.005	  1.418	  0.001
41	  1.440	 86.149	  1.005	  1.418	  0.001
42	  1.440	 88.190	  1.005	  1.418	  0.001
43	  1.440	 90.231	  1.005	  1.418	  0.001
44	  1.440	 92.272	  1.005	  1.418	  0.001
45	  1.440	 94.312	  1.005	  1.418	  0.001
46	  1.440	 96.353	  1.005	  1.418	  0.001
47	  1.440	 98.394	  1.005	  1.418	  0.001
48	  1.440	100.435	  1.005	  1.418	  0.001
0	  1.560	  2.647	  1.005	  1.436	  0.000
1	  1.560	  4.688	  1.005	  1.436	  0.000
2	  1.560	  6.729	  1.005	  1.436	  0.000
3	  1.560	  8.769	  1.005	  1.436	  0.000
4	  1.560	 10.810	  1.005	  1.436	  0.000
5	  1.560	 12.851	  1.005	  1.436	  0.000
6	  1.560	 14.892	  1.005	  1.436	  0.000
7	  1.560	 16.933	  1.005	  1.436	  0.000
8	  1.560	 18.973	  1.005	  1.436	  0.000
9	  1.560	 21.014	  1.005	  1.436	  0.000
10	  1.560	 23.055	  1.005	  1.436	  0.000
11	  1.560	 25.096	  1.005	  1.436	  0.000
12	  1.560	 27.137	  1.005	  1.436	  0.000
13	  1.560	 29.178	  1.005	  1.436	  0.000
14	  1.560	 31.218	  1.005	  1.436	  0.000
15	  1.560	 33.259	  1.005	  1.436	  0.000
16	  1.560	 35.300	  1.005	  1.436	  0.000
17	  1.560	 37.341	  1.005	  1.436	  0.000
18	  1.560	 39.382	  1.005	  1.436	  0.000
19	  1.560	 41.422	  1.005	  1.436	  0.000
20	  1.560	 43.463	  1.005	  1.436	  0.000
21	  1.560	 45.504	  1.005	  1.436	  0.000
22	  1.560	 47.545	  1.005	  1.436	  0.000
23	  1.560	 49.586	  1.005	  1.436	  0.000
24	  1.560	 51.627	  1.005	  1.436	  0.000
25	  1.560	 53.667	  1.005	  1.436	  0.000
26	  1.560	 55.708	  1.005	  1.436	  0.000
27	  1.560	 57.749	  1.005	  1.436	  0.000
28	  1.560	 59.790	  1.005	  1.436	  0.000
29	  1.560	 61.831	  1.005	  1.436	  0.000
30	  1.560	 63.871	  1.005	  1.436	  0.000
31	  1.560	 65.912	  1.005	  1.436	  0.000
32	  1.560	 67.953	  1.005	  1.436	  0.000
33	  1.560	 69.994	  1.005	  1.436	  0.000
34	  1.560	 72.035	  1.005	  1.436	  0.000
35	  1.560	 74.075	  1.005	  1.436	  0.000
36	  1.560	 76.116	  1.005	  1.436	  0.000
37	  1.560	 78.157	  1.005	  1.436	  0.000
38	  1.560	 80.198	  1.005	  1.436	  0.000
39	  1.560	 82.239	  1.005	  1.436	  0.000
40	  1.560	 84.280	  1.005	  1.436	  0.000
41	  1.560	 86.320	  1.005	  1.436	  0.000
42	  1.560	 88.361	  1.005	  1.436	  0.000
43	  1.560	 90.402	  1.005	  1.436	  0.000
44	  1.560	 92.443	  1.005	  1.436	  0.000
45	  1.560	 94.484	  1.005	  1.436	  0.000
46	  1.560	 96.524	  1.005	  1.436	  0.000
47	  1.560	 98.565	  1.005	  1.436	  0.000
48	  1.560	100.606	  1.005	  1.436	  0.000
0	  1.680	  2.820	  1.005	  1.450	  0.000
1	  1.680	  4.861	  1.005	  1.450	  0.000
2	  1.680	  6.902	  1.005	  1.450	  0.000
3	  1.680	  8.942	  1.005	  1.450	  0.000
4	  1.680	 10.983	  1.005	  1.450	  0.000
5	  1.680	 13.024	  1.005	  1.450	  0.000
6	  1.680	 15.065	  1.005	  1.450	  0.000
7	  1.680	 17.106	  1.005	  1.450	  0.000
8	  1.680	 19.147	  1.005	  1.450	  0.000
9	  1.680	 21.187	  1.005	  1.450	  0.000
10	  1.680	 23.228	  1.005	  1.450	  0.000
11	  1.680	 25.269	  1.005	  1.450	  0.000
12	  1.680	 27.310	  1.005	  1.450	  0.000
13	  1.680	 29.351	  1.005	  1.450	  0.000
14	  1.680	 31.391	  1.005	  1.450	  0.000
15	  1.680	 33.432	  1.005	  1.450	  0.000
16	  1.680	 35.473	  1.005	  1.450	  0.000
17	  1.680	 37.514	  1.005	  1.450	  0.000
18	  1.680	 39.555	  1.005	  1.450	  0.000
19	  1.680	 41.596	  1.005	  1.450	  0.000
20	  1.680	 43.636	  1.005	  1.450	  0.000
21	  1.680	 45.677	  1.005	  1.450	  0.000
22	  1.680	 47.718	  1.005	  1.450	  0.000
23	  1.680	 49.759	  1.005	  1.450	  0.000
24	  1.680	 51.800	  1.005	  1.450	  0.000
25	  1.680	 53.840	  1.005	  1.450	  0.000
26	  1.680	 55.881	  1.005	  1.450	  0.000
27	  1.680	 57.922	  1.005	  1.450	  0.000
28	  1.680	 59.963	  1.005	  1.450	  0.000
29	  1.680	 62.004	  1.005	  1.450	  0.000
30	  1.680	 64.045	  1.005	  1.450	  0.000
31	  1.680	 66.085	  1.005	  1.450	  0.000
32	  1.680	 68.126	  1.005	  1.450	  0.000
33	  1.680	 70.167	  1.005	  1.450	  0.000
34	  1.680	 72.208	  1.005	  1.450	  0.000
35	  1.680	 74.249	  1.005	  1.450	  0.000
36	  1.680	 76.289	  1.005	  1.450	  0.000
37	  1.680	 78.330	  1.005	  1.450	  0.000
38	  1.680	 80.371	  1.005	  1.450	  0.000
39	  1.680	 82.412	  1.005	  1.450	  0.000
40	  1.680	 84.453	  1.005	  1.450	  0.000
41	  1.680	 86.493	  1.005	  1.450	  0.000
42	  1.680	 88.534	  1.005	  1.450	  0.000
43	  1.680	 90.575	  1.005	  1.450	  0.000
44	  1.680	 92.616	  1.005	  1.450	  0.000
45	  1.680	 94.657	  1.005	  1.450	  0.000
46	  1.680	 96.698	  1.005	  1.450	  0.000
47	  1.680	 98.738	  1.005	  1.450	  0.000
48	  1.680	100.779	  1.005	  1.450	  0.000
0	  1.800	  2.995	  1.005	  1.460	  0.000
1	  1.800	  5.035	  1.005	  1.460	  0.000
2	  1.800	  7.076	  1.005	  1.460	  0.000
3	  1.800	  9.117	  1.005	  1.460	  0.000
4	  1.800	 11.158	  1.005	  1.460	  0.000
5	  1.800	 13.199	  1.005	  1.460	  0.000
6	  1.800	 15.239	  1.005	  1.460	  0.000
7	  1.800	 17.280	  1.005	  1.460	  0.000
8	  1.800	 19.321	  1.005	  1.460	  0.000
9	  1.800	 21.362	  1.005	  1.460	  0.000
10	  1.800	 23.403	  1.005	  1.460	  0.000
11	  1.800	 25.444	  1.005	  1.460	  0.000
12	  1.800	 27.484	  1.005	  1.460	  0.000
13	  1.800	 29.525	  1.005	  1.460	  0.000
14	  1.800	 31.566	  1.005	  1.460	  0.000
15	  1.800	 33.607	  1.005	  1.460	  0.000
16	  1.800	 35.648	  1.005	  1.460	  0.000
17	  1.800	 37.688	  1.005	  1.460	  0.000
18	  1.800	 39.729	  1.005	  1.460	  0.000
19	  1.800	 41.770	  1.005	  1.460	  0.000
20	  1.800	 43.811	  1.005	  1.460	  0.000
21	  1.800	 45.852	  1.005	  1.460	  0.000
22	  1.800	 47.893	  1.005	  1.460	  0.000
23	  1.800	 49.933	  1.005	  1.460	  0.000
24	  1.800	 51.974	  1.005	  1.460	  0.000
25	  1.800	 54.015	  1.005	  1.460	  0.000
26	  1.800	 56.056	  1.005	  1.460	  0.000
27	  1.800	 58.097	  1.005	  1.460	  0.000
28	  1.800	 60.137	  1.005	  1.460	  0.000
29	  1.800	 62.178	  1.005	  1.460	  0.000
30	  1.800	 64.219	  1.005	  1.460	  0.000
31	  1.800	 66.260	  1.005	  1.460	  0.000
32	  1.800	 68.301	  1.005	  1.460	  0.000
33	  1.800	 70.342	  1.005	  1.460	  0.000
34	  1.800	 72.382	  1.005	  1.460	  0.000
35	  1.800	 74.423	  1.005	  1.460	  0.000
36	  1.800	 76.464	  1.005	  1.460	  0.000
37	  1.800	 78.505	  1.005	  1.460	  0.000
38	  1.800	 80.546	  1.005	  1.460	  0.000
39	  1.800	 82.586	  1.005	  1.460	  0.000
40	  1.800	 84.627	  1.005	  1.460	  0.000
41	  1.800	 86.668	  1.005	  1.460	  0.000
42	  1.800	 88.709	  1.005	  1.460	  0.000
43	  1.800	 90.750	  1.005	  1.460	  0.000
44	  1.800	 92.791	  1.005	  1.460	  0.000
45	  1.800	 94.831	  1.005	  1.460	  0.000
46	  1.800	 96.872	  1.005	  1.460	  0.000
47	  1.800	 98.913	  1.005	  1.460	  0.000
48	  1.800	100.954	  1.005	  1.460	  0.000
0	  1.920	  3.170	  1.005	  1.469	  0.000
1	  1.920	  5.211	  1.005	  1.469	  0.000
2	  1.920	  7.252	  1.005	  1.469	  0.000
3	  1.920	  9.293	  1.005	  1.469	  0.000
4	  1.920	 11.334	  1.005	  1.469	  0.000
5	  1.920	 13.374	  1.005	  1.469	  0.000
6	  1.920	 15.415	  1.005	  1.469	  0.000
7	  1.920	 17.456	  1.005	  1.469	  0.000
8	  1.920	 19.497	  1.005	  1.469	  0.000
9	  1.920	 21.538	  1.005	  1.469	  0.000
10	  1.920	 23.578	  1.005	  1.469	  0.000
11	  1.920	 25.619	  1.005	  1.469	  0.000
12	  1.920	 27.660	  1.005	  1.469	  0.000
13	  1.920	 29.701	  1.005	  1.469	  0.000
14	  1.920	 31.742	  1.005	  1.469	  0.000
15	  1.920	 33.783	  1.005	  1.469	  0.000
16	  1.920	 35.823	  1.005	  1.469	  0.000
17	  1.920	 37.864	  1.005	  1.469	  0.000
18	  1.920	 39.905	  1.005	  1.469	  0.000
19	  1.920	 41.946	  1.005	  1.469	  0.000
20	  1.920	 43.987	  1.005	  1.469	  0.000
21	  1.920	 46.027	  1.005	  1.469	  0.000
22	  1.920	 48.068	  1.005	  1.469	  0.000
23	  1.920	 50.109	  1.005	  1.469	  0.000
24	  1.920	 52.150	  1.005	  1.469	  0.000
25	  1.920	 54.191	  1.005	  1.469	  0.000
26	  1.920	 56.232	  1.005	  1.469	  0.000
27	  1.920	 58.272	  1.005	  1.469	  0.000
28	  1.920	 60.313	  1.005	  1.469	  0.000
29	  1.920	 62.354	  1.005	  1.469	  0.000
30	  1.920	 64.395	  1.005	  1.469	  0.000
31	  1.920	 66.436	  1.005	  1.469	  0.000
32	  1.920	 68.476	  1.005	  1.469	  0.000
33	  1.920	 70.517	  1.005	  1.469	  0.000
34	  1.920	 72.558	  1.005	  1.469	  0.000
35	  1.920	 74.599	  1.005	  1.469	  0.000
36	  1.920	 76.640	  1.005	  1.469	  0.000
37	  1.920	 78.681	  1.005	  1.469	  0.000
38	  1.920	 80.721	  1.005	  1.469	  0.000
39	  1.920	 82.762	  1.005	  1.469	  0.000
40	  1.920	 84.803	  1.005	  1.469	  0.000
41	  1.920	 86.844	  1.005	  1.469	  0.000
42	  1.920	 88.885	  1.005	  1.469	  0.000
43	  1.920	 90.925	  1.005	  1.469	  0.000
44	  1.920	 92.966	  1.005	  1.469	  0.000
45	  1.920	 95.007	  1.005	  1.469	  0.000
46	  1.920	 97.048	  1.005	  1.469	  0.000
47	  1.920	 99.089	  1.005	  1.469	  0.000
48	  1.920	101.130	  1.005	  1.469	  0.000
0	  2.040	  3.347	  1.005	  1.475	  0.000
1	  2.040	  5.388	  1.005	  1.475	  0.000
2	  2.040	  7.429	  1.005	  1.475	  0.000
3	  2.040	  9.469	  1.005	  1.475	  0.000
4	  2.040	 11.510	  1.005	  1.475	  0.000
5	  2.040	 13.551	  1.005	  1.475	  0.000
6	  2.040	 15.592	  1.005	  1.475	  0.000
7	  2.040	 17.633	  1.005	  1.475	  0.000
8	  2.040	 19.673	  1.005	  1.475	  0.000
9	  2.040	 21.714	  1.005	  1.475	  0.000
10	  2.040	 23.755	  1.005	  1.475	  0.000
11	  2.040	 25.796	  1.005	  1.475	  0.000
12	  2.040	 27.837	  1.005	  1.475	  0.000
13	  2.040	 29.878	  1.005	  1.475	  0.000
14	  2.040	 31.918	  1.005	  1.475	  0.000
15	  2.040	 33.959	  1.005	  1.475	  0.000
16	  2.040	 36.000	  1.005	  1.475	  0.000
17	  2.040	 38.041	  1.005	  1.475	  0.000
18	  2.040	 40.082	  1.005	  1.475	  0.000
19	  2.040	 42.122	  1.005	  1.475	  0.000
20	  2.040	 44.163	  1.005	  1.475	  0.000
21	  2.040	 46.204	  1.005	  1.475	  0.000
22	  2.040	 48.245	  1.005	  1.475	  0.000
23	  2.040	 50.286	  1.005	  1.475	  0.000
24	  2.040	 52.327	  1.005	  1.475	  0.000
25	  2.040	 54.367	  1.005	  1.475	  0.000
26	  2.040	 56.408	  1.005	  1.475	  0.000
27	  2.040	 58.449	  1.005	  1.475	  0.000
28	  2.040	 60.490	  1.005	  1.475	  0.000
29	  2.040	 62.531	  1.005	  1.475	  0.000
30	  2.040	 64.571	  1.005	  1.475	  0.000
31	  2.040	 66.612	  1.005	  1.475	  0.000
32	  2.040	 68.653	  1.005	  1.475	  0.000
33	  2.040	 70.694	  1.005	  1.475	  0.000
34	  2.040	 72.735	  1.005	  1.475	  0.000
35	  2.040	 74.776	  1.005	  1.475	  0.000
36	  2.040	 76.816	  1.005	  1.475	  0.000
37	  2.040	 78.857	  1.005	  1.475	  0.000
38	  2.040	 80.898	  1.005	  1.475	  0.000
39	  2.040	 82.939	  1.005	  1.475	  0.000
40	  2.040	 84.980	  1.005	  1.475	  0.000
41	  2.040	 87.020	  1.005	  1.475	  0.000
42	  2.040	 89.061	  1.005	  1.475	  0.000
43	  2.040	 91.102	  1.005	  1.475	  0.000
44	  2.040	 93.143	  1.005	  1.475	  0.000
45	  2.040	 95.184	  1.005	  1.475	  0.000
46	  2.040	 97.225	  1.005	  1.475	  0.000
47	  2.040	 99.265	  1.005	  1.475	  0.000
48	  2.040	101.306	  1.005	  1.475	  0.000
0	  2.160	  3.524	  1.005	  1.481	  0.000
1	  2.160	  5.565	  1.005	  1.481	  0.000
2	  2.160	  7.606	  1.005	  1.481	  0.000
3	  2.160	  9.647	  1.005	  1.481	  0.000
4	  2.160	 11.688	  1.005	  1.481	  0.000
5	  2.160	 13.728	  1.005	  1.481	  0.000
6	  2.160	 15.769	  1.005	  1.481	  0.000
7	  2.160	 17.810	  1.005	  1.481	  0.000
8	  2.160	 19.851	  1.005	  1.481	  0.000
9	  2.160	 21.892	  1.005	  1.481	  0.000
10	  2.160	 23.932	  1.005	  1.481	  0.000
11	  2.160	 25.973	  1.005	  1.481	  0.000
12	  2.160	 28.014	  1.005	  1.481	  0.000
13	  2.160	 30.055	  1.005	  1.481	  0.000
14	  2.160	 32.096	  1.005	  1.481	  0.000
15	  2.160	 34.137	  1.005	  1.481	  0.000
16	  2.160	 36.177	  1.005	  1.481	  0.000
17	  2.160	 38.218	  1.005	  1.481	  0.000
18	  2.160	 40.259	  1.005	  1.481	  0.000
19	  2.160	 42.300	  1.005	  1.481	  0.000
20	  2.160	 44.341	  1.005	  1.481	  0.000
21	  2.160	 46.381	  1.005	  1.481	  0.000
22	  2.160	 48.422	  1.005	  1.481	  0.000
23	  2.160	 50.463	  1.005	  1.481	  0.000
24	  2.160	 52.504	  1.005	  1.481	  0.000
25	  2.160	 54.545	  1.005	  1.481	  0.000
26	  2.160	 56.586	  1.005	  1.481	  0.000
27	  2.160	 58.626	  1.005	  1.481	  0.000
28	  2.160	 60.667	  1.005	  1.481	  0.000
29	  2.160	 62.708	  1.005	  1.481	  0.000
30	  2.160	 64.749	  1.005	  1.481	  0.000
31	  2.160	 66.790	  1.005	  1.481	  0.000
32	  2.160	 68.830	  1.005	  1.481	  0.000
33	  2.160	 70.871	  1.005	  1.481	  0.000
34	  2.160	 72.912	  1.005	  1.481	  0.000
35	  2.160	 74.953	  1.005	  1.481	  0.000
36	  2.160	 76.994	  1.005	  1.481	  0.000
37	  2.160	 79.035	  1.005	  1.481	  0.000
38	  2.160	 81.075	  1.005	  1.481	  0.000
39	  2.160	 83.116	  1.005	  1.481	  0.000
40	  2.160	 85.157	  1.005	  1.481	  0.000
41	  2.160	 87.198	  1.005	  1.481	  0.000
42	  2.160	 89.239	  1.005	  1.481	  0.000
43	  2.160	 91.279	  1.005	  1.481	  0.000
44	  2.160	 93.320	  1.005	  1.481	  0.000
45	  2.160	 95.361	  1.005	  1.481	  0.000
46	  2.160	 97.402	  1.005	  1.481	  0.000
47	  2.160	 99.443	  1.005	  1.481	  0.000
48	  2.160	101.484	  1.005	  1.481	  0.000
0	  2.280	  3.702	  1.005	  1.485	  0.000
1	  2.280	  5.743	  1.005	  1.485	  0.000
2	  2.280	  7.784	  1.005	  1.485	  0.000
3	  2.280	  9.825	  1.005	  1.485	  0.000
4	  2.280	 11.866	  1.005	  1.485	  0.000
5	  2.280	 13.906	  1.005	  1.485	  0.000
6	  2.280	 15.947	  1.005	  1.485	  0.000
7	  2.280	 17.988	  1.005	  1.485	  0.000
8	  2.280	 20.029	  1.005	  1.485	  0.000
9	  2.280	 22.070	  1.005	  1.485	  0.000
10	  2.280	 24.110	  1.005	  1.485	  0.000
11	  2.280	 26.151	  1.005	  1.485	  0.000
12	  2.280	 28.192	  1.005	  1.485	  0.000
13	  2.280	 30.233	  1.005	  1.485	  0.000
14	  2.280	 32.274	  1.005	  1.485	  0.000
15	  2.280	 34.314	  1.005	  1.485	  0.000
16	  2.280	 36.355	  1.005	  1.485	  0.000
17	  2.280	 38.396	  1.005	  1.485	  0.000
18	  2.280	 40.437	  1.005	  1.485	  0.000
19	  2.280	 42.478	  1.005	  1.485	  0.000
20	  2.280	 44.519	  1.005	  1.485	  0.000
21	  2.280	 46.559	  1.005	  1.485	  0.000
22	  2.280	 48.600	  1.005	  1.485	  0.000
23	  2.280	 50.641	  1.005	  1.485	  0.000
24	  2.280	 52.682	  1.005	  1.485	  0.000
25	  2.280	 54.723	  1.005	  1.485	  0.000
26	  2.280	 56.763	  1.005	  1.485	  0.000
27	  2.280	 58.804	  1.005	  1.485	  0.000
28	  2.280	 60.845	  1.005	  1.485	  0.000
29	  2.280	 62.886	  1.005	  1.485	  0.000
30	  2.280	 64.927	  1.005	  1.485	  0.000
31	  2.280	 66.968	  1.005	  1.485	  0.000
32	  2.280	 69.008	  1.005	  1.485	  0.000
33	  2.280	 71.049	  1.005	  1.485	  0.000
34	  2.280	 73.090	  1.005	  1.485	  0.000
35	  2.280	 75.131	  1.005	  1.485	  0.000
36	  2.280	 77.172	  1.005	  1.485	  0.000
37	  2.280	 79.212	  1.005	  1.485	  0.000
38	  2.280	 81.253	  1.005	  1.485	  0.000
39	  2.280	 83.294	  1.005	  1.485	  0.000
40	  2.280	 85.335	  1.005	  1.485	  0.000
41	  2.280	 87.376	  1.005	  1.485	  0.000
42	  2.280	 89.417	  1.005	  1.485	  0.000
43	  2.280	 91.457	  1.005	  1.485	  0.000
44	  2.280	 93.498	  1.005	  1.485	  0.000
45	  2.280	 95.539	  1.005	  1.485	  0.000
46	  2.280	 97.580	  1.005	  1.485	  0.000
47	  2.280	 99.621	  1.005	  1.485	  0.000
48	  2.280	101.661	  1.005	  1.485	  0.000
0	  2.400	  3.881	  1.005	  1.488	  0.000
1	  2.400	  5.921	  1.005	  1.488	  0.000
2	  2.400	  7.962	  1.005	  1.488	  0.000
3	  2.400	 10.003	  1.005	  1.488	  0.000
4	  2.400	 12.044	  1.005	  1.488	  0.000
5	  2.400	 14.085	  1.005	  1.488	  0.000
6	  2.400	 16.125	  1.005	  1.488	  0.000
7	  2.400	 18.166	  1.005	  1.488	  0.000
8	  2.400	 20.207	  1.005	  1.488	  0.000
9	  2.400	 22.248	  1.005	  1.488	  0.000
10	  2.400	 24.289	  1.005	  1.488	  0.000
11	  2.400	 26.330	  1.005	  1.488	  0.000
12	  2.400	 28.370	  1.005	  1.488	  0.000
13	  2.400	 30.411	  1.005	  1.488	  0.000
14	  2.400	 32.452	  1.005	  1.488	  0.000
15	  2.400	 34.493	  1.005	  1.488	  0.000
16	  2.400	 36.534	  1.005	  1.488	  0.000
17	  2.400	 38.574	  1.005	  1.488	  0.000
18	  2.400	 40.615	  1.005	  1.488	  0.000
19	  2.400	 42.656	  1.005	  1.488	  0.000
20	  2.400	 44.697	  1.005	  1.488	  0.000
21	  2.400	 46.738	  1.005	  1.488	  0.000
22	  2.400	 48.779	  1.005	  1.488	  0.000
23	  2.400	 50.819	  1.005	  1.488	  0.000
24	  2.400	 52.860	  1.005	  1.488	  0.000
25	  2.400	 54.901	  1.005	  1.488	  0.000
26	  2.400	 56.942	  1.005	  1.488	  0.000
27	  2.400	 58.983	  1.005	  1.488	  0.000
28	  2.400	 61.023	  1.005	  1.488	  0.000
29	  2.400	 63.064	  1.005	  1.488	  0.000
30	  2.400	 65.105	  1.005	  1.488	  0.000
31	  2.400	 67.146	  1.005	  1.488	  0.000
32	  2.400	 69.187	  1.005	  1.488	  0.000
33	  2.400	 71.228	  1.005	  1.488	  0.000
34	  2.400	 73.268	  1.005	  1.488	  0.000
35	  2.400	 75.309	  1.005	  1.488	  0.000
36	  2.400	 77.350	  1.005	  1.488	  0.000
37	  2.400	 79.391	  1.005	  1.488	  0.000
38	  2.400	 81.432	  1.005	  1.488	  0.000
39	  2.400	 83.472	  1.005	  1.488	  0.000
40	  2.400	 85.513	  1.005	  1.488	  0.000
41	  2.400	 87.554	  1.005	  1.488	  0.000
42	  2.400	 89.595	  1.005	  1.488	  0.000
43	  2.400	 91.636	  1.005	  1.488	  0.000
44	  2.400	 93.677	  1.005	  1.488	  0.000
45	  2.400	 95.717	  1.005	  1.488	  0.000
46	  2.400	 97.758	  1.005	  1.488	  0.000
47	  2.400	 99.799	  1.005	  1.488	  0.000
48	  2.400	101.840	  1.005	  1.488	  0.000
0	  2.520	  4.059	  1.005	  1.490	  0.000
1	  2.520	  6.100	  1.005	  1.490	  0.000
2	  2.520	  8.141	  1.005	  1.490	  0.000
3	  2.520	 10.182	  1.005	  1.490	  0.000
4	  2.520	 12.223	  1.005	  1.490	  0.000
5	  2.520	 14.263	  1.005	  1.490	  0.000
6	  2.520	 16.304	  1.005	  1.490	  0.000
7	  2.520	 18.345	  1.005	  1.490	  0.000
8	  2.520	 20.386	  1.005	  1.490	  0.000
9	  2.520	 22.427	  1.005	  1.490	  0.000
10	  2.520	 24.467	  1.005	  1.490	  0.000
11	  2.520	 26.508	  1.005	  1.490	  0.000
12	  2.520	 28.549	  1.005	  1.490	  0.000
13	  2.520	 30.590	  1.005	  1.490	  0.000
14	  2.520	 32.631	  1.005	  1.490	  0.000
15	  2.520	 34.672	  1.005	  1.490	  0.000
16	  2.520	 36.712	  1.005	  1.490	  0.000
17	  2.520	 38.753	  1.005	  1.490	  0.000
18	  2.520	 40.794	  1.005	  1.490	  0.000
19	  2.520	 42.835	  1.005	  1.490	  0.000
20	  2.520	 44.876	  1.005	  1.490	  0.000
21	  2.520	 46.916	  1.005	  1.490	  0.000
22	  2.520	 48.957	  1.005	  1.490	  0.000
23	  2.520	 50.998	  1.005	  1.490	  0.000
24	  2.520	 53.039	  1.005	  1.490	  0.000
25	  2.520	 55.080	  1.005	  1.490	  0.000
26	  2.520	 57.121	  1.005	  1.490	  0.000
27	  2.520	 59.161	  1.005	  1.490	  0.000
28	  2.520	 61.202	  1.005	  1.490	  0.000
29	  2.520	 63.243	  1.005	  1.490	  0.000
30	  2.520	 65.284	  1.005	  1.490	  0.000
31	  2.520	 67.325	  1.005	  1.490	  0.000
32	  2.520	 69.365	  1.005	  1.490	  0.000
33	  2.520	 71.406	  1.005	  1.490	  0.000
34	  2.520	 73.447	  1.005	  1.490	  0.000
35	  2.520	 75.488	  1.005	  1.490	  0.000
36	  2.520	 77.529	  1.005	  1.490	  0.000
37	  2.520	 79.570	  1.005	  1.490	  0.000
38	  2.520	 81.610	  1.005	  1.490	  0.000
39	  2.520	 83.651	  1.005	  1.490	  0.000
40	  2.520	 85.692	  1.005	  1.490	  0.000
41	  2.520	 87.733	  1.005	  1.490	  0.000
42	  2.520	 89.774	  1.005	  1.490	  0.000
43	  2.520	 91.814	  1.005	  1.490	  0.000
44	  2.520	 93.855	  1.005	  1.490	  0.000
45	  2.520	 95.896	  1.005	  1.490	  0.000
46	  2.520	 97.937	  1.005	  1.490	  0.000
47	  2.520	 99.978	  1.005	  1.490	  0.000
48	  2.520	102.018	  1.005	  1.490	  0.000
0	  2.640	  4.238	  1.005	  1.492	  0.000
1	  2.640	  6.279	  1.005	  1.492	  0.000
2	  2.640	  8.320	  1.005	  1.492	  0.000
3	  2.640	 10.361	  1.005	  1.492	  0.000
4	  2.640	 12.402	  1.005	  1.492	  0.000
5	  2.640	 14.442	  1.005	  1.492	  0.000
6	  2.640	 16.483	  1.005	  1.492	  0.000
7	  2.640	 18.524	  1.005	  1.492	  0.000
8	  2.640	 20.565	  1.005	  1.492	  0.000
9	  2.640	 22.606	  1.005	  1.492	  0.000
10	  2.640	 24.646	  1.005	  1.492	  0.000
11	  2.640	 26.687	  1.005	  1.492	  0.000
12	  2.640	 28.728	  1.005	  1.492	  0.000
13	  2.640	 30.769	  1.005	  1.492	  0.000
14	  2.640	 32.810	  1.005	  1.492	  0.000
15	  2.640	 34.851	  1.005	  1.492	  0.000
16	  2.640	 36.891	  1.005	  1.492	  0.000
17	  2.640	 38.932	  1.005	  1.492	  0.000
18	  2.640	 40.973	  1.005	  1.492	  0.000
19	  2.640	 43.014	  1.005	  1.492	  0.000
20	  2.640	 45.055	  1.005	  1.492	  0.000
21	  2.640	 47.095	  1.005	  1.492	  0.000
22	  2.640	 49.136	  1.005	  1.492	  0.000
23	  2.640	 51.177	  1.005	  1.492	  0.000
24	  2.640	 53.218	  1.005	  1.492	  0.000
25	  2.640	 55.259	  1.005	  1.492	  0.000
26	  2.640	 57.299	  1.005	  1.492	  0.000
27	  2.640	 59.340	  1.005	  1.492	  0.000
28	  2.640	 61.381	  1.005	  1.492	  0.000
29	  2.640	 63.422	  1.005	  1.492	  0.000
30	  2.640	 65.463	  1.005	  1.492	  0.000
31	  2.640	 67.504	  1.005	  1.492	  0.000
32	  2.640	 69.544	  1.005	  1.492	  0.000
33	  2.640	 71.585	  1.005	  1.492	  0.000
34	  2.640	 73.626	  1.005	  1.492	  0.000
35	  2.640	 75.667	  1.005	  1.492	  0.000
36	  2.640	 77.708	  1.005	  1.492	  0.000
37	  2.640	 79.748	  1.005	  1.492	  0.000
38	  2.640	 81.789	  1.005	  1.492	  0.000
39	  2.640	 83.830	  1.005	  1.492	  0.000
40	  2.640	 85.871	  1.005	  1.492	  0.000
41	  2.640	 87.912	  1.005	  1.492	  0.000
42	  2.640	 89.953	  1.005	  1.492	  0.000
43	  2.640	 91.993	  1.005	  1.492	  0.000
44	  2.640	 94.034	  1.005	  1.492	  0.000
45	  2.640	 96.075	  1.005	  1.492	  0.000
46	  2.640	 98.116	  1.005	  1.492	  0.000
47	  2.640	100.157	  1.005	  1.492	  0.000
48	  2.640	102.197	  1.005	  1.492	  0.000
0	  2.760	  4.417	  1.005	  1.494	  0.000
1	  2.760	  6.458	  1.005	  1.494	  0.000
2	  2.760	  8.499	  1.005	  1.494	  0.000
3	  2.760	 10.540	  1.005	  1.494	  0.000
4	  2.760	 12.581	  1.005	  1.494	  0.000
5	  2.760	 14.622	  1.005	  1.494	  0.000
6	  2.760	 16.662	  1.005	  1.494	  0.000
7	  2.760	 18.703	  1.005	  1.494	  0.000
8	  2.760	 20.744	  1.005	  1.494	  0.000
9	  2.760	 22.785	  1.005	  1.494	  0.000
10	  2.760	 24.826	  1.005	  1.494	  0.000
11	  2.760	 26.866	  1.005	  1.494	  0.000
12	  2.760	 28.907	  1.005	  1.494	  0.000
13	  2.760	 30.948	  1.005	  1.494	  0.000
14	  2.760	 32.989	  1.005	  1.494	  0.000
15	  2.760	 35.030	  1.005	  1.494	  0.000
16	  2.760	 37.071	  1.005	  1.494	  0.000
17	  2.760	 39.111	  1.005	  1.494	  0.000
18	  2.760	 41.152	  1.005	  1.494	  0.000
19	  2.760	 43.193	  1.005	  1.494	  0.000
20	  2.760	 45.234	  1.005	  1.494	  0.000
21	  2.760	 47.275	  1.005	  1.494	  0.000
22	  2.760	 49.315	  1.005	  1.494	  0.000
23	  2.760	 51.356	  1.005	  1.494	  0.000
24	  2.760	 53.397	  1.005	  1.494	  0.000
25	  2.760	 55.438	  1.005	  1.494	  0.000
26	  2.760	 57.479	  1.005	  1.494	  0.000
27	  2.760	 59.520	  1.005	  1.494	  0.000
28	  2.760	 61.560	  1.005	  1.494	  0.000
29	  2.760	 63.601	  1.005	  1.494	  0.000
30	  2.760	 65.642	  1.005	  1.494	  0.000
31	  2.760	 67.683	  1.005	  1.494	  0.000
32	  2.760	 69.724	  1.005	  1.494	  0.000
33	  2.760	 71.764	  1.005	  1.494	  0.000
34	  2.760	 73.805	  1.005	  1.494	  0.000
35	  2.760	 75.846	  1.005	  1.494	  0.000
36	  2.760	 77.887	  1.005	  1.494	  0.000
37	  2.760	 79.928	  1.005	  1.494	  0.000
38	  2.760	 81.968	  1.005	  1.494	  0.000
39	  2.760	 84.009	  1.005	  1.494	  0.000
40	  2.760	 86.050	  1.005	  1.494	  0.000
41	  2.760	 88.091	  1.005	  1.494	  0.000
42	  2.760	 90.132	  1.005	  1.494	  0.000
43	  2.760	 92.173	  1.005	  1.494	  0.000
44	  2.760	 94.213	  1.005	  1.494	  0.000
45	  2.760	 96.254	  1.005	  1.494	  0.000
46	  2.760	 98.295	  1.005	  1.494	  0.000
47	  2.760	100.336	  1.005	  1.494	  0.000
48	  2.760	102.377	  1.005	  1.494	  0.000
0	  2.880	  4.597	  1.005	  1.495	  0.000
1	  2.880	  6.638	  1.005	  1.495	  0.000
2	  2.880	  8.678	  1.005	  1.495	  0.000
3	  2.880	 10.719	  1.005	  1.495	  0.000
4	  2.880	 12.760	  1.005	  1.495	  0.000
5	  2.880	 14.801	  1.005	  1.495	  0.000
6	  2.880	 16.842	  1.005	  1.495	  0.000
7	  2.880	 18.883	  1.005	  1.495	  0.000
8	  2.880	 20.923	  1.005	  1.495	  0.000
9	  2.880	 22.964	  1.005	  1.495	  0.000
10	  2.880	 25.005	  1.005	  1.495	  0.000
11	  2.880	 27.046	  1.005	  1.495	  0.000
12	  2.880	 29.087	  1.005	  1.495	  0.000
13	  2.880	 31.127	  1.005	  1.495	  0.000
14	  2.880	 33.168	  1.005	  1.495	  0.000
15	  2.880	 35.209	  1.005	  1.495	  0.000
16	  2.880	 37.250	  1.005	  1.495	  0.000
17	  2.880	 39.291	  1.005	  1.495	  0.000
18	  2.880	 41.332	  1.005	  1.495	  0.000
19	  2.880	 43.372	  1.005	  1.495	  0.000
20	  2.880	 45.413	  1.005	  1.495	  0.000
21	  2.880	 47.454	  1.005	  1.495	  0.000
22	  2.880	 49.495	  1.005	  1.495	  0.000
23	  2.880	 51.536	  1.005	  1.495	  0.000
24	  2.880	 53.576	  1.005	  1.495	  0.000
25	  2.880	 55.617	  1.005	  1.495	  0.000
26	  2.880	 57.658	  1.005	  1.495	  0.000
27	  2.880	 59.699	  1.005	  1.495	  0.000
28	  2.880	 61.740	  1.005	  1.495	  0.000
29	  2.880	 63.780	  1.005	  1.495	  0.000
30	  2.880	 65.821	  1.005	  1.495	  0.000
31	  2.880	 67.862	  1.005	  1.495	  0.000
32	  2.880	 69.903	  1.005	  1.495	  0.000
33	  2.880	 71.944	  1.005	  1.495	  0.000
34	  2.880	 73.985	  1.005	  1.495	  0.000
35	  2.880	 76.025	  1.005	  1.495	  0.000
36	  2.880	 78.066	  1.005	  1.495	  0.000
37	  2.880	 80.107	  1.005	  1.495	  0.000
38	  2.880	 82.148	  1.005	  1.495	  0.000
39	  2.880	 84.189	  1.005	  1.495	  0.000
40	  2.880	 86.229	  1.005	  1.495	  0.000
41	  2.880	 88.270	  1.005	  1.495	  0.000
42	  2.880	 90.311	  1.005	  1.495	  0.000
43	  2.880	 92.352	  1.005	  1.495	  0.000
44	  2.880	 94.393	  1.005	  1.495	  0.000
45	  2.880	 96.434	  1.005	  1.495	  0.000
46	  2.880	 98.474	  1.005	  1.495	  0.000
47	  2.880	100.515	  1.005	  1.495	  0.000
48	  2.880	102.556	  1.005	  1.495	  0.000
0	  3.000	  4.776	  1.005	  1.496	  0.000
1	  3.000	  6.817	  1.005	  1.496	  0.000
2	  3.000	  8.858	  1.005	  1.496	  0.000
3	  3.000	 10.899	  1.005	  1.496	  0.000
4	  3.000	 12.940	  1.005	  1.496	  0.000
5	  3.000	 14.980	  1.005	  1.496	  0.000
6	  3.000	 17.021	  1.005	  1.496	  0.000
7	  3.000	 19.062	  1.005	  1.496	  0.000
8	  3.000	 21.103	  1.005	  1.496	  0.000
9	  3.000	 23.144	  1.005	  1.496	  0.000
10	  3.000	 25.184	  1.005	  1.496	  0.000
11	  3.000	 27.225	  1.005	  1.496	  0.000
12	  3.000	 29.266	  1.005	  1.496	  0.000
13	  3.000	 31.307	  1.005	  1.496	  0.000
14	  3.000	 33.348	  1.005	  1.496	  0.000
15	  3.000	 35.389	  1.005	  1.496	  0.000
16	  3.000	 37.429	  1.005	  1.496	  0.000
17	  3.000	 39.470	  1.005	  1.496	  0.000
18	  3.000	 41.511	  1.005	  1.496	  0.000
19	  3.000	 43.552	  1.005	  1.496	  0.000
20	  3.000	 45.593	  1.005	  1.496	  0.000
21	  3.000	 47.633	  1.005	  1.496	  0.000
22	  3.000	 49.674	  1.005	  1.496	  0.000
23	  3.000	 51.715	  1.005	  1.496	  0.000
24	  3.000	 53.756	  1.005	  1.496	  0.000
25	  3.000	 55.797	  1.005	  1.496	  0.000
26	  3.000	 57.838	  1.005	  1.496	  0.000
27	  3.000	 59.878	  1.005	  1.496	  0.000
28	  3.000	 61.919	  1.005	  1.496	  0.000
29	  3.000	 63.960	  1.005	  1.496	  0.000
30	  3.000	 66.001	  1.005	  1.496	  0.000
31	  3.000	 68.042	  1.005	  1.496	  0.000
32	  3.000	 70.082	  1.005	  1.496	  0.000
33	  3.000	 72.123	  1.005	  1.496	  0.000
34	  3.000	 74.164	  1.005	  1.496	  0.000
35	  3.000	 76.205	  1.005	  1.496	  0.000
36	  3.000	 78.246	  1.005	  1.496	  0.000
37	  3.000	 80.286	  1.005	  1.496	  0.000
38	  3.000	 82.327	  1.005	  1.496	  0.000
39	  3.000	 84.368	  1.005	  1.496	  0.000
40	  3.000	 86.409	  1.005	  1.496	  0.000
41	  3.000	 88.450	  1.005	  1.496	  0.000
42	  3.000	 90.491	  1.005	  1.496	  0.000
43	  3.000	 92.531	  1.005	  1.496	  0.000
44	  3.000	 94.572	  1.005	  1.496	  0.000
45	  3.000	 96.613	  1.005	  1.496	  0.000
46	  3.000	 98.654	  1.005	  1.496	  0.000
47	  3.000	100.695	  1.005	  1.496	  0.000
48	  3.000	102.735	  1.005	  1.496	  0.000
