# id	 time	 x	 y	 vx	 vy
0	  0.000	  1.613	  1.000	  0.010	  0.010
1	  0.000	  4.839	  1.000	  0.010	  0.010
2	  0.000	  8.065	  1.000	  0.010	  0.010
3	  0.000	 11.290	  1.000	  0.010	  0.010
4	  0.000	 14.516	  1.000	  0.010	  0.010
5	  0.000	 17.742	  1.000	  0.010	  0.010
6	  0.000	 20.968	  1.000	  0.010	  0.010
7	  0.000	 24.194	  1.000	  0.010	  0.010
8	  0.000	 27.419	  1.000	  0.010	  0.010
9	  0.000	 30.645	  1.000	  0.010	  0.010
10	  0.000	 33.871	  1.000	  0.010	  0.010
11	  0.000	 37.097	  1.000	  0.010	  0.010
12	  0.000	 40.323	  1.000	  0.010	  0.010
13	  0.000	 43.548	  1.000	  0.010	  0.010
14	  0.000	 46.774	  1.000	  0.010	  0.010
15	  0.000	 50.000	  1.000	  0.010	  0.010
16	  0.000	 53.226	  1.000	  0.010	  0.010
17	  0.000	 56.452	  1.000	  0.010	  0.010
18	  0.000	 59.677	  1.000	  0.010	  0.010
19	  0.000	 62.903	  1.000	  0.010	  0.010
20	  0.000	 66.129	  1.000	  0.010	  0.010
21	  0.000	 69.355	  1.000	  0.010	  0.010
22	  0.000	 72.581	  1.000	  0.010	  0.010
23	  0.000	 75.806	  1.000	  0.010	  0.010
24	  0.000	 79.032	  1.000	  0.010	  0.010
25	  0.000	 82.258	  1.000	  0.010	  0.010
26	  0.000	 85.484	  1.000	  0.010	  0.010
27	  0.000	 88.710	  1.000	  0.010	  0.010
28	  0.000	 91.935	  1.000	  0.010	  0.010
29	  0.000	 95.161	  1.000	  0.010	  0.010
30	  0.000	 98.387	  1.000	  0.010	  0.010
0	  0.120	  1.633	  1.001	  0.331	  0.008
1	  0.120	  4.858	  1.001	  0.331	  0.008
2	  0.120	  8.084	  1.001	  0.331	  0.008
3	  0.120	 11.310	  1.001	  0.331	  0.008
4	  0.120	 14.536	  1.001	  0.331	  0.008
5	  0.120	 17.762	  1.001	  0.331	  0.008
6	  0.120	 20.987	  1.001	  0.331	  0.008
7	  0.120	 24.213	  1.001	  0.331	  0.008
8	  0.120	 27.439	  1.001	  0.331	  0.008
9	  0.120	 30.665	  1.001	  0.331	  0.008
10	  0.120	 33.891	  1.001	  0.331	  0.008
11	  0.120	 37.116	  1.001	  0.331	  0.008
12	  0.120	 40.342	  1.001	  0.331	  0.008
13	  0.120	 43.568	  1.001	  0.331	  0.008
14	  0.120	 46.794	  1.001	  0.331	  0.008
15	  0.120	 50.020	  1.001	  0.331	  0.008
16	  0.120	 53.245	  1.001	  0.331	  0.008
17	  0.120	 56.471	  1.001	  0.331	  0.008
18	  0.120	 59.697	  1.001	  0.331	  0.008
19	  0.120	 62.923	  1.001	  0.331	  0.008
20	  0.120	 66.149	  1.001	  0.331	  0.008
21	  0.120	 69.374	  1.001	  0.331	  0.008
22	  0.120	 72.600	  1.001	  0.331	  0.008
23	  0.120	 75.826	  1.001	  0.331	  0.008
24	  0.120	 79.052	  1.001	  0.331	  0.008
25	  0.120	 82.278	  1.001	  0.331	  0.008
26	  0.120	 85.503	  1.001	  0.331	  0.008
27	  0.120	 88.729	  1.001	  0.331	  0.008
28	  0.120	 91.955	  1.001	  0.331	  0.008
29	  0.120	 95.181	  1.001	  0.331	  0.008
30	  0.120	 98.407	  1.001	  0.331	  0.008
0	  0.240	  1.687	  1.002	  0.582	  0.006
1	  0.240	  4.912	  1.002	  0.582	  0.006
2	  0.240	  8.138	  1.002	  0.582	  0.006
3	  0.240	 11.364	  1.002	  0.582	  0.006
4	  0.240	 14.590	  1.002	  0.582	  0.006
5	  0.240	 17.816	  1.002	  0.582	  0.006
6	  0.240	 21.041	  1.002	  0.582	  0.006
7	  0.240	 24.267	  1.002	  0.582	  0.006
8	  0.240	 27.493	  1.002	  0.582	  0.006
9	  0.240	 30.719	  1.002	  0.582	  0.006
10	  0.240	 33.945	  1.002	  0.582	  0.006
11	  0.240	 37.171	  1.002	  0.582	  0.006
12	  0.240	 40.396	  1.002	  0.582	  0.006
13	  0.240	 43.622	  1.002	  0.582	  0.006
14	  0.240	 46.848	  1.002	  0.582	  0.006
15	  0.240	 50.074	  1.002	  0.582	  0.006
16	  0.240	 53.300	  1.002	  0.582	  0.006
17	  0.240	 56.525	  1.002	  0.582	  0.006
18	  0.240	 59.751	  1.002	  0.582	  0.006
19	  0.240	 62.977	  1.002	  0.582	  0.006
20	  0.240	 66.203	  1.002	  0.582	  0.006
21	  0.240	 69.429	  1.002	  0.582	  0.006
22	  0.240	 72.654	  1.002	  0.582	  0.006
23	  0.240	 75.880	  1.002	  0.582	  0.006
24	  0.240	 79.106	  1.002	  0.582	  0.006
25	  0.240	 82.332	  1.002	  0.582	  0.006
26	  0.240	 85.558	  1.002	  0.582	  0.006
27	  0.240	 88.783	  1.002	  0.582	  0.006
28	  0.240	 92.009	  1.002	  0.582	  0.006
29	  0.240	 95.235	  1.002	  0.582	  0.006
30	  0.240	 98.461	  1.002	  0.582	  0.006
0	  0.360	  1.768	  1.003	  0.780	  0.005
1	  0.360	  4.994	  1.003	  0.780	  0.005
2	  0.360	  8.220	  1.003	  0.780	  0.005
3	  0.360	 11.445	  1.003	  0.780	  0.005
4	  0.360	 14.671	  1.003	  0.780	  0.005
5	  0.360	 17.897	  1.003	  0.780	  0.005
6	  0.360	 21.123	  1.003	  0.780	  0.005
7	  0.360	 24.349	  1.003	  0.780	  0.005
8	  0.360	 27.574	  1.003	  0.780	  0.005
9	  0.360	 30.800	  1.003	  0.780	  0.005
10	  0.360	 34.026	  1.003	  0.780	  0.005
11	  0.360	 37.252	  1.003	  0.780	  0.005
12	  0.360	 40.478	  1.003	  0.780	  0.005
13	  0.360	 43.703	  1.003	  0.780	  0.005
14	  0.360	 46.929	  1.003	  0.780	  0.005
15	  0.360	 50.155	  1.003	  0.780	  0.005
16	  0.360	 53.381	  1.003	  0.780	  0.005
17	  0.360	 56.607	  1.003	  0.780	  0.005
18	  0.360	 59.832	  1.003	  0.780	  0.005
19	  0.360	 63.058	  1.003	  0.780	  0.005
20	  0.360	 66.284	  1.003	  0.780	  0.005
21	  0.360	 69.510	  1.003	  0.780	  0.005
22	  0.360	 72.736	  1.003	  0.780	  0.005
23	  0.360	 75.961	  1.003	  0.780	  0.005
24	  0.360	 79.187	  1.003	  0.780	  0.005
25	  0.360	 82.413	  1.003	  0.780	  0.005
26	  0.360	 85.639	  1.003	  0.780	  0.005
27	  0.360	 88.865	  1.003	  0.780	  0.005
28	  0.360	 92.090	  1.003	  0.780	  0.005
29	  0.360	 95.316	  1.003	  0.780	  0.005
30	  0.360	 98.542	  1.003	  0.780	  0.005
0	  0.480	  1.870	  1.003	  0.935	  0.004
1	  0.480	  5.096	  1.003	  0.935	  0.004
2	  0.480	  8.322	  1.003	  0.935	  0.004
3	  0.480	 11.548	  1.003	  0.935	  0.004
4	  0.480	 14.774	  1.003	  0.935	  0.004
5	  0.480	 17.999	  1.003	  0.935	  0.004
6	  0.480	 21.225	  1.003	  0.935	  0.004
7	  0.480	 24.451	  1.003	  0.935	  0.004
8	  0.480	 27.677	  1.003	  0.935	  0.004
9	  0.480	 30.903	  1.003	  0.935	  0.004
10	  0.480	 34.128	  1.003	  0.935	  0.004
11	  0.480	 37.354	  1.003	  0.935	  0.004
12	  0.480	 40.580	  1.003	  0.935	  0.004
13	  0.480	 43.806	  1.003	  0.935	  0.004
14	  0.480	 47.032	  1.003	  0.935	  0.004
15	  0.480	 50.257	  1.003	  0.935	  0.004
16	  0.480	 53.483	  1.003	  0.935	  0.004
17	  0.480	 56.709	  1.003	  0.935	  0.004
18	  0.480	 59.935	  1.003	  0.935	  0.004
19	  0.480	 63.161	  1.003	  0.935	  0.004
20	  0.480	 66.387	  1.003	  0.935	  0.004
21	  0.480	 69.612	  1.003	  0.935	  0.004
22	  0.480	 72.838	  1.003	  0.935	  0.004
23	  0.480	 76.064	  1.003	  0.935	  0.004
24	  0.480	 79.290	  1.003	  0.935	  0.004
25	  0.480	 82.516	  1.003	  0.935	  0.004
26	  0.480	 85.741	  1.003	  0.935	  0.004
27	  0.480	 88.967	  1.003	  0.935	  0.004
28	  0.480	 92.193	  1.003	  0.935	  0.004
29	  0.480	 95.419	  1.003	  0.935	  0.004
30	  0.480	 98.645	  1.003	  0.935	  0.004
0	  0.600	  1.990	  1.004	  1.057	  0.003
1	  0.600	  5.215	  1.004	  1.057	  0.003
2	  0.600	  8.441	  1.004	  1.057	  0.003
3	  0.600	 11.667	  1.004	  1.057	  0.003
4	  0.600	 14.893	  1.004	  1.057	  0.003
5	  0.600	 18.119	  1.004	  1.057	  0.003
6	  0.600	 21.344	  1.004	  1.057	  0.003
7	  0.600	 24.570	  1.004	  1.057	  0.003
8	  0.600	 27.796	  1.004	  1.057	  0.003
9	  0.600	 31.022	  1.004	  1.057	  0.003
10	  0.600	 34.248	  1.004	  1.057	  0.003
11	  0.600	 37.473	  1.004	  1.057	  0.003
12	  0.600	 40.699	  1.004	  1.057	  0.003
13	  0.600	 43.925	  1.004	  1.057	  0.003
14	  0.600	 47.151	  1.004	  1.057	  0.003
15	  0.600	 50.377	  1.004	  1.057	  0.003
16	  0.600	 53.602	  1.004	  1.057	  0.003
17	  0.600	 56.828	  1.004	  1.057	  0.003
18	  0.600	 60.054	  1.004	  1.057	  0.003
19	  0.600	 63.280	  1.004	  1.057	  0.003
20	  0.600	 66.506	  1.004	  1.057	  0.003
21	  0.600	 69.732	  1.004	  1.057	  0.003
22	  0.600	 72.957	  1.004	  1.057	  0.003
23	  0.600	 76.183	  1.004	  1.057	  0.003
24	  0.600	 79.409	  1.004	  1.057	  0.003
25	  0.600	 82.635	  1.004	  1.057	  0.003
26	  0.600	 85.861	  1.004	  1.057	  0.003
27	  0.600	 89.086	  1.004	  1.057	  0.003
28	  0.600	 92.312	  1.004	  1.057	  0.003
29	  0.600	 95.538	  1.004	  1.057	  0.003
30	  0.600	 98.764	  1.004	  1.057	  0.003
0	  0.720	  2.122	  1.004	  1.152	  0.002
1	  0.720	  5.348	  1.004	  1.152	  0.002
2	  0.720	  8.573	  1.004	  1.152	  0.002
3	  0.720	 11.799	  1.004	  1.152	  0.002
4	  0.720	 15.025	  1.004	  1.152	  0.002
5	  0.720	 18.251	  1.004	  1.152	  0.002
6	  0.720	 21.477	  1.004	  1.152	  0.002
7	  0.720	 24.703	  1.004	  1.152	  0.002
8	  0.720	 27.928	  1.004	  1.152	  0.002
9	  0.720	 31.154	  1.004	  1.152	  0.002
10	  0.720	 34.380	  1.004	  1.152	  0.002
11	  0.720	 37.606	  1.004	  1.152	  0.002
12	  0.720	 40.832	  1.004	  1.152	  0.002
13	  0.720	 44.057	  1.004	  1.152	  0.002
14	  0.720	 47.283	  1.004	  1.152	  0.002
15	  0.720	 50.509	  1.004	  1.152	  0.002
16	  0.720	 53.735	  1.004	  1.152	  0.002
17	  0.720	 56.961	  1.004	  1.152	  0.002
18	  0.720	 60.186	  1.004	  1.152	  0.002
19	  0.720	 63.412	  1.004	  1.152	  0.002
20	  0.720	 66.638	  1.004	  1.152	  0.002
21	  0.720	 69.864	  1.004	  1.152	  0.002
22	  0.720	 73.090	  1.004	  1.152	  0.002
23	  0.720	 76.315	  1.004	  1.152	  0.002
24	  0.720	 79.541	  1.004	  1.152	  0.002
25	  0.720	 82.767	  1.004	  1.152	  0.002
26	  0.720	 85.993	  1.004	  1.152	  0.002
27	  0.720	 89.219	  1.004	  1.152	  0.002
28	  0.720	 92.444	  1.004	  1.152	  0.002
29	  0.720	 95.670	  1.004	  1.152	  0.002
30	  0.720	 98.896	  1.004	  1.152	  0.002
0	  0.840	  2.264	  1.004	  1.227	  0.002
1	  0.840	  5.490	  1.004	  1.227	  0.002
2	  0.840	  8.716	  1.004	  1.227	  0.002
3	  0.840	 11.942	  1.004	  1.227	  0.002
4	  0.840	 15.168	  1.004	  1.227	  0.002
5	  0.840	 18.393	  1.004	  1.227	  0.002
6	  0.840	 21.619	  1.004	  1.227	  0.002
7	  0.840	 24.845	  1.004	  1.227	  0.002
8	  0.840	 28.071	  1.004	  1.227	  0.002
9	  0.840	 31.297	  1.004	  1.227	  0.002
10	  0.840	 34.522	  1.004	  1.227	  0.002
11	  0.840	 37.748	  1.004	  1.227	  0.002
12	  0.840	 40.974	  1.004	  1.227	  0.002
13	  0.840	 44.200	  1.004	  1.227	  0.002
14	  0.840	 47.426	  1.004	  1.227	  0.002
15	  0.840	 50.652	  1.004	  1.227	  0.002
16	  0.840	 53.877	  1.004	  1.227	  0.002
17	  0.840	 57.103	  1.004	  1.227	  0.002
18	  0.840	 60.329	  1.004	  1.227	  0.002
19	  0.840	 63.555	  1.004	  1.227	  0.002
20	  0.840	 66.781	  1.004	  1.227	  0.002
21	  0.840	 70.006	  1.004	  1.227	  0.002
22	  0.840	 73.232	  1.004	  1.227	  0.002
23	  0.840	 76.458	  1.004	  1.227	  0.002
24	  0.840	 79.684	  1.004	  1.227	  0.002
25	  0.840	 82.910	  1.004	  1.227	  0.002
26	  0.840	 86.135	  1.004	  1.227	  0.002
27	  0.840	 89.361	  1.004	  1.227	  0.002
28	  0.840	 92.587	  1.004	  1.227	  0.002
29	  0.840	 95.813	  1.004	  1.227	  0.002
30	  0.840	 99.039	  1.004	  1.227	  0.002
0	  0.960	  2.415	  1.004	  1.286	  0.001
1	  0.960	  5.641	  1.004	  1.286	  0.001
2	  0.960	  8.867	  1.004	  1.286	  0.001
3	  0.960	 12.092	  1.004	  1.286	  0.001
4	  0.960	 15.318	  1.004	  1.286	  0.001
5	  0.960	 18.544	  1.004	  1.286	  0.001
6	  0.960	 21.770	  1.004	  1.286	  0.001
7	  0.960	 24.996	  1.004	  1.286	  0.001
8	  0.960	 28.221	  1.004	  1.286	  0.001
9	  0.960	 31.447	  1.004	  1.286	  0.001
10	  0.960	 34.673	  1.004	  1.286	  0.001
11	  0.960	 37.899	  1.004	  1.286	  0.001
12	  0.960	 41.125	  1.004	  1.286	  0.001
13	  0.960	 44.351	  1.004	  1.286	  0.001
14	  0.960	 47.576	  1.004	  1.286	  0.001
15	  0.960	 50.802	  1.004	  1.286	  0.001
16	  0.960	 54.028	  1.004	  1.286	  0.001
17	  0.960	 57.254	  1.004	  1.286	  0.001
18	  0.960	 60.480	  1.004	  1.286	  0.001
19	  0.960	 63.705	  1.004	  1.286	  0.001
20	  0.960	 66.931	  1.004	  1.286	  0.001
21	  0.960	 70.157	  1.004	  1.286	  0.001
22	  0.960	 73.383	  1.004	  1.286	  0.001
23	  0.960	 76.609	  1.004	  1.286	  0.001
24	  0.960	 79.834	  1.004	  1.286	  0.001
25	  0.960	 83.060	  1.004	  1.286	  0.001
26	  0.960	 86.286	  1.004	  1.286	  0.001
27	  0.960	 89.512	  1.004	  1.286	  0.001
28	  0.960	 92.738	  1.004	  1.286	  0.001
29	  0.960	 95.963	  1.004	  1.286	  0.001
30	  0.960	 99.189	  1.004	  1.286	  0.001
0	  1.080	  2.572	  1.004	  1.332	  0.001
1	  1.080	  5.798	  1.004	  1.332	  0.001
2	  1.080	  9.024	  1.004	  1.332	  0.001
3	  1.080	 12.249	  1.004	  1.332	  0.001
4	  1.080	 15.475	  1.004	  1.332	  0.001
5	  1.080	 18.701	  1.004	  1.332	  0.001
6	  1.080	 21.927	  1.004	  1.332	  0.001
7	  1.080	 25.153	  1.004	  1.332	  0.001
8	  1.080	 28.378	  1.004	  1.332	  0.001
9	  1.080	 31.604	  1.004	  1.332	  0.001
10	  1.080	 34.830	  1.004	  1.332	  0.001
11	  1.080	 38.056	  1.004	  1.332	  0.001
12	  1.080	 41.282	  1.004	  1.332	  0.001
13	  1.080	 44.507	  1.004	  1.332	  0.001
14	  1.080	 47.733	  1.004	  1.332	  0.001
15	  1.080	 50.959	  1.004	  1.332	  0.001
16	  1.080	 54.185	  1.004	  1.332	  0.001
17	  1.080	 57.411	  1.004	  1.332	  0.001
18	  1.080	 60.636	  1.004	  1.332	  0.001
19	  1.080	 63.862	  1.004	  1.332	  0.001
20	  1.080	 67.088	  1.004	  1.332	  0.001
21	  1.080	 70.314	  1.004	  1.332	  0.001
22	  1.080	 73.540	  1.004	  1.332	  0.001
23	  1.080	 76.766	  1.004	  1.332	  0.001
24	  1.080	 79.991	  1.004	  1.332	  0.001
25	  1.080	 83.217	  1.004	  1.332	  0.001
26	  1.080	 86.443	  1.004	  1.332	  0.001
27	  1.080	 89.669	  1.004	  1.332	  0.001
28	  1.080	 92.895	  1.004	  1.332	  0.001
29	  1.080	 96.120	  1.004	  1.332	  0.001
30	  1.080	 99.346	  1.004	  1.332	  0.001
0	  1.200	  2.734	  1.005	  1.368	  0.001
1	  1.200	  5.960	  1.005	  1.368	  0.001
2	  1.200	  9.185	  1.005	  1.368	  0.001
3	  1.200	 12.411	  1.005	  1.368	  0.001
4	  1.200	 15.637	  1.005	  1.368	  0.001
5	  1.200	 18.863	  1.005	  1.368	  0.001
6	  1.200	 22.089	  1.005	  1.368	  0.001
7	  1.200	 25.315	  1.005	  1.368	  0.001
8	  1.200	 28.540	  1.005	  1.368	  0.001
9	  1.200	 31.766	  1.005	  1.368	  0.001
10	  1.200	 34.992	  1.005	  1.368	  0.001
11	  1.200	 38.218	  1.005	  1.368	  0.001
12	  1.200	 41.444	  1.005	  1.368	  0.001
13	  1.200	 44.669	  1.005	  1.368	  0.001
14	  1.200	 47.895	  1.005	  1.368	  0.001
15	  1.200	 51.121	  1.005	  1.368	  0.001
16	  1.200	 54.347	  1.005	  1.368	  0.001
17	  1.200	 57.573	  1.005	  1.368	  0.001
18	  1.200	 60.798	  1.005	  1.368	  0.001
19	  1.200	 64.024	  1.005	  1.368	  0.001
20	  1.200	 67.250	  1.005	  1.368	  0.001
21	  1.200	 70.476	  1.005	  1.368	  0.001
22	  1.200	 73.702	  1.005	  1.368	  0.001
23	  1.200	 76.927	  1.005	  1.368	  0.001
24	  1.200	 80.153	  1.005	  1.368	  0.001
25	  1.200	 83.379	  1.005	  1.368	  0.001
26	  1.200	 86.605	  1.005	  1.368	  0.001
27	  1.200	 89.831	  1.005	  1.368	  0.001
28	  1.200	 93.056	  1.005	  1.368	  0.001
29	  1.200	 96.282	  1.005	  1.368	  0.001
30	  1.200	 99.508	  1.005	  1.368	  0.001
0	  1.320	  2.900	  1.005	  1.396	  0.001
1	  1.320	  6.125	  1.005	  1.396	  0.001
2	  1.320	  9.351	  1.005	  1.396	  0.001
3	  1.320	 12.577	  1.005	  1.396	  0.001
4	  1.320	 15.803	  1.005	  1.396	  0.001
5	  1.320	 19.029	  1.005	  1.396	  0.001
6	  1.320	 22.255	  1.005	  1.396	  0.001
7	  1.320	 25.480	  1.005	  1.396	  0.001
8	  1.320	 28.706	  1.005	  1.396	  0.001
9	  1.320	 31.932	  1.005	  1.396	  0.001
10	  1.320	 35.158	  1.005	  1.396	  0.001
11	  1.320	 38.384	  1.005	  1.396	  0.001
12	  1.320	 41.609	  1.005	  1.396	  0.001
13	  1.320	 44.835	  1.005	  1.396	  0.001
14	  1.320	 48.061	  1.005	  1.396	  0.001
15	  1.320	 51.287	  1.005	  1.396	  0.001
16	  1.320	 54.513	  1.005	  1.396	  0.001
17	  1.320	 57.738	  1.005	  1.396	  0.001
18	  1.320	 60.964	  1.005	  1.396	  0.001
19	  1.320	 64.190	  1.005	  1.396	  0.001
20	  1.320	 67.416	  1.005	  1.396	  0.001
21	  1.320	 70.642	  1.005	  1.396	  0.001
22	  1.320	 73.867	  1.005	  1.396	  0.001
23	  1.320	 77.093	  1.005	  1.396	  0.001
24	  1.320	 80.319	  1.005	  1.396	  0.001
25	  1.320	 83.545	  1.005	  1.396	  0.001
26	  1.320	 86.771	  1.005	  1.396	  0.001
27	  1.320	 89.996	  1.005	  1.396	  0.001
28	  1.320	 93.222	  1.005	  1.396	  0.001
29	  1.320	 96.448	  1.005	  1.396	  0.001
30	  1.320	 99.674	  1.005	  1.396	  0.001
0	  1.440	  3.069	  1.005	  1.419	  0.001
1	  1.440	  6.294	  1.005	  1.419	  0.001
2	  1.440	  9.520	  1.005	  1.419	  0.001
3	  1.440	 12.746	  1.005	  1.419	  0.001
4	  1.440	 15.972	  1.005	  1.419	  0.001
5	  1.440	 19.198	  1.005	  1.419	  0.001
6	  1.440	 22.423	  1.005	  1.419	  0.001
7	  1.440	 25.649	  1.005	  1.419	  0.001
8	  1.440	 28.875	  1.005	  1.419	  0.001
9	  1.440	 32.101	  1.005	  1.419	  0.001
10	  1.440	 35.327	  1.005	  1.419	  0.001
11	  1.440	 38.552	  1.005	  1.419	  0.001
12	  1.440	 41.778	  1.005	  1.419	  0.001
13	  1.440	 45.004	  1.005	  1.419	  0.001
14	  1.440	 48.230	  1.005	  1.419	  0.001
15	  1.440	 51.456	  1.005	  1.419	  0.001
16	  1.440	 54.681	  1.005	  1.419	  0.001
17	  1.440	 57.907	  1.005	  1.419	  0.001
18	  1.440	 61.133	  1.005	  1.419	  0.001
19	  1.440	 64.359	  1.005	  1.419	  0.001
20	  1.440	 67.585	  1.005	  1.419	  0.001
21	  1.440	 70.810	  1.005	  1.419	  0.001
22	  1.440	 74.036	  1.005	  1.419	  0.001
23	  1.440	 77.262	  1.005	  1.419	  0.001
24	  1.440	 80.488	  1.005	  1.419	  0.001
25	  1.440	 83.714	  1.005	  1.419	  0.001
26	  1.440	 86.939	  1.005	  1.419	  0.001
27	  1.440	 90.165	  1.005	  1.419	  0.001
28	  1.440	 93.391	  1.005	  1.419	  0.001
29	  1.440	 96.617	  1.005	  1.419	  0.001
30	  1.440	 99.843	  1.005	  1.419	  0.001
0	  1.560	  3.240	  1.005	  1.436	  0.000
1	  1.560	  6.466	  1.005	  1.436	  0.000
2	  1.560	  9.691	  1.005	  1.436	  0.000
3	  1.560	 12.917	  1.005	  1.436	  0.000
4	  1.560	 16.143	  1.005	  1.436	  0.000
5	  1.560	 19.369	  1.005	  1.436	  0.000
6	  1.560	 22.595	  1.005	  1.436	  0.000
7	  1.560	 25.820	  1.005	  1.436	  0.000
8	  1.560	 29.046	  1.005	  1.436	  0.000
9	  1.560	 32.272	  1.005	  1.436	  0.000
10	  1.560	 35.498	  1.005	  1.436	  0.000
11	  1.560	 38.724	  1.005	  1.436	  0.000
12	  1.560	 41.949	  1.005	  1.436	  0.000
13	  1.560	 45.175	  1.005	  1.436	  0.000
14	  1.560	 48.401	  1.005	  1.436	  0.000
15	  1.560	 51.627	  1.005	  1.436	  0.000
16	  1.560	 54.853	  1.005	  1.436	  0.000
17	  1.560	 58.078	  1.005	  1.436	  0.000
18	  1.560	 61.304	  1.005	  1.436	  0.000
19	  1.560	 64.530	  1.005	  1.436	  0.000
20	  1.560	 67.756	  1.005	  1.436	  0.000
21	  1.560	 70.982	  1.005	  1.436	  0.000
22	  1.560	 74.208	  1.005	  1.436	  0.000
23	  1.560	 77.433	  1.005	  1.436	  0.000
24	  1.560	 80.659	  1.005	  1.436	  0.000
25	  1.560	 83.885	  1.005	  1.436	  0.000
26	  1.560	 87.111	  1.005	  1.436	  0.000
27	  1.560	 90.337	  1.005	  1.436	  0.000
28	  1.560	 93.562	  1.005	  1.436	  0.000
29	  1.560	 96.788	  1.005	  1.436	  0.000
30	  1.560	100.014	  1.005	  1.436	  0.000
0	  1.680	  3.413	  1.005	  1.450	  0.000
1	  1.680	  6.639	  1.005	  1.450	  0.000
2	  1.680	  9.865	  1.005	  1.450	  0.000
3	  1.680	 13.090	  1.005	  1.450	  0.000
4	  1.680	 16.316	  1.005	  1.450	  0.000
5	  1.680	 19.542	  1.005	  1.450	  0.000
6	  1.680	 22.768	  1.005	  1.450	  0.000
7	  1.680	 25.994	  1.005	  1.450	  0.000
8	  1.680	 29.219	  1.005	  1.450	  0.000
9	  1.680	 32.445	  1.005	  1.450	  0.000
10	  1.680	 35.671	  1.005	  1.450	  0.000
11	  1.680	 38.897	  1.005	  1.450	  0.000
12	  1.680	 42.123	  1.005	  1.450	  0.000
13	  1.680	 45.348	  1.005	  1.450	  0.000
14	  1.680	 48.574	  1.005	  1.450	  0.000
15	  1.680	 51.800	  1.005	  1.450	  0.000
16	  1.680	 55.026	  1.005	  1.450	  0.000
17	  1.680	 58.252	  1.005	  1.450	  0.000
18	  1.680	 61.477	  1.005	  1.450	  0.000
19	  1.680	 64.703	  1.005	  1.450	  0.000
20	  1.680	 67.929	  1.005	  1.450	  0.000
21	  1.680	 71.155	  1.005	  1.450	  0.000
22	  1.680	 74.381	  1.005	  1.450	  0.000
23	  1.680	 77.606	  1.005	  1.450	  0.000
24	  1.680	 80.832	  1.005	  1.450	  0.000
25	  1.680	 84.058	  1.005	  1.450	  0.000
26	  1.680	 87.284	  1.005	  1.450	  0.000
27	  1.680	 90.510	  1.005	  1.450	  0.000
28	  1.680	 93.735	  1.005	  1.450	  0.000
29	  1.680	 96.961	  1.005	  1.450	  0.000
30	  1.680	100.187	  1.005	  1.450	  0.000
0	  1.800	  3.588	  1.005	  1.461	  0.000
1	  1.800	  6.813	  1.005	  1.461	  0.000
2	  1.800	 10.039	  1.005	  1.461	  0.000
3	  1.800	 13.265	  1.005	  1.461	  0.000
4	  1.800	 16.491	  1.005	  1.461	  0.000
5	  1.800	 19.717	  1.005	  1.461	  0.000
6	  1.800	 22.942	  1.005	  1.461	  0.000
7	  1.800	 26.168	  1.005	  1.461	  0.000
8	  1.800	 29.394	  1.005	  1.461	  0.000
9	  1.800	 32.620	  1.005	  1.461	  0.000
10	  1.800	 35.846	  1.005	  1.461	  0.000
11	  1.800	 39.071	  1.005	  1.461	  0.000
12	  1.800	 42.297	  1.005	  1.461	  0.000
13	  1.800	 45.523	  1.005	  1.461	  0.000
14	  1.800	 48.749	  1.005	  1.461	  0.000
15	  1.800	 51.975	  1.005	  1.461	  0.000
16	  1.800	 55.200	  1.005	  1.461	  0.000
17	  1.800	 58.426	  1.005	  1.461	  0.000
18	  1.800	 61.652	  1.005	  1.461	  0.000
19	  1.800	 64.878	  1.005	  1.461	  0.000
20	  1.800	 68.104	  1.005	  1.461	  0.000
21	  1.800	 71.329	  1.005	  1.461	  0.000
22	  1.800	 74.555	  1.005	  1.461	  0.000
23	  1.800	 77.781	  1.005	  1.461	  0.000
24	  1.800	 81.007	  1.005	  1.461	  0.000
25	  1.800	 84.233	  1.005	  1.461	  0.000
26	  1.800	 87.458	  1.005	  1.461	  0.000
27	  1.800	 90.684	  1.005	  1.461	  0.000
28	  1.800	 93.910	  1.005	  1.461	  0.000
29	  1.800	 97.136	  1.005	  1.461	  0.000
30	  1.800	100.362	  1.005	  1.461	  0.000
0	  1.920	  3.763	  1.005	  1.469	  0.000
1	  1.920	  6.989	  1.005	  1.469	  0.000
2	  1.920	 10.215	  1.005	  1.469	  0.000
3	  1.920	 13.441	  1.005	  1.469	  0.000
4	  1.920	 16.667	  1.005	  1.469	  0.000
5	  1.920	 19.892	  1.005	  1.469	  0.000
6	  1.920	 23.118	  1.005	  1.469	  0.000
7	  1.920	 26.344	  1.005	  1.469	  0.000
8	  1.920	 29.570	  1.005	  1.469	  0.000
9	  1.920	 32.796	  1.005	  1.469	  0.000
10	  1.920	 36.021	  1.005	  1.469	  0.000
11	  1.920	 39.247	  1.005	  1.469	  0.000
12	  1.920	 42.473	  1.005	  1.469	  0.000
13	  1.920	 45.699	  1.005	  1.469	  0.000
14	  1.920	 48.925	  1.005	  1.469	  0.000
15	  1.920	 52.150	  1.005	  1.469	  0.000
16	  1.920	 55.376	  1.005	  1.469	  0.000
17	  1.920	 58.602	  1.005	  1.469	  0.000
18	  1.920	 61.828	  1.005	  1.469	  0.000
19	  1.920	 65.054	  1.005	  1.469	  0.000
20	  1.920	 68.279	  1.005	  1.469	  0.000
21	  1.920	 71.505	  1.005	  1.469	  0.000
22	  1.920	 74.731	  1.005	  1.469	  0.000
23	  1.920	 77.957	  1.005	  1.469	  0.000
24	  1.920	 81.183	  1.005	  1.469	  0.000
25	  1.920	 84.408	  1.005	  1.469	  0.000
26	  1.920	 87.634	  1.005	  1.469	  0.000
27	  1.920	 90.860	  1.005	  1.469	  0.000
28	  1.920	 94.086	  1.005	  1.469	  0.000
29	  1.920	 97.312	  1.005	  1.469	  0.000
30	  1.920	100.537	  1.005	  1.469	  0.000
0	  2.040	  3.940	  1.005	  1.476	  0.000
1	  2.040	  7.166	  1.005	  1.476	  0.000
2	  2.040	 10.392	  1.005	  1.476	  0.000
3	  2.040	 13.617	  1.005	  1.476	  0.000
4	  2.040	 16.843	  1.005	  1.476	  0.000
5	  2.040	 20.069	  1.005	  1.476	  0.000
6	  2.040	 23.295	  1.005	  1.476	  0.000
7	  2.040	 26.521	  1.005	  1.476	  0.000
8	  2.040	 29.746	  1.005	  1.476	  0.000
9	  2.040	 32.972	  1.005	  1.476	  0.000
10	  2.040	 36.198	  1.005	  1.476	  0.000
11	  2.040	 39.424	  1.005	  1.476	  0.000
12	  2.040	 42.650	  1.005	  1.476	  0.000
13	  2.040	 45.875	  1.005	  1.476	  0.000
14	  2.040	 49.101	  1.005	  1.476	  0.000
15	  2.040	 52.327	  1.005	  1.476	  0.000
16	  2.040	 55.553	  1.005	  1.476	  0.000
17	  2.040	 58.779	  1.005	  1.476	  0.000
18	  2.040	 62.005	  1.005	  1.476	  0.000
19	  2.040	 65.230	  1.005	  1.476	  0.000
20	  2.040	 68.456	  1.005	  1.476	  0.000
21	  2.040	 71.682	  1.005	  1.476	  0.000
22	  2.040	 74.908	  1.005	  1.476	  0.000
23	  2.040	 78.134	  1.005	  1.476	  0.000
24	  2.040	 81.359	  1.005	  1.476	  0.000
25	  2.040	 84.585	  1.005	  1.476	  0.000
26	  2.040	 87.811	  1.005	  1.476	  0.000
27	  2.040	 91.037	  1.005	  1.476	  0.000
28	  2.040	 94.263	  1.005	  1.476	  0.000
29	  2.040	 97.488	  1.005	  1.476	  0.000
30	  2.040	100.714	  1.005	  1.476	  0.000
0	  2.160	  4.117	  1.005	  1.481	  0.000
1	  2.160	  7.343	  1.005	  1.481	  0.000
2	  2.160	 10.569	  1.005	  1.481	  0.000
3	  2.160	 13.795	  1.005	  1.481	  0.000
4	  2.160	 17.021	  1.005	  1.481	  0.000
5	  2.160	 20.246	  1.005	  1.481	  0.000
6	  2.160	 23.472	  1.005	  1.481	  0.000
7	  2.160	 26.698	  1.005	  1.481	  0.000
8	  2.160	 29.924	  1.005	  1.481	  0.000
9	  2.160	 33.150	  1.005	  1.481	  0.000
10	  2.160	 36.375	  1.005	  1.481	  0.000
11	  2.160	 39.601	  1.005	  1.481	  0.000
12	  2.160	 42.827	  1.005	  1.481	  0.000
13	  2.160	 46.053	  1.005	  1.481	  0.000
14	  2.160	 49.279	  1.005	  1.481	  0.000
15	  2.160	 52.504	  1.005	  1.481	  0.000
16	  2.160	 55.730	  1.005	  1.481	  0.000
17	  2.160	 58.956	  1.005	  1.481	  0.000
18	  2.160	 62.182	  1.005	  1.481	  0.000
19	  2.160	 65.408	  1.005	  1.481	  0.000
20	  2.160	 68.634	  1.005	  1.481	  0.000
21	  2.160	 71.859	  1.005	  1.481	  0.000
22	  2.160	 75.085	  1.005	  1.481	  0.000
23	  2.160	 78.311	  1.005	  1.481	  0.000
24	  2.160	 81.537	  1.005	  1.481	  0.000
25	  2.160	 84.763	  1.005	  1.481	  0.000
26	  2.160	 87.988	  1.005	  1.481	  0.000
27	  2.160	 91.214	  1.005	  1.481	  0.000
28	  2.160	 94.440	  1.005	  1.481	  0.000
29	  2.160	 97.666	  1.005	  1.481	  0.000
30	  2.160	100.892	  1.005	  1.481	  0.000
0	  2.280	  4.295	  1.005	  1.485	  0.000
1	  2.280	  7.521	  1.005	  1.485	  0.000
2	  2.280	 10.747	  1.005	  1.485	  0.000
3	  2.280	 13.973	  1.005	  1.485	  0.000
4	  2.280	 17.199	  1.005	  1.485	  0.000
5	  2.280	 20.424	  1.005	  1.485	  0.000
6	  2.280	 23.650	  1.005	  1.485	  0.000
7	  2.280	 26.876	  1.005	  1.485	  0.000
8	  2.280	 30.102	  1.005	  1.485	  0.000
9	  2.280	 33.328	  1.005	  1.485	  0.000
10	  2.280	 36.553	  1.005	  1.485	  0.000
11	  2.280	 39.779	  1.005	  1.485	  0.000
12	  2.280	 43.005	  1.005	  1.485	  0.000
13	  2.280	 46.231	  1.005	  1.485	  0.000
14	  2.280	 49.457	  1.005	  1.485	  0.000
15	  2.280	 52.682	  1.005	  1.485	  0.000
16	  2.280	 55.908	  1.005	  1.485	  0.000
17	  2.280	 59.134	  1.005	  1.485	  0.000
18	  2.280	 62.360	  1.005	  1.485	  0.000
19	  2.280	 65.586	  1.005	  1.485	  0.000
20	  2.280	 68.811	  1.005	  1.485	  0.000
21	  2.280	 72.037	  1.005	  1.485	  0.000
22	  2.280	 75.263	  1.005	  1.485	  0.000
23	  2.280	 78.489	  1.005	  1.485	  0.000
24	  2.280	 81.715	  1.005	  1.485	  0.000
25	  2.280	 84.941	  1.005	  1.485	  0.000
26	  2.280	 88.166	  1.005	  1.485	  0.000
27	  2.280	 91.392	  1.005	  1.485	  0.000
28	  2.280	 94.618	  1.005	  1.485	  0.000
29	  2.280	 97.844	  1.005	  1.485	  0.000
30	  2.280	101.070	  1.005	  1.485	  0.000
0	  2.400	  4.474	  1.005	  1.488	  0.000
1	  2.400	  7.700	  1.005	  1.488	  0.000
2	  2.400	 10.925	  1.005	  1.488	  0.000
3	  2.400	 14.151	  1.005	  1.488	  0.000
4	  2.400	 17.377	  1.005	  1.488	  0.000
5	  2.400	 20.603	  1.005	  1.488	  0.000
6	  2.400	 23.829	  1.005	  1.488	  0.000
7	  2.400	 27.054	  1.005	  1.488	  0.000
8	  2.400	 30.280	  1.005	  1.488	  0.000
9	  2.400	 33.506	  1.005	  1.488	  0.000
10	  2.400	 36.732	  1.005	  1.488	  0.000
11	  2.400	 39.958	  1.005	  1.488	  0.000
12	  2.400	 43.183	  1.005	  1.488	  0.000
13	  2.400	 46.409	  1.005	  1.488	  0.000
14	  2.400	 49.635	  1.005	  1.488	  0.000
15	  2.400	 52.861	  1.005	  1.488	  0.000
16	  2.400	 56.087	  1.005	  1.488	  0.000
17	  2.400	 59.312	  1.005	  1.488	  0.000
18	  2.400	 62.538	  1.005	  1.488	  0.000
19	  2.400	 65.764	  1.005	  1.488	  0.000
20	  2.400	 68.990	  1.005	  1.488	  0.000
21	  2.400	 72.216	  1.005	  1.488	  0.000
22	  2.400	 75.441	  1.005	  1.488	  0.000
23	  2.400	 78.667	  1.005	  1.488	  0.000
24	  2.400	 81.893	  1.005	  1.488	  0.000
25	  2.400	 85.119	  1.005	  1.488	  0.000
26	  2.400	 88.345	  1.005	  1.488	  0.000
27	  2.400	 91.571	  1.005	  1.488	  0.000
28	  2.400	 94.796	  1.005	  1.488	  0.000
29	  2.400	 98.022	  1.005	  1.488	  0.000
30	  2.400	101.248	  1.005	  1.488	  0.000
0	  2.520	  4.652	  1.005	  1.491	  0.000
1	  2.520	  7.878	  1.005	  1.491	  0.000
2	  2.520	 11.104	  1.005	  1.491	  0.000
3	  2.520	 14.330	  1.005	  1.491	  0.000
4	  2.520	 17.556	  1.005	  1.491	  0.000
5	  2.520	 20.782	  1.005	  1.491	  0.000
6	  2.520	 24.007	  1.005	  1.491	  0.000
7	  2.520	 27.233	  1.005	  1.491	  0.000
8	  2.520	 30.459	  1.005	  1.491	  0.000
9	  2.520	 33.685	  1.005	  1.491	  0.000
10	  2.520	 36.911	  1.005	  1.491	  0.000
11	  2.520	 40.136	  1.005	  1.491	  0.000
12	  2.520	 43.362	  1.005	  1.491	  0.000
13	  2.520	 46.588	  1.005	  1.491	  0.000
14	  2.520	 49.814	  1.005	  1.491	  0.000
15	  2.520	 53.040	  1.005	  1.491	  0.000
16	  2.520	 56.265	  1.005	  1.491	  0.000
17	  2.520	 59.491	  1.005	  1.491	  0.000
18	  2.520	 62.717	  1.005	  1.491	  0.000
19	  2.520	 65.943	  1.005	  1.491	  0.000
20	  2.520	 69.169	  1.005	  1.491	  0.000
21	  2.520	 72.394	  1.005	  1.491	  0.000
22	  2.520	 75.620	  1.005	  1.491	  0.000
23	  2.520	 78.846	  1.005	  1.491	  0.000
24	  2.520	 82.072	  1.005	  1.491	  0.000
25	  2.520	 85.298	  1.005	  1.491	  0.000
26	  2.520	 88.523	  1.005	  1.491	  0.000
27	  2.520	 91.749	  1.005	  1.491	  0.000
28	  2.520	 94.975	  1.005	  1.491	  0.000
29	  2.520	 98.201	  1.005	  1.491	  0.000
30	  2.520	101.427	  1.005	  1.491	  0.000
0	  2.640	  4.831	  1.005	  1.493	  0.000
1	  2.640	  8.057	  1.005	  1.493	  0.000
2	  2.640	 11.283	  1.005	  1.493	  0.000
3	  2.640	 14.509	  1.005	  1.493	  0.000
4	  2.640	 17.735	  1.005	  1.493	  0.000
5	  2.640	 20.961	  1.005	  1.493	  0.000
6	  2.640	 24.186	  1.005	  1.493	  0.000
7	  2.640	 27.412	  1.005	  1.493	  0.000
8	  2.640	 30.638	  1.005	  1.493	  0.000
9	  2.640	 33.864	  1.005	  1.493	  0.000
10	  2.640	 37.090	  1.005	  1.493	  0.000
11	  2.640	 40.315	  1.005	  1.493	  0.000
12	  2.640	 43.541	  1.005	  1.493	  0.000
13	  2.640	 46.767	  1.005	  1.493	  0.000
14	  2.640	 49.993	  1.005	  1.493	  0.000
15	  2.640	 53.219	  1.005	  1.493	  0.000
16	  2.640	 56.444	  1.005	  1.493	  0.000
17	  2.640	 59.670	  1.005	  1.493	  0.000
18	  2.640	 62.896	  1.005	  1.493	  0.000
19	  2.640	 66.122	  1.005	  1.493	  0.000
20	  2.640	 69.348	  1.005	  1.493	  0.000
21	  2.640	 72.573	  1.005	  1.493	  0.000
22	  2.640	 75.799	  1.005	  1.493	  0.000
23	  2.640	 79.025	  1.005	  1.493	  0.000
24	  2.640	 82.251	  1.005	  1.493	  0.000
25	  2.640	 85.477	  1.005	  1.493	  0.000
26	  2.640	 88.702	  1.005	  1.493	  0.000
27	  2.640	 91.928	  1.005	  1.493	  0.000
28	  2.640	 95.154	  1.005	  1.493	  0.000
29	  2.640	 98.380	  1.005	  1.493	  0.000
30	  2.640	101.606	  1.005	  1.493	  0.000
0	  2.760	  5.011	  1.005	  1.494	  0.000
1	  2.760	  8.237	  1.005	  1.494	  0.000
2	  2.760	 11.462	  1.005	  1.494	  0.000
3	  2.760	 14.688	  1.005	  1.494	  0.000
4	  2.760	 17.914	  1.005	  1.494	  0.000
5	  2.760	 21.140	  1.005	  1.494	  0.000
6	  2.760	 24.366	  1.005	  1.494	  0.000
7	  2.760	 27.591	  1.005	  1.494	  0.000
8	  2.760	 30.817	  1.005	  1.494	  0.000
9	  2.760	 34.043	  1.005	  1.494	  0.000
10	  2.760	 37.269	  1.005	  1.494	  0.000
11	  2.760	 40.495	  1.005	  1.494	  0.000
12	  2.760	 43.720	  1.005	  1.494	  0.000
13	  2.760	 46.946	  1.005	  1.494	  0.000
14	  2.760	 50.172	  1.005	  1.494	  0.000
15	  2.760	 53.398	  1.005	  1.494	  0.000
16	  2.760	 56.624	  1.005	  1.494	  0.000
17	  2.760	 59.849	  1.005	  1.494	  0.000
18	  2.760	 63.075	  1.005	  1.494	  0.000
19	  2.760	 66.301	  1.005	  1.494	  0.000
20	  2.760	 69.527	  1.005	  1.494	  0.000
21	  2.760	 72.753	  1.005	  1.494	  0.000
22	  2.760	 75.978	  1.005	  1.494	  0.000
23	  2.760	 79.204	  1.005	  1.494	  0.000
24	  2.760	 82.430	  1.005	  1.494	  0.000
25	  2.760	 85.656	  1.005	  1.494	  0.000
26	  2.760	 88.882	  1.005	  1.494	  0.000
27	  2.760	 92.107	  1.005	  1.494	  0.000
28	  2.760	 95.333	  1.005	  1.494	  0.000
29	  2.760	 98.559	  1.005	  1.494	  0.000
30	  2.760	101.785	  1.005	  1.494	  0.000
0	  2.880	  5.190	  1.005	  1.496	  0.000
1	  2.880	  8.416	  1.005	  1.496	  0.000
2	  2.880	 11.642	  1.005	  1.496	  0.000
3	  2.880	 14.868	  1.005	  1.496	  0.000
4	  2.880	 18.093	  1.005	  1.496	  0.000
5	  2.880	 21.319	  1.005	  1.496	  0.000
6	  2.880	 24.545	  1.005	  1.496	  0.000
7	  2.880	 27.771	  1.005	  1.496	  0.000
8	  2.880	 30.997	  1.005	  1.496	  0.000
9	  2.880	 34.222	  1.005	  1.496	  0.000
10	  2.880	 37.448	  1.005	  1.496	  0.000
11	  2.880	 40.674	  1.005	  1.496	  0.000
12	  2.880	 43.900	  1.005	  1.496	  0.000
13	  2.880	 47.126	  1.005	  1.496	  0.000
14	  2.880	 50.351	  1.005	  1.496	  0.000
15	  2.880	 53.577	  1.005	  1.496	  0.000
16	  2.880	 56.803	  1.005	  1.496	  0.000
17	  2.880	 60.029	  1.005	  1.496	  0.000
18	  2.880	 63.255	  1.005	  1.496	  0.000
19	  2.880	 66.480	  1.005	  1.496	  0.000
20	  2.880	 69.706	  1.005	  1.496	  0.000
21	  2.880	 72.932	  1.005	  1.496	  0.000
22	  2.880	 76.158	  1.005	  1.496	  0.000
23	  2.880	 79.384	  1.005	  1.496	  0.000
24	  2.880	 82.609	  1.005	  1.496	  0.000
25	  2.880	 85.835	  1.005	  1.496	  0.000
26	  2.880	 89.061	  1.005	  1.496	  0.000
27	  2.880	 92.287	  1.005	  1.496	  0.000
28	  2.880	 95.513	  1.005	  1.496	  0.000
29	  2.880	 98.739	  1.005	  1.496	  0.000
30	  2.880	101.964	  1.005	  1.496	  0.000
0	  3.000	  5.370	  1.005	  1.497	  0.000
1	  3.000	  8.595	  1.005	  1.497	  0.000
2	  3.000	 11.821	  1.005	  1.497	  0.000
3	  3.000	 15.047	  1.005	  1.497	  0.000
4	  3.000	 18.273	  1.005	  1.497	  0.000
5	  3.000	 21.499	  1.005	  1.497	  0.000
6	  3.000	 24.724	  1.005	  1.497	  0.000
7	  3.000	 27.950	  1.005	  1.497	  0.000
8	  3.000	 31.176	  1.005	  1.497	  0.000
9	  3.000	 34.402	  1.005	  1.497	  0.000
10	  3.000	 37.628	  1.005	  1.497	  0.000
11	  3.000	 40.854	  1.005	  1.497	  0.000
12	  3.000	 44.079	  1.005	  1.497	  0.000
13	  3.000	 47.305	  1.005	  1.497	  0.000
14	  3.000	 50.531	  1.005	  1.497	  0.000
15	  3.000	 53.757	  1.005	  1.497	  0.000
16	  3.000	 56.983	  1.005	  1.497	  0.000
17	  3.000	 60.208	  1.005	  1.497	  0.000
18	  3.000	 63.434	  1.005	  1.497	  0.000
19	  3.000	 66.660	  1.005	  1.497	  0.000
20	  3.000	 69.886	  1.005	  1.497	  0.000
21	  3.000	 73.112	  1.005	  1.497	  0.000
22	  3.000	 76.337	  1.005	  1.497	  0.000
23	  3.000	 79.563	  1.005	  1.497	  0.000
24	  3.000	 82.789	  1.005	  1.497	  0.000
25	  3.000	 86.015	  1.005	  1.497	  0.000
26	  3.000	 89.241	  1.005	  1.497	  0.000
27	  3.000	 92.466	  1.005	  1.497	  0.000
28	  3.000	 95.692	  1.005	  1.497	  0.000
29	  3.000	 98.918	  1.005	  1.497	  0.000
30	  3.000	102.144	  1.005	  1.497	  0.000
