# id	 time	 x	 y	 vx	 vy
0	  0.000	  1.316	  1.000	  0.010	  0.010
1	  0.000	  3.947	  1.000	  0.010	  0.010
2	  0.000	  6.579	  1.000	  0.010	  0.010
3	  0.000	  9.211	  1.000	  0.010	  0.010
4	  0.000	 11.842	  1.000	  0.010	  0.010
5	  0.000	 14.474	  1.000	  0.010	  0.010
6	  0.000	 17.105	  1.000	  0.010	  0.010
7	  0.000	 19.737	  1.000	  0.010	  0.010
8	  0.000	 22.368	  1.000	  0.010	  0.010
9	  0.000	 25.000	  1.000	  0.010	  0.010
10	  0.000	 27.632	  1.000	  0.010	  0.010
11	  0.000	 30.263	  1.000	  0.010	  0.010
12	  0.000	 32.895	  1.000	  0.010	  0.010
13	  0.000	 35.526	  1.000	  0.010	  0.010
14	  0.000	 38.158	  1.000	  0.010	  0.010
15	  0.000	 40.789	  1.000	  0.010	  0.010
16	  0.000	 43.421	  1.000	  0.010	  0.010
17	  0.000	 46.053	  1.000	  0.010	  0.010
18	  0.000	 48.684	  1.000	  0.010	  0.010
19	  0.000	 51.316	  1.000	  0.010	  0.010
20	  0.000	 53.947	  1.000	  0.010	  0.010
21	  0.000	 56.579	  1.000	  0.010	  0.010
22	  0.000	 59.211	  1.000	  0.010	  0.010
23	  0.000	 61.842	  1.000	  0.010	  0.010
24	  0.000	 64.474	  1.000	  0.010	  0.010
25	  0.000	 67.105	  1.000	  0.010	  0.010
26	  0.000	 69.737	  1.000	  0.010	  0.010
27	  0.000	 72.368	  1.000	  0.010	  0.010
28	  0.000	 75.000	  1.000	  0.010	  0.010
29	  0.000	 77.632	  1.000	  0.010	  0.010
30	  0.000	 80.263	  1.000	  0.010	  0.010
31	  0.000	 82.895	  1.000	  0.010	  0.010
32	  0.000	 85.526	  1.000	  0.010	  0.010
33	  0.000	 88.158	  1.000	  0.010	  0.010
34	  0.000	 90.789	  1.000	  0.010	  0.010
35	  0.000	 93.421	  1.000	  0.010	  0.010
36	  0.000	 96.053	  1.000	  0.010	  0.010
37	  0.000	 98.684	  1.000	  0.010	  0.010
0	  0.120	  1.335	  1.001	  0.331	  0.008
1	  0.120	  3.967	  1.001	  0.331	  0.008
2	  0.120	  6.599	  1.001	  0.331	  0.008
3	  0.120	  9.230	  1.001	  0.331	  0.008
4	  0.120	 11.862	  1.001	  0.331	  0.008
5	  0.120	 14.493	  1.001	  0.331	  0.008
6	  0.120	 17.125	  1.001	  0.331	  0.008
7	  0.120	 19.756	  1.001	  0.331	  0.008
8	  0.120	 22.388	  1.001	  0.331	  0.008
9	  0.120	 25.020	  1.001	  0.331	  0.008
10	  0.120	 27.651	  1.001	  0.331	  0.008
11	  0.120	 30.283	  1.001	  0.331	  0.008
12	  0.120	 32.914	  1.001	  0.331	  0.008
13	  0.120	 35.546	  1.001	  0.331	  0.008
14	  0.120	 38.178	  1.001	  0.331	  0.008
15	  0.120	 40.809	  1.001	  0.331	  0.008
16	  0.120	 43.441	  1.001	  0.331	  0.008
17	  0.120	 46.072	  1.001	  0.331	  0.008
18	  0.120	 48.704	  1.001	  0.331	  0.008
19	  0.120	 51.335	  1.001	  0.331	  0.008
20	  0.120	 53.967	  1.001	  0.331	  0.008
21	  0.120	 56.599	  1.001	  0.331	  0.008
22	  0.120	 59.230	  1.001	  0.331	  0.008
23	  0.120	 61.862	  1.001	  0.331	  0.008
24	  0.120	 64.493	  1.001	  0.331	  0.008
25	  0.120	 67.125	  1.001	  0.331	  0.008
26	  0.120	 69.756	  1.001	  0.331	  0.008
27	  0.120	 72.388	  1.001	  0.331	  0.008
28	  0.120	 75.020	  1.001	  0.331	  0.008
29	  0.120	 77.651	  1.001	  0.331	  0.008
30	  0.120	 80.283	  1.001	  0.331	  0.008
31	  0.120	 82.914	  1.001	  0.331	  0.008
32	  0.120	 85.546	  1.001	  0.331	  0.008
33	  0.120	 88.178	  1.001	  0.331	  0.008
34	  0.120	 90.809	  1.001	  0.331	  0.008
35	  0.120	 93.441	  1.001	  0.331	  0.008
36	  0.120	 96.072	  1.001	  0.331	  0.008
37	  0.120	 98.704	  1.001	  0.331	  0.008
0	  0.240	  1.390	  1.002	  0.582	  0.006
1	  0.240	  4.021	  1.002	  0.582	  0.006
2	  0.240	  6.653	  1.002	  0.582	  0.006
3	  0.240	  9.284	  1.002	  0.582	  0.006
4	  0.240	 11.916	  1.002	  0.582	  0.006
5	  0.240	 14.547	  1.002	  0.582	  0.006
6	  0.240	 17.179	  1.002	  0.582	  0.006
7	  0.240	 19.811	  1.002	  0.582	  0.006
8	  0.240	 22.442	  1.002	  0.582	  0.006
9	  0.240	 25.074	  1.002	  0.582	  0.006
10	  0.240	 27.705	  1.002	  0.582	  0.006
11	  0.240	 30.337	  1.002	  0.582	  0.006
12	  0.240	 32.968	  1.002	  0.582	  0.006
13	  0.240	 35.600	  1.002	  0.582	  0.006
14	  0.240	 38.232	  1.002	  0.582	  0.006
15	  0.240	 40.863	  1.002	  0.582	  0.006
16	  0.240	 43.495	  1.002	  0.582	  0.006
17	  0.240	 46.126	  1.002	  0.582	  0.006
18	  0.240	 48.758	  1.002	  0.582	  0.006
19	  0.240	 51.390	  1.002	  0.582	  0.006
20	  0.240	 54.021	  1.002	  0.582	  0.006
21	  0.240	 56.653	  1.002	  0.582	  0.006
22	  0.240	 59.284	  1.002	  0.582	  0.006
23	  0.240	 61.916	  1.002	  0.582	  0.006
24	  0.240	 64.547	  1.002	  0.582	  0.006
25	  0.240	 67.179	  1.002	  0.582	  0.006
26	  0.240	 69.811	  1.002	  0.582	  0.006
27	  0.240	 72.442	  1.002	  0.582	  0.006
28	  0.240	 75.074	  1.002	  0.582	  0.006
29	  0.240	 77.705	  1.002	  0.582	  0.006
30	  0.240	 80.337	  1.002	  0.582	  0.006
31	  0.240	 82.968	  1.002	  0.582	  0.006
32	  0.240	 85.600	  1.002	  0.582	  0.006
33	  0.240	 88.232	  1.002	  0.582	  0.006
34	  0.240	 90.863	  1.002	  0.582	  0.006
35	  0.240	 93.495	  1.002	  0.582	  0.006
36	  0.240	 96.126	  1.002	  0.582	  0.006
37	  0.240	 98.758	  1.002	  0.582	  0.006
0	  0.360	  1.471	  1.003	  0.780	  0.005
1	  0.360	  4.102	  1.003	  0.780	  0.005
2	  0.360	  6.734	  1.003	  0.780	  0.005
3	  0.360	  9.366	  1.003	  0.780	  0.005
4	  0.360	 11.997	  1.003	  0.780	  0.005
5	  0.360	 14.629	  1.003	  0.780	  0.005
6	  0.360	 17.260	  1.003	  0.780	  0.005
7	  0.360	 19.892	  1.003	  0.780	  0.005
8	  0.360	 22.523	  1.003	  0.780	  0.005
9	  0.360	 25.155	  1.003	  0.780	  0.005
10	  0.360	 27.787	  1.003	  0.780	  0.005
11	  0.360	 30.418	  1.003	  0.780	  0.005
12	  0.360	 33.050	  1.003	  0.780	  0.005
13	  0.360	 35.681	  1.003	  0.780	  0.005
14	  0.360	 38.313	  1.003	  0.780	  0.005
15	  0.360	 40.944	  1.003	  0.780	  0.005
16	  0.360	 43.576	  1.003	  0.780	  0.005
17	  0.360	 46.208	  1.003	  0.780	  0.005
18	  0.360	 48.839	  1.003	  0.780	  0.005
19	  0.360	 51.471	  1.003	  0.780	  0.005
20	  0.360	 54.102	  1.003	  0.780	  0.005
21	  0.360	 56.734	  1.003	  0.780	  0.005
22	  0.360	 59.366	  1.003	  0.780	  0.005
23	  0.360	 61.997	  1.003	  0.780	  0.005
24	  0.360	 64.629	  1.003	  0.780	  0.005
25	  0.360	 67.260	  1.003	  0.780	  0.005
26	  0.360	 69.892	  1.003	  0.780	  0.005
27	  0.360	 72.523	  1.003	  0.780	  0.005
28	  0.360	 75.155	  1.003	  0.780	  0.005
29	  0.360	 77.787	  1.003	  0.780	  0.005
30	  0.360	 80.418	  1.003	  0.780	  0.005
31	  0.360	 83.050	  1.003	  0.780	  0.005
32	  0.360	 85.681	  1.003	  0.780	  0.005
33	  0.360	 88.313	  1.003	  0.780	  0.005
34	  0.360	 90.944	  1.003	  0.780	  0.005
35	  0.360	 93.576	  1.003	  0.780	  0.005
36	  0.360	 96.208	  1.003	  0.780	  0.005
37	  0.360	 98.839	  1.003	  0.780	  0.005
0	  0.480	  1.573	  1.003	  0.935	  0.004
1	  0.480	  4.205	  1.003	  0.935	  0.004
2	  0.480	  6.836	  1.003	  0.935	  0.004
3	  0.480	  9.468	  1.003	  0.935	  0.004
4	  0.480	 12.100	  1.003	  0.935	  0.004
5	  0.480	 14.731	  1.003	  0.935	  0.004
6	  0.480	 17.363	  1.003	  0.935	  0.004
7	  0.480	 19.994	  1.003	  0.935	  0.004
8	  0.480	 22.626	  1.003	  0.935	  0.004
9	  0.480	 25.257	  1.003	  0.935	  0.004
10	  0.480	 27.889	  1.003	  0.935	  0.004
11	  0.480	 30.521	  1.003	  0.935	  0.004
12	  0.480	 33.152	  1.003	  0.935	  0.004
13	  0.480	 35.784	  1.003	  0.935	  0.004
14	  0.480	 38.415	  1.003	  0.935	  0.004
15	  0.480	 41.047	  1.003	  0.935	  0.004
16	  0.480	 43.679	  1.003	  0.935	  0.004
17	  0.480	 46.310	  1.003	  0.935	  0.004
18	  0.480	 48.942	  1.003	  0.935	  0.004
19	  0.480	 51.573	  1.003	  0.935	  0.004
20	  0.480	 54.205	  1.003	  0.935	  0.004
21	  0.480	 56.836	  1.003	  0.935	  0.004
22	  0.480	 59.468	  1.003	  0.935	  0.004
23	  0.480	 62.100	  1.003	  0.935	  0.004
24	  0.480	 64.731	  1.003	  0.935	  0.004
25	  0.480	 67.363	  1.003	  0.935	  0.004
26	  0.480	 69.994	  1.003	  0.935	  0.004
27	  0.480	 72.626	  1.003	  0.935	  0.004
28	  0.480	 75.257	  1.003	  0.935	  0.004
29	  0.480	 77.889	  1.003	  0.935	  0.004
30	  0.480	 80.521	  1.003	  0.935	  0.004
31	  0.480	 83.152	  1.003	  0.935	  0.004
32	  0.480	 85.784	  1.003	  0.935	  0.004
33	  0.480	 88.415	  1.003	  0.935	  0.004
34	  0.480	 91.047	  1.003	  0.935	  0.004
35	  0.480	 93.679	  1.003	  0.935	  0.004
36	  0.480	 96.310	  1.003	  0.935	  0.004
37	  0.480	 98.942	  1.003	  0.935	  0.004
0	  0.600	  1.692	  1.004	  1.057	  0.003
1	  0.600	  4.324	  1.004	  1.057	  0.003
2	  0.600	  6.956	  1.004	  1.057	  0.003
3	  0.600	  9.587	  1.004	  1.057	  0.003
4	  0.600	 12.219	  1.004	  1.057	  0.003
5	  0.600	 14.850	  1.004	  1.057	  0.003
6	  0.600	 17.482	  1.004	  1.057	  0.003
7	  0.600	 20.114	  1.004	  1.057	  0.003
8	  0.600	 22.745	  1.004	  1.057	  0.003
9	  0.600	 25.377	  1.004	  1.057	  0.003
10	  0.600	 28.008	  1.004	  1.057	  0.003
11	  0.600	 30.640	  1.004	  1.057	  0.003
12	  0.600	 33.271	  1.004	  1.057	  0.003
13	  0.600	 35.903	  1.004	  1.057	  0.003
14	  0.600	 38.535	  1.004	  1.057	  0.003
15	  0.600	 41.166	  1.004	  1.057	  0.003
16	  0.600	 43.798	  1.004	  1.057	  0.003
17	  0.600	 46.429	  1.004	  1.057	  0.003
18	  0.600	 49.061	  1.004	  1.057	  0.003
19	  0.600	 51.692	  1.004	  1.057	  0.003
20	  0.600	 54.324	  1.004	  1.057	  0.003
21	  0.600	 56.956	  1.004	  1.057	  0.003
22	  0.600	 59.587	  1.004	  1.057	  0.003
23	  0.600	 62.219	  1.004	  1.057	  0.003
24	  0.600	 64.850	  1.004	  1.057	  0.003
25	  0.600	 67.482	  1.004	  1.057	  0.003
26	  0.600	 70.114	  1.004	  1.057	  0.003
27	  0.600	 72.745	  1.004	  1.057	  0.003
28	  0.600	 75.377	  1.004	  1.057	  0.003
29	  0.600	 78.008	  1.004	  1.057	  0.003
30	  0.600	 80.640	  1.004	  1.057	  0.003
31	  0.600	 83.271	  1.004	  1.057	  0.003
32	  0.600	 85.903	  1.004	  1.057	  0.003
33	  0.600	 88.535	  1.004	  1.057	  0.003
34	  0.600	 91.166	  1.004	  1.057	  0.003
35	  0.600	 93.798	  1.004	  1.057	  0.003
36	  0.600	 96.429	  1.004	  1.057	  0.003
37	  0.600	 99.061	  1.004	  1.057	  0.003
0	  0.720	  1.825	  1.004	  1.152	  0.002
1	  0.720	  4.456	  1.004	  1.152	  0.002
2	  0.720	  7.088	  1.004	  1.152	  0.002
3	  0.720	  9.719	  1.004	  1.152	  0.002
4	  0.720	 12.351	  1.004	  1.152	  0.002
5	  0.720	 14.983	  1.004	  1.152	  0.002
6	  0.720	 17.614	  1.004	  1.152	  0.002
7	  0.720	 20.246	  1.004	  1.152	  0.002
8	  0.720	 22.877	  1.004	  1.152	  0.002
9	  0.720	 25.509	  1.004	  1.152	  0.002
10	  0.720	 28.141	  1.004	  1.152	  0.002
11	  0.720	 30.772	  1.004	  1.152	  0.002
12	  0.720	 33.404	  1.004	  1.152	  0.002
13	  0.720	 36.035	  1.004	  1.152	  0.002
14	  0.720	 38.667	  1.004	  1.152	  0.002
15	  0.720	 41.298	  1.004	  1.152	  0.002
16	  0.720	 43.930	  1.004	  1.152	  0.002
17	  0.720	 46.562	  1.004	  1.152	  0.002
18	  0.720	 49.193	  1.004	  1.152	  0.002
19	  0.720	 51.825	  1.004	  1.152	  0.002
20	  0.720	 54.456	  1.004	  1.152	  0.002
21	  0.720	 57.088	  1.004	  1.152	  0.002
22	  0.720	 59.719	  1.004	  1.152	  0.002
23	  0.720	 62.351	  1.004	  1.152	  0.002
24	  0.720	 64.983	  1.004	  1.152	  0.002
25	  0.720	 67.614	  1.004	  1.152	  0.002
26	  0.720	 70.246	  1.004	  1.152	  0.002
27	  0.720	 72.877	  1.004	  1.152	  0.002
28	  0.720	 75.509	  1.004	  1.152	  0.002
29	  0.720	 78.141	  1.004	  1.152	  0.002
30	  0.720	 80.772	  1.004	  1.152	  0.002
31	  0.720	 83.404	  1.004	  1.152	  0.002
32	  0.720	 86.035	  1.004	  1.152	  0.002
33	  0.720	 88.667	  1.004	  1.152	  0.002
34	  0.720	 91.298	  1.004	  1.152	  0.002
35	  0.720	 93.930	  1.004	  1.152	  0.002
36	  0.720	 96.562	  1.004	  1.152	  0.002
37	  0.720	 99.193	  1.004	  1.152	  0.002
0	  0.840	  1.967	  1.004	  1.227	  0.002
1	  0.840	  4.599	  1.004	  1.227	  0.002
2	  0.840	  7.230	  1.004	  1.227	  0.002
3	  0.840	  9.862	  1.004	  1.227	  0.002
4	  0.840	 12.494	  1.004	  1.227	  0.002
5	  0.840	 15.125	  1.004	  1.227	  0.002
6	  0.840	 17.757	  1.004	  1.227	  0.002
7	  0.840	 20.388	  1.004	  1.227	  0.002
8	  0.840	 23.020	  1.004	  1.227	  0.002
9	  0.840	 25.652	  1.004	  1.227	  0.002
10	  0.840	 28.283	  1.004	  1.227	  0.002
11	  0.840	 30.915	  1.004	  1.227	  0.002
12	  0.840	 33.546	  1.004	  1.227	  0.002
13	  0.840	 36.178	  1.004	  1.227	  0.002
14	  0.840	 38.809	  1.004	  1.227	  0.002
15	  0.840	 41.441	  1.004	  1.227	  0.002
16	  0.840	 44.073	  1.004	  1.227	  0.002
17	  0.840	 46.704	  1.004	  1.227	  0.002
18	  0.840	 49.336	  1.004	  1.227	  0.002
19	  0.840	 51.967	  1.004	  1.227	  0.002
20	  0.840	 54.599	  1.004	  1.227	  0.002
21	  0.840	 57.230	  1.004	  1.227	  0.002
22	  0.840	 59.862	  1.004	  1.227	  0.002
23	  0.840	 62.494	  1.004	  1.227	  0.002
24	  0.840	 65.125	  1.004	  1.227	  0.002
25	  0.840	 67.757	  1.004	  1.227	  0.002
26	  0.840	 70.388	  1.004	  1.227	  0.002
27	  0.840	 73.020	  1.004	  1.227	  0.002
28	  0.840	 75.652	  1.004	  1.227	  0.002
29	  0.840	 78.283	  1.004	  1.227	  0.002
30	  0.840	 80.915	  1.004	  1.227	  0.002
31	  0.840	 83.546	  1.004	  1.227	  0.002
32	  0.840	 86.178	  1.004	  1.227	  0.002
33	  0.840	 88.809	  1.004	  1.227	  0.002
34	  0.840	 91.441	  1.004	  1.227	  0.002
35	  0.840	 94.073	  1.004	  1.227	  0.002
36	  0.840	 96.704	  1.004	  1.227	  0.002
37	  0.840	 99.336	  1.004	  1.227	  0.002
0	  0.960	  2.118	  1.004	  1.286	  0.001
1	  0.960	  4.749	  1.004	  1.286	  0.001
2	  0.960	  7.381	  1.004	  1.286	  0.001
3	  0.960	 10.013	  1.004	  1.286	  0.001
4	  0.960	 12.644	  1.004	  1.286	  0.001
5	  0.960	 15.276	  1.004	  1.286	  0.001
6	  0.960	 17.907	  1.004	  1.286	  0.001
7	  0.960	 20.539	  1.004	  1.286	  0.001
8	  0.960	 23.171	  1.004	  1.286	  0.001
9	  0.960	 25.802	  1.004	  1.286	  0.001
10	  0.960	 28.434	  1.004	  1.286	  0.001
11	  0.960	 31.065	  1.004	  1.286	  0.001
12	  0.960	 33.697	  1.004	  1.286	  0.001
13	  0.960	 36.328	  1.004	  1.286	  0.001
14	  0.960	 38.960	  1.004	  1.286	  0.001
15	  0.960	 41.592	  1.004	  1.286	  0.001
16	  0.960	 44.223	  1.004	  1.286	  0.001
17	  0.960	 46.855	  1.004	  1.286	  0.001
18	  0.960	 49.486	  1.004	  1.286	  0.001
19	  0.960	 52.118	  1.004	  1.286	  0.001
20	  0.960	 54.749	  1.004	  1.286	  0.001
21	  0.960	 57.381	  1.004	  1.286	  0.001
22	  0.960	 60.013	  1.004	  1.286	  0.001
23	  0.960	 62.644	  1.004	  1.286	  0.001
24	  0.960	 65.276	  1.004	  1.286	  0.001
25	  0.960	 67.907	  1.004	  1.286	  0.001
26	  0.960	 70.539	  1.004	  1.286	  0.001
27	  0.960	 73.171	  1.004	  1.286	  0.001
28	  0.960	 75.802	  1.004	  1.286	  0.001
29	  0.960	 78.434	  1.004	  1.286	  0.001
30	  0.960	 81.065	  1.004	  1.286	  0.001
31	  0.960	 83.697	  1.004	  1.286	  0.001
32	  0.960	 86.328	  1.004	  1.286	  0.001
33	  0.960	 88.960	  1.004	  1.286	  0.001
34	  0.960	 91.592	  1.004	  1.286	  0.001
35	  0.960	 94.223	  1.004	  1.286	  0.001
36	  0.960	 96.855	  1.004	  1.286	  0.001
37	  0.960	 99.486	  1.004	  1.286	  0.001
0	  1.080	  2.275	  1.004	  1.332	  0.001
1	  1.080	  4.906	  1.004	  1.332	  0.001
2	  1.080	  7.538	  1.004	  1.332	  0.001
3	  1.080	 10.170	  1.004	  1.332	  0.001
4	  1.080	 12.801	  1.004	  1.332	  0.001
5	  1.080	 15.433	  1.004	  1.332	  0.001
6	  1.080	 18.064	  1.004	  1.332	  0.001
7	  1.080	 20.696	  1.004	  1.332	  0.001
8	  1.080	 23.327	  1.004	  1.332	  0.001
9	  1.080	 25.959	  1.004	  1.332	  0.001
10	  1.080	 28.591	  1.004	  1.332	  0.001
11	  1.080	 31.222	  1.004	  1.332	  0.001
12	  1.080	 33.854	  1.004	  1.332	  0.001
13	  1.080	 36.485	  1.004	  1.332	  0.001
14	  1.080	 39.117	  1.004	  1.332	  0.001
15	  1.080	 41.749	  1.004	  1.332	  0.001
16	  1.080	 44.380	  1.004	  1.332	  0.001
17	  1.080	 47.012	  1.004	  1.332	  0.001
18	  1.080	 49.643	  1.004	  1.332	  0.001
19	  1.080	 52.275	  1.004	  1.332	  0.001
20	  1.080	 54.906	  1.004	  1.332	  0.001
21	  1.080	 57.538	  1.004	  1.332	  0.001
22	  1.080	 60.170	  1.004	  1.332	  0.001
23	  1.080	 62.801	  1.004	  1.332	  0.001
24	  1.080	 65.433	  1.004	  1.332	  0.001
25	  1.080	 68.064	  1.004	  1.332	  0.001
26	  1.080	 70.696	  1.004	  1.332	  0.001
27	  1.080	 73.327	  1.004	  1.332	  0.001
28	  1.080	 75.959	  1.004	  1.332	  0.001
29	  1.080	 78.591	  1.004	  1.332	  0.001
30	  1.080	 81.222	  1.004	  1.332	  0.001
31	  1.080	 83.854	  1.004	  1.332	  0.001
32	  1.080	 86.485	  1.004	  1.332	  0.001
33	  1.080	 89.117	  1.004	  1.332	  0.001
34	  1.080	 91.749	  1.004	  1.332	  0.001
35	  1.080	 94.380	  1.004	  1.332	  0.001
36	  1.080	 97.012	  1.004	  1.332	  0.001
37	  1.080	 99.643	  1.004	  1.332	  0.001
0	  1.200	  2.437	  1.005	  1.368	  0.001
1	  1.200	  5.068	  1.005	  1.368	  0.001
2	  1.200	  7.700	  1.005	  1.368	  0.001
3	  1.200	 10.331	  1.005	  1.368	  0.001
4	  1.200	 12.963	  1.005	  1.368	  0.001
5	  1.200	 15.595	  1.005	  1.368	  0.001
6	  1.200	 18.226	  1.005	  1.368	  0.001
7	  1.200	 20.858	  1.005	  1.368	  0.001
8	  1.200	 23.489	  1.005	  1.368	  0.001
9	  1.200	 26.121	  1.005	  1.368	  0.001
10	  1.200	 28.753	  1.005	  1.368	  0.001
11	  1.200	 31.384	  1.005	  1.368	  0.001
12	  1.200	 34.016	  1.005	  1.368	  0.001
13	  1.200	 36.647	  1.005	  1.368	  0.001
14	  1.200	 39.279	  1.005	  1.368	  0.001
15	  1.200	 41.910	  1.005	  1.368	  0.001
16	  1.200	 44.542	  1.005	  1.368	  0.001
17	  1.200	 47.174	  1.005	  1.368	  0.001
18	  1.200	 49.805	  1.005	  1.368	  0.001
19	  1.200	 52.437	  1.005	  1.368	  0.001
20	  1.200	 55.068	  1.005	  1.368	  0.001
21	  1.200	 57.700	  1.005	  1.368	  0.001
22	  1.200	 60.331	  1.005	  1.368	  0.001
23	  1.200	 62.963	  1.005	  1.368	  0.001
24	  1.200	 65.595	  1.005	  1.368	  0.001
25	  1.200	 68.226	  1.005	  1.368	  0.001
26	  1.200	 70.858	  1.005	  1.368	  0.001
27	  1.200	 73.489	  1.005	  1.368	  0.001
28	  1.200	 76.121	  1.005	  1.368	  0.001
29	  1.200	 78.753	  1.005	  1.368	  0.001
30	  1.200	 81.384	  1.005	  1.368	  0.001
31	  1.200	 84.016	  1.005	  1.368	  0.001
32	  1.200	 86.647	  1.005	  1.368	  0.001
33	  1.200	 89.279	  1.005	  1.368	  0.001
34	  1.200	 91.910	  1.005	  1.368	  0.001
35	  1.200	 94.542	  1.005	  1.368	  0.001
36	  1.200	 97.174	  1.005	  1.368	  0.001
37	  1.200	 99.805	  1.005	  1.368	  0.001
0	  1.320	  2.603	  1.005	  1.396	  0.001
1	  1.320	  5.234	  1.005	  1.396	  0.001
2	  1.320	  7.866	  1.005	  1.396	  0.001
3	  1.320	 10.497	  1.005	  1.396	  0.001
4	  1.320	 13.129	  1.005	  1.396	  0.001
5	  1.320	 15.760	  1.005	  1.396	  0.001
6	  1.320	 18.392	  1.005	  1.396	  0.001
7	  1.320	 21.024	  1.005	  1.396	  0.001
8	  1.320	 23.655	  1.005	  1.396	  0.001
9	  1.320	 26.287	  1.005	  1.396	  0.001
10	  1.320	 28.918	  1.005	  1.396	  0.001
11	  1.320	 31.550	  1.005	  1.396	  0.001
12	  1.320	 34.181	  1.005	  1.396	  0.001
13	  1.320	 36.813	  1.005	  1.396	  0.001
14	  1.320	 39.445	  1.005	  1.396	  0.001
15	  1.320	 42.076	  1.005	  1.396	  0.001
16	  1.320	 44.708	  1.005	  1.396	  0.001
17	  1.320	 47.339	  1.005	  1.396	  0.001
18	  1.320	 49.971	  1.005	  1.396	  0.001
19	  1.320	 52.603	  1.005	  1.396	  0.001
20	  1.320	 55.234	  1.005	  1.396	  0.001
21	  1.320	 57.866	  1.005	  1.396	  0.001
22	  1.320	 60.497	  1.005	  1.396	  0.001
23	  1.320	 63.129	  1.005	  1.396	  0.001
24	  1.320	 65.760	  1.005	  1.396	  0.001
25	  1.320	 68.392	  1.005	  1.396	  0.001
26	  1.320	 71.024	  1.005	  1.396	  0.001
27	  1.320	 73.655	  1.005	  1.396	  0.001
28	  1.320	 76.287	  1.005	  1.396	  0.001
29	  1.320	 78.918	  1.005	  1.396	  0.001
30	  1.320	 81.550	  1.005	  1.396	  0.001
31	  1.320	 84.181	  1.005	  1.396	  0.001
32	  1.320	 86.813	  1.005	  1.396	  0.001
33	  1.320	 89.445	  1.005	  1.396	  0.001
34	  1.320	 92.076	  1.005	  1.396	  0.001
35	  1.320	 94.708	  1.005	  1.396	  0.001
36	  1.320	 97.339	  1.005	  1.396	  0.001
37	  1.320	 99.971	  1.005	  1.396	  0.001
0	  1.440	  2.771	  1.005	  1.419	  0.001
1	  1.440	  5.403	  1.005	  1.419	  0.001
2	  1.440	  8.035	  1.005	  1.419	  0.001
3	  1.440	 10.666	  1.005	  1.419	  0.001
4	  1.440	 13.298	  1.005	  1.419	  0.001
5	  1.440	 15.929	  1.005	  1.419	  0.001
6	  1.440	 18.561	  1.005	  1.419	  0.001
7	  1.440	 21.192	  1.005	  1.419	  0.001
8	  1.440	 23.824	  1.005	  1.419	  0.001
9	  1.440	 26.456	  1.005	  1.419	  0.001
10	  1.440	 29.087	  1.005	  1.419	  0.001
11	  1.440	 31.719	  1.005	  1.419	  0.001
12	  1.440	 34.350	  1.005	  1.419	  0.001
13	  1.440	 36.982	  1.005	  1.419	  0.001
14	  1.440	 39.614	  1.005	  1.419	  0.001
15	  1.440	 42.245	  1.005	  1.419	  0.001
16	  1.440	 44.877	  1.005	  1.419	  0.001
17	  1.440	 47.508	  1.005	  1.419	  0.001
18	  1.440	 50.140	  1.005	  1.419	  0.001
19	  1.440	 52.771	  1.005	  1.419	  0.001
20	  1.440	 55.403	  1.005	  1.419	  0.001
21	  1.440	 58.035	  1.005	  1.419	  0.001
22	  1.440	 60.666	  1.005	  1.419	  0.001
23	  1.440	 63.298	  1.005	  1.419	  0.001
24	  1.440	 65.929	  1.005	  1.419	  0.001
25	  1.440	 68.561	  1.005	  1.419	  0.001
26	  1.440	 71.192	  1.005	  1.419	  0.001
27	  1.440	 73.824	  1.005	  1.419	  0.001
28	  1.440	 76.456	  1.005	  1.419	  0.001
29	  1.440	 79.087	  1.005	  1.419	  0.001
30	  1.440	 81.719	  1.005	  1.419	  0.001
31	  1.440	 84.350	  1.005	  1.419	  0.001
32	  1.440	 86.982	  1.005	  1.419	  0.001
33	  1.440	 89.614	  1.005	  1.419	  0.001
34	  1.440	 92.245	  1.005	  1.419	  0.001
35	  1.440	 94.877	  1.005	  1.419	  0.001
36	  1.440	 97.508	  1.005	  1.419	  0.001
37	  1.440	100.140	  1.005	  1.419	  0.001
0	  1.560	  2.943	  1.005	  1.436	  0.000
1	  1.560	  5.574	  1.005	  1.436	  0.000
2	  1.560	  8.206	  1.005	  1.436	  0.000
3	  1.560	 10.837	  1.005	  1.436	  0.000
4	  1.560	 13.469	  1.005	  1.436	  0.000
5	  1.560	 16.101	  1.005	  1.436	  0.000
6	  1.560	 18.732	  1.005	  1.436	  0.000
7	  1.560	 21.364	  1.005	  1.436	  0.000
8	  1.560	 23.995	  1.005	  1.436	  0.000
9	  1.560	 26.627	  1.005	  1.436	  0.000
10	  1.560	 29.258	  1.005	  1.436	  0.000
11	  1.560	 31.890	  1.005	  1.436	  0.000
12	  1.560	 34.522	  1.005	  1.436	  0.000
13	  1.560	 37.153	  1.005	  1.436	  0.000
14	  1.560	 39.785	  1.005	  1.436	  0.000
15	  1.560	 42.416	  1.005	  1.436	  0.000
16	  1.560	 45.048	  1.005	  1.436	  0.000
17	  1.560	 47.680	  1.005	  1.436	  0.000
18	  1.560	 50.311	  1.005	  1.436	  0.000
19	  1.560	 52.943	  1.005	  1.436	  0.000
20	  1.560	 55.574	  1.005	  1.436	  0.000
21	  1.560	 58.206	  1.005	  1.436	  0.000
22	  1.560	 60.837	  1.005	  1.436	  0.000
23	  1.560	 63.469	  1.005	  1.436	  0.000
24	  1.560	 66.101	  1.005	  1.436	  0.000
25	  1.560	 68.732	  1.005	  1.436	  0.000
26	  1.560	 71.364	  1.005	  1.436	  0.000
27	  1.560	 73.995	  1.005	  1.436	  0.000
28	  1.560	 76.627	  1.005	  1.436	  0.000
29	  1.560	 79.258	  1.005	  1.436	  0.000
30	  1.560	 81.890	  1.005	  1.436	  0.000
31	  1.560	 84.522	  1.005	  1.436	  0.000
32	  1.560	 87.153	  1.005	  1.436	  0.000
33	  1.560	 89.785	  1.005	  1.436	  0.000
34	  1.560	 92.416	  1.005	  1.436	  0.000
35	  1.560	 95.048	  1.005	  1.436	  0.000
36	  1.560	 97.680	  1.005	  1.436	  0.000
37	  1.560	100.311	  1.005	  1.436	  0.000
0	  1.680	  3.116	  1.005	  1.450	  0.000
1	  1.680	  5.747	  1.005	  1.450	  0.000
2	  1.680	  8.379	  1.005	  1.450	  0.000
3	  1.680	 11.011	  1.005	  1.450	  0.000
4	  1.680	 13.642	  1.005	  1.450	  0.000
5	  1.680	 16.274	  1.005	  1.450	  0.000
6	  1.680	 18.905	  1.005	  1.450	  0.000
7	  1.680	 21.537	  1.005	  1.450	  0.000
8	  1.680	 24.168	  1.005	  1.450	  0.000
9	  1.680	 26.800	  1.005	  1.450	  0.000
10	  1.680	 29.432	  1.005	  1.450	  0.000
11	  1.680	 32.063	  1.005	  1.450	  0.000
12	  1.680	 34.695	  1.005	  1.450	  0.000
13	  1.680	 37.326	  1.005	  1.450	  0.000
14	  1.680	 39.958	  1.005	  1.450	  0.000
15	  1.680	 42.589	  1.005	  1.450	  0.000
16	  1.680	 45.221	  1.005	  1.450	  0.000
17	  1.680	 47.853	  1.005	  1.450	  0.000
18	  1.680	 50.484	  1.005	  1.450	  0.000
19	  1.680	 53.116	  1.005	  1.450	  0.000
20	  1.680	 55.747	  1.005	  1.450	  0.000
21	  1.680	 58.379	  1.005	  1.450	  0.000
22	  1.680	 61.011	  1.005	  1.450	  0.000
23	  1.680	 63.642	  1.005	  1.450	  0.000
24	  1.680	 66.274	  1.005	  1.450	  0.000
25	  1.680	 68.905	  1.005	  1.450	  0.000
26	  1.680	 71.537	  1.005	  1.450	  0.000
27	  1.680	 74.168	  1.005	  1.450	  0.000
28	  1.680	 76.800	  1.005	  1.450	  0.000
29	  1.680	 79.432	  1.005	  1.450	  0.000
30	  1.680	 82.063	  1.005	  1.450	  0.000
31	  1.680	 84.695	  1.005	  1.450	  0.000
32	  1.680	 87.326	  1.005	  1.450	  0.000
33	  1.680	 89.958	  1.005	  1.450	  0.000
34	  1.680	 92.589	  1.005	  1.450	  0.000
35	  1.680	 95.221	  1.005	  1.450	  0.000
36	  1.680	 97.853	  1.005	  1.450	  0.000
37	  1.680	100.484	  1.005	  1.450	  0.000
0	  1.800	  3.290	  1.005	  1.461	  0.000
1	  1.800	  5.922	  1.005	  1.461	  0.000
2	  1.800	  8.554	  1.005	  1.461	  0.000
3	  1.800	 11.185	  1.005	  1.461	  0.000
4	  1.800	 13.817	  1.005	  1.461	  0.000
5	  1.800	 16.448	  1.005	  1.461	  0.000
6	  1.800	 19.080	  1.005	  1.461	  0.000
7	  1.800	 21.711	  1.005	  1.461	  0.000
8	  1.800	 24.343	  1.005	  1.461	  0.000
9	  1.800	 26.975	  1.005	  1.461	  0.000
10	  1.800	 29.606	  1.005	  1.461	  0.000
11	  1.800	 32.238	  1.005	  1.461	  0.000
12	  1.800	 34.869	  1.005	  1.461	  0.000
13	  1.800	 37.501	  1.005	  1.461	  0.000
14	  1.800	 40.133	  1.005	  1.461	  0.000
15	  1.800	 42.764	  1.005	  1.461	  0.000
16	  1.800	 45.396	  1.005	  1.461	  0.000
17	  1.800	 48.027	  1.005	  1.461	  0.000
18	  1.800	 50.659	  1.005	  1.461	  0.000
19	  1.800	 53.290	  1.005	  1.461	  0.000
20	  1.800	 55.922	  1.005	  1.461	  0.000
21	  1.800	 58.554	  1.005	  1.461	  0.000
22	  1.800	 61.185	  1.005	  1.461	  0.000
23	  1.800	 63.817	  1.005	  1.461	  0.000
24	  1.800	 66.448	  1.005	  1.461	  0.000
25	  1.800	 69.080	  1.005	  1.461	  0.000
26	  1.800	 71.711	  1.005	  1.461	  0.000
27	  1.800	 74.343	  1.005	  1.461	  0.000
28	  1.800	 76.975	  1.005	  1.461	  0.000
29	  1.800	 79.606	  1.005	  1.461	  0.000
30	  1.800	 82.238	  1.005	  1.461	  0.000
31	  1.800	 84.869	  1.005	  1.461	  0.000
32	  1.800	 87.501	  1.005	  1.461	  0.000
33	  1.800	 90.133	  1.005	  1.461	  0.000
34	  1.800	 92.764	  1.005	  1.461	  0.000
35	  1.800	 95.396	  1.005	  1.461	  0.000
36	  1.800	 98.027	  1.005	  1.461	  0.000
37	  1.800	100.659	  1.005	  1.461	  0.000
0	  1.920	  3.466	  1.005	  1.469	  0.000
1	  1.920	  6.098	  1.005	  1.469	  0.000
2	  1.920	  8.729	  1.005	  1.469	  0.000
3	  1.920	 11.361	  1.005	  1.469	  0.000
4	  1.920	 13.993	  1.005	  1.469	  0.000
5	  1.920	 16.624	  1.005	  1.469	  0.000
6	  1.920	 19.256	  1.005	  1.469	  0.000
7	  1.920	 21.887	  1.005	  1.469	  0.000
8	  1.920	 24.519	  1.005	  1.469	  0.000
9	  1.920	 27.150	  1.005	  1.469	  0.000
10	  1.920	 29.782	  1.005	  1.469	  0.000
11	  1.920	 32.414	  1.005	  1.469	  0.000
12	  1.920	 35.045	  1.005	  1.469	  0.000
13	  1.920	 37.677	  1.005	  1.469	  0.000
14	  1.920	 40.308	  1.005	  1.469	  0.000
15	  1.920	 42.940	  1.005	  1.469	  0.000
16	  1.920	 45.571	  1.005	  1.469	  0.000
17	  1.920	 48.203	  1.005	  1.469	  0.000
18	  1.920	 50.835	  1.005	  1.469	  0.000
19	  1.920	 53.466	  1.005	  1.469	  0.000
20	  1.920	 56.098	  1.005	  1.469	  0.000
21	  1.920	 58.729	  1.005	  1.469	  0.000
22	  1.920	 61.361	  1.005	  1.469	  0.000
23	  1.920	 63.993	  1.005	  1.469	  0.000
24	  1.920	 66.624	  1.005	  1.469	  0.000
25	  1.920	 69.256	  1.005	  1.469	  0.000
26	  1.920	 71.887	  1.005	  1.469	  0.000
27	  1.920	 74.519	  1.005	  1.469	  0.000
28	  1.920	 77.150	  1.005	  1.469	  0.000
29	  1.920	 79.782	  1.005	  1.469	  0.000
30	  1.920	 82.414	  1.005	  1.469	  0.000
31	  1.920	 85.045	  1.005	  1.469	  0.000
32	  1.920	 87.677	  1.005	  1.469	  0.000
33	  1.920	 90.308	  1.005	  1.469	  0.000
34	  1.920	 92.940	  1.005	  1.469	  0.000
35	  1.920	 95.571	  1.005	  1.469	  0.000
36	  1.920	 98.203	  1.005	  1.469	  0.000
37	  1.920	100.835	  1.005	  1.469	  0.000
0	  2.040	  3.643	  1.005	  1.476	  0.000
1	  2.040	  6.274	  1.005	  1.476	  0.000
2	  2.040	  8.906	  1.005	  1.476	  0.000
3	  2.040	 11.538	  1.005	  1.476	  0.000
4	  2.040	 14.169	  1.005	  1.476	  0.000
5	  2.040	 16.801	  1.005	  1.476	  0.000
6	  2.040	 19.432	  1.005	  1.476	  0.000
7	  2.040	 22.064	  1.005	  1.476	  0.000
8	  2.040	 24.696	  1.005	  1.476	  0.000
9	  2.040	 27.327	  1.005	  1.476	  0.000
10	  2.040	 29.959	  1.005	  1.476	  0.000
11	  2.040	 32.590	  1.005	  1.476	  0.000
12	  2.040	 35.222	  1.005	  1.476	  0.000
13	  2.040	 37.853	  1.005	  1.476	  0.000
14	  2.040	 40.485	  1.005	  1.476	  0.000
15	  2.040	 43.117	  1.005	  1.476	  0.000
16	  2.040	 45.748	  1.005	  1.476	  0.000
17	  2.040	 48.380	  1.005	  1.476	  0.000
18	  2.040	 51.011	  1.005	  1.476	  0.000
19	  2.040	 53.643	  1.005	  1.476	  0.000
20	  2.040	 56.274	  1.005	  1.476	  0.000
21	  2.040	 58.906	  1.005	  1.476	  0.000
22	  2.040	 61.538	  1.005	  1.476	  0.000
23	  2.040	 64.169	  1.005	  1.476	  0.000
24	  2.040	 66.801	  1.005	  1.476	  0.000
25	  2.040	 69.432	  1.005	  1.476	  0.000
26	  2.040	 72.064	  1.005	  1.476	  0.000
27	  2.040	 74.696	  1.005	  1.476	  0.000
28	  2.040	 77.327	  1.005	  1.476	  0.000
29	  2.040	 79.959	  1.005	  1.476	  0.000
30	  2.040	 82.590	  1.005	  1.476	  0.000
31	  2.040	 85.222	  1.005	  1.476	  0.000
32	  2.040	 87.853	  1.005	  1.476	  0.000
33	  2.040	 90.485	  1.005	  1.476	  0.000
34	  2.040	 93.117	  1.005	  1.476	  0.000
35	  2.040	 95.748	  1.005	  1.476	  0.000
36	  2.040	 98.380	  1.005	  1.476	  0.000
37	  2.040	101.011	  1.005	  1.476	  0.000
0	  2.160	  3.820	  1.005	  1.481	  0.000
1	  2.160	  6.452	  1.005	  1.481	  0.000
2	  2.160	  9.083	  1.005	  1.481	  0.000
3	  2.160	 11.715	  1.005	  1.481	  0.000
4	  2.160	 14.347	  1.005	  1.481	  0.000
5	  2.160	 16.978	  1.005	  1.481	  0.000
6	  2.160	 19.610	  1.005	  1.481	  0.000
7	  2.160	 22.241	  1.005	  1.481	  0.000
8	  2.160	 24.873	  1.005	  1.481	  0.000
9	  2.160	 27.504	  1.005	  1.481	  0.000
10	  2.160	 30.136	  1.005	  1.481	  0.000
11	  2.160	 32.768	  1.005	  1.481	  0.000
12	  2.160	 35.399	  1.005	  1.481	  0.000
13	  2.160	 38.031	  1.005	  1.481	  0.000
14	  2.160	 40.662	  1.005	  1.481	  0.000
15	  2.160	 43.294	  1.005	  1.481	  0.000
16	  2.160	 45.926	  1.005	  1.481	  0.000
17	  2.160	 48.557	  1.005	  1.481	  0.000
18	  2.160	 51.189	  1.005	  1.481	  0.000
19	  2.160	 53.820	  1.005	  1.481	  0.000
20	  2.160	 56.452	  1.005	  1.481	  0.000
21	  2.160	 59.083	  1.005	  1.481	  0.000
22	  2.160	 61.715	  1.005	  1.481	  0.000
23	  2.160	 64.347	  1.005	  1.481	  0.000
24	  2.160	 66.978	  1.005	  1.481	  0.000
25	  2.160	 69.610	  1.005	  1.481	  0.000
26	  2.160	 72.241	  1.005	  1.481	  0.000
27	  2.160	 74.873	  1.005	  1.481	  0.000
28	  2.160	 77.504	  1.005	  1.481	  0.000
29	  2.160	 80.136	  1.005	  1.481	  0.000
30	  2.160	 82.768	  1.005	  1.481	  0.000
31	  2.160	 85.399	  1.005	  1.481	  0.000
32	  2.160	 88.031	  1.005	  1.481	  0.000
33	  2.160	 90.662	  1.005	  1.481	  0.000
34	  2.160	 93.294	  1.005	  1.481	  0.000
35	  2.160	 95.926	  1.005	  1.481	  0.000
36	  2.160	 98.557	  1.005	  1.481	  0.000
37	  2.160	101.189	  1.005	  1.481	  0.000
0	  2.280	  3.998	  1.005	  1.485	  0.000
1	  2.280	  6.630	  1.005	  1.485	  0.000
2	  2.280	  9.261	  1.005	  1.485	  0.000
3	  2.280	 11.893	  1.005	  1.485	  0.000
4	  2.280	 14.525	  1.005	  1.485	  0.000
5	  2.280	 17.156	  1.005	  1.485	  0.000
6	  2.280	 19.788	  1.005	  1.485	  0.000
7	  2.280	 22.419	  1.005	  1.485	  0.000
8	  2.280	 25.051	  1.005	  1.485	  0.000
9	  2.280	 27.682	  1.005	  1.485	  0.000
10	  2.280	 30.314	  1.005	  1.485	  0.000
11	  2.280	 32.946	  1.005	  1.485	  0.000
12	  2.280	 35.577	  1.005	  1.485	  0.000
13	  2.280	 38.209	  1.005	  1.485	  0.000
14	  2.280	 40.840	  1.005	  1.485	  0.000
15	  2.280	 43.472	  1.005	  1.485	  0.000
16	  2.280	 46.103	  1.005	  1.485	  0.000
17	  2.280	 48.735	  1.005	  1.485	  0.000
18	  2.280	 51.367	  1.005	  1.485	  0.000
19	  2.280	 53.998	  1.005	  1.485	  0.000
20	  2.280	 56.630	  1.005	  1.485	  0.000
21	  2.280	 59.261	  1.005	  1.485	  0.000
22	  2.280	 61.893	  1.005	  1.485	  0.000
23	  2.280	 64.525	  1.005	  1.485	  0.000
24	  2.280	 67.156	  1.005	  1.485	  0.000
25	  2.280	 69.788	  1.005	  1.485	  0.000
26	  2.280	 72.419	  1.005	  1.485	  0.000
27	  2.280	 75.051	  1.005	  1.485	  0.000
28	  2.280	 77.682	  1.005	  1.485	  0.000
29	  2.280	 80.314	  1.005	  1.485	  0.000
30	  2.280	 82.946	  1.005	  1.485	  0.000
31	  2.280	 85.577	  1.005	  1.485	  0.000
32	  2.280	 88.209	  1.005	  1.485	  0.000
33	  2.280	 90.840	  1.005	  1.485	  0.000
34	  2.280	 93.472	  1.005	  1.485	  0.000
35	  2.280	 96.103	  1.005	  1.485	  0.000
36	  2.280	 98.735	  1.005	  1.485	  0.000
37	  2.280	101.367	  1.005	  1.485	  0.000
0	  2.400	  4.177	  1.005	  1.488	  0.000
1	  2.400	  6.808	  1.005	  1.488	  0.000
2	  2.400	  9.440	  1.005	  1.488	  0.000
3	  2.400	 12.071	  1.005	  1.488	  0.000
4	  2.400	 14.703	  1.005	  1.488	  0.000
5	  2.400	 17.335	  1.005	  1.488	  0.000
6	  2.400	 19.966	  1.005	  1.488	  0.000
7	  2.400	 22.598	  1.005	  1.488	  0.000
8	  2.400	 25.229	  1.005	  1.488	  0.000
9	  2.400	 27.861	  1.005	  1.488	  0.000
10	  2.400	 30.492	  1.005	  1.488	  0.000
11	  2.400	 33.124	  1.005	  1.488	  0.000
12	  2.400	 35.756	  1.005	  1.488	  0.000
13	  2.400	 38.387	  1.005	  1.488	  0.000
14	  2.400	 41.019	  1.005	  1.488	  0.000
15	  2.400	 43.650	  1.005	  1.488	  0.000
16	  2.400	 46.282	  1.005	  1.488	  0.000
17	  2.400	 48.913	  1.005	  1.488	  0.000
18	  2.400	 51.545	  1.005	  1.488	  0.000
19	  2.400	 54.177	  1.005	  1.488	  0.000
20	  2.400	 56.808	  1.005	  1.488	  0.000
21	  2.400	 59.440	  1.005	  1.488	  0.000
22	  2.400	 62.071	  1.005	  1.488	  0.000
23	  2.400	 64.703	  1.005	  1.488	  0.000
24	  2.400	 67.335	  1.005	  1.488	  0.000
25	  2.400	 69.966	  1.005	  1.488	  0.000
26	  2.400	 72.598	  1.005	  1.488	  0.000
27	  2.400	 75.229	  1.005	  1.488	  0.000
28	  2.400	 77.861	  1.005	  1.488	  0.000
29	  2.400	 80.492	  1.005	  1.488	  0.000
30	  2.400	 83.124	  1.005	  1.488	  0.000
31	  2.400	 85.756	  1.005	  1.488	  0.000
32	  2.400	 88.387	  1.005	  1.488	  0.000
33	  2.400	 91.019	  1.005	  1.488	  0.000
34	  2.400	 93.650	  1.005	  1.488	  0.000
35	  2.400	 96.282	  1.005	  1.488	  0.000
36	  2.400	 98.913	  1.005	  1.488	  0.000
37	  2.400	101.545	  1.005	  1.488	  0.000
0	  2.520	  4.355	  1.005	  1.491	  0.000
1	  2.520	  6.987	  1.005	  1.491	  0.000
2	  2.520	  9.619	  1.005	  1.491	  0.000
3	  2.520	 12.250	  1.005	  1.491	  0.000
4	  2.520	 14.882	  1.005	  1.491	  0.000
5	  2.520	 17.513	  1.005	  1.491	  0.000
6	  2.520	 20.145	  1.005	  1.491	  0.000
7	  2.520	 22.776	  1.005	  1.491	  0.000
8	  2.520	 25.408	  1.005	  1.491	  0.000
9	  2.520	 28.040	  1.005	  1.491	  0.000
10	  2.520	 30.671	  1.005	  1.491	  0.000
11	  2.520	 33.303	  1.005	  1.491	  0.000
12	  2.520	 35.934	  1.005	  1.491	  0.000
13	  2.520	 38.566	  1.005	  1.491	  0.000
14	  2.520	 41.197	  1.005	  1.491	  0.000
15	  2.520	 43.829	  1.005	  1.491	  0.000
16	  2.520	 46.461	  1.005	  1.491	  0.000
17	  2.520	 49.092	  1.005	  1.491	  0.000
18	  2.520	 51.724	  1.005	  1.491	  0.000
19	  2.520	 54.355	  1.005	  1.491	  0.000
20	  2.520	 56.987	  1.005	  1.491	  0.000
21	  2.520	 59.619	  1.005	  1.491	  0.000
22	  2.520	 62.250	  1.005	  1.491	  0.000
23	  2.520	 64.882	  1.005	  1.491	  0.000
24	  2.520	 67.513	  1.005	  1.491	  0.000
25	  2.520	 70.145	  1.005	  1.491	  0.000
26	  2.520	 72.776	  1.005	  1.491	  0.000
27	  2.520	 75.408	  1.005	  1.491	  0.000
28	  2.520	 78.040	  1.005	  1.491	  0.000
29	  2.520	 80.671	  1.005	  1.491	  0.000
30	  2.520	 83.303	  1.005	  1.491	  0.000
31	  2.520	 85.934	  1.005	  1.491	  0.000
32	  2.520	 88.566	  1.005	  1.491	  0.000
33	  2.520	 91.197	  1.005	  1.491	  0.000
34	  2.520	 93.829	  1.005	  1.491	  0.000
35	  2.520	 96.461	  1.005	  1.491	  0.000
36	  2.520	 99.092	  1.005	  1.491	  0.000
37	  2.520	101.724	  1.005	  1.491	  0.000
0	  2.640	  4.534	  1.005	  1.493	  0.000
1	  2.640	  7.166	  1.005	  1.493	  0.000
2	  2.640	  9.798	  1.005	  1.493	  0.000
3	  2.640	 12.429	  1.005	  1.493	  0.000
4	  2.640	 15.061	  1.005	  1.493	  0.000
5	  2.640	 17.692	  1.005	  1.493	  0.000
6	  2.640	 20.324	  1.005	  1.493	  0.000
7	  2.640	 22.955	  1.005	  1.493	  0.000
8	  2.640	 25.587	  1.005	  1.493	  0.000
9	  2.640	 28.219	  1.005	  1.493	  0.000
10	  2.640	 30.850	  1.005	  1.493	  0.000
11	  2.640	 33.482	  1.005	  1.493	  0.000
12	  2.640	 36.113	  1.005	  1.493	  0.000
13	  2.640	 38.745	  1.005	  1.493	  0.000
14	  2.640	 41.376	  1.005	  1.493	  0.000
15	  2.640	 44.008	  1.005	  1.493	  0.000
16	  2.640	 46.640	  1.005	  1.493	  0.000
17	  2.640	 49.271	  1.005	  1.493	  0.000
18	  2.640	 51.903	  1.005	  1.493	  0.000
19	  2.640	 54.534	  1.005	  1.493	  0.000
20	  2.640	 57.166	  1.005	  1.493	  0.000
21	  2.640	 59.798	  1.005	  1.493	  0.000
22	  2.640	 62.429	  1.005	  1.493	  0.000
23	  2.640	 65.061	  1.005	  1.493	  0.000
24	  2.640	 67.692	  1.005	  1.493	  0.000
25	  2.640	 70.324	  1.005	  1.493	  0.000
26	  2.640	 72.955	  1.005	  1.493	  0.000
27	  2.640	 75.587	  1.005	  1.493	  0.000
28	  2.640	 78.219	  1.005	  1.493	  0.000
29	  2.640	 80.850	  1.005	  1.493	  0.000
30	  2.640	 83.482	  1.005	  1.493	  0.000
31	  2.640	 86.113	  1.005	  1.493	  0.000
32	  2.640	 88.745	  1.005	  1.493	  0.000
33	  2.640	 91.376	  1.005	  1.493	  0.000
34	  2.640	 94.008	  1.005	  1.493	  0.000
35	  2.640	 96.640	  1.005	  1.493	  0.000
36	  2.640	 99.271	  1.005	  1.493	  0.000
37	  2.640	101.903	  1.005	  1.493	  0.000
0	  2.760	  4.714	  1.005	  1.494	  0.000
1	  2.760	  7.345	  1.005	  1.494	  0.000
2	  2.760	  9.977	  1.005	  1.494	  0.000
3	  2.760	 12.608	  1.005	  1.494	  0.000
4	  2.760	 15.240	  1.005	  1.494	  0.000
5	  2.760	 17.872	  1.005	  1.494	  0.000
6	  2.760	 20.503	  1.005	  1.494	  0.000
7	  2.760	 23.135	  1.005	  1.494	  0.000
8	  2.760	 25.766	  1.005	  1.494	  0.000
9	  2.760	 28.398	  1.005	  1.494	  0.000
10	  2.760	 31.029	  1.005	  1.494	  0.000
11	  2.760	 33.661	  1.005	  1.494	  0.000
12	  2.760	 36.293	  1.005	  1.494	  0.000
13	  2.760	 38.924	  1.005	  1.494	  0.000
14	  2.760	 41.556	  1.005	  1.494	  0.000
15	  2.760	 44.187	  1.005	  1.494	  0.000
16	  2.760	 46.819	  1.005	  1.494	  0.000
17	  2.760	 49.450	  1.005	  1.494	  0.000
18	  2.760	 52.082	  1.005	  1.494	  0.000
19	  2.760	 54.714	  1.005	  1.494	  0.000
20	  2.760	 57.345	  1.005	  1.494	  0.000
21	  2.760	 59.977	  1.005	  1.494	  0.000
22	  2.760	 62.608	  1.005	  1.494	  0.000
23	  2.760	 65.240	  1.005	  1.494	  0.000
24	  2.760	 67.872	  1.005	  1.494	  0.000
25	  2.760	 70.503	  1.005	  1.494	  0.000
26	  2.760	 73.135	  1.005	  1.494	  0.000
27	  2.760	 75.766	  1.005	  1.494	  0.000
28	  2.760	 78.398	  1.005	  1.494	  0.000
29	  2.760	 81.029	  1.005	  1.494	  0.000
30	  2.760	 83.661	  1.005	  1.494	  0.000
31	  2.760	 86.293	  1.005	  1.494	  0.000
32	  2.760	 88.924	  1.005	  1.494	  0.000
33	  2.760	 91.556	  1.005	  1.494	  0.000
34	  2.760	 94.187	  1.005	  1.494	  0.000
35	  2.760	 96.819	  1.005	  1.494	  0.000
36	  2.760	 99.450	  1.005	  1.494	  0.000
37	  2.760	102.082	  1.005	  1.494	  0.000
0	  2.880	  4.893	  1.005	  1.496	  0.000
1	  2.880	  7.525	  1.005	  1.496	  0.000
2	  2.880	 10.156	  1.005	  1.496	  0.000
3	  2.880	 12.788	  1.005	  1.496	  0.000
4	  2.880	 15.419	  1.005	  1.496	  0.000
5	  2.880	 18.051	  1.005	  1.496	  0.000
6	  2.880	 20.682	  1.005	  1.496	  0.000
7	  2.880	 23.314	  1.005	  1.496	  0.000
8	  2.880	 25.946	  1.005	  1.496	  0.000
9	  2.880	 28.577	  1.005	  1.496	  0.000
10	  2.880	 31.209	  1.005	  1.496	  0.000
11	  2.880	 33.840	  1.005	  1.496	  0.000
12	  2.880	 36.472	  1.005	  1.496	  0.000
13	  2.880	 39.104	  1.005	  1.496	  0.000
14	  2.880	 41.735	  1.005	  1.496	  0.000
15	  2.880	 44.367	  1.005	  1.496	  0.000
16	  2.880	 46.998	  1.005	  1.496	  0.000
17	  2.880	 49.630	  1.005	  1.496	  0.000
18	  2.880	 52.261	  1.005	  1.496	  0.000
19	  2.880	 54.893	  1.005	  1.496	  0.000
20	  2.880	 57.525	  1.005	  1.496	  0.000
21	  2.880	 60.156	  1.005	  1.496	  0.000
22	  2.880	 62.788	  1.005	  1.496	  0.000
23	  2.880	 65.419	  1.005	  1.496	  0.000
24	  2.880	 68.051	  1.005	  1.496	  0.000
25	  2.880	 70.682	  1.005	  1.496	  0.000
26	  2.880	 73.314	  1.005	  1.496	  0.000
27	  2.880	 75.946	  1.005	  1.496	  0.000
28	  2.880	 78.577	  1.005	  1.496	  0.000
29	  2.880	 81.209	  1.005	  1.496	  0.000
30	  2.880	 83.840	  1.005	  1.496	  0.000
31	  2.880	 86.472	  1.005	  1.496	  0.000
32	  2.880	 89.104	  1.005	  1.496	  0.000
33	  2.880	 91.735	  1.005	  1.496	  0.000
34	  2.880	 94.367	  1.005	  1.496	  0.000
35	  2.880	 96.998	  1.005	  1.496	  0.000
36	  2.880	 99.630	  1.005	  1.496	  0.000
37	  2.880	102.261	  1.005	  1.496	  0.000
0	  3.000	  5.073	  1.005	  1.497	  0.000
1	  3.000	  7.704	  1.005	  1.497	  0.000
2	  3.000	 10.336	  1.005	  1.497	  0.000
3	  3.000	 12.967	  1.005	  1.497	  0.000
4	  3.000	 15.599	  1.005	  1.497	  0.000
5	  3.000	 18.230	  1.005	  1.497	  0.000
6	  3.000	 20.862	  1.005	  1.497	  0.000
7	  3.000	 23.494	  1.005	  1.497	  0.000
8	  3.000	 26.125	  1.005	  1.497	  0.000
9	  3.000	 28.757	  1.005	  1.497	  0.000
10	  3.000	 31.388	  1.005	  1.497	  0.000
11	  3.000	 34.020	  1.005	  1.497	  0.000
12	  3.000	 36.651	  1.005	  1.497	  0.000
13	  3.000	 39.283	  1.005	  1.497	  0.000
14	  3.000	 41.915	  1.005	  1.497	  0.000
15	  3.000	 44.546	  1.005	  1.497	  0.000
16	  3.000	 47.178	  1.005	  1.497	  0.000
17	  3.000	 49.809	  1.005	  1.497	  0.000
18	  3.000	 52.441	  1.005	  1.497	  0.000
19	  3.000	 55.073	  1.005	  1.497	  0.000
20	  3.000	 57.704	  1.005	  1.497	  0.000
21	  3.000	 60.336	  1.005	  1.497	  0.000
22	  3.000	 62.967	  1.005	  1.497	  0.000
23	  3.000	 65.599	  1.005	  1.497	  0.000
24	  3.000	 68.230	  1.005	  1.497	  0.000
25	  3.000	 70.862	  1.005	  1.497	  0.000
26	  3.000	 73.494	  1.005	  1.497	  0.000
27	  3.000	 76.125	  1.005	  1.497	  0.000
28	  3.000	 78.757	  1.005	  1.497	  0.000
29	  3.000	 81.388	  1.005	  1.497	  0.000
30	  3.000	 84.020	  1.005	  1.497	  0.000
31	  3.000	 86.651	  1.005	  1.497	  0.000
32	  3.000	 89.283	  1.005	  1.497	  0.000
33	  3.000	 91.915	  1.005	  1.497	  0.000
34	  3.000	 94.546	  1.005	  1.497	  0.000
35	  3.000	 97.178	  1.005	  1.497	  0.000
36	  3.000	 99.809	  1.005	  1.497	  0.000
37	  3.000	102.441	  1.005	  1.497	  0.000
