# id	 time	 x	 y	 vx	 vy
0	  0.000	  1.429	  1.000	  0.010	  0.010
1	  0.000	  4.286	  1.000	  0.010	  0.010
2	  0.000	  7.143	  1.000	  0.010	  0.010
3	  0.000	 10.000	  1.000	  0.010	  0.010
4	  0.000	 12.857	  1.000	  0.010	  0.010
5	  0.000	 15.714	  1.000	  0.010	  0.010
6	  0.000	 18.571	  1.000	  0.010	  0.010
7	  0.000	 21.429	  1.000	  0.010	  0.010
8	  0.000	 24.286	  1.000	  0.010	  0.010
9	  0.000	 27.143	  1.000	  0.010	  0.010
10	  0.000	 30.000	  1.000	  0.010	  0.010
11	  0.000	 32.857	  1.000	  0.010	  0.010
12	  0.000	 35.714	  1.000	  0.010	  0.010
13	  0.000	 38.571	  1.000	  0.010	  0.010
14	  0.000	 41.429	  1.000	  0.010	  0.010
15	  0.000	 44.286	  1.000	  0.010	  0.010
16	  0.000	 47.143	  1.000	  0.010	  0.010
17	  0.000	 50.000	  1.000	  0.010	  0.010
18	  0.000	 52.857	  1.000	  0.010	  0.010
19	  0.000	 55.714	  1.000	  0.010	  0.010
20	  0.000	 58.571	  1.000	  0.010	  0.010
21	  0.000	 61.429	  1.000	  0.010	  0.010
22	  0.000	 64.286	  1.000	  0.010	  0.010
23	  0.000	 67.143	  1.000	  0.010	  0.010
24	  0.000	 70.000	  1.000	  0.010	  0.010
25	  0.000	 72.857	  1.000	  0.010	  0.010
26	  0.000	 75.714	  1.000	  0.010	  0.010
27	  0.000	 78.571	  1.000	  0.010	  0.010
28	  0.000	 81.429	  1.000	  0.010	  0.010
29	  0.000	 84.286	  1.000	  0.010	  0.010
30	  0.000	 87.143	  1.000	  0.010	  0.010
31	  0.000	 90.000	  1.000	  0.010	  0.010
32	  0.000	 92.857	  1.000	  0.010	  0.010
33	  0.000	 95.714	  1.000	  0.010	  0.010
34	  0.000	 98.571	  1.000	  0.010	  0.010
0	  0.120	  1.448	  1.001	  0.331	  0.008
1	  0.120	  4.305	  1.001	  0.331	  0.008
2	  0.120	  7.162	  1.001	  0.331	  0.008
3	  0.120	 10.020	  1.001	  0.331	  0.008
4	  0.120	 12.877	  1.001	  0.331	  0.008
5	  0.120	 15.734	  1.001	  0.331	  0.008
6	  0.120	 18.591	  1.001	  0.331	  0.008
7	  0.120	 21.448	  1.001	  0.331	  0.008
8	  0.120	 24.305	  1.001	  0.331	  0.008
9	  0.120	 27.162	  1.001	  0.331	  0.008
10	  0.120	 30.020	  1.001	  0.331	  0.008
11	  0.120	 32.877	  1.001	  0.331	  0.008
12	  0.120	 35.734	  1.001	  0.331	  0.008
13	  0.120	 38.591	  1.001	  0.331	  0.008
14	  0.120	 41.448	  1.001	  0.331	  0.008
15	  0.120	 44.305	  1.001	  0.331	  0.008
16	  0.120	 47.162	  1.001	  0.331	  0.008
17	  0.120	 50.020	  1.001	  0.331	  0.008
18	  0.120	 52.877	  1.001	  0.331	  0.008
19	  0.120	 55.734	  1.001	  0.331	  0.008
20	  0.120	 58.591	  1.001	  0.331	  0.008
21	  0.120	 61.448	  1.001	  0.331	  0.008
22	  0.120	 64.305	  1.001	  0.331	  0.008
23	  0.120	 67.162	  1.001	  0.331	  0.008
24	  0.120	 70.020	  1.001	  0.331	  0.008
25	  0.120	 72.877	  1.001	  0.331	  0.008
26	  0.120	 75.734	  1.001	  0.331	  0.008
27	  0.120	 78.591	  1.001	  0.331	  0.008
28	  0.120	 81.448	  1.001	  0.331	  0.008
29	  0.120	 84.305	  1.001	  0.331	  0.008
30	  0.120	 87.162	  1.001	  0.331	  0.008
31	  0.120	 90.020	  1.001	  0.331	  0.008
32	  0.120	 92.877	  1.001	  0.331	  0.008
33	  0.120	 95.734	  1.001	  0.331	  0.008
34	  0.120	 98.591	  1.001	  0.331	  0.008
0	  0.240	  1.502	  1.002	  0.582	  0.006
1	  0.240	  4.359	  1.002	  0.582	  0.006
2	  0.240	  7.217	  1.002	  0.582	  0.006
3	  0.240	 10.074	  1.002	  0.582	  0.006
4	  0.240	 12.931	  1.002	  0.582	  0.006
5	  0.240	 15.788	  1.002	  0.582	  0.006
6	  0.240	 18.645	  1.002	  0.582	  0.006
7	  0.240	 21.502	  1.002	  0.582	  0.006
8	  0.240	 24.359	  1.002	  0.582	  0.006
9	  0.240	 27.217	  1.002	  0.582	  0.006
10	  0.240	 30.074	  1.002	  0.582	  0.006
11	  0.240	 32.931	  1.002	  0.582	  0.006
12	  0.240	 35.788	  1.002	  0.582	  0.006
13	  0.240	 38.645	  1.002	  0.582	  0.006
14	  0.240	 41.502	  1.002	  0.582	  0.006
15	  0.240	 44.359	  1.002	  0.582	  0.006
16	  0.240	 47.217	  1.002	  0.582	  0.006
17	  0.240	 50.074	  1.002	  0.582	  0.006
18	  0.240	 52.931	  1.002	  0.582	  0.006
19	  0.240	 55.788	  1.002	  0.582	  0.006
20	  0.240	 58.645	  1.002	  0.582	  0.006
21	  0.240	 61.502	  1.002	  0.582	  0.006
22	  0.240	 64.359	  1.002	  0.582	  0.006
23	  0.240	 67.217	  1.002	  0.582	  0.006
24	  0.240	 70.074	  1.002	  0.582	  0.006
25	  0.240	 72.931	  1.002	  0.582	  0.006
26	  0.240	 75.788	  1.002	  0.582	  0.006
27	  0.240	 78.645	  1.002	  0.582	  0.006
28	  0.240	 81.502	  1.002	  0.582	  0.006
29	  0.240	 84.359	  1.002	  0.582	  0.006
30	  0.240	 87.217	  1.002	  0.582	  0.006
31	  0.240	 90.074	  1.002	  0.582	  0.006
32	  0.240	 92.931	  1.002	  0.582	  0.006
33	  0.240	 95.788	  1.002	  0.582	  0.006
34	  0.240	 98.645	  1.002	  0.582	  0.006
0	  0.360	  1.584	  1.003	  0.780	  0.005
1	  0.360	  4.441	  1.003	  0.780	  0.005
2	  0.360	  7.298	  1.003	  0.780	  0.005
3	  0.360	 10.155	  1.003	  0.780	  0.005
4	  0.360	 13.012	  1.003	  0.780	  0.005
5	  0.360	 15.869	  1.003	  0.780	  0.005
6	  0.360	 18.726	  1.003	  0.780	  0.005
7	  0.360	 21.584	  1.003	  0.780	  0.005
8	  0.360	 24.441	  1.003	  0.780	  0.005
9	  0.360	 27.298	  1.003	  0.780	  0.005
10	  0.360	 30.155	  1.003	  0.780	  0.005
11	  0.360	 33.012	  1.003	  0.780	  0.005
12	  0.360	 35.869	  1.003	  0.780	  0.005
13	  0.360	 38.726	  1.003	  0.780	  0.005
14	  0.360	 41.584	  1.003	  0.780	  0.005
15	  0.360	 44.441	  1.003	  0.780	  0.005
16	  0.360	 47.298	  1.003	  0.780	  0.005
17	  0.360	 50.155	  1.003	  0.780	  0.005
18	  0.360	 53.012	  1.003	  0.780	  0.005
19	  0.360	 55.869	  1.003	  0.780	  0.005
20	  0.360	 58.726	  1.003	  0.780	  0.005
21	  0.360	 61.584	  1.003	  0.780	  0.005
22	  0.360	 64.441	  1.003	  0.780	  0.005
23	  0.360	 67.298	  1.003	  0.780	  0.005
24	  0.360	 70.155	  1.003	  0.780	  0.005
25	  0.360	 73.012	  1.003	  0.780	  0.005
26	  0.360	 75.869	  1.003	  0.780	  0.005
27	  0.360	 78.726	  1.003	  0.780	  0.005
28	  0.360	 81.584	  1.003	  0.780	  0.005
29	  0.360	 84.441	  1.003	  0.780	  0.005
30	  0.360	 87.298	  1.003	  0.780	  0.005
31	  0.360	 90.155	  1.003	  0.780	  0.005
32	  0.360	 93.012	  1.003	  0.780	  0.005
33	  0.360	 95.869	  1.003	  0.780	  0.005
34	  0.360	 98.726	  1.003	  0.780	  0.005
0	  0.480	  1.686	  1.003	  0.935	  0.004
1	  0.480	  4.543	  1.003	  0.935	  0.004
2	  0.480	  7.400	  1.003	  0.935	  0.004
3	  0.480	 10.257	  1.003	  0.935	  0.004
4	  0.480	 13.115	  1.003	  0.935	  0.004
5	  0.480	 15.972	  1.003	  0.935	  0.004
6	  0.480	 18.829	  1.003	  0.935	  0.004
7	  0.480	 21.686	  1.003	  0.935	  0.004
8	  0.480	 24.543	  1.003	  0.935	  0.004
9	  0.480	 27.400	  1.003	  0.935	  0.004
10	  0.480	 30.257	  1.003	  0.935	  0.004
11	  0.480	 33.115	  1.003	  0.935	  0.004
12	  0.480	 35.972	  1.003	  0.935	  0.004
13	  0.480	 38.829	  1.003	  0.935	  0.004
14	  0.480	 41.686	  1.003	  0.935	  0.004
15	  0.480	 44.543	  1.003	  0.935	  0.004
16	  0.480	 47.400	  1.003	  0.935	  0.004
17	  0.480	 50.257	  1.003	  0.935	  0.004
18	  0.480	 53.115	  1.003	  0.935	  0.004
19	  0.480	 55.972	  1.003	  0.935	  0.004
20	  0.480	 58.829	  1.003	  0.935	  0.004
21	  0.480	 61.686	  1.003	  0.935	  0.004
22	  0.480	 64.543	  1.003	  0.935	  0.004
23	  0.480	 67.400	  1.003	  0.935	  0.004
24	  0.480	 70.257	  1.003	  0.935	  0.004
25	  0.480	 73.115	  1.003	  0.935	  0.004
26	  0.480	 75.972	  1.003	  0.935	  0.004
27	  0.480	 78.829	  1.003	  0.935	  0.004
28	  0.480	 81.686	  1.003	  0.935	  0.004
29	  0.480	 84.543	  1.003	  0.935	  0.004
30	  0.480	 87.400	  1.003	  0.935	  0.004
31	  0.480	 90.257	  1.003	  0.935	  0.004
32	  0.480	 93.115	  1.003	  0.935	  0.004
33	  0.480	 95.972	  1.003	  0.935	  0.004
34	  0.480	 98.829	  1.003	  0.935	  0.004
0	  0.600	  1.805	  1.004	  1.057	  0.003
1	  0.600	  4.662	  1.004	  1.057	  0.003
2	  0.600	  7.520	  1.004	  1.057	  0.003
3	  0.600	 10.377	  1.004	  1.057	  0.003
4	  0.600	 13.234	  1.004	  1.057	  0.003
5	  0.600	 16.091	  1.004	  1.057	  0.003
6	  0.600	 18.948	  1.004	  1.057	  0.003
7	  0.600	 21.805	  1.004	  1.057	  0.003
8	  0.600	 24.662	  1.004	  1.057	  0.003
9	  0.600	 27.520	  1.004	  1.057	  0.003
10	  0.600	 30.377	  1.004	  1.057	  0.003
11	  0.600	 33.234	  1.004	  1.057	  0.003
12	  0.600	 36.091	  1.004	  1.057	  0.003
13	  0.600	 38.948	  1.004	  1.057	  0.003
14	  0.600	 41.805	  1.004	  1.057	  0.003
15	  0.600	 44.662	  1.004	  1.057	  0.003
16	  0.600	 47.520	  1.004	  1.057	  0.003
17	  0.600	 50.377	  1.004	  1.057	  0.003
18	  0.600	 53.234	  1.004	  1.057	  0.003
19	  0.600	 56.091	  1.004	  1.057	  0.003
20	  0.600	 58.948	  1.004	  1.057	  0.003
21	  0.600	 61.805	  1.004	  1.057	  0.003
22	  0.600	 64.662	  1.004	  1.057	  0.003
23	  0.600	 67.520	  1.004	  1.057	  0.003
24	  0.600	 70.377	  1.004	  1.057	  0.003
25	  0.600	 73.234	  1.004	  1.057	  0.003
26	  0.600	 76.091	  1.004	  1.057	  0.003
27	  0.600	 78.948	  1.004	  1.057	  0.003
28	  0.600	 81.805	  1.004	  1.057	  0.003
29	  0.600	 84.662	  1.004	  1.057	  0.003
30	  0.600	 87.520	  1.004	  1.057	  0.003
31	  0.600	 90.377	  1.004	  1.057	  0.003
32	  0.600	 93.234	  1.004	  1.057	  0.003
33	  0.600	 96.091	  1.004	  1.057	  0.003
34	  0.600	 98.948	  1.004	  1.057	  0.003
0	  0.720	  1.938	  1.004	  1.152	  0.002
1	  0.720	  4.795	  1.004	  1.152	  0.002
2	  0.720	  7.652	  1.004	  1.152	  0.002
3	  0.720	 10.509	  1.004	  1.152	  0.002
4	  0.720	 13.366	  1.004	  1.152	  0.002
5	  0.720	 16.223	  1.004	  1.152	  0.002
6	  0.720	 19.080	  1.004	  1.152	  0.002
7	  0.720	 21.938	  1.004	  1.152	  0.002
8	  0.720	 24.795	  1.004	  1.152	  0.002
9	  0.720	 27.652	  1.004	  1.152	  0.002
10	  0.720	 30.509	  1.004	  1.152	  0.002
11	  0.720	 33.366	  1.004	  1.152	  0.002
12	  0.720	 36.223	  1.004	  1.152	  0.002
13	  0.720	 39.080	  1.004	  1.152	  0.002
14	  0.720	 41.938	  1.004	  1.152	  0.002
15	  0.720	 44.795	  1.004	  1.152	  0.002
16	  0.720	 47.652	  1.004	  1.152	  0.002
17	  0.720	 50.509	  1.004	  1.152	  0.002
18	  0.720	 53.366	  1.004	  1.152	  0.002
19	  0.720	 56.223	  1.004	  1.152	  0.002
20	  0.720	 59.080	  1.004	  1.152	  0.002
21	  0.720	 61.938	  1.004	  1.152	  0.002
22	  0.720	 64.795	  1.004	  1.152	  0.002
23	  0.720	 67.652	  1.004	  1.152	  0.002
24	  0.720	 70.509	  1.004	  1.152	  0.002
25	  0.720	 73.366	  1.004	  1.152	  0.002
26	  0.720	 76.223	  1.004	  1.152	  0.002
27	  0.720	 79.080	  1.004	  1.152	  0.002
28	  0.720	 81.938	  1.004	  1.152	  0.002
29	  0.720	 84.795	  1.004	  1.152	  0.002
30	  0.720	 87.652	  1.004	  1.152	  0.002
31	  0.720	 90.509	  1.004	  1.152	  0.002
32	  0.720	 93.366	  1.004	  1.152	  0.002
33	  0.720	 96.223	  1.004	  1.152	  0.002
34	  0.720	 99.080	  1.004	  1.152	  0.002
0	  0.840	  2.080	  1.004	  1.227	  0.002
1	  0.840	  4.937	  1.004	  1.227	  0.002
2	  0.840	  7.794	  1.004	  1.227	  0.002
3	  0.840	 10.652	  1.004	  1.227	  0.002
4	  0.840	 13.509	  1.004	  1.227	  0.002
5	  0.840	 16.366	  1.004	  1.227	  0.002
6	  0.840	 19.223	  1.004	  1.227	  0.002
7	  0.840	 22.080	  1.004	  1.227	  0.002
8	  0.840	 24.937	  1.004	  1.227	  0.002
9	  0.840	 27.794	  1.004	  1.227	  0.002
10	  0.840	 30.652	  1.004	  1.227	  0.002
11	  0.840	 33.509	  1.004	  1.227	  0.002
12	  0.840	 36.366	  1.004	  1.227	  0.002
13	  0.840	 39.223	  1.004	  1.227	  0.002
14	  0.840	 42.080	  1.004	  1.227	  0.002
15	  0.840	 44.937	  1.004	  1.227	  0.002
16	  0.840	 47.794	  1.004	  1.227	  0.002
17	  0.840	 50.652	  1.004	  1.227	  0.002
18	  0.840	 53.509	  1.004	  1.227	  0.002
19	  0.840	 56.366	  1.004	  1.227	  0.002
20	  0.840	 59.223	  1.004	  1.227	  0.002
21	  0.840	 62.080	  1.004	  1.227	  0.002
22	  0.840	 64.937	  1.004	  1.227	  0.002
23	  0.840	 67.794	  1.004	  1.227	  0.002
24	  0.840	 70.652	  1.004	  1.227	  0.002
25	  0.840	 73.509	  1.004	  1.227	  0.002
26	  0.840	 76.366	  1.004	  1.227	  0.002
27	  0.840	 79.223	  1.004	  1.227	  0.002
28	  0.840	 82.080	  1.004	  1.227	  0.002
29	  0.840	 84.937	  1.004	  1.227	  0.002
30	  0.840	 87.794	  1.004	  1.227	  0.002
31	  0.840	 90.652	  1.004	  1.227	  0.002
32	  0.840	 93.509	  1.004	  1.227	  0.002
33	  0.840	 96.366	  1.004	  1.227	  0.002
34	  0.840	 99.223	  1.004	  1.227	  0.002
0	  0.960	  2.231	  1.004	  1.286	  0.001
1	  0.960	  5.088	  1.004	  1.286	  0.001
2	  0.960	  7.945	  1.004	  1.286	  0.001
3	  0.960	 10.802	  1.004	  1.286	  0.001
4	  0.960	 13.659	  1.004	  1.286	  0.001
5	  0.960	 16.516	  1.004	  1.286	  0.001
6	  0.960	 19.374	  1.004	  1.286	  0.001
7	  0.960	 22.231	  1.004	  1.286	  0.001
8	  0.960	 25.088	  1.004	  1.286	  0.001
9	  0.960	 27.945	  1.004	  1.286	  0.001
10	  0.960	 30.802	  1.004	  1.286	  0.001
11	  0.960	 33.659	  1.004	  1.286	  0.001
12	  0.960	 36.516	  1.004	  1.286	  0.001
13	  0.960	 39.374	  1.004	  1.286	  0.001
14	  0.960	 42.231	  1.004	  1.286	  0.001
15	  0.960	 45.088	  1.004	  1.286	  0.001
16	  0.960	 47.945	  1.004	  1.286	  0.001
17	  0.960	 50.802	  1.004	  1.286	  0.001
18	  0.960	 53.659	  1.004	  1.286	  0.001
19	  0.960	 56.516	  1.004	  1.286	  0.001
20	  0.960	 59.374	  1.004	  1.286	  0.001
21	  0.960	 62.231	  1.004	  1.286	  0.001
22	  0.960	 65.088	  1.004	  1.286	  0.001
23	  0.960	 67.945	  1.004	  1.286	  0.001
24	  0.960	 70.802	  1.004	  1.286	  0.001
25	  0.960	 73.659	  1.004	  1.286	  0.001
26	  0.960	 76.516	  1.004	  1.286	  0.001
27	  0.960	 79.374	  1.004	  1.286	  0.001
28	  0.960	 82.231	  1.004	  1.286	  0.001
29	  0.960	 85.088	  1.004	  1.286	  0.001
30	  0.960	 87.945	  1.004	  1.286	  0.001
31	  0.960	 90.802	  1.004	  1.286	  0.001
32	  0.960	 93.659	  1.004	  1.286	  0.001
33	  0.960	 96.516	  1.004	  1.286	  0.001
34	  0.960	 99.374	  1.004	  1.286	  0.001
0	  1.080	  2.388	  1.004	  1.332	  0.001
1	  1.080	  5.245	  1.004	  1.332	  0.001
2	  1.080	  8.102	  1.004	  1.332	  0.001
3	  1.080	 10.959	  1.004	  1.332	  0.001
4	  1.080	 13.816	  1.004	  1.332	  0.001
5	  1.080	 16.673	  1.004	  1.332	  0.001
6	  1.080	 19.530	  1.004	  1.332	  0.001
7	  1.080	 22.388	  1.004	  1.332	  0.001
8	  1.080	 25.245	  1.004	  1.332	  0.001
9	  1.080	 28.102	  1.004	  1.332	  0.001
10	  1.080	 30.959	  1.004	  1.332	  0.001
11	  1.080	 33.816	  1.004	  1.332	  0.001
12	  1.080	 36.673	  1.004	  1.332	  0.001
13	  1.080	 39.530	  1.004	  1.332	  0.001
14	  1.080	 42.388	  1.004	  1.332	  0.001
15	  1.080	 45.245	  1.004	  1.332	  0.001
16	  1.080	 48.102	  1.004	  1.332	  0.001
17	  1.080	 50.959	  1.004	  1.332	  0.001
18	  1.080	 53.816	  1.004	  1.332	  0.001
19	  1.080	 56.673	  1.004	  1.332	  0.001
20	  1.080	 59.530	  1.004	  1.332	  0.001
21	  1.080	 62.388	  1.004	  1.332	  0.001
22	  1.080	 65.245	  1.004	  1.332	  0.001
23	  1.080	 68.102	  1.004	  1.332	  0.001
24	  1.080	 70.959	  1.004	  1.332	  0.001
25	  1.080	 73.816	  1.004	  1.332	  0.001
26	  1.080	 76.673	  1.004	  1.332	  0.001
27	  1.080	 79.530	  1.004	  1.332	  0.001
28	  1.080	 82.388	  1.004	  1.332	  0.001
29	  1.080	 85.245	  1.004	  1.332	  0.001
30	  1.080	 88.102	  1.004	  1.332	  0.001
31	  1.080	 90.959	  1.004	  1.332	  0.001
32	  1.080	 93.816	  1.004	  1.332	  0.001
33	  1.080	 96.673	  1.004	  1.332	  0.001
34	  1.080	 99.530	  1.004	  1.332	  0.001
0	  1.200	  2.550	  1.005	  1.368	  0.001
1	  1.200	  5.407	  1.005	  1.368	  0.001
2	  1.200	  8.264	  1.005	  1.368	  0.001
3	  1.200	 11.121	  1.005	  1.368	  0.001
4	  1.200	 13.978	  1.005	  1.368	  0.001
5	  1.200	 16.835	  1.005	  1.368	  0.001
6	  1.200	 19.692	  1.005	  1.368	  0.001
7	  1.200	 22.550	  1.005	  1.368	  0.001
8	  1.200	 25.407	  1.005	  1.368	  0.001
9	  1.200	 28.264	  1.005	  1.368	  0.001
10	  1.200	 31.121	  1.005	  1.368	  0.001
11	  1.200	 33.978	  1.005	  1.368	  0.001
12	  1.200	 36.835	  1.005	  1.368	  0.001
13	  1.200	 39.692	  1.005	  1.368	  0.001
14	  1.200	 42.550	  1.005	  1.368	  0.001
15	  1.200	 45.407	  1.005	  1.368	  0.001
16	  1.200	 48.264	  1.005	  1.368	  0.001
17	  1.200	 51.121	  1.005	  1.368	  0.001
18	  1.200	 53.978	  1.005	  1.368	  0.001
19	  1.200	 56.835	  1.005	  1.368	  0.001
20	  1.200	 59.692	  1.005	  1.368	  0.001
21	  1.200	 62.550	  1.005	  1.368	  0.001
22	  1.200	 65.407	  1.005	  1.368	  0.001
23	  1.200	 68.264	  1.005	  1.368	  0.001
24	  1.200	 71.121	  1.005	  1.368	  0.001
25	  1.200	 73.978	  1.005	  1.368	  0.001
26	  1.200	 76.835	  1.005	  1.368	  0.001
27	  1.200	 79.692	  1.005	  1.368	  0.001
28	  1.200	 82.550	  1.005	  1.368	  0.001
29	  1.200	 85.407	  1.005	  1.368	  0.001
30	  1.200	 88.264	  1.005	  1.368	  0.001
31	  1.200	 91.121	  1.005	  1.368	  0.001
32	  1.200	 93.978	  1.005	  1.368	  0.001
33	  1.200	 96.835	  1.005	  1.368	  0.001
34	  1.200	 99.692	  1.005	  1.368	  0.001
0	  1.320	  2.715	  1.005	  1.396	  0.001
1	  1.320	  5.572	  1.005	  1.396	  0.001
2	  1.320	  8.430	  1.005	  1.396	  0.001
3	  1.320	 11.287	  1.005	  1.396	  0.001
4	  1.320	 14.144	  1.005	  1.396	  0.001
5	  1.320	 17.001	  1.005	  1.396	  0.001
6	  1.320	 19.858	  1.005	  1.396	  0.001
7	  1.320	 22.715	  1.005	  1.396	  0.001
8	  1.320	 25.572	  1.005	  1.396	  0.001
9	  1.320	 28.430	  1.005	  1.396	  0.001
10	  1.320	 31.287	  1.005	  1.396	  0.001
11	  1.320	 34.144	  1.005	  1.396	  0.001
12	  1.320	 37.001	  1.005	  1.396	  0.001
13	  1.320	 39.858	  1.005	  1.396	  0.001
14	  1.320	 42.715	  1.005	  1.396	  0.001
15	  1.320	 45.572	  1.005	  1.396	  0.001
16	  1.320	 48.430	  1.005	  1.396	  0.001
17	  1.320	 51.287	  1.005	  1.396	  0.001
18	  1.320	 54.144	  1.005	  1.396	  0.001
19	  1.320	 57.001	  1.005	  1.396	  0.001
20	  1.320	 59.858	  1.005	  1.396	  0.001
21	  1.320	 62.715	  1.005	  1.396	  0.001
22	  1.320	 65.572	  1.005	  1.396	  0.001
23	  1.320	 68.430	  1.005	  1.396	  0.001
24	  1.320	 71.287	  1.005	  1.396	  0.001
25	  1.320	 74.144	  1.005	  1.396	  0.001
26	  1.320	 77.001	  1.005	  1.396	  0.001
27	  1.320	 79.858	  1.005	  1.396	  0.001
28	  1.320	 82.715	  1.005	  1.396	  0.001
29	  1.320	 85.572	  1.005	  1.396	  0.001
30	  1.320	 88.430	  1.005	  1.396	  0.001
31	  1.320	 91.287	  1.005	  1.396	  0.001
32	  1.320	 94.144	  1.005	  1.396	  0.001
33	  1.320	 97.001	  1.005	  1.396	  0.001
34	  1.320	 99.858	  1.005	  1.396	  0.001
0	  1.440	  2.884	  1.005	  1.419	  0.001
1	  1.440	  5.741	  1.005	  1.419	  0.001
2	  1.440	  8.598	  1.005	  1.419	  0.001
3	  1.440	 11.456	  1.005	  1.419	  0.001
4	  1.440	 14.313	  1.005	  1.419	  0.001
5	  1.440	 17.170	  1.005	  1.419	  0.001
6	  1.440	 20.027	  1.005	  1.419	  0.001
7	  1.440	 22.884	  1.005	  1.419	  0.001
8	  1.440	 25.741	  1.005	  1.419	  0.001
9	  1.440	 28.598	  1.005	  1.419	  0.001
10	  1.440	 31.456	  1.005	  1.419	  0.001
11	  1.440	 34.313	  1.005	  1.419	  0.001
12	  1.440	 37.170	  1.005	  1.419	  0.001
13	  1.440	 40.027	  1.005	  1.419	  0.001
14	  1.440	 42.884	  1.005	  1.419	  0.001
15	  1.440	 45.741	  1.005	  1.419	  0.001
16	  1.440	 48.598	  1.005	  1.419	  0.001
17	  1.440	 51.456	  1.005	  1.419	  0.001
18	  1.440	 54.313	  1.005	  1.419	  0.001
19	  1.440	 57.170	  1.005	  1.419	  0.001
20	  1.440	 60.027	  1.005	  1.419	  0.001
21	  1.440	 62.884	  1.005	  1.419	  0.001
22	  1.440	 65.741	  1.005	  1.419	  0.001
23	  1.440	 68.598	  1.005	  1.419	  0.001
24	  1.440	 71.456	  1.005	  1.419	  0.001
25	  1.440	 74.313	  1.005	  1.419	  0.001
26	  1.440	 77.170	  1.005	  1.419	  0.001
27	  1.440	 80.027	  1.005	  1.419	  0.001
28	  1.440	 82.884	  1.005	  1.419	  0.001
29	  1.440	 85.741	  1.005	  1.419	  0.001
30	  1.440	 88.598	  1.005	  1.419	  0.001
31	  1.440	 91.456	  1.005	  1.419	  0.001
32	  1.440	 94.313	  1.005	  1.419	  0.001
33	  1.440	 97.170	  1.005	  1.419	  0.001
34	  1.440	100.027	  1.005	  1.419	  0.001
0	  1.560	  3.055	  1.005	  1.436	  0.000
1	  1.560	  5.913	  1.005	  1.436	  0.000
2	  1.560	  8.770	  1.005	  1.436	  0.000
3	  1.560	 11.627	  1.005	  1.436	  0.000
4	  1.560	 14.484	  1.005	  1.436	  0.000
5	  1.560	 17.341	  1.005	  1.436	  0.000
6	  1.560	 20.198	  1.005	  1.436	  0.000
7	  1.560	 23.055	  1.005	  1.436	  0.000
8	  1.560	 25.913	  1.005	  1.436	  0.000
9	  1.560	 28.770	  1.005	  1.436	  0.000
10	  1.560	 31.627	  1.005	  1.436	  0.000
11	  1.560	 34.484	  1.005	  1.436	  0.000
12	  1.560	 37.341	  1.005	  1.436	  0.000
13	  1.560	 40.198	  1.005	  1.436	  0.000
14	  1.560	 43.055	  1.005	  1.436	  0.000
15	  1.560	 45.913	  1.005	  1.436	  0.000
16	  1.560	 48.770	  1.005	  1.436	  0.000
17	  1.560	 51.627	  1.005	  1.436	  0.000
18	  1.560	 54.484	  1.005	  1.436	  0.000
19	  1.560	 57.341	  1.005	  1.436	  0.000
20	  1.560	 60.198	  1.005	  1.436	  0.000
21	  1.560	 63.055	  1.005	  1.436	  0.000
22	  1.560	 65.913	  1.005	  1.436	  0.000
23	  1.560	 68.770	  1.005	  1.436	  0.000
24	  1.560	 71.627	  1.005	  1.436	  0.000
25	  1.560	 74.484	  1.005	  1.436	  0.000
26	  1.560	 77.341	  1.005	  1.436	  0.000
27	  1.560	 80.198	  1.005	  1.436	  0.000
28	  1.560	 83.055	  1.005	  1.436	  0.000
29	  1.560	 85.913	  1.005	  1.436	  0.000
30	  1.560	 88.770	  1.005	  1.436	  0.000
31	  1.560	 91.627	  1.005	  1.436	  0.000
32	  1.560	 94.484	  1.005	  1.436	  0.000
33	  1.560	 97.341	  1.005	  1.436	  0.000
34	  1.560	100.198	  1.005	  1.436	  0.000
0	  1.680	  3.229	  1.005	  1.450	  0.000
1	  1.680	  6.086	  1.005	  1.450	  0.000
2	  1.680	  8.943	  1.005	  1.450	  0.000
3	  1.680	 11.800	  1.005	  1.450	  0.000
4	  1.680	 14.657	  1.005	  1.450	  0.000
5	  1.680	 17.514	  1.005	  1.450	  0.000
6	  1.680	 20.371	  1.005	  1.450	  0.000
7	  1.680	 23.229	  1.005	  1.450	  0.000
8	  1.680	 26.086	  1.005	  1.450	  0.000
9	  1.680	 28.943	  1.005	  1.450	  0.000
10	  1.680	 31.800	  1.005	  1.450	  0.000
11	  1.680	 34.657	  1.005	  1.450	  0.000
12	  1.680	 37.514	  1.005	  1.450	  0.000
13	  1.680	 40.371	  1.005	  1.450	  0.000
14	  1.680	 43.229	  1.005	  1.450	  0.000
15	  1.680	 46.086	  1.005	  1.450	  0.000
16	  1.680	 48.943	  1.005	  1.450	  0.000
17	  1.680	 51.800	  1.005	  1.450	  0.000
18	  1.680	 54.657	  1.005	  1.450	  0.000
19	  1.680	 57.514	  1.005	  1.450	  0.000
20	  1.680	 60.371	  1.005	  1.450	  0.000
21	  1.680	 63.229	  1.005	  1.450	  0.000
22	  1.680	 66.086	  1.005	  1.450	  0.000
23	  1.680	 68.943	  1.005	  1.450	  0.000
24	  1.680	 71.800	  1.005	  1.450	  0.000
25	  1.680	 74.657	  1.005	  1.450	  0.000
26	  1.680	 77.514	  1.005	  1.450	  0.000
27	  1.680	 80.371	  1.005	  1.450	  0.000
28	  1.680	 83.229	  1.005	  1.450	  0.000
29	  1.680	 86.086	  1.005	  1.450	  0.000
30	  1.680	 88.943	  1.005	  1.450	  0.000
31	  1.680	 91.800	  1.005	  1.450	  0.000
32	  1.680	 94.657	  1.005	  1.450	  0.000
33	  1.680	 97.514	  1.005	  1.450	  0.000
34	  1.680	100.371	  1.005	  1.450	  0.000
0	  1.800	  3.403	  1.005	  1.461	  0.000
1	  1.800	  6.260	  1.005	  1.461	  0.000
2	  1.800	  9.117	  1.005	  1.461	  0.000
3	  1.800	 11.975	  1.005	  1.461	  0.000
4	  1.800	 14.832	  1.005	  1.461	  0.000
5	  1.800	 17.689	  1.005	  1.461	  0.000
6	  1.800	 20.546	  1.005	  1.461	  0.000
7	  1.800	 23.403	  1.005	  1.461	  0.000
8	  1.800	 26.260	  1.005	  1.461	  0.000
9	  1.800	 29.117	  1.005	  1.461	  0.000
10	  1.800	 31.975	  1.005	  1.461	  0.000
11	  1.800	 34.832	  1.005	  1.461	  0.000
12	  1.800	 37.689	  1.005	  1.461	  0.000
13	  1.800	 40.546	  1.005	  1.461	  0.000
14	  1.800	 43.403	  1.005	  1.461	  0.000
15	  1.800	 46.260	  1.005	  1.461	  0.000
16	  1.800	 49.117	  1.005	  1.461	  0.000
17	  1.800	 51.975	  1.005	  1.461	  0.000
18	  1.800	 54.832	  1.005	  1.461	  0.000
19	  1.800	 57.689	  1.005	  1.461	  0.000
20	  1.800	 60.546	  1.005	  1.461	  0.000
21	  1.800	 63.403	  1.005	  1.461	  0.000
22	  1.800	 66.260	  1.005	  1.461	  0.000
23	  1.800	 69.117	  1.005	  1.461	  0.000
24	  1.800	 71.975	  1.005	  1.461	  0.000
25	  1.800	 74.832	  1.005	  1.461	  0.000
26	  1.800	 77.689	  1.005	  1.461	  0.000
27	  1.800	 80.546	  1.005	  1.461	  0.000
28	  1.800	 83.403	  1.005	  1.461	  0.000
29	  1.800	 86.260	  1.005	  1.461	  0.000
30	  1.800	 89.117	  1.005	  1.461	  0.000
31	  1.800	 91.975	  1.005	  1.461	  0.000
32	  1.800	 94.832	  1.005	  1.461	  0.000
33	  1.800	 97.689	  1.005	  1.461	  0.000
34	  1.800	100.546	  1.005	  1.461	  0.000
0	  1.920	  3.579	  1.005	  1.469	  0.000
1	  1.920	  6.436	  1.005	  1.469	  0.000
2	  1.920	  9.293	  1.005	  1.469	  0.000
3	  1.920	 12.150	  1.005	  1.469	  0.000
4	  1.920	 15.008	  1.005	  1.469	  0.000
5	  1.920	 17.865	  1.005	  1.469	  0.000
6	  1.920	 20.722	  1.005	  1.469	  0.000
7	  1.920	 23.579	  1.005	  1.469	  0.000
8	  1.920	 26.436	  1.005	  1.469	  0.000
9	  1.920	 29.293	  1.005	  1.469	  0.000
10	  1.920	 32.150	  1.005	  1.469	  0.000
11	  1.920	 35.008	  1.005	  1.469	  0.000
12	  1.920	 37.865	  1.005	  1.469	  0.000
13	  1.920	 40.722	  1.005	  1.469	  0.000
14	  1.920	 43.579	  1.005	  1.469	  0.000
15	  1.920	 46.436	  1.005	  1.469	  0.000
16	  1.920	 49.293	  1.005	  1.469	  0.000
17	  1.920	 52.150	  1.005	  1.469	  0.000
18	  1.920	 55.008	  1.005	  1.469	  0.000
19	  1.920	 57.865	  1.005	  1.469	  0.000
20	  1.920	 60.722	  1.005	  1.469	  0.000
21	  1.920	 63.579	  1.005	  1.469	  0.000
22	  1.920	 66.436	  1.005	  1.469	  0.000
23	  1.920	 69.293	  1.005	  1.469	  0.000
24	  1.920	 72.150	  1.005	  1.469	  0.000
25	  1.920	 75.008	  1.005	  1.469	  0.000
26	  1.920	 77.865	  1.005	  1.469	  0.000
27	  1.920	 80.722	  1.005	  1.469	  0.000
28	  1.920	 83.579	  1.005	  1.469	  0.000
29	  1.920	 86.436	  1.005	  1.469	  0.000
30	  1.920	 89.293	  1.005	  1.469	  0.000
31	  1.920	 92.150	  1.005	  1.469	  0.000
32	  1.920	 95.008	  1.005	  1.469	  0.000
33	  1.920	 97.865	  1.005	  1.469	  0.000
34	  1.920	100.722	  1.005	  1.469	  0.000
0	  2.040	  3.756	  1.005	  1.476	  0.000
1	  2.040	  6.613	  1.005	  1.476	  0.000
2	  2.040	  9.470	  1.005	  1.476	  0.000
3	  2.040	 12.327	  1.005	  1.476	  0.000
4	  2.040	 15.184	  1.005	  1.476	  0.000
5	  2.040	 18.041	  1.005	  1.476	  0.000
6	  2.040	 20.899	  1.005	  1.476	  0.000
7	  2.040	 23.756	  1.005	  1.476	  0.000
8	  2.040	 26.613	  1.005	  1.476	  0.000
9	  2.040	 29.470	  1.005	  1.476	  0.000
10	  2.040	 32.327	  1.005	  1.476	  0.000
11	  2.040	 35.184	  1.005	  1.476	  0.000
12	  2.040	 38.041	  1.005	  1.476	  0.000
13	  2.040	 40.899	  1.005	  1.476	  0.000
14	  2.040	 43.756	  1.005	  1.476	  0.000
15	  2.040	 46.613	  1.005	  1.476	  0.000
16	  2.040	 49.470	  1.005	  1.476	  0.000
17	  2.040	 52.327	  1.005	  1.476	  0.000
18	  2.040	 55.184	  1.005	  1.476	  0.000
19	  2.040	 58.041	  1.005	  1.476	  0.000
20	  2.040	 60.899	  1.005	  1.476	  0.000
21	  2.040	 63.756	  1.005	  1.476	  0.000
22	  2.040	 66.613	  1.005	  1.476	  0.000
23	  2.040	 69.470	  1.005	  1.476	  0.000
24	  2.040	 72.327	  1.005	  1.476	  0.000
25	  2.040	 75.184	  1.005	  1.476	  0.000
26	  2.040	 78.041	  1.005	  1.476	  0.000
27	  2.040	 80.899	  1.005	  1.476	  0.000
28	  2.040	 83.756	  1.005	  1.476	  0.000
29	  2.040	 86.613	  1.005	  1.476	  0.000
30	  2.040	 89.470	  1.005	  1.476	  0.000
31	  2.040	 92.327	  1.005	  1.476	  0.000
32	  2.040	 95.184	  1.005	  1.476	  0.000
33	  2.040	 98.041	  1.005	  1.476	  0.000
34	  2.040	100.899	  1.005	  1.476	  0.000
0	  2.160	  3.933	  1.005	  1.481	  0.000
1	  2.160	  6.790	  1.005	  1.481	  0.000
2	  2.160	  9.647	  1.005	  1.481	  0.000
3	  2.160	 12.504	  1.005	  1.481	  0.000
4	  2.160	 15.362	  1.005	  1.481	  0.000
5	  2.160	 18.219	  1.005	  1.481	  0.000
6	  2.160	 21.076	  1.005	  1.481	  0.000
7	  2.160	 23.933	  1.005	  1.481	  0.000
8	  2.160	 26.790	  1.005	  1.481	  0.000
9	  2.160	 29.647	  1.005	  1.481	  0.000
10	  2.160	 32.504	  1.005	  1.481	  0.000
11	  2.160	 35.362	  1.005	  1.481	  0.000
12	  2.160	 38.219	  1.005	  1.481	  0.000
13	  2.160	 41.076	  1.005	  1.481	  0.000
14	  2.160	 43.933	  1.005	  1.481	  0.000
15	  2.160	 46.790	  1.005	  1.481	  0.000
16	  2.160	 49.647	  1.005	  1.481	  0.000
17	  2.160	 52.504	  1.005	  1.481	  0.000
18	  2.160	 55.362	  1.005	  1.481	  0.000
19	  2.160	 58.219	  1.005	  1.481	  0.000
20	  2.160	 61.076	  1.005	  1.481	  0.000
21	  2.160	 63.933	  1.005	  1.481	  0.000
22	  2.160	 66.790	  1.005	  1.481	  0.000
23	  2.160	 69.647	  1.005	  1.481	  0.000
24	  2.160	 72.504	  1.005	  1.481	  0.000
25	  2.160	 75.362	  1.005	  1.481	  0.000
26	  2.160	 78.219	  1.005	  1.481	  0.000
27	  2.160	 81.076	  1.005	  1.481	  0.000
28	  2.160	 83.933	  1.005	  1.481	  0.000
29	  2.160	 86.790	  1.005	  1.481	  0.000
30	  2.160	 89.647	  1.005	  1.481	  0.000
31	  2.160	 92.504	  1.005	  1.481	  0.000
32	  2.160	 95.362	  1.005	  1.481	  0.000
33	  2.160	 98.219	  1.005	  1.481	  0.000
34	  2.160	101.076	  1.005	  1.481	  0.000
0	  2.280	  4.111	  1.005	  1.485	  0.000
1	  2.280	  6.968	  1.005	  1.485	  0.000
2	  2.280	  9.825	  1.005	  1.485	  0.000
3	  2.280	 12.682	  1.005	  1.485	  0.000
4	  2.280	 15.540	  1.005	  1.485	  0.000
5	  2.280	 18.397	  1.005	  1.485	  0.000
6	  2.280	 21.254	  1.005	  1.485	  0.000
7	  2.280	 24.111	  1.005	  1.485	  0.000
8	  2.280	 26.968	  1.005	  1.485	  0.000
9	  2.280	 29.825	  1.005	  1.485	  0.000
10	  2.280	 32.682	  1.005	  1.485	  0.000
11	  2.280	 35.540	  1.005	  1.485	  0.000
12	  2.280	 38.397	  1.005	  1.485	  0.000
13	  2.280	 41.254	  1.005	  1.485	  0.000
14	  2.280	 44.111	  1.005	  1.485	  0.000
15	  2.280	 46.968	  1.005	  1.485	  0.000
16	  2.280	 49.825	  1.005	  1.485	  0.000
17	  2.280	 52.682	  1.005	  1.485	  0.000
18	  2.280	 55.540	  1.005	  1.485	  0.000
19	  2.280	 58.397	  1.005	  1.485	  0.000
20	  2.280	 61.254	  1.005	  1.485	  0.000
21	  2.280	 64.111	  1.005	  1.485	  0.000
22	  2.280	 66.968	  1.005	  1.485	  0.000
23	  2.280	 69.825	  1.005	  1.485	  0.000
24	  2.280	 72.682	  1.005	  1.485	  0.000
25	  2.280	 75.540	  1.005	  1.485	  0.000
26	  2.280	 78.397	  1.005	  1.485	  0.000
27	  2.280	 81.254	  1.005	  1.485	  0.000
28	  2.280	 84.111	  1.005	  1.485	  0.000
29	  2.280	 86.968	  1.005	  1.485	  0.000
30	  2.280	 89.825	  1.005	  1.485	  0.000
31	  2.280	 92.682	  1.005	  1.485	  0.000
32	  2.280	 95.540	  1.005	  1.485	  0.000
33	  2.280	 98.397	  1.005	  1.485	  0.000
34	  2.280	101.254	  1.005	  1.485	  0.000
0	  2.400	  4.289	  1.005	  1.488	  0.000
1	  2.400	  7.147	  1.005	  1.488	  0.000
2	  2.400	 10.004	  1.005	  1.488	  0.000
3	  2.400	 12.861	  1.005	  1.488	  0.000
4	  2.400	 15.718	  1.005	  1.488	  0.000
5	  2.400	 18.575	  1.005	  1.488	  0.000
6	  2.400	 21.432	  1.005	  1.488	  0.000
7	  2.400	 24.289	  1.005	  1.488	  0.000
8	  2.400	 27.147	  1.005	  1.488	  0.000
9	  2.400	 30.004	  1.005	  1.488	  0.000
10	  2.400	 32.861	  1.005	  1.488	  0.000
11	  2.400	 35.718	  1.005	  1.488	  0.000
12	  2.400	 38.575	  1.005	  1.488	  0.000
13	  2.400	 41.432	  1.005	  1.488	  0.000
14	  2.400	 44.289	  1.005	  1.488	  0.000
15	  2.400	 47.147	  1.005	  1.488	  0.000
16	  2.400	 50.004	  1.005	  1.488	  0.000
17	  2.400	 52.861	  1.005	  1.488	  0.000
18	  2.400	 55.718	  1.005	  1.488	  0.000
19	  2.400	 58.575	  1.005	  1.488	  0.000
20	  2.400	 61.432	  1.005	  1.488	  0.000
21	  2.400	 64.289	  1.005	  1.488	  0.000
22	  2.400	 67.147	  1.005	  1.488	  0.000
23	  2.400	 70.004	  1.005	  1.488	  0.000
24	  2.400	 72.861	  1.005	  1.488	  0.000
25	  2.400	 75.718	  1.005	  1.488	  0.000
26	  2.400	 78.575	  1.005	  1.488	  0.000
27	  2.400	 81.432	  1.005	  1.488	  0.000
28	  2.400	 84.289	  1.005	  1.488	  0.000
29	  2.400	 87.147	  1.005	  1.488	  0.000
30	  2.400	 90.004	  1.005	  1.488	  0.000
31	  2.400	 92.861	  1.005	  1.488	  0.000
32	  2.400	 95.718	  1.005	  1.488	  0.000
33	  2.400	 98.575	  1.005	  1.488	  0.000
34	  2.400	101.432	  1.005	  1.488	  0.000
0	  2.520	  4.468	  1.005	  1.491	  0.000
1	  2.520	  7.325	  1.005	  1.491	  0.000
2	  2.520	 10.182	  1.005	  1.491	  0.000
3	  2.520	 13.040	  1.005	  1.491	  0.000
4	  2.520	 15.897	  1.005	  1.491	  0.000
5	  2.520	 18.754	  1.005	  1.491	  0.000
6	  2.520	 21.611	  1.005	  1.491	  0.000
7	  2.520	 24.468	  1.005	  1.491	  0.000
8	  2.520	 27.325	  1.005	  1.491	  0.000
9	  2.520	 30.182	  1.005	  1.491	  0.000
10	  2.520	 33.040	  1.005	  1.491	  0.000
11	  2.520	 35.897	  1.005	  1.491	  0.000
12	  2.520	 38.754	  1.005	  1.491	  0.000
13	  2.520	 41.611	  1.005	  1.491	  0.000
14	  2.520	 44.468	  1.005	  1.491	  0.000
15	  2.520	 47.325	  1.005	  1.491	  0.000
16	  2.520	 50.182	  1.005	  1.491	  0.000
17	  2.520	 53.040	  1.005	  1.491	  0.000
18	  2.520	 55.897	  1.005	  1.491	  0.000
19	  2.520	 58.754	  1.005	  1.491	  0.000
20	  2.520	 61.611	  1.005	  1.491	  0.000
21	  2.520	 64.468	  1.005	  1.491	  0.000
22	  2.520	 67.325	  1.005	  1.491	  0.000
23	  2.520	 70.182	  1.005	  1.491	  0.000
24	  2.520	 73.040	  1.005	  1.491	  0.000
25	  2.520	 75.897	  1.005	  1.491	  0.000
26	  2.520	 78.754	  1.005	  1.491	  0.000
27	  2.520	 81.611	  1.005	  1.491	  0.000
28	  2.520	 84.468	  1.005	  1.491	  0.000
29	  2.520	 87.325	  1.005	  1.491	  0.000
30	  2.520	 90.182	  1.005	  1.491	  0.000
31	  2.520	 93.040	  1.005	  1.491	  0.000
32	  2.520	 95.897	  1.005	  1.491	  0.000
33	  2.520	 98.754	  1.005	  1.491	  0.000
34	  2.520	101.611	  1.005	  1.491	  0.000
0	  2.640	  4.647	  1.005	  1.493	  0.000
1	  2.640	  7.504	  1.005	  1.493	  0.000
2	  2.640	 10.361	  1.005	  1.493	  0.000
3	  2.640	 13.219	  1.005	  1.493	  0.000
4	  2.640	 16.076	  1.005	  1.493	  0.000
5	  2.640	 18.933	  1.005	  1.493	  0.000
6	  2.640	 21.790	  1.005	  1.493	  0.000
7	  2.640	 24.647	  1.005	  1.493	  0.000
8	  2.640	 27.504	  1.005	  1.493	  0.000
9	  2.640	 30.361	  1.005	  1.493	  0.000
10	  2.640	 33.219	  1.005	  1.493	  0.000
11	  2.640	 36.076	  1.005	  1.493	  0.000
12	  2.640	 38.933	  1.005	  1.493	  0.000
13	  2.640	 41.790	  1.005	  1.493	  0.000
14	  2.640	 44.647	  1.005	  1.493	  0.000
15	  2.640	 47.504	  1.005	  1.493	  0.000
16	  2.640	 50.361	  1.005	  1.493	  0.000
17	  2.640	 53.219	  1.005	  1.493	  0.000
18	  2.640	 56.076	  1.005	  1.493	  0.000
19	  2.640	 58.933	  1.005	  1.493	  0.000
20	  2.640	 61.790	  1.005	  1.493	  0.000
21	  2.640	 64.647	  1.005	  1.493	  0.000
22	  2.640	 67.504	  1.005	  1.493	  0.000
23	  2.640	 70.361	  1.005	  1.493	  0.000
24	  2.640	 73.219	  1.005	  1.493	  0.000
25	  2.640	 76.076	  1.005	  1.493	  0.000
26	  2.640	 78.933	  1.005	  1.493	  0.000
27	  2.640	 81.790	  1.005	  1.493	  0.000
28	  2.640	 84.647	  1.005	  1.493	  0.000
29	  2.640	 87.504	  1.005	  1.493	  0.000
30	  2.640	 90.361	  1.005	  1.493	  0.000
31	  2.640	 93.219	  1.005	  1.493	  0.000
32	  2.640	 96.076	  1.005	  1.493	  0.000
33	  2.640	 98.933	  1.005	  1.493	  0.000
34	  2.640	101.790	  1.005	  1.493	  0.000
0	  2.760	  4.826	  1.005	  1.494	  0.000
1	  2.760	  7.684	  1.005	  1.494	  0.000
2	  2.760	 10.541	  1.005	  1.494	  0.000
3	  2.760	 13.398	  1.005	  1.494	  0.000
4	  2.760	 16.255	  1.005	  1.494	  0.000
5	  2.760	 19.112	  1.005	  1.494	  0.000
6	  2.760	 21.969	  1.005	  1.494	  0.000
7	  2.760	 24.826	  1.005	  1.494	  0.000
8	  2.760	 27.684	  1.005	  1.494	  0.000
9	  2.760	 30.541	  1.005	  1.494	  0.000
10	  2.760	 33.398	  1.005	  1.494	  0.000
11	  2.760	 36.255	  1.005	  1.494	  0.000
12	  2.760	 39.112	  1.005	  1.494	  0.000
13	  2.760	 41.969	  1.005	  1.494	  0.000
14	  2.760	 44.826	  1.005	  1.494	  0.000
15	  2.760	 47.684	  1.005	  1.494	  0.000
16	  2.760	 50.541	  1.005	  1.494	  0.000
17	  2.760	 53.398	  1.005	  1.494	  0.000
18	  2.760	 56.255	  1.005	  1.494	  0.000
19	  2.760	 59.112	  1.005	  1.494	  0.000
20	  2.760	 61.969	  1.005	  1.494	  0.000
21	  2.760	 64.826	  1.005	  1.494	  0.000
22	  2.760	 67.684	  1.005	  1.494	  0.000
23	  2.760	 70.541	  1.005	  1.494	  0.000
24	  2.760	 73.398	  1.005	  1.494	  0.000
25	  2.760	 76.255	  1.005	  1.494	  0.000
26	  2.760	 79.112	  1.005	  1.494	  0.000
27	  2.760	 81.969	  1.005	  1.494	  0.000
28	  2.760	 84.826	  1.005	  1.494	  0.000
29	  2.760	 87.684	  1.005	  1.494	  0.000
30	  2.760	 90.541	  1.005	  1.494	  0.000
31	  2.760	 93.398	  1.005	  1.494	  0.000
32	  2.760	 96.255	  1.005	  1.494	  0.000
33	  2.760	 99.112	  1.005	  1.494	  0.000
34	  2.760	101.969	  1.005	  1.494	  0.000
0	  2.880	  5.006	  1.005	  1.496	  0.000
1	  2.880	  7.863	  1.005	  1.496	  0.000
2	  2.880	 10.720	  1.005	  1.496	  0.000
3	  2.880	 13.577	  1.005	  1.496	  0.000
4	  2.880	 16.434	  1.005	  1.496	  0.000
5	  2.880	 19.292	  1.005	  1.496	  0.000
6	  2.880	 22.149	  1.005	  1.496	  0.000
7	  2.880	 25.006	  1.005	  1.496	  0.000
8	  2.880	 27.863	  1.005	  1.496	  0.000
9	  2.880	 30.720	  1.005	  1.496	  0.000
10	  2.880	 33.577	  1.005	  1.496	  0.000
11	  2.880	 36.434	  1.005	  1.496	  0.000
12	  2.880	 39.292	  1.005	  1.496	  0.000
13	  2.880	 42.149	  1.005	  1.496	  0.000
14	  2.880	 45.006	  1.005	  1.496	  0.000
15	  2.880	 47.863	  1.005	  1.496	  0.000
16	  2.880	 50.720	  1.005	  1.496	  0.000
17	  2.880	 53.577	  1.005	  1.496	  0.000
18	  2.880	 56.434	  1.005	  1.496	  0.000
19	  2.880	 59.292	  1.005	  1.496	  0.000
20	  2.880	 62.149	  1.005	  1.496	  0.000
21	  2.880	 65.006	  1.005	  1.496	  0.000
22	  2.880	 67.863	  1.005	  1.496	  0.000
23	  2.880	 70.720	  1.005	  1.496	  0.000
24	  2.880	 73.577	  1.005	  1.496	  0.000
25	  2.880	 76.434	  1.005	  1.496	  0.000
26	  2.880	 79.292	  1.005	  1.496	  0.000
27	  2.880	 82.149	  1.005	  1.496	  0.000
28	  2.880	 85.006	  1.005	  1.496	  0.000
29	  2.880	 87.863	  1.005	  1.496	  0.000
30	  2.880	 90.720	  1.005	  1.496	  0.000
31	  2.880	 93.577	  1.005	  1.496	  0.000
32	  2.880	 96.434	  1.005	  1.496	  0.000
33	  2.880	 99.292	  1.005	  1.496	  0.000
34	  2.880	102.149	  1.005	  1.496	  0.000
0	  3.000	  5.185	  1.005	  1.497	  0.000
1	  3.000	  8.042	  1.005	  1.497	  0.000
2	  3.000	 10.900	  1.005	  1.497	  0.000
3	  3.000	 13.757	  1.005	  1.497	  0.000
4	  3.000	 16.614	  1.005	  1.497	  0.000
5	  3.000	 19.471	  1.005	  1.497	  0.000
6	  3.000	 22.328	  1.005	  1.497	  0.000
7	  3.000	 25.185	  1.005	  1.497	  0.000
8	  3.000	 28.042	  1.005	  1.497	  0.000
9	  3.000	 30.900	  1.005	  1.497	  0.000
10	  3.000	 33.757	  1.005	  1.497	  0.000
11	  3.000	 36.614	  1.005	  1.497	  0.000
12	  3.000	 39.471	  1.005	  1.497	  0.000
13	  3.000	 42.328	  1.005	  1.497	  0.000
14	  3.000	 45.185	  1.005	  1.497	  0.000
15	  3.000	 48.042	  1.005	  1.497	  0.000
16	  3.000	 50.900	  1.005	  1.497	  0.000
17	  3.000	 53.757	  1.005	  1.497	  0.000
18	  3.000	 56.614	  1.005	  1.497	  0.000
19	  3.000	 59.471	  1.005	  1.497	  0.000
20	  3.000	 62.328	  1.005	  1.497	  0.000
21	  3.000	 65.185	  1.005	  1.497	  0.000
22	  3.000	 68.042	  1.005	  1.497	  0.000
23	  3.000	 70.900	  1.005	  1.497	  0.000
24	  3.000	 73.757	  1.005	  1.497	  0.000
25	  3.000	 76.614	  1.005	  1.497	  0.000
26	  3.000	 79.471	  1.005	  1.497	  0.000
27	  3.000	 82.328	  1.005	  1.497	  0.000
28	  3.000	 85.185	  1.005	  1.497	  0.000
29	  3.000	 88.042	  1.005	  1.497	  0.000
30	  3.000	 90.900	  1.005	  1.497	  0.000
31	  3.000	 93.757	  1.005	  1.497	  0.000
32	  3.000	 96.614	  1.005	  1.497	  0.000
33	  3.000	 99.471	  1.005	  1.497	  0.000
34	  3.000	102.328	  1.005	  1.497	  0.000
