# id	 time	 x	 y	 vx	 vy
0	  0.000	  3.333	  1.000	  0.010	  0.010
1	  0.000	 10.000	  1.000	  0.010	  0.010
2	  0.000	 16.667	  1.000	  0.010	  0.010
3	  0.000	 23.333	  1.000	  0.010	  0.010
4	  0.000	 30.000	  1.000	  0.010	  0.010
5	  0.000	 36.667	  1.000	  0.010	  0.010
6	  0.000	 43.333	  1.000	  0.010	  0.010
7	  0.000	 50.000	  1.000	  0.010	  0.010
8	  0.000	 56.667	  1.000	  0.010	  0.010
9	  0.000	 63.333	  1.000	  0.010	  0.010
10	  0.000	 70.000	  1.000	  0.010	  0.010
11	  0.000	 76.667	  1.000	  0.010	  0.010
12	  0.000	 83.333	  1.000	  0.010	  0.010
13	  0.000	 90.000	  1.000	  0.010	  0.010
14	  0.000	 96.667	  1.000	  0.010	  0.010
0	  0.120	  3.353	  1.001	  0.331	  0.008
1	  0.120	 10.020	  1.001	  0.331	  0.008
2	  0.120	 16.686	  1.001	  0.331	  0.008
3	  0.120	 23.353	  1.001	  0.331	  0.008
4	  0.120	 30.020	  1.001	  0.331	  0.008
5	  0.120	 36.686	  1.001	  0.331	  0.008
6	  0.120	 43.353	  1.001	  0.331	  0.008
7	  0.120	 50.020	  1.001	  0.331	  0.008
8	  0.120	 56.686	  1.001	  0.331	  0.008
9	  0.120	 63.353	  1.001	  0.331	  0.008
10	  0.120	 70.020	  1.001	  0.331	  0.008
11	  0.120	 76.686	  1.001	  0.331	  0.008
12	  0.120	 83.353	  1.001	  0.331	  0.008
13	  0.120	 90.020	  1.001	  0.331	  0.008
14	  0.120	 96.686	  1.001	  0.331	  0.008
0	  0.240	  3.407	  1.002	  0.582	  0.006
1	  0.240	 10.074	  1.002	  0.582	  0.006
2	  0.240	 16.740	  1.002	  0.582	  0.006
3	  0.240	 23.407	  1.002	  0.582	  0.006
4	  0.240	 30.074	  1.002	  0.582	  0.006
5	  0.240	 36.740	  1.002	  0.582	  0.006
6	  0.240	 43.407	  1.002	  0.582	  0.006
7	  0.240	 50.074	  1.002	  0.582	  0.006
8	  0.240	 56.740	  1.002	  0.582	  0.006
9	  0.240	 63.407	  1.002	  0.582	  0.006
10	  0.240	 70.074	  1.002	  0.582	  0.006
11	  0.240	 76.740	  1.002	  0.582	  0.006
12	  0.240	 83.407	  1.002	  0.582	  0.006
13	  0.240	 90.074	  1.002	  0.582	  0.006
14	  0.240	 96.740	  1.002	  0.582	  0.006
0	  0.360	  3.488	  1.003	  0.780	  0.005
1	  0.360	 10.155	  1.003	  0.780	  0.005
2	  0.360	 16.822	  1.003	  0.780	  0.005
3	  0.360	 23.488	  1.003	  0.780	  0.005
4	  0.360	 30.155	  1.003	  0.780	  0.005
5	  0.360	 36.822	  1.003	  0.780	  0.005
6	  0.360	 43.488	  1.003	  0.780	  0.005
7	  0.360	 50.155	  1.003	  0.780	  0.005
8	  0.360	 56.822	  1.003	  0.780	  0.005
9	  0.360	 63.488	  1.003	  0.780	  0.005
10	  0.360	 70.155	  1.003	  0.780	  0.005
11	  0.360	 76.822	  1.003	  0.780	  0.005
12	  0.360	 83.488	  1.003	  0.780	  0.005
13	  0.360	 90.155	  1.003	  0.780	  0.005
14	  0.360	 96.822	  1.003	  0.780	  0.005
0	  0.480	  3.591	  1.003	  0.935	  0.004
1	  0.480	 10.257	  1.003	  0.935	  0.004
2	  0.480	 16.924	  1.003	  0.935	  0.004
3	  0.480	 23.591	  1.003	  0.935	  0.004
4	  0.480	 30.257	  1.003	  0.935	  0.004
5	  0.480	 36.924	  1.003	  0.935	  0.004
6	  0.480	 43.591	  1.003	  0.935	  0.004
7	  0.480	 50.257	  1.003	  0.935	  0.004
8	  0.480	 56.924	  1.003	  0.935	  0.004
9	  0.480	 63.591	  1.003	  0.935	  0.004
10	  0.480	 70.257	  1.003	  0.935	  0.004
11	  0.480	 76.924	  1.003	  0.935	  0.004
12	  0.480	 83.591	  1.003	  0.935	  0.004
13	  0.480	 90.257	  1.003	  0.935	  0.004
14	  0.480	 96.924	  1.003	  0.935	  0.004
0	  0.600	  3.710	  1.004	  1.057	  0.003
1	  0.600	 10.377	  1.004	  1.057	  0.003
2	  0.600	 17.043	  1.004	  1.057	  0.003
3	  0.600	 23.710	  1.004	  1.057	  0.003
4	  0.600	 30.377	  1.004	  1.057	  0.003
5	  0.600	 37.043	  1.004	  1.057	  0.003
6	  0.600	 43.710	  1.004	  1.057	  0.003
7	  0.600	 50.377	  1.004	  1.057	  0.003
8	  0.600	 57.043	  1.004	  1.057	  0.003
9	  0.600	 63.710	  1.004	  1.057	  0.003
10	  0.600	 70.377	  1.004	  1.057	  0.003
11	  0.600	 77.043	  1.004	  1.057	  0.003
12	  0.600	 83.710	  1.004	  1.057	  0.003
13	  0.600	 90.377	  1.004	  1.057	  0.003
14	  0.600	 97.043	  1.004	  1.057	  0.003
0	  0.720	  3.842	  1.004	  1.152	  0.002
1	  0.720	 10.509	  1.004	  1.152	  0.002
2	  0.720	 17.176	  1.004	  1.152	  0.002
3	  0.720	 23.842	  1.004	  1.152	  0.002
4	  0.720	 30.509	  1.004	  1.152	  0.002
5	  0.720	 37.176	  1.004	  1.152	  0.002
6	  0.720	 43.842	  1.004	  1.152	  0.002
7	  0.720	 50.509	  1.004	  1.152	  0.002
8	  0.720	 57.176	  1.004	  1.152	  0.002
9	  0.720	 63.842	  1.004	  1.152	  0.002
10	  0.720	 70.509	  1.004	  1.152	  0.002
11	  0.720	 77.176	  1.004	  1.152	  0.002
12	  0.720	 83.842	  1.004	  1.152	  0.002
13	  0.720	 90.509	  1.004	  1.152	  0.002
14	  0.720	 97.176	  1.004	  1.152	  0.002
0	  0.840	  3.985	  1.004	  1.227	  0.002
1	  0.840	 10.652	  1.004	  1.227	  0.002
2	  0.840	 17.318	  1.004	  1.227	  0.002
3	  0.840	 23.985	  1.004	  1.227	  0.002
4	  0.840	 30.652	  1.004	  1.227	  0.002
5	  0.840	 37.318	  1.004	  1.227	  0.002
6	  0.840	 43.985	  1.004	  1.227	  0.002
7	  0.840	 50.652	  1.004	  1.227	  0.002
8	  0.840	 57.318	  1.004	  1.227	  0.002
9	  0.840	 63.985	  1.004	  1.227	  0.002
10	  0.840	 70.652	  1.004	  1.227	  0.002
11	  0.840	 77.318	  1.004	  1.227	  0.002
12	  0.840	 83.985	  1.004	  1.227	  0.002
13	  0.840	 90.652	  1.004	  1.227	  0.002
14	  0.840	 97.318	  1.004	  1.227	  0.002
0	  0.960	  4.135	  1.004	  1.286	  0.001
1	  0.960	 10.802	  1.004	  1.286	  0.001
2	  0.960	 17.469	  1.004	  1.286	  0.001
3	  0.960	 24.135	  1.004	  1.286	  0.001
4	  0.960	 30.802	  1.004	  1.286	  0.001
5	  0.960	 37.469	  1.004	  1.286	  0.001
6	  0.960	 44.135	  1.004	  1.286	  0.001
7	  0.960	 50.802	  1.004	  1.286	  0.001
8	  0.960	 57.469	  1.004	  1.286	  0.001
9	  0.960	 64.135	  1.004	  1.286	  0.001
10	  0.960	 70.802	  1.004	  1.286	  0.001
11	  0.960	 77.469	  1.004	  1.286	  0.001
12	  0.960	 84.135	  1.004	  1.286	  0.001
13	  0.960	 90.802	  1.004	  1.286	  0.001
14	  0.960	 97.469	  1.004	  1.286	  0.001
0	  1.080	  4.292	  1.004	  1.332	  0.001
1	  1.080	 10.959	  1.004	  1.332	  0.001
2	  1.080	 17.626	  1.004	  1.332	  0.001
3	  1.080	 24.292	  1.004	  1.332	  0.001
4	  1.080	 30.959	  1.004	  1.332	  0.001
5	  1.080	 37.626	  1.004	  1.332	  0.001
6	  1.080	 44.292	  1.004	  1.332	  0.001
7	  1.080	 50.959	  1.004	  1.332	  0.001
8	  1.080	 57.626	  1.004	  1.332	  0.001
9	  1.080	 64.292	  1.004	  1.332	  0.001
10	  1.080	 70.959	  1.004	  1.332	  0.001
11	  1.080	 77.626	  1.004	  1.332	  0.001
12	  1.080	 84.292	  1.004	  1.332	  0.001
13	  1.080	 90.959	  1.004	  1.332	  0.001
14	  1.080	 97.626	  1.004	  1.332	  0.001
0	  1.200	  4.454	  1.005	  1.368	  0.001
1	  1.200	 11.121	  1.005	  1.368	  0.001
2	  1.200	 17.788	  1.005	  1.368	  0.001
3	  1.200	 24.454	  1.005	  1.368	  0.001
4	  1.200	 31.121	  1.005	  1.368	  0.001
5	  1.200	 37.788	  1.005	  1.368	  0.001
6	  1.200	 44.454	  1.005	  1.368	  0.001
7	  1.200	 51.121	  1.005	  1.368	  0.001
8	  1.200	 57.788	  1.005	  1.368	  0.001
9	  1.200	 64.454	  1.005	  1.368	  0.001
10	  1.200	 71.121	  1.005	  1.368	  0.001
11	  1.200	 77.788	  1.005	  1.368	  0.001
12	  1.200	 84.454	  1.005	  1.368	  0.001
13	  1.200	 91.121	  1.005	  1.368	  0.001
14	  1.200	 97.788	  1.005	  1.368	  0.001
0	  1.320	  4.620	  1.005	  1.396	  0.001
1	  1.320	 11.287	  1.005	  1.396	  0.001
2	  1.320	 17.953	  1.005	  1.396	  0.001
3	  1.320	 24.620	  1.005	  1.396	  0.001
4	  1.320	 31.287	  1.005	  1.396	  0.001
5	  1.320	 37.953	  1.005	  1.396	  0.001
6	  1.320	 44.620	  1.005	  1.396	  0.001
7	  1.320	 51.287	  1.005	  1.396	  0.001
8	  1.320	 57.953	  1.005	  1.396	  0.001
9	  1.320	 64.620	  1.005	  1.396	  0.001
10	  1.320	 71.287	  1.005	  1.396	  0.001
11	  1.320	 77.953	  1.005	  1.396	  0.001
12	  1.320	 84.620	  1.005	  1.396	  0.001
13	  1.320	 91.287	  1.005	  1.396	  0.001
14	  1.320	 97.953	  1.005	  1.396	  0.001
0	  1.440	  4.789	  1.005	  1.419	  0.001
1	  1.440	 11.456	  1.005	  1.419	  0.001
2	  1.440	 18.122	  1.005	  1.419	  0.001
3	  1.440	 24.789	  1.005	  1.419	  0.001
4	  1.440	 31.456	  1.005	  1.419	  0.001
5	  1.440	 38.122	  1.005	  1.419	  0.001
6	  1.440	 44.789	  1.005	  1.419	  0.001
7	  1.440	 51.456	  1.005	  1.419	  0.001
8	  1.440	 58.122	  1.005	  1.419	  0.001
9	  1.440	 64.789	  1.005	  1.419	  0.001
10	  1.440	 71.456	  1.005	  1.419	  0.001
11	  1.440	 78.122	  1.005	  1.419	  0.001
12	  1.440	 84.789	  1.005	  1.419	  0.001
13	  1.440	 91.456	  1.005	  1.419	  0.001
14	  1.440	 98.122	  1.005	  1.419	  0.001
0	  1.560	  4.960	  1.005	  1.436	  0.000
1	  1.560	 11.627	  1.005	  1.436	  0.000
2	  1.560	 18.294	  1.005	  1.436	  0.000
3	  1.560	 24.960	  1.005	  1.436	  0.000
4	  1.560	 31.627	  1.005	  1.436	  0.000
5	  1.560	 38.294	  1.005	  1.436	  0.000
6	  1.560	 44.960	  1.005	  1.436	  0.000
7	  1.560	 51.627	  1.005	  1.436	  0.000
8	  1.560	 58.294	  1.005	  1.436	  0.000
9	  1.560	 64.960	  1.005	  1.436	  0.000
10	  1.560	 71.627	  1.005	  1.436	  0.000
11	  1.560	 78.294	  1.005	  1.436	  0.000
12	  1.560	 84.960	  1.005	  1.436	  0.000
13	  1.560	 91.627	  1.005	  1.436	  0.000
14	  1.560	 98.294	  1.005	  1.436	  0.000
0	  1.680	  5.133	  1.005	  1.450	  0.000
1	  1.680	 11.800	  1.005	  1.450	  0.000
2	  1.680	 18.467	  1.005	  1.450	  0.000
3	  1.680	 25.133	  1.005	  1.450	  0.000
4	  1.680	 31.800	  1.005	  1.450	  0.000
5	  1.680	 38.467	  1.005	  1.450	  0.000
6	  1.680	 45.133	  1.005	  1.450	  0.000
7	  1.680	 51.800	  1.005	  1.450	  0.000
8	  1.680	 58.467	  1.005	  1.450	  0.000
9	  1.680	 65.133	  1.005	  1.450	  0.000
10	  1.680	 71.800	  1.005	  1.450	  0.000
11	  1.680	 78.467	  1.005	  1.450	  0.000
12	  1.680	 85.133	  1.005	  1.450	  0.000
13	  1.680	 91.800	  1.005	  1.450	  0.000
14	  1.680	 98.467	  1.005	  1.450	  0.000
0	  1.800	  5.308	  1.005	  1.461	  0.000
1	  1.800	 11.975	  1.005	  1.461	  0.000
2	  1.800	 18.641	  1.005	  1.461	  0.000
3	  1.800	 25.308	  1.005	  1.461	  0.000
4	  1.800	 31.975	  1.005	  1.461	  0.000
5	  1.800	 38.641	  1.005	  1.461	  0.000
6	  1.800	 45.308	  1.005	  1.461	  0.000
7	  1.800	 51.975	  1.005	  1.461	  0.000
8	  1.800	 58.641	  1.005	  1.461	  0.000
9	  1.800	 65.308	  1.005	  1.461	  0.000
10	  1.800	 71.975	  1.005	  1.461	  0.000
11	  1.800	 78.641	  1.005	  1.461	  0.000
12	  1.800	 85.308	  1.005	  1.461	  0.000
13	  1.800	 91.975	  1.005	  1.461	  0.000
14	  1.800	 98.641	  1.005	  1.461	  0.000
0	  1.920	  5.484	  1.005	  1.469	  0.000
1	  1.920	 12.150	  1.005	  1.469	  0.000
2	  1.920	 18.817	  1.005	  1.469	  0.000
3	  1.920	 25.484	  1.005	  1.469	  0.000
4	  1.920	 32.150	  1.005	  1.469	  0.000
5	  1.920	 38.817	  1.005	  1.469	  0.000
6	  1.920	 45.484	  1.005	  1.469	  0.000
7	  1.920	 52.150	  1.005	  1.469	  0.000
8	  1.920	 58.817	  1.005	  1.469	  0.000
9	  1.920	 65.484	  1.005	  1.469	  0.000
10	  1.920	 72.150	  1.005	  1.469	  0.000
11	  1.920	 78.817	  1.005	  1.469	  0.000
12	  1.920	 85.484	  1.005	  1.469	  0.000
13	  1.920	 92.150	  1.005	  1.469	  0.000
14	  1.920	 98.817	  1.005	  1.469	  0.000
0	  2.040	  5.660	  1.005	  1.476	  0.000
1	  2.040	 12.327	  1.005	  1.476	  0.000
2	  2.040	 18.994	  1.005	  1.476	  0.000
3	  2.040	 25.660	  1.005	  1.476	  0.000
4	  2.040	 32.327	  1.005	  1.476	  0.000
5	  2.040	 38.994	  1.005	  1.476	  0.000
6	  2.040	 45.660	  1.005	  1.476	  0.000
7	  2.040	 52.327	  1.005	  1.476	  0.000
8	  2.040	 58.994	  1.005	  1.476	  0.000
9	  2.040	 65.660	  1.005	  1.476	  0.000
10	  2.040	 72.327	  1.005	  1.476	  0.000
11	  2.040	 78.994	  1.005	  1.476	  0.000
12	  2.040	 85.660	  1.005	  1.476	  0.000
13	  2.040	 92.327	  1.005	  1.476	  0.000
14	  2.040	 98.994	  1.005	  1.476	  0.000
0	  2.160	  5.838	  1.005	  1.481	  0.000
1	  2.160	 12.504	  1.005	  1.481	  0.000
2	  2.160	 19.171	  1.005	  1.481	  0.000
3	  2.160	 25.838	  1.005	  1.481	  0.000
4	  2.160	 32.504	  1.005	  1.481	  0.000
5	  2.160	 39.171	  1.005	  1.481	  0.000
6	  2.160	 45.838	  1.005	  1.481	  0.000
7	  2.160	 52.504	  1.005	  1.481	  0.000
8	  2.160	 59.171	  1.005	  1.481	  0.000
9	  2.160	 65.838	  1.005	  1.481	  0.000
10	  2.160	 72.504	  1.005	  1.481	  0.000
11	  2.160	 79.171	  1.005	  1.481	  0.000
12	  2.160	 85.838	  1.005	  1.481	  0.000
13	  2.160	 92.504	  1.005	  1.481	  0.000
14	  2.160	 99.171	  1.005	  1.481	  0.000
0	  2.280	  6.016	  1.005	  1.485	  0.000
1	  2.280	 12.682	  1.005	  1.485	  0.000
2	  2.280	 19.349	  1.005	  1.485	  0.000
3	  2.280	 26.016	  1.005	  1.485	  0.000
4	  2.280	 32.682	  1.005	  1.485	  0.000
5	  2.280	 39.349	  1.005	  1.485	  0.000
6	  2.280	 46.016	  1.005	  1.485	  0.000
7	  2.280	 52.682	  1.005	  1.485	  0.000
8	  2.280	 59.349	  1.005	  1.485	  0.000
9	  2.280	 66.016	  1.005	  1.485	  0.000
10	  2.280	 72.682	  1.005	  1.485	  0.000
11	  2.280	 79.349	  1.005	  1.485	  0.000
12	  2.280	 86.016	  1.005	  1.485	  0.000
13	  2.280	 92.682	  1.005	  1.485	  0.000
14	  2.280	 99.349	  1.005	  1.485	  0.000
0	  2.400	  6.194	  1.005	  1.488	  0.000
1	  2.400	 12.861	  1.005	  1.488	  0.000
2	  2.400	 19.528	  1.005	  1.488	  0.000
3	  2.400	 26.194	  1.005	  1.488	  0.000
4	  2.400	 32.861	  1.005	  1.488	  0.000
5	  2.400	 39.528	  1.005	  1.488	  0.000
6	  2.400	 46.194	  1.005	  1.488	  0.000
7	  2.400	 52.861	  1.005	  1.488	  0.000
8	  2.400	 59.528	  1.005	  1.488	  0.000
9	  2.400	 66.194	  1.005	  1.488	  0.000
10	  2.400	 72.861	  1.005	  1.488	  0.000
11	  2.400	 79.528	  1.005	  1.488	  0.000
12	  2.400	 86.194	  1.005	  1.488	  0.000
13	  2.400	 92.861	  1.005	  1.488	  0.000
14	  2.400	 99.528	  1.005	  1.488	  0.000
0	  2.520	  6.373	  1.005	  1.491	  0.000
1	  2.520	 13.040	  1.005	  1.491	  0.000
2	  2.520	 19.706	  1.005	  1.491	  0.000
3	  2.520	 26.373	  1.005	  1.491	  0.000
4	  2.520	 33.040	  1.005	  1.491	  0.000
5	  2.520	 39.706	  1.005	  1.491	  0.000
6	  2.520	 46.373	  1.005	  1.491	  0.000
7	  2.520	 53.040	  1.005	  1.491	  0.000
8	  2.520	 59.706	  1.005	  1.491	  0.000
9	  2.520	 66.373	  1.005	  1.491	  0.000
10	  2.520	 73.040	  1.005	  1.491	  0.000
11	  2.520	 79.706	  1.005	  1.491	  0.000
12	  2.520	 86.373	  1.005	  1.491	  0.000
13	  2.520	 93.040	  1.005	  1.491	  0.000
14	  2.520	 99.706	  1.005	  1.491	  0.000
0	  2.640	  6.552	  1.005	  1.493	  0.000
1	  2.640	 13.219	  1.005	  1.493	  0.000
2	  2.640	 19.885	  1.005	  1.493	  0.000
3	  2.640	 26.552	  1.005	  1.493	  0.000
4	  2.640	 33.219	  1.005	  1.493	  0.000
5	  2.640	 39.885	  1.005	  1.493	  0.000
6	  2.640	 46.552	  1.005	  1.493	  0.000
7	  2.640	 53.219	  1.005	  1.493	  0.000
8	  2.640	 59.885	  1.005	  1.493	  0.000
9	  2.640	 66.552	  1.005	  1.493	  0.000
10	  2.640	 73.219	  1.005	  1.493	  0.000
11	  2.640	 79.885	  1.005	  1.493	  0.000
12	  2.640	 86.552	  1.005	  1.493	  0.000
13	  2.640	 93.219	  1.005	  1.493	  0.000
14	  2.640	 99.885	  1.005	  1.493	  0.000
0	  2.760	  6.731	  1.005	  1.494	  0.000
1	  2.760	 13.398	  1.005	  1.494	  0.000
2	  2.760	 20.064	  1.005	  1.494	  0.000
3	  2.760	 26.731	  1.005	  1.494	  0.000
4	  2.760	 33.398	  1.005	  1.494	  0.000
5	  2.760	 40.064	  1.005	  1.494	  0.000
6	  2.760	 46.731	  1.005	  1.494	  0.000
7	  2.760	 53.398	  1.005	  1.494	  0.000
8	  2.760	 60.064	  1.005	  1.494	  0.000
9	  2.760	 66.731	  1.005	  1.494	  0.000
10	  2.760	 73.398	  1.005	  1.494	  0.000
11	  2.760	 80.064	  1.005	  1.494	  0.000
12	  2.760	 86.731	  1.005	  1.494	  0.000
13	  2.760	 93.398	  1.005	  1.494	  0.000
14	  2.760	100.064	  1.005	  1.494	  0.000
0	  2.880	  6.911	  1.005	  1.496	  0.000
1	  2.880	 13.577	  1.005	  1.496	  0.000
2	  2.880	 20.244	  1.005	  1.496	  0.000
3	  2.880	 26.911	  1.005	  1.496	  0.000
4	  2.880	 33.577	  1.005	  1.496	  0.000
5	  2.880	 40.244	  1.005	  1.496	  0.000
6	  2.880	 46.911	  1.005	  1.496	  0.000
7	  2.880	 53.577	  1.005	  1.496	  0.000
8	  2.880	 60.244	  1.005	  1.496	  0.000
9	  2.880	 66.911	  1.005	  1.496	  0.000
10	  2.880	 73.577	  1.005	  1.496	  0.000
11	  2.880	 80.244	  1.005	  1.496	  0.000
12	  2.880	 86.911	  1.005	  1.496	  0.000
13	  2.880	 93.577	  1.005	  1.496	  0.000
14	  2.880	100.244	  1.005	  1.496	  0.000
0	  3.000	  7.090	  1.005	  1.497	  0.000
1	  3.000	 13.757	  1.005	  1.497	  0.000
2	  3.000	 20.423	  1.005	  1.497	  0.000
3	  3.000	 27.090	  1.005	  1.497	  0.000
4	  3.000	 33.757	  1.005	  1.497	  0.000
5	  3.000	 40.423	  1.005	  1.497	  0.000
6	  3.000	 47.090	  1.005	  1.497	  0.000
7	  3.000	 53.757	  1.005	  1.497	  0.000
8	  3.000	 60.423	  1.005	  1.497	  0.000
9	  3.000	 67.090	  1.005	  1.497	  0.000
10	  3.000	 73.757	  1.005	  1.497	  0.000
11	  3.000	 80.423	  1.005	  1.497	  0.000
12	  3.000	 87.090	  1.005	  1.497	  0.000
13	  3.000	 93.757	  1.005	  1.497	  0.000
14	  3.000	100.423	  1.005	  1.497	  0.000
