# id	 time	 x	 y	 vx	 vy
0	  0.000	  0.617	  1.000	  0.010	  0.010
1	  0.000	  1.852	  1.000	  0.010	  0.010
2	  0.000	  3.086	  1.000	  0.010	  0.010
3	  0.000	  4.321	  1.000	  0.010	  0.010
4	  0.000	  5.556	  1.000	  0.010	  0.010
5	  0.000	  6.790	  1.000	  0.010	  0.010
6	  0.000	  8.025	  1.000	  0.010	  0.010
7	  0.000	  9.259	  1.000	  0.010	  0.010
8	  0.000	 10.494	  1.000	  0.010	  0.010
9	  0.000	 11.728	  1.000	  0.010	  0.010
10	  0.000	 12.963	  1.000	  0.010	  0.010
11	  0.000	 14.198	  1.000	  0.010	  0.010
12	  0.000	 15.432	  1.000	  0.010	  0.010
13	  0.000	 16.667	  1.000	  0.010	  0.010
14	  0.000	 17.901	  1.000	  0.010	  0.010
15	  0.000	 19.136	  1.000	  0.010	  0.010
16	  0.000	 20.370	  1.000	  0.010	  0.010
17	  0.000	 21.605	  1.000	  0.010	  0.010
18	  0.000	 22.840	  1.000	  0.010	  0.010
19	  0.000	 24.074	  1.000	  0.010	  0.010
20	  0.000	 25.309	  1.000	  0.010	  0.010
21	  0.000	 26.543	  1.000	  0.010	  0.010
22	  0.000	 27.778	  1.000	  0.010	  0.010
23	  0.000	 29.012	  1.000	  0.010	  0.010
24	  0.000	 30.247	  1.000	  0.010	  0.010
25	  0.000	 31.481	  1.000	  0.010	  0.010
26	  0.000	 32.716	  1.000	  0.010	  0.010
27	  0.000	 33.951	  1.000	  0.010	  0.010
28	  0.000	 35.185	  1.000	  0.010	  0.010
29	  0.000	 36.420	  1.000	  0.010	  0.010
30	  0.000	 37.654	  1.000	  0.010	  0.010
31	  0.000	 38.889	  1.000	  0.010	  0.010
32	  0.000	 40.123	  1.000	  0.010	  0.010
33	  0.000	 41.358	  1.000	  0.010	  0.010
34	  0.000	 42.593	  1.000	  0.010	  0.010
35	  0.000	 43.827	  1.000	  0.010	  0.010
36	  0.000	 45.062	  1.000	  0.010	  0.010
37	  0.000	 46.296	  1.000	  0.010	  0.010
38	  0.000	 47.531	  1.000	  0.010	  0.010
39	  0.000	 48.765	  1.000	  0.010	  0.010
40	  0.000	 50.000	  1.000	  0.010	  0.010
41	  0.000	 51.235	  1.000	  0.010	  0.010
42	  0.000	 52.469	  1.000	  0.010	  0.010
43	  0.000	 53.704	  1.000	  0.010	  0.010
44	  0.000	 54.938	  1.000	  0.010	  0.010
45	  0.000	 56.173	  1.000	  0.010	  0.010
46	  0.000	 57.407	  1.000	  0.010	  0.010
47	  0.000	 58.642	  1.000	  0.010	  0.010
48	  0.000	 59.877	  1.000	  0.010	  0.010
49	  0.000	 61.111	  1.000	  0.010	  0.010
50	  0.000	 62.346	  1.000	  0.010	  0.010
51	  0.000	 63.580	  1.000	  0.010	  0.010
52	  0.000	 64.815	  1.000	  0.010	  0.010
53	  0.000	 66.049	  1.000	  0.010	  0.010
54	  0.000	 67.284	  1.000	  0.010	  0.010
55	  0.000	 68.519	  1.000	  0.010	  0.010
56	  0.000	 69.753	  1.000	  0.010	  0.010
57	  0.000	 70.988	  1.000	  0.010	  0.010
58	  0.000	 72.222	  1.000	  0.010	  0.010
59	  0.000	 73.457	  1.000	  0.010	  0.010
60	  0.000	 74.691	  1.000	  0.010	  0.010
61	  0.000	 75.926	  1.000	  0.010	  0.010
62	  0.000	 77.160	  1.000	  0.010	  0.010
63	  0.000	 78.395	  1.000	  0.010	  0.010
64	  0.000	 79.630	  1.000	  0.010	  0.010
65	  0.000	 80.864	  1.000	  0.010	  0.010
66	  0.000	 82.099	  1.000	  0.010	  0.010
67	  0.000	 83.333	  1.000	  0.010	  0.010
68	  0.000	 84.568	  1.000	  0.010	  0.010
69	  0.000	 85.802	  1.000	  0.010	  0.010
70	  0.000	 87.037	  1.000	  0.010	  0.010
71	  0.000	 88.272	  1.000	  0.010	  0.010
72	  0.000	 89.506	  1.000	  0.010	  0.010
73	  0.000	 90.741	  1.000	  0.010	  0.010
74	  0.000	 91.975	  1.000	  0.010	  0.010
75	  0.000	 93.210	  1.000	  0.010	  0.010
76	  0.000	 94.444	  1.000	  0.010	  0.010
77	  0.000	 95.679	  1.000	  0.010	  0.010
78	  0.000	 96.914	  1.000	  0.010	  0.010
79	  0.000	 98.148	  1.000	  0.010	  0.010
80	  0.000	 99.383	  1.000	  0.010	  0.010
0	  0.120	  0.622	  1.001	  0.036	  0.008
1	  0.120	  1.856	  1.001	  0.036	  0.008
2	  0.120	  3.091	  1.001	  0.036	  0.008
3	  0.120	  4.326	  1.001	  0.036	  0.008
4	  0.120	  5.560	  1.001	  0.036	  0.008
5	  0.120	  6.795	  1.001	  0.036	  0.008
6	  0.120	  8.029	  1.001	  0.036	  0.008
7	  0.120	  9.264	  1.001	  0.036	  0.008
8	  0.120	 10.498	  1.001	  0.036	  0.008
9	  0.120	 11.733	  1.001	  0.036	  0.008
10	  0.120	 12.968	  1.001	  0.036	  0.008
11	  0.120	 14.202	  1.001	  0.036	  0.008
12	  0.120	 15.437	  1.001	  0.036	  0.008
13	  0.120	 16.671	  1.001	  0.036	  0.008
14	  0.120	 17.906	  1.001	  0.036	  0.008
15	  0.120	 19.140	  1.001	  0.036	  0.008
16	  0.120	 20.375	  1.001	  0.036	  0.008
17	  0.120	 21.609	  1.001	  0.036	  0.008
18	  0.120	 22.844	  1.001	  0.036	  0.008
19	  0.120	 24.079	  1.001	  0.036	  0.008
20	  0.120	 25.313	  1.001	  0.036	  0.008
21	  0.120	 26.548	  1.001	  0.036	  0.008
22	  0.120	 27.782	  1.001	  0.036	  0.008
23	  0.120	 29.017	  1.001	  0.036	  0.008
24	  0.120	 30.251	  1.001	  0.036	  0.008
25	  0.120	 31.486	  1.001	  0.036	  0.008
26	  0.120	 32.721	  1.001	  0.036	  0.008
27	  0.120	 33.955	  1.001	  0.036	  0.008
28	  0.120	 35.190	  1.001	  0.036	  0.008
29	  0.120	 36.424	  1.001	  0.036	  0.008
30	  0.120	 37.659	  1.001	  0.036	  0.008
31	  0.120	 38.893	  1.001	  0.036	  0.008
32	  0.120	 40.128	  1.001	  0.036	  0.008
33	  0.120	 41.363	  1.001	  0.036	  0.008
34	  0.120	 42.597	  1.001	  0.036	  0.008
35	  0.120	 43.832	  1.001	  0.036	  0.008
36	  0.120	 45.066	  1.001	  0.036	  0.008
37	  0.120	 46.301	  1.001	  0.036	  0.008
38	  0.120	 47.535	  1.001	  0.036	  0.008
39	  0.120	 48.770	  1.001	  0.036	  0.008
40	  0.120	 50.005	  1.001	  0.036	  0.008
41	  0.120	 51.239	  1.001	  0.036	  0.008
42	  0.120	 52.474	  1.001	  0.036	  0.008
43	  0.120	 53.708	  1.001	  0.036	  0.008
44	  0.120	 54.943	  1.001	  0.036	  0.008
45	  0.120	 56.177	  1.001	  0.036	  0.008
46	  0.120	 57.412	  1.001	  0.036	  0.008
47	  0.120	 58.647	  1.001	  0.036	  0.008
48	  0.120	 59.881	  1.001	  0.036	  0.008
49	  0.120	 61.116	  1.001	  0.036	  0.008
50	  0.120	 62.350	  1.001	  0.036	  0.008
51	  0.120	 63.585	  1.001	  0.036	  0.008
52	  0.120	 64.819	  1.001	  0.036	  0.008
53	  0.120	 66.054	  1.001	  0.036	  0.008
54	  0.120	 67.289	  1.001	  0.036	  0.008
55	  0.120	 68.523	  1.001	  0.036	  0.008
56	  0.120	 69.758	  1.001	  0.036	  0.008
57	  0.120	 70.992	  1.001	  0.036	  0.008
58	  0.120	 72.227	  1.001	  0.036	  0.008
59	  0.120	 73.461	  1.001	  0.036	  0.008
60	  0.120	 74.696	  1.001	  0.036	  0.008
61	  0.120	 75.930	  1.001	  0.036	  0.008
62	  0.120	 77.165	  1.001	  0.036	  0.008
63	  0.120	 78.400	  1.001	  0.036	  0.008
64	  0.120	 79.634	  1.001	  0.036	  0.008
65	  0.120	 80.869	  1.001	  0.036	  0.008
66	  0.120	 82.103	  1.001	  0.036	  0.008
67	  0.120	 83.338	  1.001	  0.036	  0.008
68	  0.120	 84.572	  1.001	  0.036	  0.008
69	  0.120	 85.807	  1.001	  0.036	  0.008
70	  0.120	 87.042	  1.001	  0.036	  0.008
71	  0.120	 88.276	  1.001	  0.036	  0.008
72	  0.120	 89.511	  1.001	  0.036	  0.008
73	  0.120	 90.745	  1.001	  0.036	  0.008
74	  0.120	 91.980	  1.001	  0.036	  0.008
75	  0.120	 93.214	  1.001	  0.036	  0.008
76	  0.120	 94.449	  1.001	  0.036	  0.008
77	  0.120	 95.684	  1.001	  0.036	  0.008
78	  0.120	 96.918	  1.001	  0.036	  0.008
79	  0.120	 98.153	  1.001	  0.036	  0.008
80	  0.120	 99.387	  1.001	  0.036	  0.008
0	  0.240	  0.623	  1.002	  0.069	  0.006
1	  0.240	  1.858	  1.002	  0.069	  0.006
2	  0.240	  3.092	  1.002	  0.069	  0.006
3	  0.240	  4.327	  1.002	  0.069	  0.006
4	  0.240	  5.561	  1.002	  0.069	  0.006
5	  0.240	  6.796	  1.002	  0.069	  0.006
6	  0.240	  8.030	  1.002	  0.069	  0.006
7	  0.240	  9.265	  1.002	  0.069	  0.006
8	  0.240	 10.500	  1.002	  0.069	  0.006
9	  0.240	 11.734	  1.002	  0.069	  0.006
10	  0.240	 12.969	  1.002	  0.069	  0.006
11	  0.240	 14.203	  1.002	  0.069	  0.006
12	  0.240	 15.438	  1.002	  0.069	  0.006
13	  0.240	 16.672	  1.002	  0.069	  0.006
14	  0.240	 17.907	  1.002	  0.069	  0.006
15	  0.240	 19.142	  1.002	  0.069	  0.006
16	  0.240	 20.376	  1.002	  0.069	  0.006
17	  0.240	 21.611	  1.002	  0.069	  0.006
18	  0.240	 22.845	  1.002	  0.069	  0.006
19	  0.240	 24.080	  1.002	  0.069	  0.006
20	  0.240	 25.314	  1.002	  0.069	  0.006
21	  0.240	 26.549	  1.002	  0.069	  0.006
22	  0.240	 27.784	  1.002	  0.069	  0.006
23	  0.240	 29.018	  1.002	  0.069	  0.006
24	  0.240	 30.253	  1.002	  0.069	  0.006
25	  0.240	 31.487	  1.002	  0.069	  0.006
26	  0.240	 32.722	  1.002	  0.069	  0.006
27	  0.240	 33.956	  1.002	  0.069	  0.006
28	  0.240	 35.191	  1.002	  0.069	  0.006
29	  0.240	 36.426	  1.002	  0.069	  0.006
30	  0.240	 37.660	  1.002	  0.069	  0.006
31	  0.240	 38.895	  1.002	  0.069	  0.006
32	  0.240	 40.129	  1.002	  0.069	  0.006
33	  0.240	 41.364	  1.002	  0.069	  0.006
34	  0.240	 42.598	  1.002	  0.069	  0.006
35	  0.240	 43.833	  1.002	  0.069	  0.006
36	  0.240	 45.067	  1.002	  0.069	  0.006
37	  0.240	 46.302	  1.002	  0.069	  0.006
38	  0.240	 47.537	  1.002	  0.069	  0.006
39	  0.240	 48.771	  1.002	  0.069	  0.006
40	  0.240	 50.006	  1.002	  0.069	  0.006
41	  0.240	 51.240	  1.002	  0.069	  0.006
42	  0.240	 52.475	  1.002	  0.069	  0.006
43	  0.240	 53.709	  1.002	  0.069	  0.006
44	  0.240	 54.944	  1.002	  0.069	  0.006
45	  0.240	 56.179	  1.002	  0.069	  0.006
46	  0.240	 57.413	  1.002	  0.069	  0.006
47	  0.240	 58.648	  1.002	  0.069	  0.006
48	  0.240	 59.882	  1.002	  0.069	  0.006
49	  0.240	 61.117	  1.002	  0.069	  0.006
50	  0.240	 62.351	  1.002	  0.069	  0.006
51	  0.240	 63.586	  1.002	  0.069	  0.006
52	  0.240	 64.821	  1.002	  0.069	  0.006
53	  0.240	 66.055	  1.002	  0.069	  0.006
54	  0.240	 67.290	  1.002	  0.069	  0.006
55	  0.240	 68.524	  1.002	  0.069	  0.006
56	  0.240	 69.759	  1.002	  0.069	  0.006
57	  0.240	 70.993	  1.002	  0.069	  0.006
58	  0.240	 72.228	  1.002	  0.069	  0.006
59	  0.240	 73.463	  1.002	  0.069	  0.006
60	  0.240	 74.697	  1.002	  0.069	  0.006
61	  0.240	 75.932	  1.002	  0.069	  0.006
62	  0.240	 77.166	  1.002	  0.069	  0.006
63	  0.240	 78.401	  1.002	  0.069	  0.006
64	  0.240	 79.635	  1.002	  0.069	  0.006
65	  0.240	 80.870	  1.002	  0.069	  0.006
66	  0.240	 82.105	  1.002	  0.069	  0.006
67	  0.240	 83.339	  1.002	  0.069	  0.006
68	  0.240	 84.574	  1.002	  0.069	  0.006
69	  0.240	 85.808	  1.002	  0.069	  0.006
70	  0.240	 87.043	  1.002	  0.069	  0.006
71	  0.240	 88.277	  1.002	  0.069	  0.006
72	  0.240	 89.512	  1.002	  0.069	  0.006
73	  0.240	 90.747	  1.002	  0.069	  0.006
74	  0.240	 91.981	  1.002	  0.069	  0.006
75	  0.240	 93.216	  1.002	  0.069	  0.006
76	  0.240	 94.450	  1.002	  0.069	  0.006
77	  0.240	 95.685	  1.002	  0.069	  0.006
78	  0.240	 96.919	  1.002	  0.069	  0.006
79	  0.240	 98.154	  1.002	  0.069	  0.006
80	  0.240	 99.388	  1.002	  0.069	  0.006
0	  0.360	  0.628	  1.003	  0.095	  0.005
1	  0.360	  1.862	  1.003	  0.095	  0.005
2	  0.360	  3.097	  1.003	  0.095	  0.005
3	  0.360	  4.332	  1.003	  0.095	  0.005
4	  0.360	  5.566	  1.003	  0.095	  0.005
5	  0.360	  6.801	  1.003	  0.095	  0.005
6	  0.360	  8.035	  1.003	  0.095	  0.005
7	  0.360	  9.270	  1.003	  0.095	  0.005
8	  0.360	 10.504	  1.003	  0.095	  0.005
9	  0.360	 11.739	  1.003	  0.095	  0.005
10	  0.360	 12.973	  1.003	  0.095	  0.005
11	  0.360	 14.208	  1.003	  0.095	  0.005
12	  0.360	 15.443	  1.003	  0.095	  0.005
13	  0.360	 16.677	  1.003	  0.095	  0.005
14	  0.360	 17.912	  1.003	  0.095	  0.005
15	  0.360	 19.146	  1.003	  0.095	  0.005
16	  0.360	 20.381	  1.003	  0.095	  0.005
17	  0.360	 21.615	  1.003	  0.095	  0.005
18	  0.360	 22.850	  1.003	  0.095	  0.005
19	  0.360	 24.085	  1.003	  0.095	  0.005
20	  0.360	 25.319	  1.003	  0.095	  0.005
21	  0.360	 26.554	  1.003	  0.095	  0.005
22	  0.360	 27.788	  1.003	  0.095	  0.005
23	  0.360	 29.023	  1.003	  0.095	  0.005
24	  0.360	 30.257	  1.003	  0.095	  0.005
25	  0.360	 31.492	  1.003	  0.095	  0.005
26	  0.360	 32.727	  1.003	  0.095	  0.005
27	  0.360	 33.961	  1.003	  0.095	  0.005
28	  0.360	 35.196	  1.003	  0.095	  0.005
29	  0.360	 36.430	  1.003	  0.095	  0.005
30	  0.360	 37.665	  1.003	  0.095	  0.005
31	  0.360	 38.899	  1.003	  0.095	  0.005
32	  0.360	 40.134	  1.003	  0.095	  0.005
33	  0.360	 41.369	  1.003	  0.095	  0.005
34	  0.360	 42.603	  1.003	  0.095	  0.005
35	  0.360	 43.838	  1.003	  0.095	  0.005
36	  0.360	 45.072	  1.003	  0.095	  0.005
37	  0.360	 46.307	  1.003	  0.095	  0.005
38	  0.360	 47.541	  1.003	  0.095	  0.005
39	  0.360	 48.776	  1.003	  0.095	  0.005
40	  0.360	 50.011	  1.003	  0.095	  0.005
41	  0.360	 51.245	  1.003	  0.095	  0.005
42	  0.360	 52.480	  1.003	  0.095	  0.005
43	  0.360	 53.714	  1.003	  0.095	  0.005
44	  0.360	 54.949	  1.003	  0.095	  0.005
45	  0.360	 56.183	  1.003	  0.095	  0.005
46	  0.360	 57.418	  1.003	  0.095	  0.005
47	  0.360	 58.653	  1.003	  0.095	  0.005
48	  0.360	 59.887	  1.003	  0.095	  0.005
49	  0.360	 61.122	  1.003	  0.095	  0.005
50	  0.360	 62.356	  1.003	  0.095	  0.005
51	  0.360	 63.591	  1.003	  0.095	  0.005
52	  0.360	 64.825	  1.003	  0.095	  0.005
53	  0.360	 66.060	  1.003	  0.095	  0.005
54	  0.360	 67.294	  1.003	  0.095	  0.005
55	  0.360	 68.529	  1.003	  0.095	  0.005
56	  0.360	 69.764	  1.003	  0.095	  0.005
57	  0.360	 70.998	  1.003	  0.095	  0.005
58	  0.360	 72.233	  1.003	  0.095	  0.005
59	  0.360	 73.467	  1.003	  0.095	  0.005
60	  0.360	 74.702	  1.003	  0.095	  0.005
61	  0.360	 75.936	  1.003	  0.095	  0.005
62	  0.360	 77.171	  1.003	  0.095	  0.005
63	  0.360	 78.406	  1.003	  0.095	  0.005
64	  0.360	 79.640	  1.003	  0.095	  0.005
65	  0.360	 80.875	  1.003	  0.095	  0.005
66	  0.360	 82.109	  1.003	  0.095	  0.005
67	  0.360	 83.344	  1.003	  0.095	  0.005
68	  0.360	 84.578	  1.003	  0.095	  0.005
69	  0.360	 85.813	  1.003	  0.095	  0.005
70	  0.360	 87.048	  1.003	  0.095	  0.005
71	  0.360	 88.282	  1.003	  0.095	  0.005
72	  0.360	 89.517	  1.003	  0.095	  0.005
73	  0.360	 90.751	  1.003	  0.095	  0.005
74	  0.360	 91.986	  1.003	  0.095	  0.005
75	  0.360	 93.220	  1.003	  0.095	  0.005
76	  0.360	 94.455	  1.003	  0.095	  0.005
77	  0.360	 95.690	  1.003	  0.095	  0.005
78	  0.360	 96.924	  1.003	  0.095	  0.005
79	  0.360	 98.159	  1.003	  0.095	  0.005
80	  0.360	 99.393	  1.003	  0.095	  0.005
0	  0.480	  0.629	  1.003	  0.127	  0.004
1	  0.480	  1.864	  1.003	  0.127	  0.004
2	  0.480	  3.099	  1.003	  0.127	  0.004
3	  0.480	  4.333	  1.003	  0.127	  0.004
4	  0.480	  5.568	  1.003	  0.127	  0.004
5	  0.480	  6.802	  1.003	  0.127	  0.004
6	  0.480	  8.037	  1.003	  0.127	  0.004
7	  0.480	  9.271	  1.003	  0.127	  0.004
8	  0.480	 10.506	  1.003	  0.127	  0.004
9	  0.480	 11.741	  1.003	  0.127	  0.004
10	  0.480	 12.975	  1.003	  0.127	  0.004
11	  0.480	 14.210	  1.003	  0.127	  0.004
12	  0.480	 15.444	  1.003	  0.127	  0.004
13	  0.480	 16.679	  1.003	  0.127	  0.004
14	  0.480	 17.913	  1.003	  0.127	  0.004
15	  0.480	 19.148	  1.003	  0.127	  0.004
16	  0.480	 20.383	  1.003	  0.127	  0.004
17	  0.480	 21.617	  1.003	  0.127	  0.004
18	  0.480	 22.852	  1.003	  0.127	  0.004
19	  0.480	 24.086	  1.003	  0.127	  0.004
20	  0.480	 25.321	  1.003	  0.127	  0.004
21	  0.480	 26.555	  1.003	  0.127	  0.004
22	  0.480	 27.790	  1.003	  0.127	  0.004
23	  0.480	 29.024	  1.003	  0.127	  0.004
24	  0.480	 30.259	  1.003	  0.127	  0.004
25	  0.480	 31.494	  1.003	  0.127	  0.004
26	  0.480	 32.728	  1.003	  0.127	  0.004
27	  0.480	 33.963	  1.003	  0.127	  0.004
28	  0.480	 35.197	  1.003	  0.127	  0.004
29	  0.480	 36.432	  1.003	  0.127	  0.004
30	  0.480	 37.666	  1.003	  0.127	  0.004
31	  0.480	 38.901	  1.003	  0.127	  0.004
32	  0.480	 40.136	  1.003	  0.127	  0.004
33	  0.480	 41.370	  1.003	  0.127	  0.004
34	  0.480	 42.605	  1.003	  0.127	  0.004
35	  0.480	 43.839	  1.003	  0.127	  0.004
36	  0.480	 45.074	  1.003	  0.127	  0.004
37	  0.480	 46.308	  1.003	  0.127	  0.004
38	  0.480	 47.543	  1.003	  0.127	  0.004
39	  0.480	 48.778	  1.003	  0.127	  0.004
40	  0.480	 50.012	  1.003	  0.127	  0.004
41	  0.480	 51.247	  1.003	  0.127	  0.004
42	  0.480	 52.481	  1.003	  0.127	  0.004
43	  0.480	 53.716	  1.003	  0.127	  0.004
44	  0.480	 54.950	  1.003	  0.127	  0.004
45	  0.480	 56.185	  1.003	  0.127	  0.004
46	  0.480	 57.420	  1.003	  0.127	  0.004
47	  0.480	 58.654	  1.003	  0.127	  0.004
48	  0.480	 59.889	  1.003	  0.127	  0.004
49	  0.480	 61.123	  1.003	  0.127	  0.004
50	  0.480	 62.358	  1.003	  0.127	  0.004
51	  0.480	 63.592	  1.003	  0.127	  0.004
52	  0.480	 64.827	  1.003	  0.127	  0.004
53	  0.480	 66.062	  1.003	  0.127	  0.004
54	  0.480	 67.296	  1.003	  0.127	  0.004
55	  0.480	 68.531	  1.003	  0.127	  0.004
56	  0.480	 69.765	  1.003	  0.127	  0.004
57	  0.480	 71.000	  1.003	  0.127	  0.004
58	  0.480	 72.234	  1.003	  0.127	  0.004
59	  0.480	 73.469	  1.003	  0.127	  0.004
60	  0.480	 74.703	  1.003	  0.127	  0.004
61	  0.480	 75.938	  1.003	  0.127	  0.004
62	  0.480	 77.173	  1.003	  0.127	  0.004
63	  0.480	 78.407	  1.003	  0.127	  0.004
64	  0.480	 79.642	  1.003	  0.127	  0.004
65	  0.480	 80.876	  1.003	  0.127	  0.004
66	  0.480	 82.111	  1.003	  0.127	  0.004
67	  0.480	 83.345	  1.003	  0.127	  0.004
68	  0.480	 84.580	  1.003	  0.127	  0.004
69	  0.480	 85.815	  1.003	  0.127	  0.004
70	  0.480	 87.049	  1.003	  0.127	  0.004
71	  0.480	 88.284	  1.003	  0.127	  0.004
72	  0.480	 89.518	  1.003	  0.127	  0.004
73	  0.480	 90.753	  1.003	  0.127	  0.004
74	  0.480	 91.987	  1.003	  0.127	  0.004
75	  0.480	 93.222	  1.003	  0.127	  0.004
76	  0.480	 94.457	  1.003	  0.127	  0.004
77	  0.480	 95.691	  1.003	  0.127	  0.004
78	  0.480	 96.926	  1.003	  0.127	  0.004
79	  0.480	 98.160	  1.003	  0.127	  0.004
80	  0.480	 99.395	  1.003	  0.127	  0.004
0	  0.600	  0.635	  1.004	  0.153	  0.003
1	  0.600	  1.869	  1.004	  0.153	  0.003
2	  0.600	  3.104	  1.004	  0.153	  0.003
3	  0.600	  4.338	  1.004	  0.153	  0.003
4	  0.600	  5.573	  1.004	  0.153	  0.003
5	  0.600	  6.807	  1.004	  0.153	  0.003
6	  0.600	  8.042	  1.004	  0.153	  0.003
7	  0.600	  9.276	  1.004	  0.153	  0.003
8	  0.600	 10.511	  1.004	  0.153	  0.003
9	  0.600	 11.746	  1.004	  0.153	  0.003
10	  0.600	 12.980	  1.004	  0.153	  0.003
11	  0.600	 14.215	  1.004	  0.153	  0.003
12	  0.600	 15.449	  1.004	  0.153	  0.003
13	  0.600	 16.684	  1.004	  0.153	  0.003
14	  0.600	 17.918	  1.004	  0.153	  0.003
15	  0.600	 19.153	  1.004	  0.153	  0.003
16	  0.600	 20.388	  1.004	  0.153	  0.003
17	  0.600	 21.622	  1.004	  0.153	  0.003
18	  0.600	 22.857	  1.004	  0.153	  0.003
19	  0.600	 24.091	  1.004	  0.153	  0.003
20	  0.600	 25.326	  1.004	  0.153	  0.003
21	  0.600	 26.560	  1.004	  0.153	  0.003
22	  0.600	 27.795	  1.004	  0.153	  0.003
23	  0.600	 29.030	  1.004	  0.153	  0.003
24	  0.600	 30.264	  1.004	  0.153	  0.003
25	  0.600	 31.499	  1.004	  0.153	  0.003
26	  0.600	 32.733	  1.004	  0.153	  0.003
27	  0.600	 33.968	  1.004	  0.153	  0.003
28	  0.600	 35.202	  1.004	  0.153	  0.003
29	  0.600	 36.437	  1.004	  0.153	  0.003
30	  0.600	 37.672	  1.004	  0.153	  0.003
31	  0.600	 38.906	  1.004	  0.153	  0.003
32	  0.600	 40.141	  1.004	  0.153	  0.003
33	  0.600	 41.375	  1.004	  0.153	  0.003
34	  0.600	 42.610	  1.004	  0.153	  0.003
35	  0.600	 43.844	  1.004	  0.153	  0.003
36	  0.600	 45.079	  1.004	  0.153	  0.003
37	  0.600	 46.314	  1.004	  0.153	  0.003
38	  0.600	 47.548	  1.004	  0.153	  0.003
39	  0.600	 48.783	  1.004	  0.153	  0.003
40	  0.600	 50.017	  1.004	  0.153	  0.003
41	  0.600	 51.252	  1.004	  0.153	  0.003
42	  0.600	 52.486	  1.004	  0.153	  0.003
43	  0.600	 53.721	  1.004	  0.153	  0.003
44	  0.600	 54.955	  1.004	  0.153	  0.003
45	  0.600	 56.190	  1.004	  0.153	  0.003
46	  0.600	 57.425	  1.004	  0.153	  0.003
47	  0.600	 58.659	  1.004	  0.153	  0.003
48	  0.600	 59.894	  1.004	  0.153	  0.003
49	  0.600	 61.128	  1.004	  0.153	  0.003
50	  0.600	 62.363	  1.004	  0.153	  0.003
51	  0.600	 63.597	  1.004	  0.153	  0.003
52	  0.600	 64.832	  1.004	  0.153	  0.003
53	  0.600	 66.067	  1.004	  0.153	  0.003
54	  0.600	 67.301	  1.004	  0.153	  0.003
55	  0.600	 68.536	  1.004	  0.153	  0.003
56	  0.600	 69.770	  1.004	  0.153	  0.003
57	  0.600	 71.005	  1.004	  0.153	  0.003
58	  0.600	 72.239	  1.004	  0.153	  0.003
59	  0.600	 73.474	  1.004	  0.153	  0.003
60	  0.600	 74.709	  1.004	  0.153	  0.003
61	  0.600	 75.943	  1.004	  0.153	  0.003
62	  0.600	 77.178	  1.004	  0.153	  0.003
63	  0.600	 78.412	  1.004	  0.153	  0.003
64	  0.600	 79.647	  1.004	  0.153	  0.003
65	  0.600	 80.881	  1.004	  0.153	  0.003
66	  0.600	 82.116	  1.004	  0.153	  0.003
67	  0.600	 83.351	  1.004	  0.153	  0.003
68	  0.600	 84.585	  1.004	  0.153	  0.003
69	  0.600	 85.820	  1.004	  0.153	  0.003
70	  0.600	 87.054	  1.004	  0.153	  0.003
71	  0.600	 88.289	  1.004	  0.153	  0.003
72	  0.600	 89.523	  1.004	  0.153	  0.003
73	  0.600	 90.758	  1.004	  0.153	  0.003
74	  0.600	 91.993	  1.004	  0.153	  0.003
75	  0.600	 93.227	  1.004	  0.153	  0.003
76	  0.600	 94.462	  1.004	  0.153	  0.003
77	  0.600	 95.696	  1.004	  0.153	  0.003
78	  0.600	 96.931	  1.004	  0.153	  0.003
79	  0.600	 98.165	  1.004	  0.153	  0.003
80	  0.600	 99.400	  1.004	  0.153	  0.003
0	  0.720	  0.637	  1.004	  0.184	  0.002
1	  0.720	  1.871	  1.004	  0.184	  0.002
2	  0.720	  3.106	  1.004	  0.184	  0.002
3	  0.720	  4.340	  1.004	  0.184	  0.002
4	  0.720	  5.575	  1.004	  0.184	  0.002
5	  0.720	  6.809	  1.004	  0.184	  0.002
6	  0.720	  8.044	  1.004	  0.184	  0.002
7	  0.720	  9.279	  1.004	  0.184	  0.002
8	  0.720	 10.513	  1.004	  0.184	  0.002
9	  0.720	 11.748	  1.004	  0.184	  0.002
10	  0.720	 12.982	  1.004	  0.184	  0.002
11	  0.720	 14.217	  1.004	  0.184	  0.002
12	  0.720	 15.451	  1.004	  0.184	  0.002
13	  0.720	 16.686	  1.004	  0.184	  0.002
14	  0.720	 17.921	  1.004	  0.184	  0.002
15	  0.720	 19.155	  1.004	  0.184	  0.002
16	  0.720	 20.390	  1.004	  0.184	  0.002
17	  0.720	 21.624	  1.004	  0.184	  0.002
18	  0.720	 22.859	  1.004	  0.184	  0.002
19	  0.720	 24.093	  1.004	  0.184	  0.002
20	  0.720	 25.328	  1.004	  0.184	  0.002
21	  0.720	 26.563	  1.004	  0.184	  0.002
22	  0.720	 27.797	  1.004	  0.184	  0.002
23	  0.720	 29.032	  1.004	  0.184	  0.002
24	  0.720	 30.266	  1.004	  0.184	  0.002
25	  0.720	 31.501	  1.004	  0.184	  0.002
26	  0.720	 32.735	  1.004	  0.184	  0.002
27	  0.720	 33.970	  1.004	  0.184	  0.002
28	  0.720	 35.205	  1.004	  0.184	  0.002
29	  0.720	 36.439	  1.004	  0.184	  0.002
30	  0.720	 37.674	  1.004	  0.184	  0.002
31	  0.720	 38.908	  1.004	  0.184	  0.002
32	  0.720	 40.143	  1.004	  0.184	  0.002
33	  0.720	 41.377	  1.004	  0.184	  0.002
34	  0.720	 42.612	  1.004	  0.184	  0.002
35	  0.720	 43.846	  1.004	  0.184	  0.002
36	  0.720	 45.081	  1.004	  0.184	  0.002
37	  0.720	 46.316	  1.004	  0.184	  0.002
38	  0.720	 47.550	  1.004	  0.184	  0.002
39	  0.720	 48.785	  1.004	  0.184	  0.002
40	  0.720	 50.019	  1.004	  0.184	  0.002
41	  0.720	 51.254	  1.004	  0.184	  0.002
42	  0.720	 52.488	  1.004	  0.184	  0.002
43	  0.720	 53.723	  1.004	  0.184	  0.002
44	  0.720	 54.958	  1.004	  0.184	  0.002
45	  0.720	 56.192	  1.004	  0.184	  0.002
46	  0.720	 57.427	  1.004	  0.184	  0.002
47	  0.720	 58.661	  1.004	  0.184	  0.002
48	  0.720	 59.896	  1.004	  0.184	  0.002
49	  0.720	 61.130	  1.004	  0.184	  0.002
50	  0.720	 62.365	  1.004	  0.184	  0.002
51	  0.720	 63.600	  1.004	  0.184	  0.002
52	  0.720	 64.834	  1.004	  0.184	  0.002
53	  0.720	 66.069	  1.004	  0.184	  0.002
54	  0.720	 67.303	  1.004	  0.184	  0.002
55	  0.720	 68.538	  1.004	  0.184	  0.002
56	  0.720	 69.772	  1.004	  0.184	  0.002
57	  0.720	 71.007	  1.004	  0.184	  0.002
58	  0.720	 72.242	  1.004	  0.184	  0.002
59	  0.720	 73.476	  1.004	  0.184	  0.002
60	  0.720	 74.711	  1.004	  0.184	  0.002
61	  0.720	 75.945	  1.004	  0.184	  0.002
62	  0.720	 77.180	  1.004	  0.184	  0.002
63	  0.720	 78.414	  1.004	  0.184	  0.002
64	  0.720	 79.649	  1.004	  0.184	  0.002
65	  0.720	 80.884	  1.004	  0.184	  0.002
66	  0.720	 82.118	  1.004	  0.184	  0.002
67	  0.720	 83.353	  1.004	  0.184	  0.002
68	  0.720	 84.587	  1.004	  0.184	  0.002
69	  0.720	 85.822	  1.004	  0.184	  0.002
70	  0.720	 87.056	  1.004	  0.184	  0.002
71	  0.720	 88.291	  1.004	  0.184	  0.002
72	  0.720	 89.526	  1.004	  0.184	  0.002
73	  0.720	 90.760	  1.004	  0.184	  0.002
74	  0.720	 91.995	  1.004	  0.184	  0.002
75	  0.720	 93.229	  1.004	  0.184	  0.002
76	  0.720	 94.464	  1.004	  0.184	  0.002
77	  0.720	 95.698	  1.004	  0.184	  0.002
78	  0.720	 96.933	  1.004	  0.184	  0.002
79	  0.720	 98.167	  1.004	  0.184	  0.002
80	  0.720	 99.402	  1.004	  0.184	  0.002
0	  0.840	  0.642	  1.004	 -0.115	  0.002
1	  0.840	  1.877	  1.004	 -0.117	  0.002
2	  0.840	  3.111	  1.004	 -0.115	  0.002
3	  0.840	  4.346	  1.004	 -0.117	  0.002
4	  0.840	  5.580	  1.004	 -0.115	  0.002
5	  0.840	  6.815	  1.004	 -0.117	  0.002
6	  0.840	  8.050	  1.004	 -0.116	  0.002
7	  0.840	  9.284	  1.004	 -0.116	  0.002
8	  0.840	 10.519	  1.004	 -0.116	  0.002
9	  0.840	 11.753	  1.004	 -0.116	  0.002
10	  0.840	 12.988	  1.004	 -0.117	  0.002
11	  0.840	 14.222	  1.004	 -0.115	  0.002
12	  0.840	 15.457	  1.004	 -0.117	  0.002
13	  0.840	 16.691	  1.004	 -0.116	  0.002
14	  0.840	 17.926	  1.004	 -0.117	  0.002
15	  0.840	 19.161	  1.004	 -0.116	  0.002
16	  0.840	 20.395	  1.004	 -0.117	  0.002
17	  0.840	 21.630	  1.004	 -0.115	  0.002
18	  0.840	 22.864	  1.004	 -0.117	  0.002
19	  0.840	 24.099	  1.004	 -0.115	  0.002
20	  0.840	 25.333	  1.004	 -0.117	  0.002
21	  0.840	 26.568	  1.004	 -0.115	  0.002
22	  0.840	 27.803	  1.004	 -0.117	  0.002
23	  0.840	 29.037	  1.004	 -0.116	  0.002
24	  0.840	 30.272	  1.004	 -0.116	  0.002
25	  0.840	 31.506	  1.004	 -0.117	  0.002
26	  0.840	 32.741	  1.004	 -0.115	  0.002
27	  0.840	 33.975	  1.004	 -0.117	  0.002
28	  0.840	 35.210	  1.004	 -0.115	  0.002
29	  0.840	 36.444	  1.004	 -0.117	  0.002
30	  0.840	 37.679	  1.004	 -0.115	  0.002
31	  0.840	 38.914	  1.004	 -0.117	  0.002
32	  0.840	 40.148	  1.004	 -0.115	  0.002
33	  0.840	 41.383	  1.004	 -0.117	  0.002
34	  0.840	 42.617	  1.004	 -0.115	  0.002
35	  0.840	 43.852	  1.004	 -0.117	  0.002
36	  0.840	 45.087	  1.004	 -0.115	  0.002
37	  0.840	 46.321	  1.004	 -0.117	  0.002
38	  0.840	 47.556	  1.004	 -0.115	  0.002
39	  0.840	 48.790	  1.004	 -0.117	  0.002
40	  0.840	 50.025	  1.004	 -0.116	  0.002
41	  0.840	 51.259	  1.004	 -0.116	  0.002
42	  0.840	 52.494	  1.004	 -0.117	  0.002
43	  0.840	 53.729	  1.004	 -0.115	  0.002
44	  0.840	 54.963	  1.004	 -0.117	  0.002
45	  0.840	 56.198	  1.004	 -0.115	  0.002
46	  0.840	 57.432	  1.004	 -0.117	  0.002
47	  0.840	 58.667	  1.004	 -0.115	  0.002
48	  0.840	 59.901	  1.004	 -0.117	  0.002
49	  0.840	 61.136	  1.004	 -0.115	  0.002
50	  0.840	 62.370	  1.004	 -0.117	  0.002
51	  0.840	 63.605	  1.004	 -0.115	  0.002
52	  0.840	 64.840	  1.004	 -0.117	  0.002
53	  0.840	 66.074	  1.004	 -0.115	  0.002
54	  0.840	 67.309	  1.004	 -0.117	  0.002
55	  0.840	 68.543	  1.004	 -0.115	  0.002
56	  0.840	 69.778	  1.004	 -0.117	  0.002
57	  0.840	 71.012	  1.004	 -0.116	  0.002
58	  0.840	 72.247	  1.004	 -0.116	  0.002
59	  0.840	 73.482	  1.004	 -0.116	  0.002
60	  0.840	 74.716	  1.004	 -0.116	  0.002
61	  0.840	 75.951	  1.004	 -0.117	  0.002
62	  0.840	 77.185	  1.004	 -0.116	  0.002
63	  0.840	 78.420	  1.004	 -0.117	  0.002
64	  0.840	 79.654	  1.004	 -0.116	  0.002
65	  0.840	 80.889	  1.004	 -0.117	  0.002
66	  0.840	 82.124	  1.004	 -0.116	  0.002
67	  0.840	 83.358	  1.004	 -0.117	  0.002
68	  0.840	 84.593	  1.004	 -0.115	  0.002
69	  0.840	 85.827	  1.004	 -0.117	  0.002
70	  0.840	 87.062	  1.004	 -0.115	  0.002
71	  0.840	 88.296	  1.004	 -0.117	  0.002
72	  0.840	 89.531	  1.004	 -0.115	  0.002
73	  0.840	 90.766	  1.004	 -0.116	  0.002
74	  0.840	 92.000	  1.004	 -0.116	  0.002
75	  0.840	 93.235	  1.004	 -0.115	  0.002
76	  0.840	 94.469	  1.004	 -0.117	  0.002
77	  0.840	 95.704	  1.004	 -0.115	  0.002
78	  0.840	 96.938	  1.004	 -0.117	  0.002
79	  0.840	 98.173	  1.004	 -0.115	  0.002
80	  0.840	 99.407	  1.004	 -0.117	  0.002
0	  0.960	  0.645	  1.004	 -0.080	  0.001
1	  0.960	  1.879	  1.004	 -0.093	  0.001
2	  0.960	  3.114	  1.004	 -0.078	  0.001
3	  0.960	  4.348	  1.004	 -0.095	  0.001
4	  0.960	  5.583	  1.004	 -0.078	  0.001
5	  0.960	  6.817	  1.004	 -0.093	  0.001
6	  0.960	  8.052	  1.004	 -0.081	  0.001
7	  0.960	  9.287	  1.004	 -0.088	  0.001
8	  0.960	 10.521	  1.004	 -0.088	  0.001
9	  0.960	 11.756	  1.004	 -0.081	  0.001
10	  0.960	 12.990	  1.004	 -0.092	  0.001
11	  0.960	 14.225	  1.004	 -0.080	  0.001
12	  0.960	 15.459	  1.004	 -0.092	  0.001
13	  0.960	 16.694	  1.004	 -0.081	  0.001
14	  0.960	 17.928	  1.004	 -0.090	  0.001
15	  0.960	 19.163	  1.004	 -0.082	  0.001
16	  0.960	 20.398	  1.004	 -0.090	  0.001
17	  0.960	 21.633	  1.004	 -0.081	  0.001
18	  0.960	 22.867	  1.004	 -0.093	  0.001
19	  0.960	 24.102	  1.004	 -0.078	  0.001
20	  0.960	 25.336	  1.004	 -0.094	  0.001
21	  0.960	 26.571	  1.004	 -0.078	  0.001
22	  0.960	 27.805	  1.004	 -0.092	  0.001
23	  0.960	 29.040	  1.004	 -0.082	  0.001
24	  0.960	 30.274	  1.004	 -0.087	  0.001
25	  0.960	 31.509	  1.004	 -0.089	  0.001
26	  0.960	 32.744	  1.004	 -0.080	  0.001
27	  0.960	 33.978	  1.004	 -0.094	  0.001
28	  0.960	 35.213	  1.004	 -0.078	  0.001
29	  0.960	 36.447	  1.004	 -0.094	  0.001
30	  0.960	 37.682	  1.004	 -0.079	  0.001
31	  0.960	 38.916	  1.004	 -0.093	  0.001
32	  0.960	 40.151	  1.004	 -0.079	  0.001
33	  0.960	 41.385	  1.004	 -0.093	  0.001
34	  0.960	 42.620	  1.004	 -0.078	  0.001
35	  0.960	 43.854	  1.004	 -0.095	  0.001
36	  0.960	 45.090	  1.004	 -0.077	  0.001
37	  0.960	 46.323	  1.004	 -0.094	  0.001
38	  0.960	 47.559	  1.004	 -0.078	  0.001
39	  0.960	 48.793	  1.004	 -0.092	  0.001
40	  0.960	 50.028	  1.004	 -0.082	  0.001
41	  0.960	 51.262	  1.004	 -0.087	  0.001
42	  0.960	 52.496	  1.004	 -0.089	  0.001
43	  0.960	 53.731	  1.004	 -0.080	  0.001
44	  0.960	 54.965	  1.004	 -0.093	  0.001
45	  0.960	 56.201	  1.004	 -0.078	  0.001
46	  0.960	 57.434	  1.004	 -0.094	  0.001
47	  0.960	 58.670	  1.004	 -0.079	  0.001
48	  0.960	 59.904	  1.004	 -0.093	  0.001
49	  0.960	 61.139	  1.004	 -0.079	  0.001
50	  0.960	 62.373	  1.004	 -0.093	  0.001
51	  0.960	 63.608	  1.004	 -0.078	  0.001
52	  0.960	 64.842	  1.004	 -0.095	  0.001
53	  0.960	 66.077	  1.004	 -0.077	  0.001
54	  0.960	 67.311	  1.004	 -0.094	  0.001
55	  0.960	 68.546	  1.004	 -0.078	  0.001
56	  0.960	 69.780	  1.004	 -0.092	  0.001
57	  0.960	 71.015	  1.004	 -0.082	  0.001
58	  0.960	 72.250	  1.004	 -0.087	  0.001
59	  0.960	 73.484	  1.004	 -0.088	  0.001
60	  0.960	 74.719	  1.004	 -0.081	  0.001
61	  0.960	 75.953	  1.004	 -0.091	  0.001
62	  0.960	 77.188	  1.004	 -0.082	  0.001
63	  0.960	 78.422	  1.004	 -0.089	  0.001
64	  0.960	 79.657	  1.004	 -0.083	  0.001
65	  0.960	 80.891	  1.004	 -0.089	  0.001
66	  0.960	 82.126	  1.004	 -0.081	  0.001
67	  0.960	 83.360	  1.004	 -0.092	  0.001
68	  0.960	 84.596	  1.004	 -0.079	  0.001
69	  0.960	 85.829	  1.004	 -0.094	  0.001
70	  0.960	 87.065	  1.004	 -0.078	  0.001
71	  0.960	 88.299	  1.004	 -0.093	  0.001
72	  0.960	 89.534	  1.004	 -0.080	  0.001
73	  0.960	 90.768	  1.004	 -0.089	  0.001
74	  0.960	 92.003	  1.004	 -0.087	  0.001
75	  0.960	 93.238	  1.004	 -0.081	  0.001
76	  0.960	 94.471	  1.004	 -0.094	  0.001
77	  0.960	 95.707	  1.004	 -0.077	  0.001
78	  0.960	 96.941	  1.004	 -0.094	  0.001
79	  0.960	 98.176	  1.004	 -0.079	  0.001
80	  0.960	 99.410	  1.004	 -0.092	  0.001
0	  1.080	  0.650	  1.004	 -0.009	  0.001
1	  1.080	  1.882	  1.004	 -0.116	  0.001
2	  1.080	  3.120	  1.004	  0.004	  0.001
3	  1.080	  4.351	  1.004	 -0.125	  0.001
4	  1.080	  5.589	  1.004	  0.004	  0.001
5	  1.080	  6.820	  1.004	 -0.113	  0.001
6	  1.080	  8.057	  1.004	 -0.023	  0.001
7	  1.080	  9.289	  1.004	 -0.072	  0.001
8	  1.080	 10.523	  1.004	 -0.067	  0.001
9	  1.080	 11.760	  1.004	 -0.022	  0.001
10	  1.080	 12.994	  1.004	 -0.103	  0.001
11	  1.080	 14.230	  1.004	 -0.011	  0.001
12	  1.080	 15.463	  1.004	 -0.104	  0.001
13	  1.080	 16.699	  1.004	 -0.021	  0.001
14	  1.080	 17.933	  1.004	 -0.090	  0.001
15	  1.080	 19.167	  1.004	 -0.032	  0.001
16	  1.080	 20.402	  1.004	 -0.090	  0.001
17	  1.080	 21.637	  1.004	 -0.019	  0.001
18	  1.080	 22.870	  1.004	 -0.110	  0.001
19	  1.080	 24.108	  1.004	  0.000	  0.001
20	  1.080	 25.338	  1.004	 -0.121	  0.001
21	  1.080	 26.577	  1.004	 -0.002	  0.001
22	  1.080	 27.808	  1.004	 -0.106	  0.001
23	  1.080	 29.044	  1.004	 -0.031	  0.001
24	  1.080	 30.277	  1.004	 -0.063	  0.001
25	  1.080	 31.510	  1.004	 -0.078	  0.001
26	  1.080	 32.749	  1.004	 -0.009	  0.001
27	  1.080	 33.981	  1.004	 -0.118	  0.001
28	  1.080	 35.219	  1.004	  0.005	  0.001
29	  1.080	 36.450	  1.004	 -0.121	  0.001
30	  1.080	 37.688	  1.004	 -0.003	  0.001
31	  1.080	 38.919	  1.004	 -0.112	  0.001
32	  1.080	 40.156	  1.004	 -0.006	  0.001
33	  1.080	 41.388	  1.004	 -0.117	  0.001
34	  1.080	 42.626	  1.004	  0.005	  0.001
35	  1.080	 43.857	  1.004	 -0.128	  0.001
36	  1.080	 45.096	  1.004	  0.010	  0.001
37	  1.080	 46.326	  1.004	 -0.125	  0.001
38	  1.080	 47.564	  1.004	 -0.002	  0.001
39	  1.080	 48.796	  1.004	 -0.105	  0.001
40	  1.080	 50.032	  1.004	 -0.032	  0.001
41	  1.080	 51.264	  1.004	 -0.063	  0.001
42	  1.080	 52.498	  1.004	 -0.076	  0.001
43	  1.080	 53.736	  1.004	 -0.012	  0.001
44	  1.080	 54.968	  1.004	 -0.114	  0.001
45	  1.080	 56.206	  1.004	  0.001	  0.001
46	  1.080	 57.437	  1.004	 -0.118	  0.001
47	  1.080	 58.675	  1.004	 -0.005	  0.001
48	  1.080	 59.907	  1.004	 -0.111	  0.001
49	  1.080	 61.144	  1.004	 -0.007	  0.001
50	  1.080	 62.376	  1.004	 -0.117	  0.001
51	  1.080	 63.614	  1.004	  0.005	  0.001
52	  1.080	 64.844	  1.004	 -0.128	  0.001
53	  1.080	 66.083	  1.004	  0.010	  0.001
54	  1.080	 67.314	  1.004	 -0.125	  0.001
55	  1.080	 68.552	  1.004	 -0.002	  0.001
56	  1.080	 69.784	  1.004	 -0.105	  0.001
57	  1.080	 71.019	  1.004	 -0.032	  0.001
58	  1.080	 72.252	  1.004	 -0.064	  0.001
59	  1.080	 73.486	  1.004	 -0.071	  0.001
60	  1.080	 74.723	  1.004	 -0.023	  0.001
61	  1.080	 75.957	  1.004	 -0.096	  0.001
62	  1.080	 77.192	  1.004	 -0.026	  0.001
63	  1.080	 78.427	  1.004	 -0.086	  0.001
64	  1.080	 79.661	  1.004	 -0.036	  0.001
65	  1.080	 80.896	  1.004	 -0.085	  0.001
66	  1.080	 82.131	  1.004	 -0.025	  0.001
67	  1.080	 83.364	  1.004	 -0.103	  0.001
68	  1.080	 84.601	  1.004	 -0.006	  0.001
69	  1.080	 85.833	  1.004	 -0.117	  0.001
70	  1.080	 87.070	  1.004	 -0.001	  0.001
71	  1.080	 88.302	  1.004	 -0.113	  0.001
72	  1.080	 89.539	  1.004	 -0.019	  0.001
73	  1.080	 90.770	  1.004	 -0.078	  0.001
74	  1.080	 92.005	  1.004	 -0.063	  0.001
75	  1.080	 93.242	  1.004	 -0.019	  0.001
76	  1.080	 94.474	  1.004	 -0.115	  0.001
77	  1.080	 95.713	  1.004	  0.007	  0.001
78	  1.080	 96.943	  1.004	 -0.122	  0.001
79	  1.080	 98.181	  1.004	 -0.006	  0.001
80	  1.080	 99.413	  1.004	 -0.108	  0.001
0	  1.200	  0.654	  1.005	  0.130	  0.001
1	  1.200	  1.882	  1.005	  0.129	  0.001
2	  1.200	  3.123	  1.005	  0.133	  0.001
3	  1.200	  4.353	  1.005	  0.128	  0.001
4	  1.200	  5.592	  1.005	  0.129	  0.001
5	  1.200	  6.822	  1.005	  0.148	  0.001
6	  1.200	  8.062	  1.005	  0.099	  0.001
7	  1.200	  9.293	  1.005	 -0.111	  0.001
8	  1.200	 10.526	  1.005	 -0.071	  0.001
9	  1.200	 11.765	  1.005	  0.083	  0.001
10	  1.200	 12.997	  1.005	  0.182	  0.001
11	  1.200	 14.233	  1.005	  0.094	  0.001
12	  1.200	 15.466	  1.005	  0.173	  0.001
13	  1.200	 16.705	  1.005	  0.062	  0.001
14	  1.200	 17.937	  1.005	 -0.103	  0.001
15	  1.200	 19.171	  1.005	  0.013	  0.001
16	  1.200	 20.405	  1.005	 -0.100	  0.001
17	  1.200	 21.642	  1.005	  0.097	  0.001
18	  1.200	 22.872	  1.005	  0.163	  0.001
19	  1.200	 24.109	  1.005	  0.104	  0.001
20	  1.200	 25.341	  1.005	  0.121	  0.001
21	  1.200	 26.583	  1.005	  0.156	  0.001
22	  1.200	 27.811	  1.005	  0.163	  0.001
23	  1.200	 29.049	  1.005	  0.031	  0.001
24	  1.200	 30.282	  1.005	 -0.029	  0.001
25	  1.200	 31.513	  1.005	  0.177	  0.001
26	  1.200	 32.754	  1.005	  0.156	  0.001
27	  1.200	 33.980	  1.005	  0.114	  0.001
28	  1.200	 35.222	  1.005	  0.138	  0.001
29	  1.200	 36.452	  1.005	  0.116	  0.001
30	  1.200	 37.694	  1.005	  0.163	  0.001
31	  1.200	 38.919	  1.005	  0.113	  0.001
32	  1.200	 40.162	  1.005	  0.153	  0.001
33	  1.200	 41.388	  1.005	  0.115	  0.001
34	  1.200	 42.630	  1.005	  0.147	  0.001
35	  1.200	 43.858	  1.005	  0.109	  0.001
36	  1.200	 45.097	  1.005	  0.161	  0.001
37	  1.200	 46.327	  1.005	  0.097	  0.001
38	  1.200	 47.570	  1.005	  0.160	  0.001
39	  1.200	 48.799	  1.005	  0.168	  0.001
40	  1.200	 50.036	  1.005	  0.027	  0.001
41	  1.200	 51.269	  1.005	 -0.032	  0.001
42	  1.200	 52.501	  1.005	 -0.125	  0.001
43	  1.200	 53.740	  1.005	  0.129	  0.001
44	  1.200	 54.970	  1.005	  0.148	  0.001
45	  1.200	 56.208	  1.005	  0.120	  0.001
46	  1.200	 57.437	  1.005	  0.122	  0.001
47	  1.200	 58.681	  1.005	  0.159	  0.001
48	  1.200	 59.907	  1.005	  0.121	  0.001
49	  1.200	 61.149	  1.005	  0.150	  0.001
50	  1.200	 62.375	  1.005	  0.116	  0.001
51	  1.200	 63.617	  1.005	  0.147	  0.001
52	  1.200	 64.845	  1.005	  0.108	  0.001
53	  1.200	 66.085	  1.005	  0.162	  0.001
54	  1.200	 67.314	  1.005	  0.096	  0.001
55	  1.200	 68.558	  1.005	  0.159	  0.001
56	  1.200	 69.787	  1.005	  0.170	  0.001
57	  1.200	 71.024	  1.005	  0.029	  0.001
58	  1.200	 72.256	  1.005	 -0.045	  0.001
59	  1.200	 73.491	  1.005	 -0.099	  0.001
60	  1.200	 74.728	  1.005	  0.091	  0.001
61	  1.200	 75.959	  1.005	 -0.135	  0.001
62	  1.200	 77.198	  1.005	  0.040	  0.001
63	  1.200	 78.429	  1.005	 -0.065	  0.001
64	  1.200	 79.663	  1.005	 -0.017	  0.001
65	  1.200	 80.898	  1.005	 -0.058	  0.001
66	  1.200	 82.136	  1.005	  0.047	  0.001
67	  1.200	 83.367	  1.005	  0.176	  0.001
68	  1.200	 84.606	  1.005	  0.126	  0.001
69	  1.200	 85.834	  1.005	  0.108	  0.001
70	  1.200	 87.077	  1.005	  0.167	  0.001
71	  1.200	 88.302	  1.005	  0.125	  0.001
72	  1.200	 89.541	  1.005	  0.109	  0.001
73	  1.200	 90.773	  1.005	 -0.130	  0.001
74	  1.200	 92.009	  1.005	 -0.050	  0.001
75	  1.200	 93.248	  1.005	  0.113	  0.001
76	  1.200	 94.475	  1.005	  0.126	  0.001
77	  1.200	 95.716	  1.005	  0.144	  0.001
78	  1.200	 96.945	  1.005	  0.114	  0.001
79	  1.200	 98.186	  1.005	  0.144	  0.001
80	  1.200	 99.415	  1.005	  0.142	  0.001
0	  1.320	  0.660	  1.005	 -0.044	  0.001
1	  1.320	  1.886	  1.005	 -0.008	  0.001
2	  1.320	  3.126	  1.005	 -0.036	  0.001
3	  1.320	  4.356	  1.005	  0.061	  0.001
4	  1.320	  5.596	  1.005	 -0.071	  0.001
5	  1.320	  6.823	  1.005	  0.039	  0.001
6	  1.320	  8.068	  1.005	 -0.060	  0.001
7	  1.320	  9.297	  1.005	 -0.135	  0.001
8	  1.320	 10.531	  1.005	 -0.099	  0.001
9	  1.320	 11.769	  1.005	  0.184	  0.001
10	  1.320	 13.001	  1.005	  0.175	  0.001
11	  1.320	 14.236	  1.005	  0.152	  0.001
12	  1.320	 15.470	  1.005	  0.140	  0.001
13	  1.320	 16.709	  1.005	  0.183	  0.001
14	  1.320	 17.941	  1.005	 -0.120	  0.001
15	  1.320	 19.176	  1.005	  0.041	  0.001
16	  1.320	 20.407	  1.005	 -0.128	  0.001
17	  1.320	 21.649	  1.005	 -0.081	  0.001
18	  1.320	 22.876	  1.005	  0.073	  0.001
19	  1.320	 24.115	  1.005	 -0.115	  0.001
20	  1.320	 25.345	  1.005	  0.018	  0.001
21	  1.320	 26.588	  1.005	  0.037	  0.001
22	  1.320	 27.813	  1.005	  0.051	  0.001
23	  1.320	 29.053	  1.005	  0.123	  0.001
24	  1.320	 30.287	  1.005	  0.026	  0.001
25	  1.320	 31.515	  1.005	  0.085	  0.001
26	  1.320	 32.759	  1.005	  0.034	  0.001
27	  1.320	 33.983	  1.005	 -0.063	  0.001
28	  1.320	 35.227	  1.005	  0.004	  0.001
29	  1.320	 36.454	  1.005	 -0.027	  0.001
30	  1.320	 37.701	  1.005	  0.085	  0.001
31	  1.320	 38.921	  1.005	 -0.093	  0.001
32	  1.320	 40.168	  1.005	  0.059	  0.001
33	  1.320	 41.390	  1.005	 -0.074	  0.001
34	  1.320	 42.637	  1.005	  0.035	  0.001
35	  1.320	 43.862	  1.005	 -0.025	  0.001
36	  1.320	 45.103	  1.005	  0.000	  0.001
37	  1.320	 46.329	  1.005	 -0.063	  0.001
38	  1.320	 47.578	  1.005	  0.076	  0.001
39	  1.320	 48.802	  1.005	  0.069	  0.001
40	  1.320	 50.039	  1.005	  0.100	  0.001
41	  1.320	 51.274	  1.005	  0.030	  0.001
42	  1.320	 52.502	  1.005	  0.104	  0.001
43	  1.320	 53.744	  1.005	 -0.021	  0.001
44	  1.320	 54.973	  1.005	  0.016	  0.001
45	  1.320	 56.213	  1.005	 -0.014	  0.001
46	  1.320	 57.439	  1.005	 -0.058	  0.001
47	  1.320	 58.688	  1.005	  0.087	  0.001
48	  1.320	 59.911	  1.005	 -0.044	  0.001
49	  1.320	 61.154	  1.005	  0.025	  0.001
50	  1.320	 62.378	  1.005	 -0.059	  0.001
51	  1.320	 63.624	  1.005	  0.034	  0.001
52	  1.320	 64.850	  1.005	 -0.032	  0.001
53	  1.320	 66.092	  1.005	  0.010	  0.001
54	  1.320	 67.316	  1.005	 -0.068	  0.001
55	  1.320	 68.565	  1.005	  0.069	  0.001
56	  1.320	 69.791	  1.005	  0.079	  0.001
57	  1.320	 71.027	  1.005	  0.118	  0.001
58	  1.320	 72.260	  1.005	 -0.039	  0.001
59	  1.320	 73.492	  1.005	 -0.128	  0.001
60	  1.320	 74.735	  1.005	 -0.081	  0.001
61	  1.320	 75.959	  1.005	  0.076	  0.001
62	  1.320	 77.202	  1.005	  0.192	  0.001
63	  1.320	 78.432	  1.005	 -0.085	  0.001
64	  1.320	 79.667	  1.005	 -0.009	  0.001
65	  1.320	 80.903	  1.005	 -0.043	  0.001
66	  1.320	 82.139	  1.005	  0.152	  0.001
67	  1.320	 83.370	  1.005	  0.099	  0.001
68	  1.320	 84.614	  1.005	 -0.030	  0.001
69	  1.320	 85.838	  1.005	 -0.058	  0.001
70	  1.320	 87.085	  1.005	  0.081	  0.001
71	  1.320	 88.306	  1.005	 -0.048	  0.001
72	  1.320	 89.548	  1.005	 -0.068	  0.001
73	  1.320	 90.775	  1.005	  0.138	  0.001
74	  1.320	 92.011	  1.005	 -0.067	  0.001
75	  1.320	 93.254	  1.005	  0.002	  0.001
76	  1.320	 94.476	  1.005	 -0.071	  0.001
77	  1.320	 95.722	  1.005	  0.022	  0.001
78	  1.320	 96.951	  1.005	 -0.005	  0.001
79	  1.320	 98.192	  1.005	 -0.004	  0.001
80	  1.320	 99.421	  1.005	  0.032	  0.001
0	  1.440	  0.665	  1.005	  0.170	  0.001
1	  1.440	  1.888	  1.005	  0.135	  0.001
2	  1.440	  3.132	  1.005	  0.144	  0.001
3	  1.440	  4.360	  1.005	 -0.047	  0.001
4	  1.440	  5.600	  1.005	  0.139	  0.001
5	  1.440	  6.824	  1.005	  0.141	  0.001
6	  1.440	  8.072	  1.005	  0.176	  0.001
7	  1.440	  9.300	  1.005	  0.158	  0.001
8	  1.440	 10.533	  1.005	 -0.135	  0.001
9	  1.440	 11.773	  1.005	 -0.012	  0.001
10	  1.440	 13.006	  1.005	  0.172	  0.001
11	  1.440	 14.239	  1.005	  0.196	  0.001
12	  1.440	 15.470	  1.005	  0.095	  0.001
13	  1.440	 16.714	  1.005	  0.014	  0.001
14	  1.440	 17.943	  1.005	  0.164	  0.001
15	  1.440	 19.181	  1.005	  0.150	  0.001
16	  1.440	 20.406	  1.005	  0.058	  0.001
17	  1.440	 21.653	  1.005	  0.150	  0.001
18	  1.440	 22.879	  1.005	 -0.053	  0.001
19	  1.440	 24.120	  1.005	  0.026	  0.001
20	  1.440	 25.349	  1.005	 -0.120	  0.001
21	  1.440	 26.592	  1.005	 -0.042	  0.001
22	  1.440	 27.817	  1.005	 -0.141	  0.001
23	  1.440	 29.058	  1.005	 -0.033	  0.001
24	  1.440	 30.288	  1.005	  0.069	  0.001
25	  1.440	 31.519	  1.005	 -0.047	  0.001
26	  1.440	 32.764	  1.005	 -0.032	  0.001
27	  1.440	 33.984	  1.005	  0.046	  0.001
28	  1.440	 35.232	  1.005	 -0.081	  0.001
29	  1.440	 36.454	  1.005	  0.062	  0.001
30	  1.440	 37.709	  1.005	  0.215	  0.001
31	  1.440	 38.916	  1.005	  0.137	  0.001
32	  1.440	 40.174	  1.005	  0.145	  0.001
33	  1.440	 41.392	  1.005	 -0.070	  0.001
34	  1.440	 42.639	  1.005	 -0.000	  0.001
35	  1.440	 43.866	  1.005	  0.161	  0.001
36	  1.440	 45.106	  1.005	  0.193	  0.001
37	  1.440	 46.334	  1.005	 -0.011	  0.001
38	  1.440	 47.586	  1.005	  0.133	  0.001
39	  1.440	 48.806	  1.005	 -0.119	  0.001
40	  1.440	 50.043	  1.005	  0.165	  0.001
41	  1.440	 51.277	  1.005	  0.112	  0.001
42	  1.440	 52.506	  1.005	 -0.019	  0.001
43	  1.440	 53.748	  1.005	  0.194	  0.001
44	  1.440	 54.974	  1.005	  0.150	  0.001
45	  1.440	 56.221	  1.005	 -0.062	  0.001
46	  1.440	 57.442	  1.005	 -0.063	  0.001
47	  1.440	 58.696	  1.005	  0.184	  0.001
48	  1.440	 59.911	  1.005	  0.036	  0.001
49	  1.440	 61.158	  1.005	 -0.080	  0.001
50	  1.440	 62.380	  1.005	  0.055	  0.001
51	  1.440	 63.629	  1.005	 -0.023	  0.001
52	  1.440	 64.851	  1.005	  0.116	  0.001
53	  1.440	 66.097	  1.005	 -0.075	  0.001
54	  1.440	 67.320	  1.005	 -0.043	  0.001
55	  1.440	 68.574	  1.005	  0.099	  0.001
56	  1.440	 69.794	  1.005	 -0.082	  0.001
57	  1.440	 71.032	  1.005	 -0.102	  0.001
58	  1.440	 72.264	  1.005	 -0.027	  0.001
59	  1.440	 73.492	  1.005	  0.077	  0.001
60	  1.440	 74.741	  1.005	  0.190	  0.001
61	  1.440	 75.963	  1.005	  0.160	  0.001
62	  1.440	 77.207	  1.005	  0.117	  0.001
63	  1.440	 78.436	  1.005	  0.174	  0.001
64	  1.440	 79.672	  1.005	  0.014	  0.001
65	  1.440	 80.906	  1.005	 -0.036	  0.001
66	  1.440	 82.146	  1.005	 -0.053	  0.001
67	  1.440	 83.373	  1.005	 -0.046	  0.001
68	  1.440	 84.622	  1.005	 -0.051	  0.001
69	  1.440	 85.842	  1.005	 -0.050	  0.001
70	  1.440	 87.093	  1.005	  0.146	  0.001
71	  1.440	 88.308	  1.005	  0.031	  0.001
72	  1.440	 89.551	  1.005	  0.103	  0.001
73	  1.440	 90.780	  1.005	  0.086	  0.001
74	  1.440	 92.013	  1.005	  0.159	  0.001
75	  1.440	 93.261	  1.005	 -0.035	  0.001
76	  1.440	 94.479	  1.005	 -0.046	  0.001
77	  1.440	 95.728	  1.005	 -0.039	  0.001
78	  1.440	 96.955	  1.005	  0.175	  0.001
79	  1.440	 98.198	  1.005	 -0.107	  0.001
80	  1.440	 99.422	  1.005	 -0.121	  0.001
0	  1.560	  0.670	  1.005	  0.165	  0.000
1	  1.560	  1.889	  1.005	 -0.121	  0.000
2	  1.560	  3.137	  1.005	  0.053	  0.000
3	  1.560	  4.361	  1.005	  0.121	  0.000
4	  1.560	  5.608	  1.005	  0.064	  0.000
5	  1.560	  6.826	  1.005	 -0.135	  0.000
6	  1.560	  8.078	  1.005	  0.161	  0.000
7	  1.560	  9.301	  1.005	  0.099	  0.000
8	  1.560	 10.532	  1.005	  0.076	  0.000
9	  1.560	 11.779	  1.005	  0.166	  0.000
10	  1.560	 13.009	  1.005	  0.153	  0.000
11	  1.560	 14.248	  1.005	 -0.050	  0.000
12	  1.560	 15.473	  1.005	 -0.046	  0.000
13	  1.560	 16.719	  1.005	 -0.090	  0.000
14	  1.560	 17.946	  1.005	  0.057	  0.000
15	  1.560	 19.188	  1.005	  0.033	  0.000
16	  1.560	 20.407	  1.005	  0.090	  0.000
17	  1.560	 21.658	  1.005	  0.152	  0.000
18	  1.560	 22.882	  1.005	  0.113	  0.000
19	  1.560	 24.126	  1.005	 -0.101	  0.000
20	  1.560	 25.351	  1.005	 -0.013	  0.000
21	  1.560	 26.599	  1.005	 -0.046	  0.000
22	  1.560	 27.815	  1.005	 -0.089	  0.000
23	  1.560	 29.064	  1.005	  0.184	  0.000
24	  1.560	 30.291	  1.005	  0.082	  0.000
25	  1.560	 31.519	  1.005	  0.088	  0.000
26	  1.560	 32.775	  1.005	  0.044	  0.000
27	  1.560	 33.981	  1.005	 -0.052	  0.000
28	  1.560	 35.238	  1.005	 -0.003	  0.000
29	  1.560	 36.451	  1.005	 -0.063	  0.000
30	  1.560	 37.718	  1.005	  0.338	  0.000
31	  1.560	 38.913	  1.005	  0.017	  0.000
32	  1.560	 40.184	  1.005	  0.071	  0.000
33	  1.560	 41.391	  1.005	 -0.184	  0.000
34	  1.560	 42.649	  1.005	  0.048	  0.000
35	  1.560	 43.867	  1.005	 -0.064	  0.000
36	  1.560	 45.112	  1.005	  0.085	  0.000
37	  1.560	 46.333	  1.005	  0.033	  0.000
38	  1.560	 47.595	  1.005	 -0.058	  0.000
39	  1.560	 48.806	  1.005	 -0.088	  0.000
40	  1.560	 50.048	  1.005	 -0.033	  0.000
41	  1.560	 51.284	  1.005	 -0.121	  0.000
42	  1.560	 52.507	  1.005	  0.122	  0.000
43	  1.560	 53.753	  1.005	  0.146	  0.000
44	  1.560	 54.975	  1.005	 -0.098	  0.000
45	  1.560	 56.228	  1.005	 -0.020	  0.000
46	  1.560	 57.439	  1.005	  0.133	  0.000
47	  1.560	 58.708	  1.005	  0.149	  0.000
48	  1.560	 59.908	  1.005	 -0.163	  0.000
49	  1.560	 61.163	  1.005	 -0.027	  0.000
50	  1.560	 62.377	  1.005	  0.019	  0.000
51	  1.560	 63.639	  1.005	  0.079	  0.000
52	  1.560	 64.858	  1.005	  0.166	  0.000
53	  1.560	 66.099	  1.005	  0.210	  0.000
54	  1.560	 67.324	  1.005	 -0.058	  0.000
55	  1.560	 68.581	  1.005	 -0.087	  0.000
56	  1.560	 69.799	  1.005	 -0.010	  0.000
57	  1.560	 71.038	  1.005	  0.012	  0.000
58	  1.560	 72.269	  1.005	  0.032	  0.000
59	  1.560	 73.497	  1.005	  0.149	  0.000
60	  1.560	 74.750	  1.005	 -0.049	  0.000
61	  1.560	 75.962	  1.005	 -0.157	  0.000
62	  1.560	 77.212	  1.005	  0.030	  0.000
63	  1.560	 78.439	  1.005	  0.122	  0.000
64	  1.560	 79.677	  1.005	  0.042	  0.000
65	  1.560	 80.909	  1.005	 -0.072	  0.000
66	  1.560	 82.152	  1.005	  0.146	  0.000
67	  1.560	 83.376	  1.005	  0.037	  0.000
68	  1.560	 84.632	  1.005	  0.020	  0.000
69	  1.560	 85.843	  1.005	 -0.144	  0.000
70	  1.560	 87.104	  1.005	  0.025	  0.000
71	  1.560	 88.307	  1.005	 -0.136	  0.000
72	  1.560	 89.559	  1.005	  0.057	  0.000
73	  1.560	 90.786	  1.005	  0.029	  0.000
74	  1.560	 92.017	  1.005	  0.003	  0.000
75	  1.560	 93.270	  1.005	  0.068	  0.000
76	  1.560	 94.481	  1.005	 -0.133	  0.000
77	  1.560	 95.736	  1.005	 -0.019	  0.000
78	  1.560	 96.957	  1.005	 -0.049	  0.000
79	  1.560	 98.205	  1.005	  0.207	  0.000
80	  1.560	 99.422	  1.005	 -0.084	  0.000
0	  1.680	  0.680	  1.005	  0.010	  0.000
1	  1.680	  1.882	  1.005	  0.056	  0.000
2	  1.680	  3.145	  1.005	  0.114	  0.000
3	  1.680	  4.366	  1.005	 -0.135	  0.000
4	  1.680	  5.618	  1.005	  0.199	  0.000
5	  1.680	  6.820	  1.005	 -0.048	  0.000
6	  1.680	  8.089	  1.005	  0.026	  0.000
7	  1.680	  9.303	  1.005	 -0.074	  0.000
8	  1.680	 10.534	  1.005	 -0.076	  0.000
9	  1.680	 11.784	  1.005	  0.142	  0.000
10	  1.680	 13.012	  1.005	  0.011	  0.000
11	  1.680	 14.254	  1.005	  0.172	  0.000
12	  1.680	 15.474	  1.005	  0.057	  0.000
13	  1.680	 16.724	  1.005	  0.168	  0.000
14	  1.680	 17.948	  1.005	 -0.111	  0.000
15	  1.680	 19.191	  1.005	  0.014	  0.000
16	  1.680	 20.404	  1.005	 -0.001	  0.000
17	  1.680	 21.666	  1.005	 -0.078	  0.000
18	  1.680	 22.886	  1.005	 -0.106	  0.000
19	  1.680	 24.131	  1.005	  0.170	  0.000
20	  1.680	 25.346	  1.005	 -0.007	  0.000
21	  1.680	 26.610	  1.005	  0.133	  0.000
22	  1.680	 27.811	  1.005	  0.061	  0.000
23	  1.680	 29.075	  1.005	 -0.051	  0.000
24	  1.680	 30.297	  1.005	  0.028	  0.000
25	  1.680	 31.521	  1.005	  0.089	  0.000
26	  1.680	 32.786	  1.005	  0.216	  0.000
27	  1.680	 33.978	  1.005	 -0.299	  0.000
28	  1.680	 35.249	  1.005	  0.049	  0.000
29	  1.680	 36.443	  1.005	 -0.166	  0.000
30	  1.680	 38.087	  1.005	 19.234	  0.000
31	  1.680	 38.582	  1.005	-18.592	  0.000
32	  1.680	 40.200	  1.005	  0.620	  0.000
33	  1.680	 41.380	  1.005	 -0.242	  0.000
34	  1.680	 42.658	  1.005	  0.003	  0.000
35	  1.680	 43.868	  1.005	 -0.123	  0.000
36	  1.680	 45.120	  1.005	  0.162	  0.000
37	  1.680	 46.332	  1.005	 -0.175	  0.000
38	  1.680	 47.602	  1.005	 -0.025	  0.000
39	  1.680	 48.801	  1.005	  0.126	  0.000
40	  1.680	 50.054	  1.005	  0.139	  0.000
41	  1.680	 51.289	  1.005	  0.013	  0.000
42	  1.680	 52.510	  1.005	 -0.118	  0.000
43	  1.680	 53.759	  1.005	  0.192	  0.000
44	  1.680	 54.971	  1.005	  0.092	  0.000
45	  1.680	 56.235	  1.005	 -0.075	  0.000
46	  1.680	 57.435	  1.005	  0.011	  0.000
47	  1.680	 58.763	  1.005	  2.574	  0.000
48	  1.680	 59.871	  1.005	 -2.090	  0.000
49	  1.680	 61.173	  1.005	 -0.020	  0.000
50	  1.680	 62.374	  1.005	  0.012	  0.000
51	  1.680	 63.651	  1.005	  0.086	  0.000
52	  1.680	 64.854	  1.005	  0.130	  0.000
53	  1.680	 66.108	  1.005	  0.208	  0.000
54	  1.680	 67.322	  1.005	 -0.170	  0.000
55	  1.680	 68.590	  1.005	  0.142	  0.000
56	  1.680	 69.795	  1.005	  0.018	  0.000
57	  1.680	 71.041	  1.005	  0.147	  0.000
58	  1.680	 72.271	  1.005	  0.091	  0.000
59	  1.680	 73.497	  1.005	 -0.109	  0.000
60	  1.680	 74.761	  1.005	  0.302	  0.000
61	  1.680	 75.960	  1.005	 -0.138	  0.000
62	  1.680	 77.218	  1.005	  0.077	  0.000
63	  1.680	 78.442	  1.005	 -0.006	  0.000
64	  1.680	 79.679	  1.005	  0.151	  0.000
65	  1.680	 80.911	  1.005	  0.140	  0.000
66	  1.680	 82.154	  1.005	  0.125	  0.000
67	  1.680	 83.374	  1.005	 -0.072	  0.000
68	  1.680	 84.645	  1.005	  0.193	  0.000
69	  1.680	 85.836	  1.005	 -0.022	  0.000
70	  1.680	 87.112	  1.005	  0.293	  0.000
71	  1.680	 88.294	  1.005	 -0.323	  0.000
72	  1.680	 89.567	  1.005	  0.191	  0.000
73	  1.680	 90.787	  1.005	 -0.053	  0.000
74	  1.680	 92.013	  1.005	  0.039	  0.000
75	  1.680	 93.280	  1.005	  0.095	  0.000
76	  1.680	 94.477	  1.005	 -0.194	  0.000
77	  1.680	 95.743	  1.005	  0.182	  0.000
78	  1.680	 96.960	  1.005	 -0.098	  0.000
79	  1.680	 98.217	  1.005	  0.038	  0.000
80	  1.680	 99.419	  1.005	  0.074	  0.000
0	  1.800	  0.693	  1.005	-21.650	  0.000
1	  1.800	  1.919	  1.005	  3.813	  0.000
2	  1.800	  3.008	  1.005	-13.616	  0.000
3	  1.800	  4.360	  1.005	 -0.130	  0.000
4	  1.800	  5.927	  1.005	 21.810	  0.000
5	  1.800	  6.180	  1.005	-29.740	  0.000
6	  1.800	  9.147	  1.005	 41.914	  0.000
7	  1.800	  6.669	  1.005	-266.230	  0.000
8	  1.800	-344.895	  1.005	8809.872	  0.000
9	  1.800	 12.066	  1.005	  6.587	  0.000
10	  1.800	 27.253	  1.005	-172.262	  0.000
11	  1.800	-188.740	  1.005	92441.235	  0.000
12	  1.800	-555.784	  1.005	21682.484	  0.000
13	  1.800	 16.743	  1.005	-92960.860	  0.000
14	  1.800	8201.122	  1.005	801950.747	  0.000
15	  1.800	 19.169	  1.005	 50.341	  0.000
16	  1.800	 20.404	  1.005	-11.480	  0.000
17	  1.800	 21.815	  1.005	 13.756	  0.000
18	  1.800	 22.845	  1.005	 -3.441	  0.000
19	  1.800	 24.140	  1.005	 15.128	  0.000
20	  1.800	 25.344	  1.005	 -2.758	  0.000
21	  1.800	 26.633	  1.005	  0.330	  0.000
22	  1.800	 27.941	  1.005	  3.987	  0.000
23	  1.800	-545.133	  1.005	7031.921	  0.000
24	  1.800	14131.521	  1.005	330789.694	  0.000
25	  1.800	 31.233	  1.005	-20.589	  0.000
26	  1.800	 33.053	  1.005	  4.368	  0.000
27	  1.800	2328.298	  1.005	38225.960	  0.000
28	  1.800	 13.626	  1.005	-1058.719	  0.000
29	  1.800	 36.365	  1.005	 -0.458	  0.000
30	  1.800	-342.405	  1.005	-80710.850	  0.000
31	  1.800	-517.975	  1.005	-383933.078	  0.000
32	  1.800	-107.791	  1.005	-14604.616	  0.000
33	  1.800	 39.907	  1.005	273.041	  0.000
34	  1.800	-8081.773	  1.005	-796187.826	  0.000
35	  1.800	 43.864	  1.005	-58992.825	  0.000
36	  1.800	 45.132	  1.005	  0.291	  0.000
37	  1.800	 48.293	  1.005	192.562	  0.000
38	  1.800	 48.378	  1.005	-40927.886	  0.000
39	  1.800	1511.635	  1.005	46693.931	  0.000
40	  1.800	 50.038	  1.005	-524091.949	  0.000
41	  1.800	-515.776	  1.005	-55582.588	  0.000
42	  1.800	 52.557	  1.005	-100876.010	  0.000
43	  1.800	 53.719	  1.005	 -3.068	  0.000
44	  1.800	 65.720	  1.005	521.488	  0.000
45	  1.800	 53.576	  1.005	-130.464	  0.000
46	  1.800	 57.385	  1.005	 -1.465	  0.000
47	  1.800	644.953	  1.005	58517.759	  0.000
48	  1.800	-117.126	  1.005	82060.213	  0.000
49	  1.800	 61.982	  1.005	 16.002	  0.000
50	  1.800	-352.499	  1.005	-19033.232	  0.000
51	  1.800	 38.659	  1.005	30564.589	  0.000
52	  1.800	 64.836	  1.005	 -0.422	  0.000
53	  1.800	 66.119	  1.005	  0.185	  0.000
54	  1.800	 67.452	  1.005	 12.820	  0.000
55	  1.800	 69.355	  1.005	 39.495	  0.000
56	  1.800	 69.124	  1.005	-37.703	  0.000
57	  1.800	 71.047	  1.005	 14.306	  0.000
58	  1.800	 72.273	  1.005	 78.276	  0.000
59	  1.800	 73.495	  1.005	-1723.572	  0.000
60	  1.800	 75.101	  1.005	 20.211	  0.000
61	  1.800	-20.921	  1.005	-7775.472	  0.000
62	  1.800	 70.910	  1.005	1506.909	  0.000
63	  1.800	 16.394	  1.005	1388.944	  0.000
64	  1.800	-112.932	  1.005	517935.507	  0.000
65	  1.800	 80.918	  1.005	 13.747	  0.000
66	  1.800	 82.164	  1.005	-3399.772	  0.000
67	  1.800	 83.371	  1.005	-189183.258	  0.000
68	  1.800	 50.096	  1.005	-3467.893	  0.000
69	  1.800	 83.723	  1.005	-66.918	  0.000
70	  1.800	 88.152	  1.005	-140034.044	  0.000
71	  1.800	 87.290	  1.005	140034.710	  0.000
72	  1.800	 89.967	  1.005	 12.479	  0.000
73	  1.800	1800.907	  1.005	371002.177	  0.000
74	  1.800	1036.547	  1.005	92579.006	  0.000
75	  1.800	 93.376	  1.005	 14.396	  0.000
76	  1.800	 94.411	  1.005	-13.923	  0.000
77	  1.800	 95.908	  1.005	 15.047	  0.000
78	  1.800	 96.907	  1.005	 -4.906	  0.000
79	  1.800	-9223.388	  1.005	238847.833	  0.000
80	  1.800	 99.264	  1.005	1685.468	  0.000
0	  1.920	4581.099	  1.005	-45407.671	  0.000
1	  1.920	-15687.554	  1.005	-747943.801	  0.000
2	  1.920	-20495.837	  1.005	-114400.194	  0.000
3	  1.920	1878.708	  1.005	 -9.256	  0.000
4	  1.920	-2610.996	  1.005	-22859.088	  0.000
5	  1.920	-4040.485	  1.005	-200697.189	  0.000
6	  1.920	54303.863	  1.005	526188.971	  0.000
7	  1.920	-440.141	  1.005	-7315.200	  0.000
8	  1.920	35629.499	  1.005	365980.140	  0.000
9	  1.920	-259.641	  1.005	-19196.849	  0.000
10	  1.920	14976.870	  1.005	89251.941	  0.000
11	  1.920	-9192.560	  1.005	-170447.719	  0.000
12	  1.920	-6318.041	  1.005	159732.557	  0.000
13	  1.920	3819.271	  1.005	128653.663	  0.000
14	  1.920	64990.149	  1.005	287661.290	  0.000
15	  1.920	3227.924	  1.005	53830.388	  0.000
16	  1.920	-14569.288	  1.005	-145214.410	  0.000
17	  1.920	2650.686	  1.005	16343.806	  0.000
18	  1.920	28612.886	  1.005	434719.199	  0.000
19	  1.920	-9416.953	  1.005	-230737.999	  0.000
20	  1.920	171.201	  1.005	927.892	  0.000
21	  1.920	-8704.870	  1.005	292081.506	  0.000
22	  1.920	382.864	  1.005	-123309.089	  0.000
23	  1.920	-10807.986	  1.005	-47985.245	  0.000
24	  1.920	36709.984	  1.005	114528.208	  0.000
25	  1.920	1512.557	  1.005	13608.311	  0.000
26	  1.920	 63.029	  1.005	3579.192	  0.000
27	  1.920	-42272.594	  1.005	-364914.780	  0.000
28	  1.920	138.854	  1.005	571.522	  0.000
29	  1.920	-36680.012	  1.005	-281630.250	  0.000
30	  1.920	905.583	  1.005	-12663.648	  0.000
31	  1.920	12545.010	  1.005	-187348.740	  0.000
32	  1.920	4467.356	  1.005	109989.125	  0.000
33	  1.920	901.702	  1.005	10843.965	  0.000
34	  1.920	-65658.349	  1.005	22070.696	  0.000
35	  1.920	-1235.333	  1.005	-66752.756	  0.000
36	  1.920	-8171.309	  1.005	743167.037	  0.000
37	  1.920	13857.788	  1.005	-195789.231	  0.000
38	  1.920	672.462	  1.005	30000.651	  0.000
39	  1.920	2892.378	  1.005	2809.246	  0.000
40	  1.920	-3603.395	  1.005	215114.249	  0.000
41	  1.920	-5888.332	  1.005	-27489.895	  0.000
42	  1.920	15041.322	  1.005	72500.466	  0.000
43	  1.920	-881.981	  1.005	-18624.265	  0.000
44	  1.920	-5351.339	  1.005	91654.746	  0.000
45	  1.920	4205.293	  1.005	255090.486	  0.000
46	  1.920	5464.546	  1.005	-249592.424	  0.000
47	  1.920	463.263	  1.005	194342.683	  0.000
48	  1.920	-10387.574	  1.005	88109.873	  0.000
49	  1.920	19740.399	  1.005	587452.253	  0.000
50	  1.920	-9210.682	  1.005	-368213.279	  0.000
51	  1.920	1512.201	  1.005	9166.093	  0.000
52	  1.920	6620.419	  1.005	135253.839	  0.000
53	  1.920	-25144.440	  1.005	199729.106	  0.000
54	  1.920	5578.658	  1.005	90230.957	  0.000
55	  1.920	-42010.458	  1.005	-754507.291	  0.000
56	  1.920	-2288.053	  1.005	-273238.948	  0.000
57	  1.920	39387.009	  1.005	378584.455	  0.000
58	  1.920	-467.259	  1.005	-33152.272	  0.000
59	  1.920	20291.460	  1.005	-132664.833	  0.000
60	  1.920	14209.859	  1.005	157277.221	  0.000
61	  1.920	-25800.095	  1.005	-76904.648	  0.000
62	  1.920	2044.820	  1.005	-349789.515	  0.000
63	  1.920	4426.659	  1.005	266296.042	  0.000
64	  1.920	30244.898	  1.005	-52569.654	  0.000
65	  1.920	3124.314	  1.005	-14257.753	  0.000
66	  1.920	23154.664	  1.005	-259477.213	  0.000
67	  1.920	-19238.306	  1.005	-138530.849	  0.000
68	  1.920	10712.780	  1.005	340022.532	  0.000
69	  1.920	-1038.571	  1.005	-372521.852	  0.000
70	  1.920	-8900.621	  1.005	35290.187	  0.000
71	  1.920	8003.008	  1.005	35247.502	  0.000
72	  1.920	-293.983	  1.005	-2953.038	  0.000
73	  1.920	29503.667	  1.005	106697.767	  0.000
74	  1.920	39478.653	  1.005	598253.430	  0.000
75	  1.920	-41750.744	  1.005	-151527.074	  0.000
76	  1.920	3056.659	  1.005	-6816.434	  0.000
77	  1.920	-23122.410	  1.005	-207364.277	  0.000
78	  1.920	2188.902	  1.005	104263.683	  0.000
79	  1.920	-9268.708	  1.005	75067.072	  0.000
80	  1.920	-368.277	  1.005	156634.205	  0.000
0	  2.040	13660.355	  1.005	181048.911	  0.000
1	  2.040	-34707.822	  1.005	-680099.933	  0.000
2	  2.040	-12535.704	  1.005	562573.670	  0.000
3	  2.040	-9122.256	  1.005	-50601.441	  0.000
4	  2.040	-4269.025	  1.005	-36087.010	  0.000
5	  2.040	356.119	  1.005	210562.283	  0.000
6	  2.040	96748.725	  1.005	284121.465	  0.000
7	  2.040	10020.205	  1.005	-112783.751	  0.000
8	  2.040	57959.024	  1.005	-25546.135	  0.000
9	  2.040	45349.570	  1.005	326522.239	  0.000
10	  2.040	-33402.366	  1.005	-1075345.437	  0.000
11	  2.040	-27019.342	  1.005	-109018.936	  0.000
12	  2.040	-13405.817	  1.005	-261458.542	  0.000
13	  2.040	10819.347	  1.005	4920.090	  0.000
14	  2.040	65748.400	  1.005	-460768.258	  0.000
15	  2.040	-13047.992	  1.005	-366985.392	  0.000
16	  2.040	-12447.860	  1.005	-776362.168	  0.000
17	  2.040	-2233.787	  1.005	70498.559	  0.000
18	  2.040	-13112.327	  1.005	-569669.058	  0.000
19	  2.040	6621.016	  1.005	159726.044	  0.000
20	  2.040	250.649	  1.005	4420.686	  0.000
21	  2.040	7993.418	  1.005	50762.203	  0.000
22	  2.040	24146.237	  1.005	242995.440	  0.000
23	  2.040	1345.193	  1.005	222833.483	  0.000
24	  2.040	42091.922	  1.005	-75140.548	  0.000
25	  2.040	-3835.781	  1.005	15402.816	  0.000
26	  2.040	-26718.647	  1.005	-318937.621	  0.000
27	  2.040	-58544.285	  1.005	-7445.626	  0.000
28	  2.040	-14382.992	  1.005	426702.873	  0.000
29	  2.040	-7086.696	  1.005	360191.854	  0.000
30	  2.040	-13819.905	  1.005	-187594.528	  0.000
31	  2.040	-190.504	  1.005	83527.709	  0.000
32	  2.040	-15346.519	  1.005	-316036.236	  0.000
33	  2.040	1056.314	  1.005	-24373.247	  0.000
34	  2.040	-71018.537	  1.005	7062.945	  0.000
35	  2.040	33050.702	  1.005	194557.161	  0.000
36	  2.040	17904.814	  1.005	13203.430	  0.000
37	  2.040	5059.060	  1.005	33667.728	  0.000
38	  2.040	10467.362	  1.005	184093.290	  0.000
39	  2.040	5439.848	  1.005	-424674.259	  0.000
40	  2.040	17766.041	  1.005	112136.865	  0.000
41	  2.040	-2303.535	  1.005	-21660.659	  0.000
42	  2.040	11875.818	  1.005	52807.523	  0.000
43	  2.040	-2408.245	  1.005	-7111.092	  0.000
44	  2.040	-24452.883	  1.005	-307133.330	  0.000
45	  2.040	22419.837	  1.005	6810.614	  0.000
46	  2.040	5766.662	  1.005	159527.517	  0.000
47	  2.040	14567.166	  1.005	76554.517	  0.000
48	  2.040	-12262.310	  1.005	-42136.098	  0.000
49	  2.040	33062.238	  1.005	37067.939	  0.000
50	  2.040	-43844.658	  1.005	-240840.541	  0.000
51	  2.040	-1610.463	  1.005	-115677.807	  0.000
52	  2.040	-12479.587	  1.005	237136.832	  0.000
53	  2.040	-5461.370	  1.005	97566.383	  0.000
54	  2.040	-23873.361	  1.005	116123.201	  0.000
55	  2.040	-87905.620	  1.005	-136861.991	  0.000
56	  2.040	-23844.109	  1.005	-455470.883	  0.000
57	  2.040	65910.897	  1.005	-421399.356	  0.000
58	  2.040	-1578.409	  1.005	10873.649	  0.000
59	  2.040	6637.402	  1.005	-96511.013	  0.000
60	  2.040	19098.736	  1.005	-29254.608	  0.000
61	  2.040	-34859.759	  1.005	-248544.775	  0.000
62	  2.040	-2771.155	  1.005	-46844.710	  0.000
63	  2.040	16664.737	  1.005	-4366.348	  0.000
64	  2.040	-10756.921	  1.005	-492403.686	  0.000
65	  2.040	-5199.679	  1.005	67523.131	  0.000
66	  2.040	12766.204	  1.005	-36113.195	  0.000
67	  2.040	-15070.277	  1.005	-8327.919	  0.000
68	  2.040	24936.225	  1.005	40126.526	  0.000
69	  2.040	14745.667	  1.005	595840.106	  0.000
70	  2.040	-19880.165	  1.005	-402820.030	  0.000
71	  2.040	9383.459	  1.005	335149.256	  0.000
72	  2.040	-595.594	  1.005	-1867.069	  0.000
73	  2.040	2030.256	  1.005	201012.035	  0.000
74	  2.040	82535.346	  1.005	300182.991	  0.000
75	  2.040	-54316.273	  1.005	82659.257	  0.000
76	  2.040	2641.373	  1.005	-933.700	  0.000
77	  2.040	-39689.644	  1.005	393481.990	  0.000
78	  2.040	6272.680	  1.005	-24322.284	  0.000
79	  2.040	-10712.835	  1.005	-442428.089	  0.000
80	  2.040	-9202.574	  1.005	-210436.069	  0.000
0	  2.160	29023.478	  1.005	224343.198	  0.000
1	  2.160	-106791.473	  1.005	-517498.312	  0.000
2	  2.160	-31278.185	  1.005	-408198.785	  0.000
3	  2.160	-14456.778	  1.005	-38026.548	  0.000
4	  2.160	-11192.708	  1.005	124994.248	  0.000
5	  2.160	10735.533	  1.005	213496.954	  0.000
6	  2.160	117078.163	  1.005	-446899.540	  0.000
7	  2.160	31428.792	  1.005	388455.145	  0.000
8	  2.160	87490.998	  1.005	400502.950	  0.000
9	  2.160	55986.621	  1.005	33416.884	  0.000
10	  2.160	-132042.550	  1.005	-496284.878	  0.000
11	  2.160	-27758.763	  1.005	171328.039	  0.000
12	  2.160	-12191.451	  1.005	-230130.274	  0.000
13	  2.160	13250.369	  1.005	654216.769	  0.000
14	  2.160	49047.019	  1.005	42923.410	  0.000
15	  2.160	-29308.077	  1.005	25594.686	  0.000
16	  2.160	-92784.194	  1.005	44630.432	  0.000
17	  2.160	-61667.043	  1.005	-47170.286	  0.000
18	  2.160	-55289.662	  1.005	-57095.208	  0.000
19	  2.160	7357.871	  1.005	-494379.416	  0.000
20	  2.160	4966.507	  1.005	186333.514	  0.000
21	  2.160	-9960.553	  1.005	-157900.391	  0.000
22	  2.160	43778.816	  1.005	-53108.711	  0.000
23	  2.160	-1165.845	  1.005	-437748.822	  0.000
24	  2.160	71838.209	  1.005	506572.406	  0.000
25	  2.160	26741.328	  1.005	560133.420	  0.000
26	  2.160	-20813.056	  1.005	172403.132	  0.000
27	  2.160	-55534.950	  1.005	93196.954	  0.000
28	  2.160	5985.422	  1.005	-15266.014	  0.000
29	  2.160	31063.807	  1.005	274636.685	  0.000
30	  2.160	-31798.558	  1.005	-114174.233	  0.000
31	  2.160	8558.451	  1.005	62969.498	  0.000
32	  2.160	-8340.067	  1.005	-66987.027	  0.000
33	  2.160	-1325.743	  1.005	-19843.104	  0.000
34	  2.160	-67005.207	  1.005	89154.361	  0.000
35	  2.160	23803.912	  1.005	333675.168	  0.000
36	  2.160	-21026.482	  1.005	-33268.619	  0.000
37	  2.160	58133.980	  1.005	724703.156	  0.000
38	  2.160	11775.285	  1.005	-43499.964	  0.000
39	  2.160	-13842.475	  1.005	-86104.278	  0.000
40	  2.160	13368.285	  1.005	-46011.376	  0.000
41	  2.160	10316.001	  1.005	93302.799	  0.000
42	  2.160	9865.947	  1.005	-267196.278	  0.000
43	  2.160	-2008.853	  1.005	75843.978	  0.000
44	  2.160	-56557.521	  1.005	-225073.989	  0.000
45	  2.160	9865.984	  1.005	239547.444	  0.000
46	  2.160	14001.006	  1.005	-176567.222	  0.000
47	  2.160	11565.580	  1.005	373053.506	  0.000
48	  2.160	-5983.861	  1.005	-162848.074	  0.000
49	  2.160	65624.987	  1.005	574758.093	  0.000
50	  2.160	-58553.764	  1.005	99451.172	  0.000
51	  2.160	-71551.285	  1.005	-674477.497	  0.000
52	  2.160	-4152.888	  1.005	75879.725	  0.000
53	  2.160	-9224.814	  1.005	-261597.852	  0.000
54	  2.160	-14217.094	  1.005	44840.745	  0.000
55	  2.160	-70083.722	  1.005	-236862.191	  0.000
56	  2.160	-30262.221	  1.005	1076212.710	  0.000
57	  2.160	21495.955	  1.005	-245664.878	  0.000
58	  2.160	24479.933	  1.005	603300.138	  0.000
59	  2.160	14929.221	  1.005	320863.029	  0.000
60	  2.160	6700.505	  1.005	-98713.075	  0.000
61	  2.160	-58671.686	  1.005	-56000.242	  0.000
62	  2.160	-9460.200	  1.005	-171154.128	  0.000
63	  2.160	16243.290	  1.005	-2526.151	  0.000
64	  2.160	-27590.150	  1.005	-12294.251	  0.000
65	  2.160	-37380.995	  1.005	-246462.973	  0.000
66	  2.160	70491.845	  1.005	211523.953	  0.000
67	  2.160	-14950.840	  1.005	-10382.805	  0.000
68	  2.160	17755.565	  1.005	-431471.203	  0.000
69	  2.160	27742.159	  1.005	-266391.545	  0.000
70	  2.160	16466.098	  1.005	305628.623	  0.000
71	  2.160	18070.055	  1.005	-229942.823	  0.000
72	  2.160	-9685.279	  1.005	229947.698	  0.000
73	  2.160	19323.519	  1.005	19732.332	  0.000
74	  2.160	106231.274	  1.005	141613.724	  0.000
75	  2.160	-58879.684	  1.005	-152473.419	  0.000
76	  2.160	-626.753	  1.005	-128437.110	  0.000
77	  2.160	-1337.232	  1.005	-248335.432	  0.000
78	  2.160	4754.778	  1.005	-8295.938	  0.000
79	  2.160	-55126.525	  1.005	-91423.275	  0.000
80	  2.160	40394.193	  1.005	-143791.425	  0.000
0	  2.280	51272.939	  1.005	123424.548	  0.000
1	  2.280	-106869.290	  1.005	27612.312	  0.000
2	  2.280	-61341.581	  1.005	-4953.902	  0.000
3	  2.280	-15252.421	  1.005	277789.062	  0.000
4	  2.280	4088.416	  1.005	344790.598	  0.000
5	  2.280	21886.449	  1.005	28291.007	  0.000
6	  2.280	81552.607	  1.005	4268.912	  0.000
7	  2.280	60803.193	  1.005	-110449.162	  0.000
8	  2.280	116447.862	  1.005	23728.930	  0.000
9	  2.280	62554.104	  1.005	-350205.972	  0.000
10	  2.280	-133377.597	  1.005	126990.672	  0.000
11	  2.280	-23526.289	  1.005	83252.886	  0.000
12	  2.280	-34335.292	  1.005	-71666.783	  0.000
13	  2.280	83331.717	  1.005	66987.146	  0.000
14	  2.280	57926.237	  1.005	344677.235	  0.000
15	  2.280	-46868.919	  1.005	-466447.402	  0.000
16	  2.280	-92073.812	  1.005	15577.842	  0.000
17	  2.280	-61072.960	  1.005	-118187.231	  0.000
18	  2.280	-49966.660	  1.005	-13454.308	  0.000
19	  2.280	-21707.240	  1.005	-28997.980	  0.000
20	  2.280	20388.507	  1.005	-126296.343	  0.000
21	  2.280	-9751.092	  1.005	255672.235	  0.000
22	  2.280	48566.039	  1.005	19666.895	  0.000
23	  2.280	-41265.372	  1.005	32511.094	  0.000
24	  2.280	112497.708	  1.005	-200800.354	  0.000
25	  2.280	45340.949	  1.005	57968.713	  0.000
26	  2.280	-11505.660	  1.005	-296652.409	  0.000
27	  2.280	-46553.457	  1.005	-467078.709	  0.000
28	  2.280	12548.294	  1.005	206812.833	  0.000
29	  2.280	53704.379	  1.005	41317.786	  0.000
30	  2.280	-42641.529	  1.005	43232.266	  0.000
31	  2.280	28836.855	  1.005	308362.612	  0.000
32	  2.280	-5215.640	  1.005	50853.423	  0.000
33	  2.280	-2962.044	  1.005	-1522.849	  0.000
34	  2.280	-60021.280	  1.005	17958.117	  0.000
35	  2.280	37889.151	  1.005	-208863.309	  0.000
36	  2.280	3841.490	  1.005	-201888.568	  0.000
37	  2.280	64050.702	  1.005	-397672.048	  0.000
38	  2.280	-1205.379	  1.005	-450600.283	  0.000
39	  2.280	-16834.731	  1.005	11866.884	  0.000
40	  2.280	11833.782	  1.005	56863.366	  0.000
41	  2.280	-27436.581	  1.005	-275771.157	  0.000
42	  2.280	23329.544	  1.005	23008.497	  0.000
43	  2.280	-213.297	  1.005	-182802.709	  0.000
44	  2.280	-55100.754	  1.005	70630.153	  0.000
45	  2.280	-4664.283	  1.005	-89120.897	  0.000
46	  2.280	3017.532	  1.005	360025.047	  0.000
47	  2.280	22405.668	  1.005	-270799.087	  0.000
48	  2.280	-18619.512	  1.005	102638.221	  0.000
49	  2.280	120312.248	  1.005	280918.212	  0.000
50	  2.280	-78711.882	  1.005	-267378.002	  0.000
51	  2.280	-138892.331	  1.005	8638.375	  0.000
52	  2.280	-15715.297	  1.005	114264.129	  0.000
53	  2.280	17251.226	  1.005	4632.561	  0.000
54	  2.280	-17845.727	  1.005	245763.190	  0.000
55	  2.280	-61071.047	  1.005	119351.032	  0.000
56	  2.280	79656.723	  1.005	695497.436	  0.000
57	  2.280	12152.665	  1.005	22101.487	  0.000
58	  2.280	79723.261	  1.005	218216.449	  0.000
59	  2.280	17678.291	  1.005	-58712.372	  0.000
60	  2.280	11834.811	  1.005	-14333.978	  0.000
61	  2.280	-54383.381	  1.005	58899.350	  0.000
62	  2.280	-5656.963	  1.005	89687.550	  0.000
63	  2.280	69686.998	  1.005	77355.510	  0.000
64	  2.280	-37092.351	  1.005	-341310.122	  0.000
65	  2.280	-48441.288	  1.005	-60064.099	  0.000
66	  2.280	81099.299	  1.005	169094.716	  0.000
67	  2.280	21322.154	  1.005	265472.451	  0.000
68	  2.280	-17216.825	  1.005	-139731.158	  0.000
69	  2.280	2054.885	  1.005	-179743.183	  0.000
70	  2.280	7798.398	  1.005	-580654.522	  0.000
71	  2.280	26103.061	  1.005	124881.221	  0.000
72	  2.280	-1419.462	  1.005	-84010.116	  0.000
73	  2.280	-25721.681	  1.005	-317512.138	  0.000
74	  2.280	69289.900	  1.005	-471202.100	  0.000
75	  2.280	-52263.643	  1.005	122453.080	  0.000
76	  2.280	-529.748	  1.005	-97888.707	  0.000
77	  2.280	11880.151	  1.005	44763.747	  0.000
78	  2.280	9957.119	  1.005	-391301.733	  0.000
79	  2.280	-68899.504	  1.005	-405694.384	  0.000
80	  2.280	51198.901	  1.005	148292.869	  0.000
0	  2.400	55906.746	  1.005	30466.872	  0.000
1	  2.400	-104397.284	  1.005	15086.635	  0.000
2	  2.400	-38296.204	  1.005	136732.591	  0.000
3	  2.400	14293.382	  1.005	48573.606	  0.000
4	  2.400	28981.009	  1.005	87895.883	  0.000
5	  2.400	18153.485	  1.005	-176601.730	  0.000
6	  2.400	22702.668	  1.005	-274656.178	  0.000
7	  2.400	50039.760	  1.005	-332496.208	  0.000
8	  2.400	115402.855	  1.005	-112314.135	  0.000
9	  2.400	57077.040	  1.005	611803.145	  0.000
10	  2.400	-125556.719	  1.005	5398.742	  0.000
11	  2.400	-32490.133	  1.005	413428.969	  0.000
12	  2.400	-23757.259	  1.005	336400.622	  0.000
13	  2.400	84612.697	  1.005	1787.333	  0.000
14	  2.400	60779.856	  1.005	16476.126	  0.000
15	  2.400	-83148.438	  1.005	-208841.093	  0.000
16	  2.400	-93388.506	  1.005	-789003.203	  0.000
17	  2.400	-59596.242	  1.005	-19725.138	  0.000
18	  2.400	-50986.948	  1.005	-5190.133	  0.000
19	  2.400	-66169.846	  1.005	-571471.701	  0.000
20	  2.400	17500.638	  1.005	203607.575	  0.000
21	  2.400	-70970.669	  1.005	-558095.459	  0.000
22	  2.400	44695.183	  1.005	16512.376	  0.000
23	  2.400	-72541.234	  1.005	-739784.920	  0.000
24	  2.400	121733.175	  1.005	166807.404	  0.000
25	  2.400	41597.473	  1.005	530507.333	  0.000
26	  2.400	-40943.492	  1.005	-209100.117	  0.000
27	  2.400	-70046.677	  1.005	269180.003	  0.000
28	  2.400	34189.023	  1.005	-127160.982	  0.000
29	  2.400	51959.149	  1.005	-22141.723	  0.000
30	  2.400	-78047.538	  1.005	-209151.125	  0.000
31	  2.400	44937.816	  1.005	-37053.197	  0.000
32	  2.400	-51033.155	  1.005	-517665.846	  0.000
33	  2.400	7866.044	  1.005	77051.313	  0.000
34	  2.400	-36398.546	  1.005	312220.913	  0.000
35	  2.400	20942.795	  1.005	-5963.105	  0.000
36	  2.400	37100.382	  1.005	317634.529	  0.000
37	  2.400	24871.770	  1.005	165332.205	  0.000
38	  2.400	-19553.423	  1.005	-12397.235	  0.000
39	  2.400	-16886.218	  1.005	-400333.430	  0.000
40	  2.400	15916.222	  1.005	-14402.956	  0.000
41	  2.400	-56587.196	  1.005	-172525.331	  0.000
42	  2.400	17145.391	  1.005	-815140.112	  0.000
43	  2.400	-13998.109	  1.005	23013.235	  0.000
44	  2.400	-64482.124	  1.005	-86474.527	  0.000
45	  2.400	4633.615	  1.005	545554.519	  0.000
46	  2.400	21376.917	  1.005	-347130.413	  0.000
47	  2.400	-2331.759	  1.005	-131628.633	  0.000
48	  2.400	-48801.066	  1.005	-201874.638	  0.000
49	  2.400	127574.298	  1.005	-168011.971	  0.000
50	  2.400	-56899.578	  1.005	247912.038	  0.000
51	  2.400	-189668.486	  1.005	-326003.137	  0.000
52	  2.400	-18544.541	  1.005	-281425.661	  0.000
53	  2.400	49790.001	  1.005	520232.252	  0.000
54	  2.400	-15867.249	  1.005	-121090.129	  0.000
55	  2.400	-57285.711	  1.005	-37763.473	  0.000
56	  2.400	154233.267	  1.005	538334.100	  0.000
57	  2.400	-18352.934	  1.005	-91052.440	  0.000
58	  2.400	54977.849	  1.005	-193240.236	  0.000
59	  2.400	62096.167	  1.005	307608.958	  0.000
60	  2.400	16005.640	  1.005	-44119.692	  0.000
61	  2.400	-43926.803	  1.005	285759.235	  0.000
62	  2.400	-16227.150	  1.005	-691833.354	  0.000
63	  2.400	70101.763	  1.005	-125112.539	  0.000
64	  2.400	-52660.390	  1.005	488161.505	  0.000
65	  2.400	-56610.658	  1.005	326224.387	  0.000
66	  2.400	70228.499	  1.005	-39443.977	  0.000
67	  2.400	27962.667	  1.005	-244080.478	  0.000
68	  2.400	-5679.476	  1.005	352580.387	  0.000
69	  2.400	-13637.772	  1.005	23983.522	  0.000
70	  2.400	-43648.242	  1.005	-14566.480	  0.000
71	  2.400	1045.021	  1.005	-465136.392	  0.000
72	  2.400	-8187.149	  1.005	-191179.055	  0.000
73	  2.400	-48464.810	  1.005	-99138.986	  0.000
74	  2.400	45613.784	  1.005	272778.334	  0.000
75	  2.400	-61925.856	  1.005	13082.191	  0.000
76	  2.400	7317.037	  1.005	-42916.862	  0.000
77	  2.400	972.526	  1.005	-310750.399	  0.000
78	  2.400	-21789.245	  1.005	-173992.605	  0.000
79	  2.400	-81318.532	  1.005	41972.182	  0.000
80	  2.400	63729.345	  1.005	165481.308	  0.000
0	  2.520	57550.462	  1.005	-588535.849	  0.000
1	  2.520	-140276.774	  1.005	-233571.114	  0.000
2	  2.520	-61832.580	  1.005	-71397.071	  0.000
3	  2.520	-35279.633	  1.005	-458637.662	  0.000
4	  2.520	35343.174	  1.005	543945.574	  0.000
5	  2.520	-2404.482	  1.005	-249195.184	  0.000
6	  2.520	45274.426	  1.005	197551.572	  0.000
7	  2.520	33122.777	  1.005	41865.395	  0.000
8	  2.520	134649.089	  1.005	167452.081	  0.000
9	  2.520	89592.501	  1.005	134478.060	  0.000
10	  2.520	-128616.956	  1.005	184512.397	  0.000
11	  2.520	-46688.667	  1.005	87926.661	  0.000
12	  2.520	-2481.509	  1.005	-234849.642	  0.000
13	  2.520	72127.586	  1.005	-235951.323	  0.000
14	  2.520	62715.872	  1.005	118911.846	  0.000
15	  2.520	-70201.317	  1.005	267595.077	  0.000
16	  2.520	-154034.369	  1.005	-165058.727	  0.000
17	  2.520	-42360.828	  1.005	-267722.014	  0.000
18	  2.520	-92513.264	  1.005	-641467.124	  0.000
19	  2.520	-102208.925	  1.005	138843.840	  0.000
20	  2.520	9234.186	  1.005	-18378.069	  0.000
21	  2.520	-77959.187	  1.005	23986.119	  0.000
22	  2.520	45592.459	  1.005	21423.170	  0.000
23	  2.520	-82385.875	  1.005	123427.686	  0.000
24	  2.520	145376.206	  1.005	-1285161.918	  0.000
25	  2.520	91953.620	  1.005	236813.209	  0.000
26	  2.520	-51523.461	  1.005	-270187.495	  0.000
27	  2.520	-41203.173	  1.005	210099.102	  0.000
28	  2.520	33876.082	  1.005	-14849.950	  0.000
29	  2.520	41651.203	  1.005	457218.740	  0.000
30	  2.520	-93346.589	  1.005	-38995.856	  0.000
31	  2.520	43392.812	  1.005	-7242.999	  0.000
32	  2.520	-102324.252	  1.005	-306231.964	  0.000
33	  2.520	-39123.644	  1.005	-321816.119	  0.000
34	  2.520	-22298.748	  1.005	-480377.726	  0.000
35	  2.520	63101.108	  1.005	655545.432	  0.000
36	  2.520	62911.462	  1.005	102684.003	  0.000
37	  2.520	201.621	  1.005	-354803.753	  0.000
38	  2.520	2323.166	  1.005	693723.156	  0.000
39	  2.520	-16867.278	  1.005	-24191.049	  0.000
40	  2.520	30270.826	  1.005	-142951.060	  0.000
41	  2.520	-55719.759	  1.005	354404.252	  0.000
42	  2.520	-26434.001	  1.005	99163.111	  0.000
43	  2.520	-20056.368	  1.005	-4763.770	  0.000
44	  2.520	-70720.261	  1.005	-28007.956	  0.000
45	  2.520	36870.305	  1.005	-164056.618	  0.000
46	  2.520	72920.005	  1.005	366017.929	  0.000
47	  2.520	-10388.372	  1.005	344949.470	  0.000
48	  2.520	-64014.121	  1.005	101800.129	  0.000
49	  2.520	116507.178	  1.005	-49650.837	  0.000
50	  2.520	-105151.930	  1.005	-709085.679	  0.000
51	  2.520	-194205.870	  1.005	193314.822	  0.000
52	  2.520	-15961.166	  1.005	41258.038	  0.000
53	  2.520	61532.736	  1.005	-212420.327	  0.000
54	  2.520	26564.027	  1.005	345464.489	  0.000
55	  2.520	-45200.918	  1.005	1036341.737	  0.000
56	  2.520	190033.417	  1.005	471970.386	  0.000
57	  2.520	59179.514	  1.005	508276.786	  0.000
58	  2.520	49312.336	  1.005	-47146.411	  0.000
59	  2.520	63096.236	  1.005	787.420	  0.000
60	  2.520	11646.296	  1.005	-11954.482	  0.000
61	  2.520	-25790.291	  1.005	156444.697	  0.000
62	  2.520	-79041.871	  1.005	-166551.462	  0.000
63	  2.520	58540.750	  1.005	126962.933	  0.000
64	  2.520	-30900.814	  1.005	298524.127	  0.000
65	  2.520	-28785.800	  1.005	150317.579	  0.000
66	  2.520	42496.180	  1.005	-197635.989	  0.000
67	  2.520	18220.733	  1.005	51048.850	  0.000
68	  2.520	9939.636	  1.005	20410.979	  0.000
69	  2.520	-2072.011	  1.005	209236.179	  0.000
70	  2.520	-34230.249	  1.005	-3475.061	  0.000
71	  2.520	-46870.308	  1.005	-335855.786	  0.000
72	  2.520	-24387.812	  1.005	-183668.689	  0.000
73	  2.520	-56962.339	  1.005	-49236.738	  0.000
74	  2.520	34615.512	  1.005	-382130.136	  0.000
75	  2.520	-60573.545	  1.005	9119.656	  0.000
76	  2.520	2817.475	  1.005	-31910.697	  0.000
77	  2.520	-15044.113	  1.005	450999.795	  0.000
78	  2.520	20731.825	  1.005	518374.806	  0.000
79	  2.520	-89900.208	  1.005	-251259.806	  0.000
80	  2.520	13782.773	  1.005	-411938.818	  0.000
0	  2.640	-3151.140	  1.005	-418964.478	  0.000
1	  2.640	-77613.551	  1.005	593556.014	  0.000
2	  2.640	-60016.920	  1.005	299668.885	  0.000
3	  2.640	-81023.841	  1.005	-227471.100	  0.000
4	  2.640	91538.280	  1.005	325358.347	  0.000
5	  2.640	-2488.707	  1.005	-25653.767	  0.000
6	  2.640	58640.091	  1.005	49609.057	  0.000
7	  2.640	47586.856	  1.005	393966.403	  0.000
8	  2.640	147296.744	  1.005	75826.022	  0.000
9	  2.640	86987.153	  1.005	360143.207	  0.000
10	  2.640	-112351.666	  1.005	91120.222	  0.000
11	  2.640	-64754.244	  1.005	-285264.413	  0.000
12	  2.640	-22014.985	  1.005	112247.383	  0.000
13	  2.640	50765.587	  1.005	-101812.139	  0.000
14	  2.640	72580.798	  1.005	-142557.578	  0.000
15	  2.640	-65437.043	  1.005	-240119.740	  0.000
16	  2.640	-145372.901	  1.005	84270.406	  0.000
17	  2.640	-56291.959	  1.005	33712.508	  0.000
18	  2.640	-95827.264	  1.005	110109.247	  0.000
19	  2.640	-120925.602	  1.005	-515236.632	  0.000
20	  2.640	12243.866	  1.005	119171.230	  0.000
21	  2.640	-98896.672	  1.005	-124108.198	  0.000
22	  2.640	45811.748	  1.005	-37714.455	  0.000
23	  2.640	-70588.636	  1.005	65639.609	  0.000
24	  2.640	92813.313	  1.005	338062.370	  0.000
25	  2.640	111176.926	  1.005	125054.964	  0.000
26	  2.640	-57162.594	  1.005	312687.695	  0.000
27	  2.640	-41855.110	  1.005	-498971.531	  0.000
28	  2.640	34471.187	  1.005	-105345.401	  0.000
29	  2.640	71097.987	  1.005	84262.447	  0.000
30	  2.640	-93365.165	  1.005	-195805.172	  0.000
31	  2.640	72689.083	  1.005	265528.923	  0.000
32	  2.640	-150790.231	  1.005	-451410.774	  0.000
33	  2.640	-45155.568	  1.005	-389549.455	  0.000
34	  2.640	-58732.972	  1.005	23791.012	  0.000
35	  2.640	92602.294	  1.005	-14833.064	  0.000
36	  2.640	57760.154	  1.005	-46341.390	  0.000
37	  2.640	-12548.874	  1.005	324712.668	  0.000
38	  2.640	69188.975	  1.005	441667.445	  0.000
39	  2.640	13462.588	  1.005	204569.059	  0.000
40	  2.640	26269.398	  1.005	-33349.640	  0.000
41	  2.640	-40022.234	  1.005	88850.087	  0.000
42	  2.640	-26981.925	  1.005	-370631.575	  0.000
43	  2.640	-12271.302	  1.005	261998.804	  0.000
44	  2.640	-72203.020	  1.005	-131266.704	  0.000
45	  2.640	69407.589	  1.005	606951.057	  0.000
46	  2.640	110033.721	  1.005	50531.835	  0.000
47	  2.640	-36788.973	  1.005	-278149.570	  0.000
48	  2.640	-28941.080	  1.005	599432.311	  0.000
49	  2.640	114094.708	  1.005	-1777.795	  0.000
50	  2.640	-147953.638	  1.005	140047.572	  0.000
51	  2.640	-191353.268	  1.005	225030.508	  0.000
52	  2.640	-18675.763	  1.005	-669054.277	  0.000
53	  2.640	43899.763	  1.005	-47659.739	  0.000
54	  2.640	-2801.917	  1.005	-304750.991	  0.000
55	  2.640	59523.054	  1.005	732023.108	  0.000
56	  2.640	237233.434	  1.005	270680.928	  0.000
57	  2.640	63783.122	  1.005	-267828.540	  0.000
58	  2.640	46227.027	  1.005	22085.925	  0.000
59	  2.640	25911.876	  1.005	-251490.869	  0.000
60	  2.640	40158.813	  1.005	451490.769	  0.000
61	  2.640	-46757.961	  1.005	-683683.934	  0.000
62	  2.640	-82585.237	  1.005	59164.109	  0.000
63	  2.640	46244.177	  1.005	-607170.760	  0.000
64	  2.640	-20929.643	  1.005	54473.404	  0.000
65	  2.640	-16463.970	  1.005	291942.952	  0.000
66	  2.640	38910.147	  1.005	-278080.396	  0.000
67	  2.640	22863.959	  1.005	-391223.307	  0.000
68	  2.640	2467.841	  1.005	-90011.008	  0.000
69	  2.640	14602.822	  1.005	25833.276	  0.000
70	  2.640	-47008.559	  1.005	-246632.190	  0.000
71	  2.640	-76292.779	  1.005	-177500.079	  0.000
72	  2.640	-18077.703	  1.005	188830.578	  0.000
73	  2.640	-44436.032	  1.005	743410.043	  0.000
74	  2.640	-5005.061	  1.005	-258507.331	  0.000
75	  2.640	-66882.179	  1.005	105309.157	  0.000
76	  2.640	-13581.373	  1.005	-95921.288	  0.000
77	  2.640	-4487.942	  1.005	-33901.486	  0.000
78	  2.640	68350.832	  1.005	308529.901	  0.000
79	  2.640	-110879.478	  1.005	277356.803	  0.000
80	  2.640	-720.950	  1.005	-167053.028	  0.000
0	  2.760	-32562.216	  1.005	-95159.920	  0.000
1	  2.760	-44419.997	  1.005	-239838.348	  0.000
2	  2.760	-43011.650	  1.005	68425.624	  0.000
3	  2.760	-93816.722	  1.005	-232983.606	  0.000
4	  2.760	121541.297	  1.005	185606.641	  0.000
5	  2.760	26591.053	  1.005	154916.180	  0.000
6	  2.760	25437.044	  1.005	-281394.294	  0.000
7	  2.760	85186.988	  1.005	534097.891	  0.000
8	  2.760	119637.377	  1.005	-379254.409	  0.000
9	  2.760	110862.039	  1.005	-395704.433	  0.000
10	  2.760	-104017.119	  1.005	243703.124	  0.000
11	  2.760	-64889.941	  1.005	31511.095	  0.000
12	  2.760	-29240.807	  1.005	-618170.498	  0.000
13	  2.760	41728.885	  1.005	-45895.256	  0.000
14	  2.760	98156.746	  1.005	495736.178	  0.000
15	  2.760	-58537.863	  1.005	124205.842	  0.000
16	  2.760	-138599.638	  1.005	341541.729	  0.000
17	  2.760	-56382.193	  1.005	-84191.894	  0.000
18	  2.760	-85719.284	  1.005	11707.105	  0.000
19	  2.760	-151600.592	  1.005	-72017.997	  0.000
20	  2.760	19646.029	  1.005	21704.640	  0.000
21	  2.760	-78165.864	  1.005	290945.382	  0.000
22	  2.760	41510.989	  1.005	6769.517	  0.000
23	  2.760	-95131.257	  1.005	-185910.066	  0.000
24	  2.760	70842.303	  1.005	-813969.898	  0.000
25	  2.760	128166.658	  1.005	437094.386	  0.000
26	  2.760	-60660.661	  1.005	-267468.953	  0.000
27	  2.760	-80517.788	  1.005	-449844.462	  0.000
28	  2.760	28587.278	  1.005	-488.300	  0.000
29	  2.760	62231.225	  1.005	-446505.344	  0.000
30	  2.760	-127092.029	  1.005	-467856.970	  0.000
31	  2.760	78798.471	  1.005	21927.795	  0.000
32	  2.760	-173189.225	  1.005	46535.261	  0.000
33	  2.760	-71875.577	  1.005	-100481.863	  0.000
34	  2.760	-75576.730	  1.005	-49532.069	  0.000
35	  2.760	99995.922	  1.005	-25725.388	  0.000
36	  2.760	19843.113	  1.005	-22898.487	  0.000
37	  2.760	8843.010	  1.005	23866.951	  0.000
38	  2.760	112271.861	  1.005	215060.865	  0.000
39	  2.760	45899.713	  1.005	387426.176	  0.000
40	  2.760	9869.194	  1.005	73331.996	  0.000
41	  2.760	-42751.780	  1.005	-57807.396	  0.000
42	  2.760	-57138.923	  1.005	-167884.667	  0.000
43	  2.760	6960.035	  1.005	-33481.625	  0.000
44	  2.760	-54293.708	  1.005	313016.615	  0.000
45	  2.760	92504.315	  1.005	-115585.234	  0.000
46	  2.760	109556.038	  1.005	-15166.436	  0.000
47	  2.760	-61847.003	  1.005	-131885.052	  0.000
48	  2.760	9991.524	  1.005	249747.498	  0.000
49	  2.760	106669.793	  1.005	-32712.161	  0.000
50	  2.760	-133036.903	  1.005	97473.425	  0.000
51	  2.760	-200665.908	  1.005	-116415.854	  0.000
52	  2.760	-56431.803	  1.005	-736022.657	  0.000
53	  2.760	41321.346	  1.005	121640.619	  0.000
54	  2.760	-21909.793	  1.005	286284.265	  0.000
55	  2.760	112045.281	  1.005	-366342.743	  0.000
56	  2.760	262963.618	  1.005	160774.451	  0.000
57	  2.760	55380.848	  1.005	-84275.982	  0.000
58	  2.760	56407.679	  1.005	86264.353	  0.000
59	  2.760	12797.049	  1.005	-349609.709	  0.000
60	  2.760	85716.368	  1.005	318697.902	  0.000
61	  2.760	-90542.887	  1.005	-115318.323	  0.000
62	  2.760	-94489.157	  1.005	119971.515	  0.000
63	  2.760	-8767.291	  1.005	-154970.957	  0.000
64	  2.760	-41546.360	  1.005	-563578.609	  0.000
65	  2.760	-11807.306	  1.005	-22087.949	  0.000
66	  2.760	49516.382	  1.005	359803.446	  0.000
67	  2.760	35689.830	  1.005	-114134.523	  0.000
68	  2.760	30601.332	  1.005	-442137.398	  0.000
69	  2.760	-37491.395	  1.005	-524220.652	  0.000
70	  2.760	-61864.750	  1.005	210146.235	  0.000
71	  2.760	-61397.131	  1.005	300172.725	  0.000
72	  2.760	-659.319	  1.005	64549.269	  0.000
73	  2.760	-80048.683	  1.005	-325196.628	  0.000
74	  2.760	-31532.291	  1.005	361043.236	  0.000
75	  2.760	-65811.858	  1.005	-19344.175	  0.000
76	  2.760	-9408.490	  1.005	51748.473	  0.000
77	  2.760	28774.313	  1.005	653818.733	  0.000
78	  2.760	71158.054	  1.005	-173321.366	  0.000
79	  2.760	-95221.455	  1.005	-58856.831	  0.000
80	  2.760	-18371.674	  1.005	687938.394	  0.000
0	  2.880	-43603.292	  1.005	-98490.527	  0.000
1	  2.880	-34338.566	  1.005	-50434.371	  0.000
2	  2.880	-41970.217	  1.005	37082.572	  0.000
3	  2.880	-100005.050	  1.005	361376.677	  0.000
4	  2.880	124527.658	  1.005	179004.645	  0.000
5	  2.880	19058.371	  1.005	-309575.224	  0.000
6	  2.880	24344.039	  1.005	615587.237	  0.000
7	  2.880	100722.336	  1.005	110439.271	  0.000
8	  2.880	87634.266	  1.005	481280.618	  0.000
9	  2.880	93497.599	  1.005	2674.735	  0.000
10	  2.880	-83045.521	  1.005	83238.612	  0.000
11	  2.880	-64778.820	  1.005	-120117.620	  0.000
12	  2.880	-91713.668	  1.005	-441965.078	  0.000
13	  2.880	103175.628	  1.005	539949.642	  0.000
14	  2.880	123566.669	  1.005	-60488.118	  0.000
15	  2.880	2008.126	  1.005	555963.401	  0.000
16	  2.880	-102518.783	  1.005	248153.359	  0.000
17	  2.880	-60837.964	  1.005	78893.940	  0.000
18	  2.880	-90345.816	  1.005	-1033.857	  0.000
19	  2.880	-133025.972	  1.005	42322.680	  0.000
20	  2.880	18474.979	  1.005	-14910.034	  0.000
21	  2.880	-92025.495	  1.005	-115843.391	  0.000
22	  2.880	42247.020	  1.005	82367.958	  0.000
23	  2.880	-102919.879	  1.005	225445.401	  0.000
24	  2.880	-10648.475	  1.005	-477842.812	  0.000
25	  2.880	169819.263	  1.005	111825.349	  0.000
26	  2.880	-68297.156	  1.005	20004.420	  0.000
27	  2.880	-107377.616	  1.005	-10059.274	  0.000
28	  2.880	27219.723	  1.005	34700.742	  0.000
29	  2.880	18761.263	  1.005	-304952.971	  0.000
30	  2.880	-150338.379	  1.005	-451853.586	  0.000
31	  2.880	65586.592	  1.005	158375.820	  0.000
32	  2.880	-174671.829	  1.005	-59748.615	  0.000
33	  2.880	-55160.706	  1.005	274406.122	  0.000
34	  2.880	-44455.236	  1.005	-428128.351	  0.000
35	  2.880	121823.337	  1.005	442407.548	  0.000
36	  2.880	13014.755	  1.005	-82999.133	  0.000
37	  2.880	-22438.684	  1.005	-222499.029	  0.000
38	  2.880	126381.884	  1.005	24076.734	  0.000
39	  2.880	84856.107	  1.005	277158.871	  0.000
40	  2.880	7124.603	  1.005	212335.385	  0.000
41	  2.880	-52260.532	  1.005	-181769.543	  0.000
42	  2.880	-65411.514	  1.005	-42062.677	  0.000
43	  2.880	6728.672	  1.005	-17460.988	  0.000
44	  2.880	-50535.704	  1.005	-111802.290	  0.000
45	  2.880	70996.115	  1.005	-85400.982	  0.000
46	  2.880	109039.111	  1.005	185113.400	  0.000
47	  2.880	-75082.524	  1.005	85267.247	  0.000
48	  2.880	-20040.071	  1.005	559870.801	  0.000
49	  2.880	126019.433	  1.005	-60807.021	  0.000
50	  2.880	-151489.629	  1.005	-121629.748	  0.000
51	  2.880	-210925.264	  1.005	2524.236	  0.000
52	  2.880	-116906.739	  1.005	323444.908	  0.000
53	  2.880	39055.101	  1.005	-675265.665	  0.000
54	  2.880	7316.736	  1.005	183306.792	  0.000
55	  2.880	101120.779	  1.005	-634765.110	  0.000
56	  2.880	270682.909	  1.005	-36497.527	  0.000
57	  2.880	47276.562	  1.005	-47741.421	  0.000
58	  2.880	56542.736	  1.005	-11534.075	  0.000
59	  2.880	-357.742	  1.005	-27040.028	  0.000
60	  2.880	86219.739	  1.005	-269971.742	  0.000
61	  2.880	-99602.936	  1.005	-411394.271	  0.000
62	  2.880	-78831.337	  1.005	106754.462	  0.000
63	  2.880	-36217.468	  1.005	-247972.736	  0.000
64	  2.880	-73650.015	  1.005	-46906.520	  0.000
65	  2.880	7545.647	  1.005	173292.028	  0.000
66	  2.880	39763.741	  1.005	-48865.974	  0.000
67	  2.880	36506.857	  1.005	106510.154	  0.000
68	  2.880	1050.361	  1.005	-270169.460	  0.000
69	  2.880	-89414.236	  1.005	-305035.287	  0.000
70	  2.880	-42372.105	  1.005	136725.126	  0.000
71	  2.880	-36080.127	  1.005	84038.520	  0.000
72	  2.880	4828.885	  1.005	-1177.561	  0.000
73	  2.880	-96302.243	  1.005	224045.554	  0.000
74	  2.880	-15566.938	  1.005	-17477.685	  0.000
75	  2.880	-61656.283	  1.005	673304.884	  0.000
76	  2.880	-8409.985	  1.005	30117.943	  0.000
77	  2.880	88629.970	  1.005	239825.004	  0.000
78	  2.880	56945.750	  1.005	66089.932	  0.000
79	  2.880	-100892.274	  1.005	-33641.269	  0.000
80	  2.880	55231.337	  1.005	519056.002	  0.000
0	  3.000	-48358.490	  1.005	2005.725	  0.000
1	  3.000	-37532.325	  1.005	-91377.924	  0.000
2	  3.000	-62517.722	  1.005	-754385.276	  0.000
3	  3.000	-66112.757	  1.005	146475.723	  0.000
4	  3.000	143365.828	  1.005	-87974.624	  0.000
5	  3.000	32194.041	  1.005	10710.256	  0.000
6	  3.000	89056.533	  1.005	469741.918	  0.000
7	  3.000	105795.839	  1.005	-17020.787	  0.000
8	  3.000	120822.247	  1.005	92502.107	  0.000
9	  3.000	61204.320	  1.005	-502305.242	  0.000
10	  3.000	-78987.311	  1.005	-142014.067	  0.000
11	  3.000	-20000.526	  1.005	415239.889	  0.000
12	  3.000	-124538.548	  1.005	-336138.327	  0.000
13	  3.000	116663.215	  1.005	22746.872	  0.000
14	  3.000	119972.828	  1.005	-20206.811	  0.000
15	  3.000	3933.070	  1.005	599040.169	  0.000
16	  3.000	-96499.062	  1.005	88805.972	  0.000
17	  3.000	-71770.856	  1.005	443926.467	  0.000
18	  3.000	-87093.973	  1.005	-125040.484	  0.000
19	  3.000	-119498.885	  1.005	210471.757	  0.000
20	  3.000	28849.555	  1.005	108843.813	  0.000
21	  3.000	-108434.773	  1.005	-673105.092	  0.000
22	  3.000	43701.539	  1.005	-72549.730	  0.000
23	  3.000	-87613.588	  1.005	501418.959	  0.000
24	  3.000	-18910.657	  1.005	-117301.359	  0.000
25	  3.000	179115.486	  1.005	19702.624	  0.000
26	  3.000	-68348.774	  1.005	-280196.248	  0.000
27	  3.000	-90803.078	  1.005	138810.986	  0.000
28	  3.000	18111.004	  1.005	-30247.123	  0.000
29	  3.000	7162.981	  1.005	-30087.901	  0.000
30	  3.000	-194458.745	  1.005	32312.686	  0.000
31	  3.000	60719.193	  1.005	-40830.064	  0.000
32	  3.000	-177996.166	  1.005	2334.308	  0.000
33	  3.000	-38078.243	  1.005	-406778.646	  0.000
34	  3.000	-74063.345	  1.005	-137876.493	  0.000
35	  3.000	140355.378	  1.005	18479.356	  0.000
36	  3.000	17596.392	  1.005	468766.617	  0.000
37	  3.000	-50423.458	  1.005	-193849.784	  0.000
38	  3.000	124263.108	  1.005	-6176.063	  0.000
39	  3.000	111664.749	  1.005	127324.336	  0.000
40	  3.000	26173.862	  1.005	201452.290	  0.000
41	  3.000	-14080.133	  1.005	80448.648	  0.000
42	  3.000	-40674.934	  1.005	96959.741	  0.000
43	  3.000	-3734.259	  1.005	8246.869	  0.000
44	  3.000	-57499.552	  1.005	-61018.564	  0.000
45	  3.000	63931.855	  1.005	156627.211	  0.000
46	  3.000	128308.183	  1.005	-38920.794	  0.000
47	  3.000	-73780.167	  1.005	21805.546	  0.000
48	  3.000	-4048.982	  1.005	-188788.676	  0.000
49	  3.000	132164.141	  1.005	-99002.582	  0.000
50	  3.000	-146049.314	  1.005	-29392.681	  0.000
51	  3.000	-209283.926	  1.005	435585.884	  0.000
52	  3.000	-140755.637	  1.005	177266.314	  0.000
53	  3.000	-8783.149	  1.005	-200277.445	  0.000
54	  3.000	8567.766	  1.005	128471.789	  0.000
55	  3.000	51794.371	  1.005	203450.020	  0.000
56	  3.000	249235.293	  1.005	-251590.678	  0.000
57	  3.000	69684.771	  1.005	90503.445	  0.000
58	  3.000	56674.709	  1.005	-249239.522	  0.000
59	  3.000	17938.297	  1.005	154570.652	  0.000
60	  3.000	90341.756	  1.005	116293.265	  0.000
61	  3.000	-111453.597	  1.005	384866.665	  0.000
62	  3.000	-79751.614	  1.005	-121995.125	  0.000
63	  3.000	-46093.333	  1.005	110806.873	  0.000
64	  3.000	-69001.242	  1.005	29285.443	  0.000
65	  3.000	-10715.500	  1.005	-286239.405	  0.000
66	  3.000	9907.509	  1.005	-587926.535	  0.000
67	  3.000	30952.039	  1.005	129874.230	  0.000
68	  3.000	-25720.783	  1.005	-150893.380	  0.000
69	  3.000	-119012.369	  1.005	-193545.047	  0.000
70	  3.000	-52564.392	  1.005	-137440.472	  0.000
71	  3.000	-40433.514	  1.005	170333.065	  0.000
72	  3.000	-144.629	  1.005	-119430.637	  0.000
73	  3.000	-111130.763	  1.005	-28867.244	  0.000
74	  3.000	-15339.214	  1.005	938.790	  0.000
75	  3.000	7281.377	  1.005	424477.586	  0.000
76	  3.000	-5204.180	  1.005	22048.752	  0.000
77	  3.000	94332.301	  1.005	-610073.303	  0.000
78	  3.000	37149.262	  1.005	-259209.150	  0.000
79	  3.000	-103777.288	  1.005	-17430.566	  0.000
80	  3.000	92047.146	  1.005	355003.444	  0.000
