# id	 time	 x	 y	 vx	 vy
0	  0.000	  1.562	  1.000	  0.010	  0.010
1	  0.000	  4.688	  1.000	  0.010	  0.010
2	  0.000	  7.812	  1.000	  0.010	  0.010
3	  0.000	 10.938	  1.000	  0.010	  0.010
4	  0.000	 14.062	  1.000	  0.010	  0.010
5	  0.000	 17.188	  1.000	  0.010	  0.010
6	  0.000	 20.312	  1.000	  0.010	  0.010
7	  0.000	 23.438	  1.000	  0.010	  0.010
8	  0.000	 26.562	  1.000	  0.010	  0.010
9	  0.000	 29.688	  1.000	  0.010	  0.010
10	  0.000	 32.812	  1.000	  0.010	  0.010
11	  0.000	 35.938	  1.000	  0.010	  0.010
12	  0.000	 39.062	  1.000	  0.010	  0.010
13	  0.000	 42.188	  1.000	  0.010	  0.010
14	  0.000	 45.312	  1.000	  0.010	  0.010
15	  0.000	 48.438	  1.000	  0.010	  0.010
16	  0.000	 51.562	  1.000	  0.010	  0.010
17	  0.000	 54.688	  1.000	  0.010	  0.010
18	  0.000	 57.812	  1.000	  0.010	  0.010
19	  0.000	 60.938	  1.000	  0.010	  0.010
20	  0.000	 64.062	  1.000	  0.010	  0.010
21	  0.000	 67.188	  1.000	  0.010	  0.010
22	  0.000	 70.312	  1.000	  0.010	  0.010
23	  0.000	 73.438	  1.000	  0.010	  0.010
24	  0.000	 76.562	  1.000	  0.010	  0.010
25	  0.000	 79.688	  1.000	  0.010	  0.010
26	  0.000	 82.812	  1.000	  0.010	  0.010
27	  0.000	 85.938	  1.000	  0.010	  0.010
28	  0.000	 89.062	  1.000	  0.010	  0.010
29	  0.000	 92.188	  1.000	  0.010	  0.010
30	  0.000	 95.312	  1.000	  0.010	  0.010
31	  0.000	 98.438	  1.000	  0.010	  0.010
0	  0.120	  1.582	  1.001	  0.331	  0.008
1	  0.120	  4.707	  1.001	  0.331	  0.008
2	  0.120	  7.832	  1.001	  0.331	  0.008
3	  0.120	 10.957	  1.001	  0.331	  0.008
4	  0.120	 14.082	  1.001	  0.331	  0.008
5	  0.120	 17.207	  1.001	  0.331	  0.008
6	  0.120	 20.332	  1.001	  0.331	  0.008
7	  0.120	 23.457	  1.001	  0.331	  0.008
8	  0.120	 26.582	  1.001	  0.331	  0.008
9	  0.120	 29.707	  1.001	  0.331	  0.008
10	  0.120	 32.832	  1.001	  0.331	  0.008
11	  0.120	 35.957	  1.001	  0.331	  0.008
12	  0.120	 39.082	  1.001	  0.331	  0.008
13	  0.120	 42.207	  1.001	  0.331	  0.008
14	  0.120	 45.332	  1.001	  0.331	  0.008
15	  0.120	 48.457	  1.001	  0.331	  0.008
16	  0.120	 51.582	  1.001	  0.331	  0.008
17	  0.120	 54.707	  1.001	  0.331	  0.008
18	  0.120	 57.832	  1.001	  0.331	  0.008
19	  0.120	 60.957	  1.001	  0.331	  0.008
20	  0.120	 64.082	  1.001	  0.331	  0.008
21	  0.120	 67.207	  1.001	  0.331	  0.008
22	  0.120	 70.332	  1.001	  0.331	  0.008
23	  0.120	 73.457	  1.001	  0.331	  0.008
24	  0.120	 76.582	  1.001	  0.331	  0.008
25	  0.120	 79.707	  1.001	  0.331	  0.008
26	  0.120	 82.832	  1.001	  0.331	  0.008
27	  0.120	 85.957	  1.001	  0.331	  0.008
28	  0.120	 89.082	  1.001	  0.331	  0.008
29	  0.120	 92.207	  1.001	  0.331	  0.008
30	  0.120	 95.332	  1.001	  0.331	  0.008
31	  0.120	 98.457	  1.001	  0.331	  0.008
0	  0.240	  1.636	  1.002	  0.582	  0.006
1	  0.240	  4.761	  1.002	  0.582	  0.006
2	  0.240	  7.886	  1.002	  0.582	  0.006
3	  0.240	 11.011	  1.002	  0.582	  0.006
4	  0.240	 14.136	  1.002	  0.582	  0.006
5	  0.240	 17.261	  1.002	  0.582	  0.006
6	  0.240	 20.386	  1.002	  0.582	  0.006
7	  0.240	 23.511	  1.002	  0.582	  0.006
8	  0.240	 26.636	  1.002	  0.582	  0.006
9	  0.240	 29.761	  1.002	  0.582	  0.006
10	  0.240	 32.886	  1.002	  0.582	  0.006
11	  0.240	 36.011	  1.002	  0.582	  0.006
12	  0.240	 39.136	  1.002	  0.582	  0.006
13	  0.240	 42.261	  1.002	  0.582	  0.006
14	  0.240	 45.386	  1.002	  0.582	  0.006
15	  0.240	 48.511	  1.002	  0.582	  0.006
16	  0.240	 51.636	  1.002	  0.582	  0.006
17	  0.240	 54.761	  1.002	  0.582	  0.006
18	  0.240	 57.886	  1.002	  0.582	  0.006
19	  0.240	 61.011	  1.002	  0.582	  0.006
20	  0.240	 64.136	  1.002	  0.582	  0.006
21	  0.240	 67.261	  1.002	  0.582	  0.006
22	  0.240	 70.386	  1.002	  0.582	  0.006
23	  0.240	 73.511	  1.002	  0.582	  0.006
24	  0.240	 76.636	  1.002	  0.582	  0.006
25	  0.240	 79.761	  1.002	  0.582	  0.006
26	  0.240	 82.886	  1.002	  0.582	  0.006
27	  0.240	 86.011	  1.002	  0.582	  0.006
28	  0.240	 89.136	  1.002	  0.582	  0.006
29	  0.240	 92.261	  1.002	  0.582	  0.006
30	  0.240	 95.386	  1.002	  0.582	  0.006
31	  0.240	 98.511	  1.002	  0.582	  0.006
0	  0.360	  1.717	  1.003	  0.780	  0.005
1	  0.360	  4.842	  1.003	  0.780	  0.005
2	  0.360	  7.967	  1.003	  0.780	  0.005
3	  0.360	 11.092	  1.003	  0.780	  0.005
4	  0.360	 14.217	  1.003	  0.780	  0.005
5	  0.360	 17.342	  1.003	  0.780	  0.005
6	  0.360	 20.467	  1.003	  0.780	  0.005
7	  0.360	 23.592	  1.003	  0.780	  0.005
8	  0.360	 26.717	  1.003	  0.780	  0.005
9	  0.360	 29.842	  1.003	  0.780	  0.005
10	  0.360	 32.967	  1.003	  0.780	  0.005
11	  0.360	 36.092	  1.003	  0.780	  0.005
12	  0.360	 39.217	  1.003	  0.780	  0.005
13	  0.360	 42.342	  1.003	  0.780	  0.005
14	  0.360	 45.467	  1.003	  0.780	  0.005
15	  0.360	 48.592	  1.003	  0.780	  0.005
16	  0.360	 51.717	  1.003	  0.780	  0.005
17	  0.360	 54.842	  1.003	  0.780	  0.005
18	  0.360	 57.967	  1.003	  0.780	  0.005
19	  0.360	 61.092	  1.003	  0.780	  0.005
20	  0.360	 64.217	  1.003	  0.780	  0.005
21	  0.360	 67.342	  1.003	  0.780	  0.005
22	  0.360	 70.467	  1.003	  0.780	  0.005
23	  0.360	 73.592	  1.003	  0.780	  0.005
24	  0.360	 76.717	  1.003	  0.780	  0.005
25	  0.360	 79.842	  1.003	  0.780	  0.005
26	  0.360	 82.967	  1.003	  0.780	  0.005
27	  0.360	 86.092	  1.003	  0.780	  0.005
28	  0.360	 89.217	  1.003	  0.780	  0.005
29	  0.360	 92.342	  1.003	  0.780	  0.005
30	  0.360	 95.467	  1.003	  0.780	  0.005
31	  0.360	 98.592	  1.003	  0.780	  0.005
0	  0.480	  1.820	  1.003	  0.935	  0.004
1	  0.480	  4.945	  1.003	  0.935	  0.004
2	  0.480	  8.070	  1.003	  0.935	  0.004
3	  0.480	 11.195	  1.003	  0.935	  0.004
4	  0.480	 14.320	  1.003	  0.935	  0.004
5	  0.480	 17.445	  1.003	  0.935	  0.004
6	  0.480	 20.570	  1.003	  0.935	  0.004
7	  0.480	 23.695	  1.003	  0.935	  0.004
8	  0.480	 26.820	  1.003	  0.935	  0.004
9	  0.480	 29.945	  1.003	  0.935	  0.004
10	  0.480	 33.070	  1.003	  0.935	  0.004
11	  0.480	 36.195	  1.003	  0.935	  0.004
12	  0.480	 39.320	  1.003	  0.935	  0.004
13	  0.480	 42.445	  1.003	  0.935	  0.004
14	  0.480	 45.570	  1.003	  0.935	  0.004
15	  0.480	 48.695	  1.003	  0.935	  0.004
16	  0.480	 51.820	  1.003	  0.935	  0.004
17	  0.480	 54.945	  1.003	  0.935	  0.004
18	  0.480	 58.070	  1.003	  0.935	  0.004
19	  0.480	 61.195	  1.003	  0.935	  0.004
20	  0.480	 64.320	  1.003	  0.935	  0.004
21	  0.480	 67.445	  1.003	  0.935	  0.004
22	  0.480	 70.570	  1.003	  0.935	  0.004
23	  0.480	 73.695	  1.003	  0.935	  0.004
24	  0.480	 76.820	  1.003	  0.935	  0.004
25	  0.480	 79.945	  1.003	  0.935	  0.004
26	  0.480	 83.070	  1.003	  0.935	  0.004
27	  0.480	 86.195	  1.003	  0.935	  0.004
28	  0.480	 89.320	  1.003	  0.935	  0.004
29	  0.480	 92.445	  1.003	  0.935	  0.004
30	  0.480	 95.570	  1.003	  0.935	  0.004
31	  0.480	 98.695	  1.003	  0.935	  0.004
0	  0.600	  1.939	  1.004	  1.057	  0.003
1	  0.600	  5.064	  1.004	  1.057	  0.003
2	  0.600	  8.189	  1.004	  1.057	  0.003
3	  0.600	 11.314	  1.004	  1.057	  0.003
4	  0.600	 14.439	  1.004	  1.057	  0.003
5	  0.600	 17.564	  1.004	  1.057	  0.003
6	  0.600	 20.689	  1.004	  1.057	  0.003
7	  0.600	 23.814	  1.004	  1.057	  0.003
8	  0.600	 26.939	  1.004	  1.057	  0.003
9	  0.600	 30.064	  1.004	  1.057	  0.003
10	  0.600	 33.189	  1.004	  1.057	  0.003
11	  0.600	 36.314	  1.004	  1.057	  0.003
12	  0.600	 39.439	  1.004	  1.057	  0.003
13	  0.600	 42.564	  1.004	  1.057	  0.003
14	  0.600	 45.689	  1.004	  1.057	  0.003
15	  0.600	 48.814	  1.004	  1.057	  0.003
16	  0.600	 51.939	  1.004	  1.057	  0.003
17	  0.600	 55.064	  1.004	  1.057	  0.003
18	  0.600	 58.189	  1.004	  1.057	  0.003
19	  0.600	 61.314	  1.004	  1.057	  0.003
20	  0.600	 64.439	  1.004	  1.057	  0.003
21	  0.600	 67.564	  1.004	  1.057	  0.003
22	  0.600	 70.689	  1.004	  1.057	  0.003
23	  0.600	 73.814	  1.004	  1.057	  0.003
24	  0.600	 76.939	  1.004	  1.057	  0.003
25	  0.600	 80.064	  1.004	  1.057	  0.003
26	  0.600	 83.189	  1.004	  1.057	  0.003
27	  0.600	 86.314	  1.004	  1.057	  0.003
28	  0.600	 89.439	  1.004	  1.057	  0.003
29	  0.600	 92.564	  1.004	  1.057	  0.003
30	  0.600	 95.689	  1.004	  1.057	  0.003
31	  0.600	 98.814	  1.004	  1.057	  0.003
0	  0.720	  2.071	  1.004	  1.152	  0.002
1	  0.720	  5.196	  1.004	  1.152	  0.002
2	  0.720	  8.321	  1.004	  1.152	  0.002
3	  0.720	 11.446	  1.004	  1.152	  0.002
4	  0.720	 14.571	  1.004	  1.152	  0.002
5	  0.720	 17.696	  1.004	  1.152	  0.002
6	  0.720	 20.821	  1.004	  1.152	  0.002
7	  0.720	 23.946	  1.004	  1.152	  0.002
8	  0.720	 27.071	  1.004	  1.152	  0.002
9	  0.720	 30.196	  1.004	  1.152	  0.002
10	  0.720	 33.321	  1.004	  1.152	  0.002
11	  0.720	 36.446	  1.004	  1.152	  0.002
12	  0.720	 39.571	  1.004	  1.152	  0.002
13	  0.720	 42.696	  1.004	  1.152	  0.002
14	  0.720	 45.821	  1.004	  1.152	  0.002
15	  0.720	 48.946	  1.004	  1.152	  0.002
16	  0.720	 52.071	  1.004	  1.152	  0.002
17	  0.720	 55.196	  1.004	  1.152	  0.002
18	  0.720	 58.321	  1.004	  1.152	  0.002
19	  0.720	 61.446	  1.004	  1.152	  0.002
20	  0.720	 64.571	  1.004	  1.152	  0.002
21	  0.720	 67.696	  1.004	  1.152	  0.002
22	  0.720	 70.821	  1.004	  1.152	  0.002
23	  0.720	 73.946	  1.004	  1.152	  0.002
24	  0.720	 77.071	  1.004	  1.152	  0.002
25	  0.720	 80.196	  1.004	  1.152	  0.002
26	  0.720	 83.321	  1.004	  1.152	  0.002
27	  0.720	 86.446	  1.004	  1.152	  0.002
28	  0.720	 89.571	  1.004	  1.152	  0.002
29	  0.720	 92.696	  1.004	  1.152	  0.002
30	  0.720	 95.821	  1.004	  1.152	  0.002
31	  0.720	 98.946	  1.004	  1.152	  0.002
0	  0.840	  2.214	  1.004	  1.227	  0.002
1	  0.840	  5.339	  1.004	  1.227	  0.002
2	  0.840	  8.464	  1.004	  1.227	  0.002
3	  0.840	 11.589	  1.004	  1.227	  0.002
4	  0.840	 14.714	  1.004	  1.227	  0.002
5	  0.840	 17.839	  1.004	  1.227	  0.002
6	  0.840	 20.964	  1.004	  1.227	  0.002
7	  0.840	 24.089	  1.004	  1.227	  0.002
8	  0.840	 27.214	  1.004	  1.227	  0.002
9	  0.840	 30.339	  1.004	  1.227	  0.002
10	  0.840	 33.464	  1.004	  1.227	  0.002
11	  0.840	 36.589	  1.004	  1.227	  0.002
12	  0.840	 39.714	  1.004	  1.227	  0.002
13	  0.840	 42.839	  1.004	  1.227	  0.002
14	  0.840	 45.964	  1.004	  1.227	  0.002
15	  0.840	 49.089	  1.004	  1.227	  0.002
16	  0.840	 52.214	  1.004	  1.227	  0.002
17	  0.840	 55.339	  1.004	  1.227	  0.002
18	  0.840	 58.464	  1.004	  1.227	  0.002
19	  0.840	 61.589	  1.004	  1.227	  0.002
20	  0.840	 64.714	  1.004	  1.227	  0.002
21	  0.840	 67.839	  1.004	  1.227	  0.002
22	  0.840	 70.964	  1.004	  1.227	  0.002
23	  0.840	 74.089	  1.004	  1.227	  0.002
24	  0.840	 77.214	  1.004	  1.227	  0.002
25	  0.840	 80.339	  1.004	  1.227	  0.002
26	  0.840	 83.464	  1.004	  1.227	  0.002
27	  0.840	 86.589	  1.004	  1.227	  0.002
28	  0.840	 89.714	  1.004	  1.227	  0.002
29	  0.840	 92.839	  1.004	  1.227	  0.002
30	  0.840	 95.964	  1.004	  1.227	  0.002
31	  0.840	 99.089	  1.004	  1.227	  0.002
0	  0.960	  2.365	  1.004	  1.286	  0.001
1	  0.960	  5.490	  1.004	  1.286	  0.001
2	  0.960	  8.615	  1.004	  1.286	  0.001
3	  0.960	 11.740	  1.004	  1.286	  0.001
4	  0.960	 14.865	  1.004	  1.286	  0.001
5	  0.960	 17.990	  1.004	  1.286	  0.001
6	  0.960	 21.115	  1.004	  1.286	  0.001
7	  0.960	 24.240	  1.004	  1.286	  0.001
8	  0.960	 27.365	  1.004	  1.286	  0.001
9	  0.960	 30.490	  1.004	  1.286	  0.001
10	  0.960	 33.615	  1.004	  1.286	  0.001
11	  0.960	 36.740	  1.004	  1.286	  0.001
12	  0.960	 39.865	  1.004	  1.286	  0.001
13	  0.960	 42.990	  1.004	  1.286	  0.001
14	  0.960	 46.115	  1.004	  1.286	  0.001
15	  0.960	 49.240	  1.004	  1.286	  0.001
16	  0.960	 52.365	  1.004	  1.286	  0.001
17	  0.960	 55.490	  1.004	  1.286	  0.001
18	  0.960	 58.615	  1.004	  1.286	  0.001
19	  0.960	 61.740	  1.004	  1.286	  0.001
20	  0.960	 64.865	  1.004	  1.286	  0.001
21	  0.960	 67.990	  1.004	  1.286	  0.001
22	  0.960	 71.115	  1.004	  1.286	  0.001
23	  0.960	 74.240	  1.004	  1.286	  0.001
24	  0.960	 77.365	  1.004	  1.286	  0.001
25	  0.960	 80.490	  1.004	  1.286	  0.001
26	  0.960	 83.615	  1.004	  1.286	  0.001
27	  0.960	 86.740	  1.004	  1.286	  0.001
28	  0.960	 89.865	  1.004	  1.286	  0.001
29	  0.960	 92.990	  1.004	  1.286	  0.001
30	  0.960	 96.115	  1.004	  1.286	  0.001
31	  0.960	 99.240	  1.004	  1.286	  0.001
0	  1.080	  2.522	  1.004	  1.332	  0.001
1	  1.080	  5.647	  1.004	  1.332	  0.001
2	  1.080	  8.772	  1.004	  1.332	  0.001
3	  1.080	 11.897	  1.004	  1.332	  0.001
4	  1.080	 15.022	  1.004	  1.332	  0.001
5	  1.080	 18.147	  1.004	  1.332	  0.001
6	  1.080	 21.272	  1.004	  1.332	  0.001
7	  1.080	 24.397	  1.004	  1.332	  0.001
8	  1.080	 27.522	  1.004	  1.332	  0.001
9	  1.080	 30.647	  1.004	  1.332	  0.001
10	  1.080	 33.772	  1.004	  1.332	  0.001
11	  1.080	 36.897	  1.004	  1.332	  0.001
12	  1.080	 40.022	  1.004	  1.332	  0.001
13	  1.080	 43.147	  1.004	  1.332	  0.001
14	  1.080	 46.272	  1.004	  1.332	  0.001
15	  1.080	 49.397	  1.004	  1.332	  0.001
16	  1.080	 52.522	  1.004	  1.332	  0.001
17	  1.080	 55.647	  1.004	  1.332	  0.001
18	  1.080	 58.772	  1.004	  1.332	  0.001
19	  1.080	 61.897	  1.004	  1.332	  0.001
20	  1.080	 65.022	  1.004	  1.332	  0.001
21	  1.080	 68.147	  1.004	  1.332	  0.001
22	  1.080	 71.272	  1.004	  1.332	  0.001
23	  1.080	 74.397	  1.004	  1.332	  0.001
24	  1.080	 77.522	  1.004	  1.332	  0.001
25	  1.080	 80.647	  1.004	  1.332	  0.001
26	  1.080	 83.772	  1.004	  1.332	  0.001
27	  1.080	 86.897	  1.004	  1.332	  0.001
28	  1.080	 90.022	  1.004	  1.332	  0.001
29	  1.080	 93.147	  1.004	  1.332	  0.001
30	  1.080	 96.272	  1.004	  1.332	  0.001
31	  1.080	 99.397	  1.004	  1.332	  0.001
0	  1.200	  2.683	  1.005	  1.368	  0.001
1	  1.200	  5.808	  1.005	  1.368	  0.001
2	  1.200	  8.933	  1.005	  1.368	  0.001
3	  1.200	 12.058	  1.005	  1.368	  0.001
4	  1.200	 15.183	  1.005	  1.368	  0.001
5	  1.200	 18.308	  1.005	  1.368	  0.001
6	  1.200	 21.433	  1.005	  1.368	  0.001
7	  1.200	 24.558	  1.005	  1.368	  0.001
8	  1.200	 27.683	  1.005	  1.368	  0.001
9	  1.200	 30.808	  1.005	  1.368	  0.001
10	  1.200	 33.933	  1.005	  1.368	  0.001
11	  1.200	 37.058	  1.005	  1.368	  0.001
12	  1.200	 40.183	  1.005	  1.368	  0.001
13	  1.200	 43.308	  1.005	  1.368	  0.001
14	  1.200	 46.433	  1.005	  1.368	  0.001
15	  1.200	 49.558	  1.005	  1.368	  0.001
16	  1.200	 52.683	  1.005	  1.368	  0.001
17	  1.200	 55.808	  1.005	  1.368	  0.001
18	  1.200	 58.933	  1.005	  1.368	  0.001
19	  1.200	 62.058	  1.005	  1.368	  0.001
20	  1.200	 65.183	  1.005	  1.368	  0.001
21	  1.200	 68.308	  1.005	  1.368	  0.001
22	  1.200	 71.433	  1.005	  1.368	  0.001
23	  1.200	 74.558	  1.005	  1.368	  0.001
24	  1.200	 77.683	  1.005	  1.368	  0.001
25	  1.200	 80.808	  1.005	  1.368	  0.001
26	  1.200	 83.933	  1.005	  1.368	  0.001
27	  1.200	 87.058	  1.005	  1.368	  0.001
28	  1.200	 90.183	  1.005	  1.368	  0.001
29	  1.200	 93.308	  1.005	  1.368	  0.001
30	  1.200	 96.433	  1.005	  1.368	  0.001
31	  1.200	 99.558	  1.005	  1.368	  0.001
0	  1.320	  2.849	  1.005	  1.396	  0.001
1	  1.320	  5.974	  1.005	  1.396	  0.001
2	  1.320	  9.099	  1.005	  1.396	  0.001
3	  1.320	 12.224	  1.005	  1.396	  0.001
4	  1.320	 15.349	  1.005	  1.396	  0.001
5	  1.320	 18.474	  1.005	  1.396	  0.001
6	  1.320	 21.599	  1.005	  1.396	  0.001
7	  1.320	 24.724	  1.005	  1.396	  0.001
8	  1.320	 27.849	  1.005	  1.396	  0.001
9	  1.320	 30.974	  1.005	  1.396	  0.001
10	  1.320	 34.099	  1.005	  1.396	  0.001
11	  1.320	 37.224	  1.005	  1.396	  0.001
12	  1.320	 40.349	  1.005	  1.396	  0.001
13	  1.320	 43.474	  1.005	  1.396	  0.001
14	  1.320	 46.599	  1.005	  1.396	  0.001
15	  1.320	 49.724	  1.005	  1.396	  0.001
16	  1.320	 52.849	  1.005	  1.396	  0.001
17	  1.320	 55.974	  1.005	  1.396	  0.001
18	  1.320	 59.099	  1.005	  1.396	  0.001
19	  1.320	 62.224	  1.005	  1.396	  0.001
20	  1.320	 65.349	  1.005	  1.396	  0.001
21	  1.320	 68.474	  1.005	  1.396	  0.001
22	  1.320	 71.599	  1.005	  1.396	  0.001
23	  1.320	 74.724	  1.005	  1.396	  0.001
24	  1.320	 77.849	  1.005	  1.396	  0.001
25	  1.320	 80.974	  1.005	  1.396	  0.001
26	  1.320	 84.099	  1.005	  1.396	  0.001
27	  1.320	 87.224	  1.005	  1.396	  0.001
28	  1.320	 90.349	  1.005	  1.396	  0.001
29	  1.320	 93.474	  1.005	  1.396	  0.001
30	  1.320	 96.599	  1.005	  1.396	  0.001
31	  1.320	 99.724	  1.005	  1.396	  0.001
0	  1.440	  3.018	  1.005	  1.419	  0.001
1	  1.440	  6.143	  1.005	  1.419	  0.001
2	  1.440	  9.268	  1.005	  1.419	  0.001
3	  1.440	 12.393	  1.005	  1.419	  0.001
4	  1.440	 15.518	  1.005	  1.419	  0.001
5	  1.440	 18.643	  1.005	  1.419	  0.001
6	  1.440	 21.768	  1.005	  1.419	  0.001
7	  1.440	 24.893	  1.005	  1.419	  0.001
8	  1.440	 28.018	  1.005	  1.419	  0.001
9	  1.440	 31.143	  1.005	  1.419	  0.001
10	  1.440	 34.268	  1.005	  1.419	  0.001
11	  1.440	 37.393	  1.005	  1.419	  0.001
12	  1.440	 40.518	  1.005	  1.419	  0.001
13	  1.440	 43.643	  1.005	  1.419	  0.001
14	  1.440	 46.768	  1.005	  1.419	  0.001
15	  1.440	 49.893	  1.005	  1.419	  0.001
16	  1.440	 53.018	  1.005	  1.419	  0.001
17	  1.440	 56.143	  1.005	  1.419	  0.001
18	  1.440	 59.268	  1.005	  1.419	  0.001
19	  1.440	 62.393	  1.005	  1.419	  0.001
20	  1.440	 65.518	  1.005	  1.419	  0.001
21	  1.440	 68.643	  1.005	  1.419	  0.001
22	  1.440	 71.768	  1.005	  1.419	  0.001
23	  1.440	 74.893	  1.005	  1.419	  0.001
24	  1.440	 78.018	  1.005	  1.419	  0.001
25	  1.440	 81.143	  1.005	  1.419	  0.001
26	  1.440	 84.268	  1.005	  1.419	  0.001
27	  1.440	 87.393	  1.005	  1.419	  0.001
28	  1.440	 90.518	  1.005	  1.419	  0.001
29	  1.440	 93.643	  1.005	  1.419	  0.001
30	  1.440	 96.768	  1.005	  1.419	  0.001
31	  1.440	 99.893	  1.005	  1.419	  0.001
0	  1.560	  3.189	  1.005	  1.436	  0.000
1	  1.560	  6.314	  1.005	  1.436	  0.000
2	  1.560	  9.439	  1.005	  1.436	  0.000
3	  1.560	 12.564	  1.005	  1.436	  0.000
4	  1.560	 15.689	  1.005	  1.436	  0.000
5	  1.560	 18.814	  1.005	  1.436	  0.000
6	  1.560	 21.939	  1.005	  1.436	  0.000
7	  1.560	 25.064	  1.005	  1.436	  0.000
8	  1.560	 28.189	  1.005	  1.436	  0.000
9	  1.560	 31.314	  1.005	  1.436	  0.000
10	  1.560	 34.439	  1.005	  1.436	  0.000
11	  1.560	 37.564	  1.005	  1.436	  0.000
12	  1.560	 40.689	  1.005	  1.436	  0.000
13	  1.560	 43.814	  1.005	  1.436	  0.000
14	  1.560	 46.939	  1.005	  1.436	  0.000
15	  1.560	 50.064	  1.005	  1.436	  0.000
16	  1.560	 53.189	  1.005	  1.436	  0.000
17	  1.560	 56.314	  1.005	  1.436	  0.000
18	  1.560	 59.439	  1.005	  1.436	  0.000
19	  1.560	 62.564	  1.005	  1.436	  0.000
20	  1.560	 65.689	  1.005	  1.436	  0.000
21	  1.560	 68.814	  1.005	  1.436	  0.000
22	  1.560	 71.939	  1.005	  1.436	  0.000
23	  1.560	 75.064	  1.005	  1.436	  0.000
24	  1.560	 78.189	  1.005	  1.436	  0.000
25	  1.560	 81.314	  1.005	  1.436	  0.000
26	  1.560	 84.439	  1.005	  1.436	  0.000
27	  1.560	 87.564	  1.005	  1.436	  0.000
28	  1.560	 90.689	  1.005	  1.436	  0.000
29	  1.560	 93.814	  1.005	  1.436	  0.000
30	  1.560	 96.939	  1.005	  1.436	  0.000
31	  1.560	100.064	  1.005	  1.436	  0.000
0	  1.680	  3.363	  1.005	  1.450	  0.000
1	  1.680	  6.488	  1.005	  1.450	  0.000
2	  1.680	  9.613	  1.005	  1.450	  0.000
3	  1.680	 12.738	  1.005	  1.450	  0.000
4	  1.680	 15.863	  1.005	  1.450	  0.000
5	  1.680	 18.988	  1.005	  1.450	  0.000
6	  1.680	 22.113	  1.005	  1.450	  0.000
7	  1.680	 25.238	  1.005	  1.450	  0.000
8	  1.680	 28.363	  1.005	  1.450	  0.000
9	  1.680	 31.488	  1.005	  1.450	  0.000
10	  1.680	 34.613	  1.005	  1.450	  0.000
11	  1.680	 37.738	  1.005	  1.450	  0.000
12	  1.680	 40.863	  1.005	  1.450	  0.000
13	  1.680	 43.988	  1.005	  1.450	  0.000
14	  1.680	 47.113	  1.005	  1.450	  0.000
15	  1.680	 50.238	  1.005	  1.450	  0.000
16	  1.680	 53.363	  1.005	  1.450	  0.000
17	  1.680	 56.488	  1.005	  1.450	  0.000
18	  1.680	 59.613	  1.005	  1.450	  0.000
19	  1.680	 62.738	  1.005	  1.450	  0.000
20	  1.680	 65.863	  1.005	  1.450	  0.000
21	  1.680	 68.988	  1.005	  1.450	  0.000
22	  1.680	 72.113	  1.005	  1.450	  0.000
23	  1.680	 75.238	  1.005	  1.450	  0.000
24	  1.680	 78.363	  1.005	  1.450	  0.000
25	  1.680	 81.488	  1.005	  1.450	  0.000
26	  1.680	 84.613	  1.005	  1.450	  0.000
27	  1.680	 87.738	  1.005	  1.450	  0.000
28	  1.680	 90.863	  1.005	  1.450	  0.000
29	  1.680	 93.988	  1.005	  1.450	  0.000
30	  1.680	 97.113	  1.005	  1.450	  0.000
31	  1.680	100.238	  1.005	  1.450	  0.000
0	  1.800	  3.537	  1.005	  1.461	  0.000
1	  1.800	  6.662	  1.005	  1.461	  0.000
2	  1.800	  9.787	  1.005	  1.461	  0.000
3	  1.800	 12.912	  1.005	  1.461	  0.000
4	  1.800	 16.037	  1.005	  1.461	  0.000
5	  1.800	 19.162	  1.005	  1.461	  0.000
6	  1.800	 22.287	  1.005	  1.461	  0.000
7	  1.800	 25.412	  1.005	  1.461	  0.000
8	  1.800	 28.537	  1.005	  1.461	  0.000
9	  1.800	 31.662	  1.005	  1.461	  0.000
10	  1.800	 34.787	  1.005	  1.461	  0.000
11	  1.800	 37.912	  1.005	  1.461	  0.000
12	  1.800	 41.037	  1.005	  1.461	  0.000
13	  1.800	 44.162	  1.005	  1.461	  0.000
14	  1.800	 47.287	  1.005	  1.461	  0.000
15	  1.800	 50.412	  1.005	  1.461	  0.000
16	  1.800	 53.537	  1.005	  1.461	  0.000
17	  1.800	 56.662	  1.005	  1.461	  0.000
18	  1.800	 59.787	  1.005	  1.461	  0.000
19	  1.800	 62.912	  1.005	  1.461	  0.000
20	  1.800	 66.037	  1.005	  1.461	  0.000
21	  1.800	 69.162	  1.005	  1.461	  0.000
22	  1.800	 72.287	  1.005	  1.461	  0.000
23	  1.800	 75.412	  1.005	  1.461	  0.000
24	  1.800	 78.537	  1.005	  1.461	  0.000
25	  1.800	 81.662	  1.005	  1.461	  0.000
26	  1.800	 84.787	  1.005	  1.461	  0.000
27	  1.800	 87.912	  1.005	  1.461	  0.000
28	  1.800	 91.037	  1.005	  1.461	  0.000
29	  1.800	 94.162	  1.005	  1.461	  0.000
30	  1.800	 97.287	  1.005	  1.461	  0.000
31	  1.800	100.412	  1.005	  1.461	  0.000
0	  1.920	  3.713	  1.005	  1.469	  0.000
1	  1.920	  6.838	  1.005	  1.469	  0.000
2	  1.920	  9.963	  1.005	  1.469	  0.000
3	  1.920	 13.088	  1.005	  1.469	  0.000
4	  1.920	 16.213	  1.005	  1.469	  0.000
5	  1.920	 19.338	  1.005	  1.469	  0.000
6	  1.920	 22.463	  1.005	  1.469	  0.000
7	  1.920	 25.588	  1.005	  1.469	  0.000
8	  1.920	 28.713	  1.005	  1.469	  0.000
9	  1.920	 31.838	  1.005	  1.469	  0.000
10	  1.920	 34.963	  1.005	  1.469	  0.000
11	  1.920	 38.088	  1.005	  1.469	  0.000
12	  1.920	 41.213	  1.005	  1.469	  0.000
13	  1.920	 44.338	  1.005	  1.469	  0.000
14	  1.920	 47.463	  1.005	  1.469	  0.000
15	  1.920	 50.588	  1.005	  1.469	  0.000
16	  1.920	 53.713	  1.005	  1.469	  0.000
17	  1.920	 56.838	  1.005	  1.469	  0.000
18	  1.920	 59.963	  1.005	  1.469	  0.000
19	  1.920	 63.088	  1.005	  1.469	  0.000
20	  1.920	 66.213	  1.005	  1.469	  0.000
21	  1.920	 69.338	  1.005	  1.469	  0.000
22	  1.920	 72.463	  1.005	  1.469	  0.000
23	  1.920	 75.588	  1.005	  1.469	  0.000
24	  1.920	 78.713	  1.005	  1.469	  0.000
25	  1.920	 81.838	  1.005	  1.469	  0.000
26	  1.920	 84.963	  1.005	  1.469	  0.000
27	  1.920	 88.088	  1.005	  1.469	  0.000
28	  1.920	 91.213	  1.005	  1.469	  0.000
29	  1.920	 94.338	  1.005	  1.469	  0.000
30	  1.920	 97.463	  1.005	  1.469	  0.000
31	  1.920	100.588	  1.005	  1.469	  0.000
0	  2.040	  3.890	  1.005	  1.476	  0.000
1	  2.040	  7.015	  1.005	  1.476	  0.000
2	  2.040	 10.140	  1.005	  1.476	  0.000
3	  2.040	 13.265	  1.005	  1.476	  0.000
4	  2.040	 16.390	  1.005	  1.476	  0.000
5	  2.040	 19.515	  1.005	  1.476	  0.000
6	  2.040	 22.640	  1.005	  1.476	  0.000
7	  2.040	 25.765	  1.005	  1.476	  0.000
8	  2.040	 28.890	  1.005	  1.476	  0.000
9	  2.040	 32.015	  1.005	  1.476	  0.000
10	  2.040	 35.140	  1.005	  1.476	  0.000
11	  2.040	 38.265	  1.005	  1.476	  0.000
12	  2.040	 41.390	  1.005	  1.476	  0.000
13	  2.040	 44.515	  1.005	  1.476	  0.000
14	  2.040	 47.640	  1.005	  1.476	  0.000
15	  2.040	 50.765	  1.005	  1.476	  0.000
16	  2.040	 53.890	  1.005	  1.476	  0.000
17	  2.040	 57.015	  1.005	  1.476	  0.000
18	  2.040	 60.140	  1.005	  1.476	  0.000
19	  2.040	 63.265	  1.005	  1.476	  0.000
20	  2.040	 66.390	  1.005	  1.476	  0.000
21	  2.040	 69.515	  1.005	  1.476	  0.000
22	  2.040	 72.640	  1.005	  1.476	  0.000
23	  2.040	 75.765	  1.005	  1.476	  0.000
24	  2.040	 78.890	  1.005	  1.476	  0.000
25	  2.040	 82.015	  1.005	  1.476	  0.000
26	  2.040	 85.140	  1.005	  1.476	  0.000
27	  2.040	 88.265	  1.005	  1.476	  0.000
28	  2.040	 91.390	  1.005	  1.476	  0.000
29	  2.040	 94.515	  1.005	  1.476	  0.000
30	  2.040	 97.640	  1.005	  1.476	  0.000
31	  2.040	100.765	  1.005	  1.476	  0.000
0	  2.160	  4.067	  1.005	  1.481	  0.000
1	  2.160	  7.192	  1.005	  1.481	  0.000
2	  2.160	 10.317	  1.005	  1.481	  0.000
3	  2.160	 13.442	  1.005	  1.481	  0.000
4	  2.160	 16.567	  1.005	  1.481	  0.000
5	  2.160	 19.692	  1.005	  1.481	  0.000
6	  2.160	 22.817	  1.005	  1.481	  0.000
7	  2.160	 25.942	  1.005	  1.481	  0.000
8	  2.160	 29.067	  1.005	  1.481	  0.000
9	  2.160	 32.192	  1.005	  1.481	  0.000
10	  2.160	 35.317	  1.005	  1.481	  0.000
11	  2.160	 38.442	  1.005	  1.481	  0.000
12	  2.160	 41.567	  1.005	  1.481	  0.000
13	  2.160	 44.692	  1.005	  1.481	  0.000
14	  2.160	 47.817	  1.005	  1.481	  0.000
15	  2.160	 50.942	  1.005	  1.481	  0.000
16	  2.160	 54.067	  1.005	  1.481	  0.000
17	  2.160	 57.192	  1.005	  1.481	  0.000
18	  2.160	 60.317	  1.005	  1.481	  0.000
19	  2.160	 63.442	  1.005	  1.481	  0.000
20	  2.160	 66.567	  1.005	  1.481	  0.000
21	  2.160	 69.692	  1.005	  1.481	  0.000
22	  2.160	 72.817	  1.005	  1.481	  0.000
23	  2.160	 75.942	  1.005	  1.481	  0.000
24	  2.160	 79.067	  1.005	  1.481	  0.000
25	  2.160	 82.192	  1.005	  1.481	  0.000
26	  2.160	 85.317	  1.005	  1.481	  0.000
27	  2.160	 88.442	  1.005	  1.481	  0.000
28	  2.160	 91.567	  1.005	  1.481	  0.000
29	  2.160	 94.692	  1.005	  1.481	  0.000
30	  2.160	 97.817	  1.005	  1.481	  0.000
31	  2.160	100.942	  1.005	  1.481	  0.000
0	  2.280	  4.245	  1.005	  1.485	  0.000
1	  2.280	  7.370	  1.005	  1.485	  0.000
2	  2.280	 10.495	  1.005	  1.485	  0.000
3	  2.280	 13.620	  1.005	  1.485	  0.000
4	  2.280	 16.745	  1.005	  1.485	  0.000
5	  2.280	 19.870	  1.005	  1.485	  0.000
6	  2.280	 22.995	  1.005	  1.485	  0.000
7	  2.280	 26.120	  1.005	  1.485	  0.000
8	  2.280	 29.245	  1.005	  1.485	  0.000
9	  2.280	 32.370	  1.005	  1.485	  0.000
10	  2.280	 35.495	  1.005	  1.485	  0.000
11	  2.280	 38.620	  1.005	  1.485	  0.000
12	  2.280	 41.745	  1.005	  1.485	  0.000
13	  2.280	 44.870	  1.005	  1.485	  0.000
14	  2.280	 47.995	  1.005	  1.485	  0.000
15	  2.280	 51.120	  1.005	  1.485	  0.000
16	  2.280	 54.245	  1.005	  1.485	  0.000
17	  2.280	 57.370	  1.005	  1.485	  0.000
18	  2.280	 60.495	  1.005	  1.485	  0.000
19	  2.280	 63.620	  1.005	  1.485	  0.000
20	  2.280	 66.745	  1.005	  1.485	  0.000
21	  2.280	 69.870	  1.005	  1.485	  0.000
22	  2.280	 72.995	  1.005	  1.485	  0.000
23	  2.280	 76.120	  1.005	  1.485	  0.000
24	  2.280	 79.245	  1.005	  1.485	  0.000
25	  2.280	 82.370	  1.005	  1.485	  0.000
26	  2.280	 85.495	  1.005	  1.485	  0.000
27	  2.280	 88.620	  1.005	  1.485	  0.000
28	  2.280	 91.745	  1.005	  1.485	  0.000
29	  2.280	 94.870	  1.005	  1.485	  0.000
30	  2.280	 97.995	  1.005	  1.485	  0.000
31	  2.280	101.120	  1.005	  1.485	  0.000
0	  2.400	  4.423	  1.005	  1.488	  0.000
1	  2.400	  7.548	  1.005	  1.488	  0.000
2	  2.400	 10.673	  1.005	  1.488	  0.000
3	  2.400	 13.798	  1.005	  1.488	  0.000
4	  2.400	 16.923	  1.005	  1.488	  0.000
5	  2.400	 20.048	  1.005	  1.488	  0.000
6	  2.400	 23.173	  1.005	  1.488	  0.000
7	  2.400	 26.298	  1.005	  1.488	  0.000
8	  2.400	 29.423	  1.005	  1.488	  0.000
9	  2.400	 32.548	  1.005	  1.488	  0.000
10	  2.400	 35.673	  1.005	  1.488	  0.000
11	  2.400	 38.798	  1.005	  1.488	  0.000
12	  2.400	 41.923	  1.005	  1.488	  0.000
13	  2.400	 45.048	  1.005	  1.488	  0.000
14	  2.400	 48.173	  1.005	  1.488	  0.000
15	  2.400	 51.298	  1.005	  1.488	  0.000
16	  2.400	 54.423	  1.005	  1.488	  0.000
17	  2.400	 57.548	  1.005	  1.488	  0.000
18	  2.400	 60.673	  1.005	  1.488	  0.000
19	  2.400	 63.798	  1.005	  1.488	  0.000
20	  2.400	 66.923	  1.005	  1.488	  0.000
21	  2.400	 70.048	  1.005	  1.488	  0.000
22	  2.400	 73.173	  1.005	  1.488	  0.000
23	  2.400	 76.298	  1.005	  1.488	  0.000
24	  2.400	 79.423	  1.005	  1.488	  0.000
25	  2.400	 82.548	  1.005	  1.488	  0.000
26	  2.400	 85.673	  1.005	  1.488	  0.000
27	  2.400	 88.798	  1.005	  1.488	  0.000
28	  2.400	 91.923	  1.005	  1.488	  0.000
29	  2.400	 95.048	  1.005	  1.488	  0.000
30	  2.400	 98.173	  1.005	  1.488	  0.000
31	  2.400	101.298	  1.005	  1.488	  0.000
0	  2.520	  4.602	  1.005	  1.491	  0.000
1	  2.520	  7.727	  1.005	  1.491	  0.000
2	  2.520	 10.852	  1.005	  1.491	  0.000
3	  2.520	 13.977	  1.005	  1.491	  0.000
4	  2.520	 17.102	  1.005	  1.491	  0.000
5	  2.520	 20.227	  1.005	  1.491	  0.000
6	  2.520	 23.352	  1.005	  1.491	  0.000
7	  2.520	 26.477	  1.005	  1.491	  0.000
8	  2.520	 29.602	  1.005	  1.491	  0.000
9	  2.520	 32.727	  1.005	  1.491	  0.000
10	  2.520	 35.852	  1.005	  1.491	  0.000
11	  2.520	 38.977	  1.005	  1.491	  0.000
12	  2.520	 42.102	  1.005	  1.491	  0.000
13	  2.520	 45.227	  1.005	  1.491	  0.000
14	  2.520	 48.352	  1.005	  1.491	  0.000
15	  2.520	 51.477	  1.005	  1.491	  0.000
16	  2.520	 54.602	  1.005	  1.491	  0.000
17	  2.520	 57.727	  1.005	  1.491	  0.000
18	  2.520	 60.852	  1.005	  1.491	  0.000
19	  2.520	 63.977	  1.005	  1.491	  0.000
20	  2.520	 67.102	  1.005	  1.491	  0.000
21	  2.520	 70.227	  1.005	  1.491	  0.000
22	  2.520	 73.352	  1.005	  1.491	  0.000
23	  2.520	 76.477	  1.005	  1.491	  0.000
24	  2.520	 79.602	  1.005	  1.491	  0.000
25	  2.520	 82.727	  1.005	  1.491	  0.000
26	  2.520	 85.852	  1.005	  1.491	  0.000
27	  2.520	 88.977	  1.005	  1.491	  0.000
28	  2.520	 92.102	  1.005	  1.491	  0.000
29	  2.520	 95.227	  1.005	  1.491	  0.000
30	  2.520	 98.352	  1.005	  1.491	  0.000
31	  2.520	101.477	  1.005	  1.491	  0.000
0	  2.640	  4.781	  1.005	  1.493	  0.000
1	  2.640	  7.906	  1.005	  1.493	  0.000
2	  2.640	 11.031	  1.005	  1.493	  0.000
3	  2.640	 14.156	  1.005	  1.493	  0.000
4	  2.640	 17.281	  1.005	  1.493	  0.000
5	  2.640	 20.406	  1.005	  1.493	  0.000
6	  2.640	 23.531	  1.005	  1.493	  0.000
7	  2.640	 26.656	  1.005	  1.493	  0.000
8	  2.640	 29.781	  1.005	  1.493	  0.000
9	  2.640	 32.906	  1.005	  1.493	  0.000
10	  2.640	 36.031	  1.005	  1.493	  0.000
11	  2.640	 39.156	  1.005	  1.493	  0.000
12	  2.640	 42.281	  1.005	  1.493	  0.000
13	  2.640	 45.406	  1.005	  1.493	  0.000
14	  2.640	 48.531	  1.005	  1.493	  0.000
15	  2.640	 51.656	  1.005	  1.493	  0.000
16	  2.640	 54.781	  1.005	  1.493	  0.000
17	  2.640	 57.906	  1.005	  1.493	  0.000
18	  2.640	 61.031	  1.005	  1.493	  0.000
19	  2.640	 64.156	  1.005	  1.493	  0.000
20	  2.640	 67.281	  1.005	  1.493	  0.000
21	  2.640	 70.406	  1.005	  1.493	  0.000
22	  2.640	 73.531	  1.005	  1.493	  0.000
23	  2.640	 76.656	  1.005	  1.493	  0.000
24	  2.640	 79.781	  1.005	  1.493	  0.000
25	  2.640	 82.906	  1.005	  1.493	  0.000
26	  2.640	 86.031	  1.005	  1.493	  0.000
27	  2.640	 89.156	  1.005	  1.493	  0.000
28	  2.640	 92.281	  1.005	  1.493	  0.000
29	  2.640	 95.406	  1.005	  1.493	  0.000
30	  2.640	 98.531	  1.005	  1.493	  0.000
31	  2.640	101.656	  1.005	  1.493	  0.000
0	  2.760	  4.960	  1.005	  1.494	  0.000
1	  2.760	  8.085	  1.005	  1.494	  0.000
2	  2.760	 11.210	  1.005	  1.494	  0.000
3	  2.760	 14.335	  1.005	  1.494	  0.000
4	  2.760	 17.460	  1.005	  1.494	  0.000
5	  2.760	 20.585	  1.005	  1.494	  0.000
6	  2.760	 23.710	  1.005	  1.494	  0.000
7	  2.760	 26.835	  1.005	  1.494	  0.000
8	  2.760	 29.960	  1.005	  1.494	  0.000
9	  2.760	 33.085	  1.005	  1.494	  0.000
10	  2.760	 36.210	  1.005	  1.494	  0.000
11	  2.760	 39.335	  1.005	  1.494	  0.000
12	  2.760	 42.460	  1.005	  1.494	  0.000
13	  2.760	 45.585	  1.005	  1.494	  0.000
14	  2.760	 48.710	  1.005	  1.494	  0.000
15	  2.760	 51.835	  1.005	  1.494	  0.000
16	  2.760	 54.960	  1.005	  1.494	  0.000
17	  2.760	 58.085	  1.005	  1.494	  0.000
18	  2.760	 61.210	  1.005	  1.494	  0.000
19	  2.760	 64.335	  1.005	  1.494	  0.000
20	  2.760	 67.460	  1.005	  1.494	  0.000
21	  2.760	 70.585	  1.005	  1.494	  0.000
22	  2.760	 73.710	  1.005	  1.494	  0.000
23	  2.760	 76.835	  1.005	  1.494	  0.000
24	  2.760	 79.960	  1.005	  1.494	  0.000
25	  2.760	 83.085	  1.005	  1.494	  0.000
26	  2.760	 86.210	  1.005	  1.494	  0.000
27	  2.760	 89.335	  1.005	  1.494	  0.000
28	  2.760	 92.460	  1.005	  1.494	  0.000
29	  2.760	 95.585	  1.005	  1.494	  0.000
30	  2.760	 98.710	  1.005	  1.494	  0.000
31	  2.760	101.835	  1.005	  1.494	  0.000
0	  2.880	  5.140	  1.005	  1.496	  0.000
1	  2.880	  8.265	  1.005	  1.496	  0.000
2	  2.880	 11.390	  1.005	  1.496	  0.000
3	  2.880	 14.515	  1.005	  1.496	  0.000
4	  2.880	 17.640	  1.005	  1.496	  0.000
5	  2.880	 20.765	  1.005	  1.496	  0.000
6	  2.880	 23.890	  1.005	  1.496	  0.000
7	  2.880	 27.015	  1.005	  1.496	  0.000
8	  2.880	 30.140	  1.005	  1.496	  0.000
9	  2.880	 33.265	  1.005	  1.496	  0.000
10	  2.880	 36.390	  1.005	  1.496	  0.000
11	  2.880	 39.515	  1.005	  1.496	  0.000
12	  2.880	 42.640	  1.005	  1.496	  0.000
13	  2.880	 45.765	  1.005	  1.496	  0.000
14	  2.880	 48.890	  1.005	  1.496	  0.000
15	  2.880	 52.015	  1.005	  1.496	  0.000
16	  2.880	 55.140	  1.005	  1.496	  0.000
17	  2.880	 58.265	  1.005	  1.496	  0.000
18	  2.880	 61.390	  1.005	  1.496	  0.000
19	  2.880	 64.515	  1.005	  1.496	  0.000
20	  2.880	 67.640	  1.005	  1.496	  0.000
21	  2.880	 70.765	  1.005	  1.496	  0.000
22	  2.880	 73.890	  1.005	  1.496	  0.000
23	  2.880	 77.015	  1.005	  1.496	  0.000
24	  2.880	 80.140	  1.005	  1.496	  0.000
25	  2.880	 83.265	  1.005	  1.496	  0.000
26	  2.880	 86.390	  1.005	  1.496	  0.000
27	  2.880	 89.515	  1.005	  1.496	  0.000
28	  2.880	 92.640	  1.005	  1.496	  0.000
29	  2.880	 95.765	  1.005	  1.496	  0.000
30	  2.880	 98.890	  1.005	  1.496	  0.000
31	  2.880	102.015	  1.005	  1.496	  0.000
0	  3.000	  5.319	  1.005	  1.497	  0.000
1	  3.000	  8.444	  1.005	  1.497	  0.000
2	  3.000	 11.569	  1.005	  1.497	  0.000
3	  3.000	 14.694	  1.005	  1.497	  0.000
4	  3.000	 17.819	  1.005	  1.497	  0.000
5	  3.000	 20.944	  1.005	  1.497	  0.000
6	  3.000	 24.069	  1.005	  1.497	  0.000
7	  3.000	 27.194	  1.005	  1.497	  0.000
8	  3.000	 30.319	  1.005	  1.497	  0.000
9	  3.000	 33.444	  1.005	  1.497	  0.000
10	  3.000	 36.569	  1.005	  1.497	  0.000
11	  3.000	 39.694	  1.005	  1.497	  0.000
12	  3.000	 42.819	  1.005	  1.497	  0.000
13	  3.000	 45.944	  1.005	  1.497	  0.000
14	  3.000	 49.069	  1.005	  1.497	  0.000
15	  3.000	 52.194	  1.005	  1.497	  0.000
16	  3.000	 55.319	  1.005	  1.497	  0.000
17	  3.000	 58.444	  1.005	  1.497	  0.000
18	  3.000	 61.569	  1.005	  1.497	  0.000
19	  3.000	 64.694	  1.005	  1.497	  0.000
20	  3.000	 67.819	  1.005	  1.497	  0.000
21	  3.000	 70.944	  1.005	  1.497	  0.000
22	  3.000	 74.069	  1.005	  1.497	  0.000
23	  3.000	 77.194	  1.005	  1.497	  0.000
24	  3.000	 80.319	  1.005	  1.497	  0.000
25	  3.000	 83.444	  1.005	  1.497	  0.000
26	  3.000	 86.569	  1.005	  1.497	  0.000
27	  3.000	 89.694	  1.005	  1.497	  0.000
28	  3.000	 92.819	  1.005	  1.497	  0.000
29	  3.000	 95.944	  1.005	  1.497	  0.000
30	  3.000	 99.069	  1.005	  1.497	  0.000
31	  3.000	102.194	  1.005	  1.497	  0.000
