# id	 time	 x	 y	 vx	 vy
0	  0.000	  1.163	  1.000	  0.010	  0.010
1	  0.000	  3.488	  1.000	  0.010	  0.010
2	  0.000	  5.814	  1.000	  0.010	  0.010
3	  0.000	  8.140	  1.000	  0.010	  0.010
4	  0.000	 10.465	  1.000	  0.010	  0.010
5	  0.000	 12.791	  1.000	  0.010	  0.010
6	  0.000	 15.116	  1.000	  0.010	  0.010
7	  0.000	 17.442	  1.000	  0.010	  0.010
8	  0.000	 19.767	  1.000	  0.010	  0.010
9	  0.000	 22.093	  1.000	  0.010	  0.010
10	  0.000	 24.419	  1.000	  0.010	  0.010
11	  0.000	 26.744	  1.000	  0.010	  0.010
12	  0.000	 29.070	  1.000	  0.010	  0.010
13	  0.000	 31.395	  1.000	  0.010	  0.010
14	  0.000	 33.721	  1.000	  0.010	  0.010
15	  0.000	 36.047	  1.000	  0.010	  0.010
16	  0.000	 38.372	  1.000	  0.010	  0.010
17	  0.000	 40.698	  1.000	  0.010	  0.010
18	  0.000	 43.023	  1.000	  0.010	  0.010
19	  0.000	 45.349	  1.000	  0.010	  0.010
20	  0.000	 47.674	  1.000	  0.010	  0.010
21	  0.000	 50.000	  1.000	  0.010	  0.010
22	  0.000	 52.326	  1.000	  0.010	  0.010
23	  0.000	 54.651	  1.000	  0.010	  0.010
24	  0.000	 56.977	  1.000	  0.010	  0.010
25	  0.000	 59.302	  1.000	  0.010	  0.010
26	  0.000	 61.628	  1.000	  0.010	  0.010
27	  0.000	 63.953	  1.000	  0.010	  0.010
28	  0.000	 66.279	  1.000	  0.010	  0.010
29	  0.000	 68.605	  1.000	  0.010	  0.010
30	  0.000	 70.930	  1.000	  0.010	  0.010
31	  0.000	 73.256	  1.000	  0.010	  0.010
32	  0.000	 75.581	  1.000	  0.010	  0.010
33	  0.000	 77.907	  1.000	  0.010	  0.010
34	  0.000	 80.233	  1.000	  0.010	  0.010
35	  0.000	 82.558	  1.000	  0.010	  0.010
36	  0.000	 84.884	  1.000	  0.010	  0.010
37	  0.000	 87.209	  1.000	  0.010	  0.010
38	  0.000	 89.535	  1.000	  0.010	  0.010
39	  0.000	 91.860	  1.000	  0.010	  0.010
40	  0.000	 94.186	  1.000	  0.010	  0.010
41	  0.000	 96.512	  1.000	  0.010	  0.010
42	  0.000	 98.837	  1.000	  0.010	  0.010
0	  0.120	  1.182	  1.001	  0.331	  0.008
1	  0.120	  3.508	  1.001	  0.331	  0.008
2	  0.120	  5.834	  1.001	  0.331	  0.008
3	  0.120	  8.159	  1.001	  0.331	  0.008
4	  0.120	 10.485	  1.001	  0.331	  0.008
5	  0.120	 12.810	  1.001	  0.331	  0.008
6	  0.120	 15.136	  1.001	  0.331	  0.008
7	  0.120	 17.461	  1.001	  0.331	  0.008
8	  0.120	 19.787	  1.001	  0.331	  0.008
9	  0.120	 22.113	  1.001	  0.331	  0.008
10	  0.120	 24.438	  1.001	  0.331	  0.008
11	  0.120	 26.764	  1.001	  0.331	  0.008
12	  0.120	 29.089	  1.001	  0.331	  0.008
13	  0.120	 31.415	  1.001	  0.331	  0.008
14	  0.120	 33.741	  1.001	  0.331	  0.008
15	  0.120	 36.066	  1.001	  0.331	  0.008
16	  0.120	 38.392	  1.001	  0.331	  0.008
17	  0.120	 40.717	  1.001	  0.331	  0.008
18	  0.120	 43.043	  1.001	  0.331	  0.008
19	  0.120	 45.368	  1.001	  0.331	  0.008
20	  0.120	 47.694	  1.001	  0.331	  0.008
21	  0.120	 50.020	  1.001	  0.331	  0.008
22	  0.120	 52.345	  1.001	  0.331	  0.008
23	  0.120	 54.671	  1.001	  0.331	  0.008
24	  0.120	 56.996	  1.001	  0.331	  0.008
25	  0.120	 59.322	  1.001	  0.331	  0.008
26	  0.120	 61.648	  1.001	  0.331	  0.008
27	  0.120	 63.973	  1.001	  0.331	  0.008
28	  0.120	 66.299	  1.001	  0.331	  0.008
29	  0.120	 68.624	  1.001	  0.331	  0.008
30	  0.120	 70.950	  1.001	  0.331	  0.008
31	  0.120	 73.275	  1.001	  0.331	  0.008
32	  0.120	 75.601	  1.001	  0.331	  0.008
33	  0.120	 77.927	  1.001	  0.331	  0.008
34	  0.120	 80.252	  1.001	  0.331	  0.008
35	  0.120	 82.578	  1.001	  0.331	  0.008
36	  0.120	 84.903	  1.001	  0.331	  0.008
37	  0.120	 87.229	  1.001	  0.331	  0.008
38	  0.120	 89.554	  1.001	  0.331	  0.008
39	  0.120	 91.880	  1.001	  0.331	  0.008
40	  0.120	 94.206	  1.001	  0.331	  0.008
41	  0.120	 96.531	  1.001	  0.331	  0.008
42	  0.120	 98.857	  1.001	  0.331	  0.008
0	  0.240	  1.237	  1.002	  0.582	  0.006
1	  0.240	  3.562	  1.002	  0.582	  0.006
2	  0.240	  5.888	  1.002	  0.582	  0.006
3	  0.240	  8.213	  1.002	  0.582	  0.006
4	  0.240	 10.539	  1.002	  0.582	  0.006
5	  0.240	 12.864	  1.002	  0.582	  0.006
6	  0.240	 15.190	  1.002	  0.582	  0.006
7	  0.240	 17.516	  1.002	  0.582	  0.006
8	  0.240	 19.841	  1.002	  0.582	  0.006
9	  0.240	 22.167	  1.002	  0.582	  0.006
10	  0.240	 24.492	  1.002	  0.582	  0.006
11	  0.240	 26.818	  1.002	  0.582	  0.006
12	  0.240	 29.144	  1.002	  0.582	  0.006
13	  0.240	 31.469	  1.002	  0.582	  0.006
14	  0.240	 33.795	  1.002	  0.582	  0.006
15	  0.240	 36.120	  1.002	  0.582	  0.006
16	  0.240	 38.446	  1.002	  0.582	  0.006
17	  0.240	 40.771	  1.002	  0.582	  0.006
18	  0.240	 43.097	  1.002	  0.582	  0.006
19	  0.240	 45.423	  1.002	  0.582	  0.006
20	  0.240	 47.748	  1.002	  0.582	  0.006
21	  0.240	 50.074	  1.002	  0.582	  0.006
22	  0.240	 52.399	  1.002	  0.582	  0.006
23	  0.240	 54.725	  1.002	  0.582	  0.006
24	  0.240	 57.051	  1.002	  0.582	  0.006
25	  0.240	 59.376	  1.002	  0.582	  0.006
26	  0.240	 61.702	  1.002	  0.582	  0.006
27	  0.240	 64.027	  1.002	  0.582	  0.006
28	  0.240	 66.353	  1.002	  0.582	  0.006
29	  0.240	 68.678	  1.002	  0.582	  0.006
30	  0.240	 71.004	  1.002	  0.582	  0.006
31	  0.240	 73.330	  1.002	  0.582	  0.006
32	  0.240	 75.655	  1.002	  0.582	  0.006
33	  0.240	 77.981	  1.002	  0.582	  0.006
34	  0.240	 80.306	  1.002	  0.582	  0.006
35	  0.240	 82.632	  1.002	  0.582	  0.006
36	  0.240	 84.957	  1.002	  0.582	  0.006
37	  0.240	 87.283	  1.002	  0.582	  0.006
38	  0.240	 89.609	  1.002	  0.582	  0.006
39	  0.240	 91.934	  1.002	  0.582	  0.006
40	  0.240	 94.260	  1.002	  0.582	  0.006
41	  0.240	 96.585	  1.002	  0.582	  0.006
42	  0.240	 98.911	  1.002	  0.582	  0.006
0	  0.360	  1.318	  1.003	  0.780	  0.005
1	  0.360	  3.643	  1.003	  0.780	  0.005
2	  0.360	  5.969	  1.003	  0.780	  0.005
3	  0.360	  8.295	  1.003	  0.780	  0.005
4	  0.360	 10.620	  1.003	  0.780	  0.005
5	  0.360	 12.946	  1.003	  0.780	  0.005
6	  0.360	 15.271	  1.003	  0.780	  0.005
7	  0.360	 17.597	  1.003	  0.780	  0.005
8	  0.360	 19.922	  1.003	  0.780	  0.005
9	  0.360	 22.248	  1.003	  0.780	  0.005
10	  0.360	 24.574	  1.003	  0.780	  0.005
11	  0.360	 26.899	  1.003	  0.780	  0.005
12	  0.360	 29.225	  1.003	  0.780	  0.005
13	  0.360	 31.550	  1.003	  0.780	  0.005
14	  0.360	 33.876	  1.003	  0.780	  0.005
15	  0.360	 36.202	  1.003	  0.780	  0.005
16	  0.360	 38.527	  1.003	  0.780	  0.005
17	  0.360	 40.853	  1.003	  0.780	  0.005
18	  0.360	 43.178	  1.003	  0.780	  0.005
19	  0.360	 45.504	  1.003	  0.780	  0.005
20	  0.360	 47.829	  1.003	  0.780	  0.005
21	  0.360	 50.155	  1.003	  0.780	  0.005
22	  0.360	 52.481	  1.003	  0.780	  0.005
23	  0.360	 54.806	  1.003	  0.780	  0.005
24	  0.360	 57.132	  1.003	  0.780	  0.005
25	  0.360	 59.457	  1.003	  0.780	  0.005
26	  0.360	 61.783	  1.003	  0.780	  0.005
27	  0.360	 64.108	  1.003	  0.780	  0.005
28	  0.360	 66.434	  1.003	  0.780	  0.005
29	  0.360	 68.760	  1.003	  0.780	  0.005
30	  0.360	 71.085	  1.003	  0.780	  0.005
31	  0.360	 73.411	  1.003	  0.780	  0.005
32	  0.360	 75.736	  1.003	  0.780	  0.005
33	  0.360	 78.062	  1.003	  0.780	  0.005
34	  0.360	 80.388	  1.003	  0.780	  0.005
35	  0.360	 82.713	  1.003	  0.780	  0.005
36	  0.360	 85.039	  1.003	  0.780	  0.005
37	  0.360	 87.364	  1.003	  0.780	  0.005
38	  0.360	 89.690	  1.003	  0.780	  0.005
39	  0.360	 92.015	  1.003	  0.780	  0.005
40	  0.360	 94.341	  1.003	  0.780	  0.005
41	  0.360	 96.667	  1.003	  0.780	  0.005
42	  0.360	 98.992	  1.003	  0.780	  0.005
0	  0.480	  1.420	  1.003	  0.935	  0.004
1	  0.480	  3.746	  1.003	  0.935	  0.004
2	  0.480	  6.071	  1.003	  0.935	  0.004
3	  0.480	  8.397	  1.003	  0.935	  0.004
4	  0.480	 10.723	  1.003	  0.935	  0.004
5	  0.480	 13.048	  1.003	  0.935	  0.004
6	  0.480	 15.374	  1.003	  0.935	  0.004
7	  0.480	 17.699	  1.003	  0.935	  0.004
8	  0.480	 20.025	  1.003	  0.935	  0.004
9	  0.480	 22.351	  1.003	  0.935	  0.004
10	  0.480	 24.676	  1.003	  0.935	  0.004
11	  0.480	 27.002	  1.003	  0.935	  0.004
12	  0.480	 29.327	  1.003	  0.935	  0.004
13	  0.480	 31.653	  1.003	  0.935	  0.004
14	  0.480	 33.978	  1.003	  0.935	  0.004
15	  0.480	 36.304	  1.003	  0.935	  0.004
16	  0.480	 38.630	  1.003	  0.935	  0.004
17	  0.480	 40.955	  1.003	  0.935	  0.004
18	  0.480	 43.281	  1.003	  0.935	  0.004
19	  0.480	 45.606	  1.003	  0.935	  0.004
20	  0.480	 47.932	  1.003	  0.935	  0.004
21	  0.480	 50.257	  1.003	  0.935	  0.004
22	  0.480	 52.583	  1.003	  0.935	  0.004
23	  0.480	 54.909	  1.003	  0.935	  0.004
24	  0.480	 57.234	  1.003	  0.935	  0.004
25	  0.480	 59.560	  1.003	  0.935	  0.004
26	  0.480	 61.885	  1.003	  0.935	  0.004
27	  0.480	 64.211	  1.003	  0.935	  0.004
28	  0.480	 66.537	  1.003	  0.935	  0.004
29	  0.480	 68.862	  1.003	  0.935	  0.004
30	  0.480	 71.188	  1.003	  0.935	  0.004
31	  0.480	 73.513	  1.003	  0.935	  0.004
32	  0.480	 75.839	  1.003	  0.935	  0.004
33	  0.480	 78.164	  1.003	  0.935	  0.004
34	  0.480	 80.490	  1.003	  0.935	  0.004
35	  0.480	 82.816	  1.003	  0.935	  0.004
36	  0.480	 85.141	  1.003	  0.935	  0.004
37	  0.480	 87.467	  1.003	  0.935	  0.004
38	  0.480	 89.792	  1.003	  0.935	  0.004
39	  0.480	 92.118	  1.003	  0.935	  0.004
40	  0.480	 94.444	  1.003	  0.935	  0.004
41	  0.480	 96.769	  1.003	  0.935	  0.004
42	  0.480	 99.095	  1.003	  0.935	  0.004
0	  0.600	  1.539	  1.004	  1.057	  0.003
1	  0.600	  3.865	  1.004	  1.057	  0.003
2	  0.600	  6.191	  1.004	  1.057	  0.003
3	  0.600	  8.516	  1.004	  1.057	  0.003
4	  0.600	 10.842	  1.004	  1.057	  0.003
5	  0.600	 13.167	  1.004	  1.057	  0.003
6	  0.600	 15.493	  1.004	  1.057	  0.003
7	  0.600	 17.819	  1.004	  1.057	  0.003
8	  0.600	 20.144	  1.004	  1.057	  0.003
9	  0.600	 22.470	  1.004	  1.057	  0.003
10	  0.600	 24.795	  1.004	  1.057	  0.003
11	  0.600	 27.121	  1.004	  1.057	  0.003
12	  0.600	 29.446	  1.004	  1.057	  0.003
13	  0.600	 31.772	  1.004	  1.057	  0.003
14	  0.600	 34.098	  1.004	  1.057	  0.003
15	  0.600	 36.423	  1.004	  1.057	  0.003
16	  0.600	 38.749	  1.004	  1.057	  0.003
17	  0.600	 41.074	  1.004	  1.057	  0.003
18	  0.600	 43.400	  1.004	  1.057	  0.003
19	  0.600	 45.726	  1.004	  1.057	  0.003
20	  0.600	 48.051	  1.004	  1.057	  0.003
21	  0.600	 50.377	  1.004	  1.057	  0.003
22	  0.600	 52.702	  1.004	  1.057	  0.003
23	  0.600	 55.028	  1.004	  1.057	  0.003
24	  0.600	 57.353	  1.004	  1.057	  0.003
25	  0.600	 59.679	  1.004	  1.057	  0.003
26	  0.600	 62.005	  1.004	  1.057	  0.003
27	  0.600	 64.330	  1.004	  1.057	  0.003
28	  0.600	 66.656	  1.004	  1.057	  0.003
29	  0.600	 68.981	  1.004	  1.057	  0.003
30	  0.600	 71.307	  1.004	  1.057	  0.003
31	  0.600	 73.632	  1.004	  1.057	  0.003
32	  0.600	 75.958	  1.004	  1.057	  0.003
33	  0.600	 78.284	  1.004	  1.057	  0.003
34	  0.600	 80.609	  1.004	  1.057	  0.003
35	  0.600	 82.935	  1.004	  1.057	  0.003
36	  0.600	 85.260	  1.004	  1.057	  0.003
37	  0.600	 87.586	  1.004	  1.057	  0.003
38	  0.600	 89.912	  1.004	  1.057	  0.003
39	  0.600	 92.237	  1.004	  1.057	  0.003
40	  0.600	 94.563	  1.004	  1.057	  0.003
41	  0.600	 96.888	  1.004	  1.057	  0.003
42	  0.600	 99.214	  1.004	  1.057	  0.003
0	  0.720	  1.672	  1.004	  1.152	  0.002
1	  0.720	  3.997	  1.004	  1.152	  0.002
2	  0.720	  6.323	  1.004	  1.152	  0.002
3	  0.720	  8.648	  1.004	  1.152	  0.002
4	  0.720	 10.974	  1.004	  1.152	  0.002
5	  0.720	 13.300	  1.004	  1.152	  0.002
6	  0.720	 15.625	  1.004	  1.152	  0.002
7	  0.720	 17.951	  1.004	  1.152	  0.002
8	  0.720	 20.276	  1.004	  1.152	  0.002
9	  0.720	 22.602	  1.004	  1.152	  0.002
10	  0.720	 24.928	  1.004	  1.152	  0.002
11	  0.720	 27.253	  1.004	  1.152	  0.002
12	  0.720	 29.579	  1.004	  1.152	  0.002
13	  0.720	 31.904	  1.004	  1.152	  0.002
14	  0.720	 34.230	  1.004	  1.152	  0.002
15	  0.720	 36.555	  1.004	  1.152	  0.002
16	  0.720	 38.881	  1.004	  1.152	  0.002
17	  0.720	 41.207	  1.004	  1.152	  0.002
18	  0.720	 43.532	  1.004	  1.152	  0.002
19	  0.720	 45.858	  1.004	  1.152	  0.002
20	  0.720	 48.183	  1.004	  1.152	  0.002
21	  0.720	 50.509	  1.004	  1.152	  0.002
22	  0.720	 52.835	  1.004	  1.152	  0.002
23	  0.720	 55.160	  1.004	  1.152	  0.002
24	  0.720	 57.486	  1.004	  1.152	  0.002
25	  0.720	 59.811	  1.004	  1.152	  0.002
26	  0.720	 62.137	  1.004	  1.152	  0.002
27	  0.720	 64.462	  1.004	  1.152	  0.002
28	  0.720	 66.788	  1.004	  1.152	  0.002
29	  0.720	 69.114	  1.004	  1.152	  0.002
30	  0.720	 71.439	  1.004	  1.152	  0.002
31	  0.720	 73.765	  1.004	  1.152	  0.002
32	  0.720	 76.090	  1.004	  1.152	  0.002
33	  0.720	 78.416	  1.004	  1.152	  0.002
34	  0.720	 80.742	  1.004	  1.152	  0.002
35	  0.720	 83.067	  1.004	  1.152	  0.002
36	  0.720	 85.393	  1.004	  1.152	  0.002
37	  0.720	 87.718	  1.004	  1.152	  0.002
38	  0.720	 90.044	  1.004	  1.152	  0.002
39	  0.720	 92.369	  1.004	  1.152	  0.002
40	  0.720	 94.695	  1.004	  1.152	  0.002
41	  0.720	 97.021	  1.004	  1.152	  0.002
42	  0.720	 99.346	  1.004	  1.152	  0.002
0	  0.840	  1.814	  1.004	  1.227	  0.002
1	  0.840	  4.140	  1.004	  1.227	  0.002
2	  0.840	  6.465	  1.004	  1.227	  0.002
3	  0.840	  8.791	  1.004	  1.227	  0.002
4	  0.840	 11.117	  1.004	  1.227	  0.002
5	  0.840	 13.442	  1.004	  1.227	  0.002
6	  0.840	 15.768	  1.004	  1.227	  0.002
7	  0.840	 18.093	  1.004	  1.227	  0.002
8	  0.840	 20.419	  1.004	  1.227	  0.002
9	  0.840	 22.745	  1.004	  1.227	  0.002
10	  0.840	 25.070	  1.004	  1.227	  0.002
11	  0.840	 27.396	  1.004	  1.227	  0.002
12	  0.840	 29.721	  1.004	  1.227	  0.002
13	  0.840	 32.047	  1.004	  1.227	  0.002
14	  0.840	 34.372	  1.004	  1.227	  0.002
15	  0.840	 36.698	  1.004	  1.227	  0.002
16	  0.840	 39.024	  1.004	  1.227	  0.002
17	  0.840	 41.349	  1.004	  1.227	  0.002
18	  0.840	 43.675	  1.004	  1.227	  0.002
19	  0.840	 46.000	  1.004	  1.227	  0.002
20	  0.840	 48.326	  1.004	  1.227	  0.002
21	  0.840	 50.652	  1.004	  1.227	  0.002
22	  0.840	 52.977	  1.004	  1.227	  0.002
23	  0.840	 55.303	  1.004	  1.227	  0.002
24	  0.840	 57.628	  1.004	  1.227	  0.002
25	  0.840	 59.954	  1.004	  1.227	  0.002
26	  0.840	 62.279	  1.004	  1.227	  0.002
27	  0.840	 64.605	  1.004	  1.227	  0.002
28	  0.840	 66.931	  1.004	  1.227	  0.002
29	  0.840	 69.256	  1.004	  1.227	  0.002
30	  0.840	 71.582	  1.004	  1.227	  0.002
31	  0.840	 73.907	  1.004	  1.227	  0.002
32	  0.840	 76.233	  1.004	  1.227	  0.002
33	  0.840	 78.558	  1.004	  1.227	  0.002
34	  0.840	 80.884	  1.004	  1.227	  0.002
35	  0.840	 83.210	  1.004	  1.227	  0.002
36	  0.840	 85.535	  1.004	  1.227	  0.002
37	  0.840	 87.861	  1.004	  1.227	  0.002
38	  0.840	 90.186	  1.004	  1.227	  0.002
39	  0.840	 92.512	  1.004	  1.227	  0.002
40	  0.840	 94.838	  1.004	  1.227	  0.002
41	  0.840	 97.163	  1.004	  1.227	  0.002
42	  0.840	 99.489	  1.004	  1.227	  0.002
0	  0.960	  1.965	  1.004	  1.286	  0.001
1	  0.960	  4.290	  1.004	  1.286	  0.001
2	  0.960	  6.616	  1.004	  1.286	  0.001
3	  0.960	  8.942	  1.004	  1.286	  0.001
4	  0.960	 11.267	  1.004	  1.286	  0.001
5	  0.960	 13.593	  1.004	  1.286	  0.001
6	  0.960	 15.918	  1.004	  1.286	  0.001
7	  0.960	 18.244	  1.004	  1.286	  0.001
8	  0.960	 20.570	  1.004	  1.286	  0.001
9	  0.960	 22.895	  1.004	  1.286	  0.001
10	  0.960	 25.221	  1.004	  1.286	  0.001
11	  0.960	 27.546	  1.004	  1.286	  0.001
12	  0.960	 29.872	  1.004	  1.286	  0.001
13	  0.960	 32.197	  1.004	  1.286	  0.001
14	  0.960	 34.523	  1.004	  1.286	  0.001
15	  0.960	 36.849	  1.004	  1.286	  0.001
16	  0.960	 39.174	  1.004	  1.286	  0.001
17	  0.960	 41.500	  1.004	  1.286	  0.001
18	  0.960	 43.825	  1.004	  1.286	  0.001
19	  0.960	 46.151	  1.004	  1.286	  0.001
20	  0.960	 48.477	  1.004	  1.286	  0.001
21	  0.960	 50.802	  1.004	  1.286	  0.001
22	  0.960	 53.128	  1.004	  1.286	  0.001
23	  0.960	 55.453	  1.004	  1.286	  0.001
24	  0.960	 57.779	  1.004	  1.286	  0.001
25	  0.960	 60.104	  1.004	  1.286	  0.001
26	  0.960	 62.430	  1.004	  1.286	  0.001
27	  0.960	 64.756	  1.004	  1.286	  0.001
28	  0.960	 67.081	  1.004	  1.286	  0.001
29	  0.960	 69.407	  1.004	  1.286	  0.001
30	  0.960	 71.732	  1.004	  1.286	  0.001
31	  0.960	 74.058	  1.004	  1.286	  0.001
32	  0.960	 76.384	  1.004	  1.286	  0.001
33	  0.960	 78.709	  1.004	  1.286	  0.001
34	  0.960	 81.035	  1.004	  1.286	  0.001
35	  0.960	 83.360	  1.004	  1.286	  0.001
36	  0.960	 85.686	  1.004	  1.286	  0.001
37	  0.960	 88.011	  1.004	  1.286	  0.001
38	  0.960	 90.337	  1.004	  1.286	  0.001
39	  0.960	 92.663	  1.004	  1.286	  0.001
40	  0.960	 94.988	  1.004	  1.286	  0.001
41	  0.960	 97.314	  1.004	  1.286	  0.001
42	  0.960	 99.639	  1.004	  1.286	  0.001
0	  1.080	  2.122	  1.004	  1.332	  0.001
1	  1.080	  4.447	  1.004	  1.332	  0.001
2	  1.080	  6.773	  1.004	  1.332	  0.001
3	  1.080	  9.099	  1.004	  1.332	  0.001
4	  1.080	 11.424	  1.004	  1.332	  0.001
5	  1.080	 13.750	  1.004	  1.332	  0.001
6	  1.080	 16.075	  1.004	  1.332	  0.001
7	  1.080	 18.401	  1.004	  1.332	  0.001
8	  1.080	 20.726	  1.004	  1.332	  0.001
9	  1.080	 23.052	  1.004	  1.332	  0.001
10	  1.080	 25.378	  1.004	  1.332	  0.001
11	  1.080	 27.703	  1.004	  1.332	  0.001
12	  1.080	 30.029	  1.004	  1.332	  0.001
13	  1.080	 32.354	  1.004	  1.332	  0.001
14	  1.080	 34.680	  1.004	  1.332	  0.001
15	  1.080	 37.006	  1.004	  1.332	  0.001
16	  1.080	 39.331	  1.004	  1.332	  0.001
17	  1.080	 41.657	  1.004	  1.332	  0.001
18	  1.080	 43.982	  1.004	  1.332	  0.001
19	  1.080	 46.308	  1.004	  1.332	  0.001
20	  1.080	 48.633	  1.004	  1.332	  0.001
21	  1.080	 50.959	  1.004	  1.332	  0.001
22	  1.080	 53.285	  1.004	  1.332	  0.001
23	  1.080	 55.610	  1.004	  1.332	  0.001
24	  1.080	 57.936	  1.004	  1.332	  0.001
25	  1.080	 60.261	  1.004	  1.332	  0.001
26	  1.080	 62.587	  1.004	  1.332	  0.001
27	  1.080	 64.913	  1.004	  1.332	  0.001
28	  1.080	 67.238	  1.004	  1.332	  0.001
29	  1.080	 69.564	  1.004	  1.332	  0.001
30	  1.080	 71.889	  1.004	  1.332	  0.001
31	  1.080	 74.215	  1.004	  1.332	  0.001
32	  1.080	 76.540	  1.004	  1.332	  0.001
33	  1.080	 78.866	  1.004	  1.332	  0.001
34	  1.080	 81.192	  1.004	  1.332	  0.001
35	  1.080	 83.517	  1.004	  1.332	  0.001
36	  1.080	 85.843	  1.004	  1.332	  0.001
37	  1.080	 88.168	  1.004	  1.332	  0.001
38	  1.080	 90.494	  1.004	  1.332	  0.001
39	  1.080	 92.820	  1.004	  1.332	  0.001
40	  1.080	 95.145	  1.004	  1.332	  0.001
41	  1.080	 97.471	  1.004	  1.332	  0.001
42	  1.080	 99.796	  1.004	  1.332	  0.001
0	  1.200	  2.284	  1.005	  1.368	  0.001
1	  1.200	  4.609	  1.005	  1.368	  0.001
2	  1.200	  6.935	  1.005	  1.368	  0.001
3	  1.200	  9.260	  1.005	  1.368	  0.001
4	  1.200	 11.586	  1.005	  1.368	  0.001
5	  1.200	 13.912	  1.005	  1.368	  0.001
6	  1.200	 16.237	  1.005	  1.368	  0.001
7	  1.200	 18.563	  1.005	  1.368	  0.001
8	  1.200	 20.888	  1.005	  1.368	  0.001
9	  1.200	 23.214	  1.005	  1.368	  0.001
10	  1.200	 25.540	  1.005	  1.368	  0.001
11	  1.200	 27.865	  1.005	  1.368	  0.001
12	  1.200	 30.191	  1.005	  1.368	  0.001
13	  1.200	 32.516	  1.005	  1.368	  0.001
14	  1.200	 34.842	  1.005	  1.368	  0.001
15	  1.200	 37.167	  1.005	  1.368	  0.001
16	  1.200	 39.493	  1.005	  1.368	  0.001
17	  1.200	 41.819	  1.005	  1.368	  0.001
18	  1.200	 44.144	  1.005	  1.368	  0.001
19	  1.200	 46.470	  1.005	  1.368	  0.001
20	  1.200	 48.795	  1.005	  1.368	  0.001
21	  1.200	 51.121	  1.005	  1.368	  0.001
22	  1.200	 53.447	  1.005	  1.368	  0.001
23	  1.200	 55.772	  1.005	  1.368	  0.001
24	  1.200	 58.098	  1.005	  1.368	  0.001
25	  1.200	 60.423	  1.005	  1.368	  0.001
26	  1.200	 62.749	  1.005	  1.368	  0.001
27	  1.200	 65.074	  1.005	  1.368	  0.001
28	  1.200	 67.400	  1.005	  1.368	  0.001
29	  1.200	 69.726	  1.005	  1.368	  0.001
30	  1.200	 72.051	  1.005	  1.368	  0.001
31	  1.200	 74.377	  1.005	  1.368	  0.001
32	  1.200	 76.702	  1.005	  1.368	  0.001
33	  1.200	 79.028	  1.005	  1.368	  0.001
34	  1.200	 81.354	  1.005	  1.368	  0.001
35	  1.200	 83.679	  1.005	  1.368	  0.001
36	  1.200	 86.005	  1.005	  1.368	  0.001
37	  1.200	 88.330	  1.005	  1.368	  0.001
38	  1.200	 90.656	  1.005	  1.368	  0.001
39	  1.200	 92.981	  1.005	  1.368	  0.001
40	  1.200	 95.307	  1.005	  1.368	  0.001
41	  1.200	 97.633	  1.005	  1.368	  0.001
42	  1.200	 99.958	  1.005	  1.368	  0.001
0	  1.320	  2.450	  1.005	  1.396	  0.001
1	  1.320	  4.775	  1.005	  1.396	  0.001
2	  1.320	  7.101	  1.005	  1.396	  0.001
3	  1.320	  9.426	  1.005	  1.396	  0.001
4	  1.320	 11.752	  1.005	  1.396	  0.001
5	  1.320	 14.077	  1.005	  1.396	  0.001
6	  1.320	 16.403	  1.005	  1.396	  0.001
7	  1.320	 18.729	  1.005	  1.396	  0.001
8	  1.320	 21.054	  1.005	  1.396	  0.001
9	  1.320	 23.380	  1.005	  1.396	  0.001
10	  1.320	 25.705	  1.005	  1.396	  0.001
11	  1.320	 28.031	  1.005	  1.396	  0.001
12	  1.320	 30.357	  1.005	  1.396	  0.001
13	  1.320	 32.682	  1.005	  1.396	  0.001
14	  1.320	 35.008	  1.005	  1.396	  0.001
15	  1.320	 37.333	  1.005	  1.396	  0.001
16	  1.320	 39.659	  1.005	  1.396	  0.001
17	  1.320	 41.984	  1.005	  1.396	  0.001
18	  1.320	 44.310	  1.005	  1.396	  0.001
19	  1.320	 46.636	  1.005	  1.396	  0.001
20	  1.320	 48.961	  1.005	  1.396	  0.001
21	  1.320	 51.287	  1.005	  1.396	  0.001
22	  1.320	 53.612	  1.005	  1.396	  0.001
23	  1.320	 55.938	  1.005	  1.396	  0.001
24	  1.320	 58.263	  1.005	  1.396	  0.001
25	  1.320	 60.589	  1.005	  1.396	  0.001
26	  1.320	 62.915	  1.005	  1.396	  0.001
27	  1.320	 65.240	  1.005	  1.396	  0.001
28	  1.320	 67.566	  1.005	  1.396	  0.001
29	  1.320	 69.891	  1.005	  1.396	  0.001
30	  1.320	 72.217	  1.005	  1.396	  0.001
31	  1.320	 74.543	  1.005	  1.396	  0.001
32	  1.320	 76.868	  1.005	  1.396	  0.001
33	  1.320	 79.194	  1.005	  1.396	  0.001
34	  1.320	 81.519	  1.005	  1.396	  0.001
35	  1.320	 83.845	  1.005	  1.396	  0.001
36	  1.320	 86.170	  1.005	  1.396	  0.001
37	  1.320	 88.496	  1.005	  1.396	  0.001
38	  1.320	 90.822	  1.005	  1.396	  0.001
39	  1.320	 93.147	  1.005	  1.396	  0.001
40	  1.320	 95.473	  1.005	  1.396	  0.001
41	  1.320	 97.798	  1.005	  1.396	  0.001
42	  1.320	100.124	  1.005	  1.396	  0.001
0	  1.440	  2.618	  1.005	  1.419	  0.001
1	  1.440	  4.944	  1.005	  1.419	  0.001
2	  1.440	  7.270	  1.005	  1.419	  0.001
3	  1.440	  9.595	  1.005	  1.419	  0.001
4	  1.440	 11.921	  1.005	  1.419	  0.001
5	  1.440	 14.246	  1.005	  1.419	  0.001
6	  1.440	 16.572	  1.005	  1.419	  0.001
7	  1.440	 18.897	  1.005	  1.419	  0.001
8	  1.440	 21.223	  1.005	  1.419	  0.001
9	  1.440	 23.549	  1.005	  1.419	  0.001
10	  1.440	 25.874	  1.005	  1.419	  0.001
11	  1.440	 28.200	  1.005	  1.419	  0.001
12	  1.440	 30.525	  1.005	  1.419	  0.001
13	  1.440	 32.851	  1.005	  1.419	  0.001
14	  1.440	 35.177	  1.005	  1.419	  0.001
15	  1.440	 37.502	  1.005	  1.419	  0.001
16	  1.440	 39.828	  1.005	  1.419	  0.001
17	  1.440	 42.153	  1.005	  1.419	  0.001
18	  1.440	 44.479	  1.005	  1.419	  0.001
19	  1.440	 46.804	  1.005	  1.419	  0.001
20	  1.440	 49.130	  1.005	  1.419	  0.001
21	  1.440	 51.456	  1.005	  1.419	  0.001
22	  1.440	 53.781	  1.005	  1.419	  0.001
23	  1.440	 56.107	  1.005	  1.419	  0.001
24	  1.440	 58.432	  1.005	  1.419	  0.001
25	  1.440	 60.758	  1.005	  1.419	  0.001
26	  1.440	 63.084	  1.005	  1.419	  0.001
27	  1.440	 65.409	  1.005	  1.419	  0.001
28	  1.440	 67.735	  1.005	  1.419	  0.001
29	  1.440	 70.060	  1.005	  1.419	  0.001
30	  1.440	 72.386	  1.005	  1.419	  0.001
31	  1.440	 74.711	  1.005	  1.419	  0.001
32	  1.440	 77.037	  1.005	  1.419	  0.001
33	  1.440	 79.363	  1.005	  1.419	  0.001
34	  1.440	 81.688	  1.005	  1.419	  0.001
35	  1.440	 84.014	  1.005	  1.419	  0.001
36	  1.440	 86.339	  1.005	  1.419	  0.001
37	  1.440	 88.665	  1.005	  1.419	  0.001
38	  1.440	 90.990	  1.005	  1.419	  0.001
39	  1.440	 93.316	  1.005	  1.419	  0.001
40	  1.440	 95.642	  1.005	  1.419	  0.001
41	  1.440	 97.967	  1.005	  1.419	  0.001
42	  1.440	100.293	  1.005	  1.419	  0.001
0	  1.560	  2.790	  1.005	  1.436	  0.000
1	  1.560	  5.115	  1.005	  1.436	  0.000
2	  1.560	  7.441	  1.005	  1.436	  0.000
3	  1.560	  9.766	  1.005	  1.436	  0.000
4	  1.560	 12.092	  1.005	  1.436	  0.000
5	  1.560	 14.418	  1.005	  1.436	  0.000
6	  1.560	 16.743	  1.005	  1.436	  0.000
7	  1.560	 19.069	  1.005	  1.436	  0.000
8	  1.560	 21.394	  1.005	  1.436	  0.000
9	  1.560	 23.720	  1.005	  1.436	  0.000
10	  1.560	 26.045	  1.005	  1.436	  0.000
11	  1.560	 28.371	  1.005	  1.436	  0.000
12	  1.560	 30.697	  1.005	  1.436	  0.000
13	  1.560	 33.022	  1.005	  1.436	  0.000
14	  1.560	 35.348	  1.005	  1.436	  0.000
15	  1.560	 37.673	  1.005	  1.436	  0.000
16	  1.560	 39.999	  1.005	  1.436	  0.000
17	  1.560	 42.325	  1.005	  1.436	  0.000
18	  1.560	 44.650	  1.005	  1.436	  0.000
19	  1.560	 46.976	  1.005	  1.436	  0.000
20	  1.560	 49.301	  1.005	  1.436	  0.000
21	  1.560	 51.627	  1.005	  1.436	  0.000
22	  1.560	 53.952	  1.005	  1.436	  0.000
23	  1.560	 56.278	  1.005	  1.436	  0.000
24	  1.560	 58.604	  1.005	  1.436	  0.000
25	  1.560	 60.929	  1.005	  1.436	  0.000
26	  1.560	 63.255	  1.005	  1.436	  0.000
27	  1.560	 65.580	  1.005	  1.436	  0.000
28	  1.560	 67.906	  1.005	  1.436	  0.000
29	  1.560	 70.232	  1.005	  1.436	  0.000
30	  1.560	 72.557	  1.005	  1.436	  0.000
31	  1.560	 74.883	  1.005	  1.436	  0.000
32	  1.560	 77.208	  1.005	  1.436	  0.000
33	  1.560	 79.534	  1.005	  1.436	  0.000
34	  1.560	 81.859	  1.005	  1.436	  0.000
35	  1.560	 84.185	  1.005	  1.436	  0.000
36	  1.560	 86.511	  1.005	  1.436	  0.000
37	  1.560	 88.836	  1.005	  1.436	  0.000
38	  1.560	 91.162	  1.005	  1.436	  0.000
39	  1.560	 93.487	  1.005	  1.436	  0.000
40	  1.560	 95.813	  1.005	  1.436	  0.000
41	  1.560	 98.138	  1.005	  1.436	  0.000
42	  1.560	100.464	  1.005	  1.436	  0.000
0	  1.680	  2.963	  1.005	  1.450	  0.000
1	  1.680	  5.288	  1.005	  1.450	  0.000
2	  1.680	  7.614	  1.005	  1.450	  0.000
3	  1.680	  9.940	  1.005	  1.450	  0.000
4	  1.680	 12.265	  1.005	  1.450	  0.000
5	  1.680	 14.591	  1.005	  1.450	  0.000
6	  1.680	 16.916	  1.005	  1.450	  0.000
7	  1.680	 19.242	  1.005	  1.450	  0.000
8	  1.680	 21.567	  1.005	  1.450	  0.000
9	  1.680	 23.893	  1.005	  1.450	  0.000
10	  1.680	 26.219	  1.005	  1.450	  0.000
11	  1.680	 28.544	  1.005	  1.450	  0.000
12	  1.680	 30.870	  1.005	  1.450	  0.000
13	  1.680	 33.195	  1.005	  1.450	  0.000
14	  1.680	 35.521	  1.005	  1.450	  0.000
15	  1.680	 37.847	  1.005	  1.450	  0.000
16	  1.680	 40.172	  1.005	  1.450	  0.000
17	  1.680	 42.498	  1.005	  1.450	  0.000
18	  1.680	 44.823	  1.005	  1.450	  0.000
19	  1.680	 47.149	  1.005	  1.450	  0.000
20	  1.680	 49.474	  1.005	  1.450	  0.000
21	  1.680	 51.800	  1.005	  1.450	  0.000
22	  1.680	 54.126	  1.005	  1.450	  0.000
23	  1.680	 56.451	  1.005	  1.450	  0.000
24	  1.680	 58.777	  1.005	  1.450	  0.000
25	  1.680	 61.102	  1.005	  1.450	  0.000
26	  1.680	 63.428	  1.005	  1.450	  0.000
27	  1.680	 65.753	  1.005	  1.450	  0.000
28	  1.680	 68.079	  1.005	  1.450	  0.000
29	  1.680	 70.405	  1.005	  1.450	  0.000
30	  1.680	 72.730	  1.005	  1.450	  0.000
31	  1.680	 75.056	  1.005	  1.450	  0.000
32	  1.680	 77.381	  1.005	  1.450	  0.000
33	  1.680	 79.707	  1.005	  1.450	  0.000
34	  1.680	 82.033	  1.005	  1.450	  0.000
35	  1.680	 84.358	  1.005	  1.450	  0.000
36	  1.680	 86.684	  1.005	  1.450	  0.000
37	  1.680	 89.009	  1.005	  1.450	  0.000
38	  1.680	 91.335	  1.005	  1.450	  0.000
39	  1.680	 93.660	  1.005	  1.450	  0.000
40	  1.680	 95.986	  1.005	  1.450	  0.000
41	  1.680	 98.312	  1.005	  1.450	  0.000
42	  1.680	100.637	  1.005	  1.450	  0.000
0	  1.800	  3.137	  1.005	  1.461	  0.000
1	  1.800	  5.463	  1.005	  1.461	  0.000
2	  1.800	  7.789	  1.005	  1.461	  0.000
3	  1.800	 10.114	  1.005	  1.461	  0.000
4	  1.800	 12.440	  1.005	  1.461	  0.000
5	  1.800	 14.765	  1.005	  1.461	  0.000
6	  1.800	 17.091	  1.005	  1.461	  0.000
7	  1.800	 19.416	  1.005	  1.461	  0.000
8	  1.800	 21.742	  1.005	  1.461	  0.000
9	  1.800	 24.068	  1.005	  1.461	  0.000
10	  1.800	 26.393	  1.005	  1.461	  0.000
11	  1.800	 28.719	  1.005	  1.461	  0.000
12	  1.800	 31.044	  1.005	  1.461	  0.000
13	  1.800	 33.370	  1.005	  1.461	  0.000
14	  1.800	 35.696	  1.005	  1.461	  0.000
15	  1.800	 38.021	  1.005	  1.461	  0.000
16	  1.800	 40.347	  1.005	  1.461	  0.000
17	  1.800	 42.672	  1.005	  1.461	  0.000
18	  1.800	 44.998	  1.005	  1.461	  0.000
19	  1.800	 47.323	  1.005	  1.461	  0.000
20	  1.800	 49.649	  1.005	  1.461	  0.000
21	  1.800	 51.975	  1.005	  1.461	  0.000
22	  1.800	 54.300	  1.005	  1.461	  0.000
23	  1.800	 56.626	  1.005	  1.461	  0.000
24	  1.800	 58.951	  1.005	  1.461	  0.000
25	  1.800	 61.277	  1.005	  1.461	  0.000
26	  1.800	 63.603	  1.005	  1.461	  0.000
27	  1.800	 65.928	  1.005	  1.461	  0.000
28	  1.800	 68.254	  1.005	  1.461	  0.000
29	  1.800	 70.579	  1.005	  1.461	  0.000
30	  1.800	 72.905	  1.005	  1.461	  0.000
31	  1.800	 75.230	  1.005	  1.461	  0.000
32	  1.800	 77.556	  1.005	  1.461	  0.000
33	  1.800	 79.882	  1.005	  1.461	  0.000
34	  1.800	 82.207	  1.005	  1.461	  0.000
35	  1.800	 84.533	  1.005	  1.461	  0.000
36	  1.800	 86.858	  1.005	  1.461	  0.000
37	  1.800	 89.184	  1.005	  1.461	  0.000
38	  1.800	 91.509	  1.005	  1.461	  0.000
39	  1.800	 93.835	  1.005	  1.461	  0.000
40	  1.800	 96.161	  1.005	  1.461	  0.000
41	  1.800	 98.486	  1.005	  1.461	  0.000
42	  1.800	100.812	  1.005	  1.461	  0.000
0	  1.920	  3.313	  1.005	  1.469	  0.000
1	  1.920	  5.639	  1.005	  1.469	  0.000
2	  1.920	  7.964	  1.005	  1.469	  0.000
3	  1.920	 10.290	  1.005	  1.469	  0.000
4	  1.920	 12.616	  1.005	  1.469	  0.000
5	  1.920	 14.941	  1.005	  1.469	  0.000
6	  1.920	 17.267	  1.005	  1.469	  0.000
7	  1.920	 19.592	  1.005	  1.469	  0.000
8	  1.920	 21.918	  1.005	  1.469	  0.000
9	  1.920	 24.243	  1.005	  1.469	  0.000
10	  1.920	 26.569	  1.005	  1.469	  0.000
11	  1.920	 28.895	  1.005	  1.469	  0.000
12	  1.920	 31.220	  1.005	  1.469	  0.000
13	  1.920	 33.546	  1.005	  1.469	  0.000
14	  1.920	 35.871	  1.005	  1.469	  0.000
15	  1.920	 38.197	  1.005	  1.469	  0.000
16	  1.920	 40.522	  1.005	  1.469	  0.000
17	  1.920	 42.848	  1.005	  1.469	  0.000
18	  1.920	 45.174	  1.005	  1.469	  0.000
19	  1.920	 47.499	  1.005	  1.469	  0.000
20	  1.920	 49.825	  1.005	  1.469	  0.000
21	  1.920	 52.150	  1.005	  1.469	  0.000
22	  1.920	 54.476	  1.005	  1.469	  0.000
23	  1.920	 56.802	  1.005	  1.469	  0.000
24	  1.920	 59.127	  1.005	  1.469	  0.000
25	  1.920	 61.453	  1.005	  1.469	  0.000
26	  1.920	 63.778	  1.005	  1.469	  0.000
27	  1.920	 66.104	  1.005	  1.469	  0.000
28	  1.920	 68.429	  1.005	  1.469	  0.000
29	  1.920	 70.755	  1.005	  1.469	  0.000
30	  1.920	 73.081	  1.005	  1.469	  0.000
31	  1.920	 75.406	  1.005	  1.469	  0.000
32	  1.920	 77.732	  1.005	  1.469	  0.000
33	  1.920	 80.057	  1.005	  1.469	  0.000
34	  1.920	 82.383	  1.005	  1.469	  0.000
35	  1.920	 84.709	  1.005	  1.469	  0.000
36	  1.920	 87.034	  1.005	  1.469	  0.000
37	  1.920	 89.360	  1.005	  1.469	  0.000
38	  1.920	 91.685	  1.005	  1.469	  0.000
39	  1.920	 94.011	  1.005	  1.469	  0.000
40	  1.920	 96.336	  1.005	  1.469	  0.000
41	  1.920	 98.662	  1.005	  1.469	  0.000
42	  1.920	100.988	  1.005	  1.469	  0.000
0	  2.040	  3.490	  1.005	  1.476	  0.000
1	  2.040	  5.815	  1.005	  1.476	  0.000
2	  2.040	  8.141	  1.005	  1.476	  0.000
3	  2.040	 10.467	  1.005	  1.476	  0.000
4	  2.040	 12.792	  1.005	  1.476	  0.000
5	  2.040	 15.118	  1.005	  1.476	  0.000
6	  2.040	 17.443	  1.005	  1.476	  0.000
7	  2.040	 19.769	  1.005	  1.476	  0.000
8	  2.040	 22.095	  1.005	  1.476	  0.000
9	  2.040	 24.420	  1.005	  1.476	  0.000
10	  2.040	 26.746	  1.005	  1.476	  0.000
11	  2.040	 29.071	  1.005	  1.476	  0.000
12	  2.040	 31.397	  1.005	  1.476	  0.000
13	  2.040	 33.722	  1.005	  1.476	  0.000
14	  2.040	 36.048	  1.005	  1.476	  0.000
15	  2.040	 38.374	  1.005	  1.476	  0.000
16	  2.040	 40.699	  1.005	  1.476	  0.000
17	  2.040	 43.025	  1.005	  1.476	  0.000
18	  2.040	 45.350	  1.005	  1.476	  0.000
19	  2.040	 47.676	  1.005	  1.476	  0.000
20	  2.040	 50.001	  1.005	  1.476	  0.000
21	  2.040	 52.327	  1.005	  1.476	  0.000
22	  2.040	 54.653	  1.005	  1.476	  0.000
23	  2.040	 56.978	  1.005	  1.476	  0.000
24	  2.040	 59.304	  1.005	  1.476	  0.000
25	  2.040	 61.629	  1.005	  1.476	  0.000
26	  2.040	 63.955	  1.005	  1.476	  0.000
27	  2.040	 66.281	  1.005	  1.476	  0.000
28	  2.040	 68.606	  1.005	  1.476	  0.000
29	  2.040	 70.932	  1.005	  1.476	  0.000
30	  2.040	 73.257	  1.005	  1.476	  0.000
31	  2.040	 75.583	  1.005	  1.476	  0.000
32	  2.040	 77.908	  1.005	  1.476	  0.000
33	  2.040	 80.234	  1.005	  1.476	  0.000
34	  2.040	 82.560	  1.005	  1.476	  0.000
35	  2.040	 84.885	  1.005	  1.476	  0.000
36	  2.040	 87.211	  1.005	  1.476	  0.000
37	  2.040	 89.536	  1.005	  1.476	  0.000
38	  2.040	 91.862	  1.005	  1.476	  0.000
39	  2.040	 94.188	  1.005	  1.476	  0.000
40	  2.040	 96.513	  1.005	  1.476	  0.000
41	  2.040	 98.839	  1.005	  1.476	  0.000
42	  2.040	101.164	  1.005	  1.476	  0.000
0	  2.160	  3.667	  1.005	  1.481	  0.000
1	  2.160	  5.993	  1.005	  1.481	  0.000
2	  2.160	  8.318	  1.005	  1.481	  0.000
3	  2.160	 10.644	  1.005	  1.481	  0.000
4	  2.160	 12.970	  1.005	  1.481	  0.000
5	  2.160	 15.295	  1.005	  1.481	  0.000
6	  2.160	 17.621	  1.005	  1.481	  0.000
7	  2.160	 19.946	  1.005	  1.481	  0.000
8	  2.160	 22.272	  1.005	  1.481	  0.000
9	  2.160	 24.597	  1.005	  1.481	  0.000
10	  2.160	 26.923	  1.005	  1.481	  0.000
11	  2.160	 29.249	  1.005	  1.481	  0.000
12	  2.160	 31.574	  1.005	  1.481	  0.000
13	  2.160	 33.900	  1.005	  1.481	  0.000
14	  2.160	 36.225	  1.005	  1.481	  0.000
15	  2.160	 38.551	  1.005	  1.481	  0.000
16	  2.160	 40.877	  1.005	  1.481	  0.000
17	  2.160	 43.202	  1.005	  1.481	  0.000
18	  2.160	 45.528	  1.005	  1.481	  0.000
19	  2.160	 47.853	  1.005	  1.481	  0.000
20	  2.160	 50.179	  1.005	  1.481	  0.000
21	  2.160	 52.504	  1.005	  1.481	  0.000
22	  2.160	 54.830	  1.005	  1.481	  0.000
23	  2.160	 57.156	  1.005	  1.481	  0.000
24	  2.160	 59.481	  1.005	  1.481	  0.000
25	  2.160	 61.807	  1.005	  1.481	  0.000
26	  2.160	 64.132	  1.005	  1.481	  0.000
27	  2.160	 66.458	  1.005	  1.481	  0.000
28	  2.160	 68.784	  1.005	  1.481	  0.000
29	  2.160	 71.109	  1.005	  1.481	  0.000
30	  2.160	 73.435	  1.005	  1.481	  0.000
31	  2.160	 75.760	  1.005	  1.481	  0.000
32	  2.160	 78.086	  1.005	  1.481	  0.000
33	  2.160	 80.411	  1.005	  1.481	  0.000
34	  2.160	 82.737	  1.005	  1.481	  0.000
35	  2.160	 85.063	  1.005	  1.481	  0.000
36	  2.160	 87.388	  1.005	  1.481	  0.000
37	  2.160	 89.714	  1.005	  1.481	  0.000
38	  2.160	 92.039	  1.005	  1.481	  0.000
39	  2.160	 94.365	  1.005	  1.481	  0.000
40	  2.160	 96.691	  1.005	  1.481	  0.000
41	  2.160	 99.016	  1.005	  1.481	  0.000
42	  2.160	101.342	  1.005	  1.481	  0.000
0	  2.280	  3.845	  1.005	  1.485	  0.000
1	  2.280	  6.171	  1.005	  1.485	  0.000
2	  2.280	  8.496	  1.005	  1.485	  0.000
3	  2.280	 10.822	  1.005	  1.485	  0.000
4	  2.280	 13.148	  1.005	  1.485	  0.000
5	  2.280	 15.473	  1.005	  1.485	  0.000
6	  2.280	 17.799	  1.005	  1.485	  0.000
7	  2.280	 20.124	  1.005	  1.485	  0.000
8	  2.280	 22.450	  1.005	  1.485	  0.000
9	  2.280	 24.775	  1.005	  1.485	  0.000
10	  2.280	 27.101	  1.005	  1.485	  0.000
11	  2.280	 29.427	  1.005	  1.485	  0.000
12	  2.280	 31.752	  1.005	  1.485	  0.000
13	  2.280	 34.078	  1.005	  1.485	  0.000
14	  2.280	 36.403	  1.005	  1.485	  0.000
15	  2.280	 38.729	  1.005	  1.485	  0.000
16	  2.280	 41.055	  1.005	  1.485	  0.000
17	  2.280	 43.380	  1.005	  1.485	  0.000
18	  2.280	 45.706	  1.005	  1.485	  0.000
19	  2.280	 48.031	  1.005	  1.485	  0.000
20	  2.280	 50.357	  1.005	  1.485	  0.000
21	  2.280	 52.682	  1.005	  1.485	  0.000
22	  2.280	 55.008	  1.005	  1.485	  0.000
23	  2.280	 57.334	  1.005	  1.485	  0.000
24	  2.280	 59.659	  1.005	  1.485	  0.000
25	  2.280	 61.985	  1.005	  1.485	  0.000
26	  2.280	 64.310	  1.005	  1.485	  0.000
27	  2.280	 66.636	  1.005	  1.485	  0.000
28	  2.280	 68.961	  1.005	  1.485	  0.000
29	  2.280	 71.287	  1.005	  1.485	  0.000
30	  2.280	 73.613	  1.005	  1.485	  0.000
31	  2.280	 75.938	  1.005	  1.485	  0.000
32	  2.280	 78.264	  1.005	  1.485	  0.000
33	  2.280	 80.589	  1.005	  1.485	  0.000
34	  2.280	 82.915	  1.005	  1.485	  0.000
35	  2.280	 85.241	  1.005	  1.485	  0.000
36	  2.280	 87.566	  1.005	  1.485	  0.000
37	  2.280	 89.892	  1.005	  1.485	  0.000
38	  2.280	 92.217	  1.005	  1.485	  0.000
39	  2.280	 94.543	  1.005	  1.485	  0.000
40	  2.280	 96.868	  1.005	  1.485	  0.000
41	  2.280	 99.194	  1.005	  1.485	  0.000
42	  2.280	101.520	  1.005	  1.485	  0.000
0	  2.400	  4.024	  1.005	  1.488	  0.000
1	  2.400	  6.349	  1.005	  1.488	  0.000
2	  2.400	  8.675	  1.005	  1.488	  0.000
3	  2.400	 11.000	  1.005	  1.488	  0.000
4	  2.400	 13.326	  1.005	  1.488	  0.000
5	  2.400	 15.652	  1.005	  1.488	  0.000
6	  2.400	 17.977	  1.005	  1.488	  0.000
7	  2.400	 20.303	  1.005	  1.488	  0.000
8	  2.400	 22.628	  1.005	  1.488	  0.000
9	  2.400	 24.954	  1.005	  1.488	  0.000
10	  2.400	 27.279	  1.005	  1.488	  0.000
11	  2.400	 29.605	  1.005	  1.488	  0.000
12	  2.400	 31.931	  1.005	  1.488	  0.000
13	  2.400	 34.256	  1.005	  1.488	  0.000
14	  2.400	 36.582	  1.005	  1.488	  0.000
15	  2.400	 38.907	  1.005	  1.488	  0.000
16	  2.400	 41.233	  1.005	  1.488	  0.000
17	  2.400	 43.558	  1.005	  1.488	  0.000
18	  2.400	 45.884	  1.005	  1.488	  0.000
19	  2.400	 48.210	  1.005	  1.488	  0.000
20	  2.400	 50.535	  1.005	  1.488	  0.000
21	  2.400	 52.861	  1.005	  1.488	  0.000
22	  2.400	 55.186	  1.005	  1.488	  0.000
23	  2.400	 57.512	  1.005	  1.488	  0.000
24	  2.400	 59.838	  1.005	  1.488	  0.000
25	  2.400	 62.163	  1.005	  1.488	  0.000
26	  2.400	 64.489	  1.005	  1.488	  0.000
27	  2.400	 66.814	  1.005	  1.488	  0.000
28	  2.400	 69.140	  1.005	  1.488	  0.000
29	  2.400	 71.465	  1.005	  1.488	  0.000
30	  2.400	 73.791	  1.005	  1.488	  0.000
31	  2.400	 76.117	  1.005	  1.488	  0.000
32	  2.400	 78.442	  1.005	  1.488	  0.000
33	  2.400	 80.768	  1.005	  1.488	  0.000
34	  2.400	 83.093	  1.005	  1.488	  0.000
35	  2.400	 85.419	  1.005	  1.488	  0.000
36	  2.400	 87.745	  1.005	  1.488	  0.000
37	  2.400	 90.070	  1.005	  1.488	  0.000
38	  2.400	 92.396	  1.005	  1.488	  0.000
39	  2.400	 94.721	  1.005	  1.488	  0.000
40	  2.400	 97.047	  1.005	  1.488	  0.000
41	  2.400	 99.372	  1.005	  1.488	  0.000
42	  2.400	101.698	  1.005	  1.488	  0.000
0	  2.520	  4.202	  1.005	  1.491	  0.000
1	  2.520	  6.528	  1.005	  1.491	  0.000
2	  2.520	  8.854	  1.005	  1.491	  0.000
3	  2.520	 11.179	  1.005	  1.491	  0.000
4	  2.520	 13.505	  1.005	  1.491	  0.000
5	  2.520	 15.830	  1.005	  1.491	  0.000
6	  2.520	 18.156	  1.005	  1.491	  0.000
7	  2.520	 20.481	  1.005	  1.491	  0.000
8	  2.520	 22.807	  1.005	  1.491	  0.000
9	  2.520	 25.133	  1.005	  1.491	  0.000
10	  2.520	 27.458	  1.005	  1.491	  0.000
11	  2.520	 29.784	  1.005	  1.491	  0.000
12	  2.520	 32.109	  1.005	  1.491	  0.000
13	  2.520	 34.435	  1.005	  1.491	  0.000
14	  2.520	 36.760	  1.005	  1.491	  0.000
15	  2.520	 39.086	  1.005	  1.491	  0.000
16	  2.520	 41.412	  1.005	  1.491	  0.000
17	  2.520	 43.737	  1.005	  1.491	  0.000
18	  2.520	 46.063	  1.005	  1.491	  0.000
19	  2.520	 48.388	  1.005	  1.491	  0.000
20	  2.520	 50.714	  1.005	  1.491	  0.000
21	  2.520	 53.040	  1.005	  1.491	  0.000
22	  2.520	 55.365	  1.005	  1.491	  0.000
23	  2.520	 57.691	  1.005	  1.491	  0.000
24	  2.520	 60.016	  1.005	  1.491	  0.000
25	  2.520	 62.342	  1.005	  1.491	  0.000
26	  2.520	 64.667	  1.005	  1.491	  0.000
27	  2.520	 66.993	  1.005	  1.491	  0.000
28	  2.520	 69.319	  1.005	  1.491	  0.000
29	  2.520	 71.644	  1.005	  1.491	  0.000
30	  2.520	 73.970	  1.005	  1.491	  0.000
31	  2.520	 76.295	  1.005	  1.491	  0.000
32	  2.520	 78.621	  1.005	  1.491	  0.000
33	  2.520	 80.947	  1.005	  1.491	  0.000
34	  2.520	 83.272	  1.005	  1.491	  0.000
35	  2.520	 85.598	  1.005	  1.491	  0.000
36	  2.520	 87.923	  1.005	  1.491	  0.000
37	  2.520	 90.249	  1.005	  1.491	  0.000
38	  2.520	 92.574	  1.005	  1.491	  0.000
39	  2.520	 94.900	  1.005	  1.491	  0.000
40	  2.520	 97.226	  1.005	  1.491	  0.000
41	  2.520	 99.551	  1.005	  1.491	  0.000
42	  2.520	101.877	  1.005	  1.491	  0.000
0	  2.640	  4.381	  1.005	  1.493	  0.000
1	  2.640	  6.707	  1.005	  1.493	  0.000
2	  2.640	  9.033	  1.005	  1.493	  0.000
3	  2.640	 11.358	  1.005	  1.493	  0.000
4	  2.640	 13.684	  1.005	  1.493	  0.000
5	  2.640	 16.009	  1.005	  1.493	  0.000
6	  2.640	 18.335	  1.005	  1.493	  0.000
7	  2.640	 20.660	  1.005	  1.493	  0.000
8	  2.640	 22.986	  1.005	  1.493	  0.000
9	  2.640	 25.312	  1.005	  1.493	  0.000
10	  2.640	 27.637	  1.005	  1.493	  0.000
11	  2.640	 29.963	  1.005	  1.493	  0.000
12	  2.640	 32.288	  1.005	  1.493	  0.000
13	  2.640	 34.614	  1.005	  1.493	  0.000
14	  2.640	 36.940	  1.005	  1.493	  0.000
15	  2.640	 39.265	  1.005	  1.493	  0.000
16	  2.640	 41.591	  1.005	  1.493	  0.000
17	  2.640	 43.916	  1.005	  1.493	  0.000
18	  2.640	 46.242	  1.005	  1.493	  0.000
19	  2.640	 48.567	  1.005	  1.493	  0.000
20	  2.640	 50.893	  1.005	  1.493	  0.000
21	  2.640	 53.219	  1.005	  1.493	  0.000
22	  2.640	 55.544	  1.005	  1.493	  0.000
23	  2.640	 57.870	  1.005	  1.493	  0.000
24	  2.640	 60.195	  1.005	  1.493	  0.000
25	  2.640	 62.521	  1.005	  1.493	  0.000
26	  2.640	 64.846	  1.005	  1.493	  0.000
27	  2.640	 67.172	  1.005	  1.493	  0.000
28	  2.640	 69.498	  1.005	  1.493	  0.000
29	  2.640	 71.823	  1.005	  1.493	  0.000
30	  2.640	 74.149	  1.005	  1.493	  0.000
31	  2.640	 76.474	  1.005	  1.493	  0.000
32	  2.640	 78.800	  1.005	  1.493	  0.000
33	  2.640	 81.126	  1.005	  1.493	  0.000
34	  2.640	 83.451	  1.005	  1.493	  0.000
35	  2.640	 85.777	  1.005	  1.493	  0.000
36	  2.640	 88.102	  1.005	  1.493	  0.000
37	  2.640	 90.428	  1.005	  1.493	  0.000
38	  2.640	 92.753	  1.005	  1.493	  0.000
39	  2.640	 95.079	  1.005	  1.493	  0.000
40	  2.640	 97.405	  1.005	  1.493	  0.000
41	  2.640	 99.730	  1.005	  1.493	  0.000
42	  2.640	102.056	  1.005	  1.493	  0.000
0	  2.760	  4.561	  1.005	  1.494	  0.000
1	  2.760	  6.886	  1.005	  1.494	  0.000
2	  2.760	  9.212	  1.005	  1.494	  0.000
3	  2.760	 11.537	  1.005	  1.494	  0.000
4	  2.760	 13.863	  1.005	  1.494	  0.000
5	  2.760	 16.188	  1.005	  1.494	  0.000
6	  2.760	 18.514	  1.005	  1.494	  0.000
7	  2.760	 20.840	  1.005	  1.494	  0.000
8	  2.760	 23.165	  1.005	  1.494	  0.000
9	  2.760	 25.491	  1.005	  1.494	  0.000
10	  2.760	 27.816	  1.005	  1.494	  0.000
11	  2.760	 30.142	  1.005	  1.494	  0.000
12	  2.760	 32.468	  1.005	  1.494	  0.000
13	  2.760	 34.793	  1.005	  1.494	  0.000
14	  2.760	 37.119	  1.005	  1.494	  0.000
15	  2.760	 39.444	  1.005	  1.494	  0.000
16	  2.760	 41.770	  1.005	  1.494	  0.000
17	  2.760	 44.095	  1.005	  1.494	  0.000
18	  2.760	 46.421	  1.005	  1.494	  0.000
19	  2.760	 48.747	  1.005	  1.494	  0.000
20	  2.760	 51.072	  1.005	  1.494	  0.000
21	  2.760	 53.398	  1.005	  1.494	  0.000
22	  2.760	 55.723	  1.005	  1.494	  0.000
23	  2.760	 58.049	  1.005	  1.494	  0.000
24	  2.760	 60.375	  1.005	  1.494	  0.000
25	  2.760	 62.700	  1.005	  1.494	  0.000
26	  2.760	 65.026	  1.005	  1.494	  0.000
27	  2.760	 67.351	  1.005	  1.494	  0.000
28	  2.760	 69.677	  1.005	  1.494	  0.000
29	  2.760	 72.002	  1.005	  1.494	  0.000
30	  2.760	 74.328	  1.005	  1.494	  0.000
31	  2.760	 76.654	  1.005	  1.494	  0.000
32	  2.760	 78.979	  1.005	  1.494	  0.000
33	  2.760	 81.305	  1.005	  1.494	  0.000
34	  2.760	 83.630	  1.005	  1.494	  0.000
35	  2.760	 85.956	  1.005	  1.494	  0.000
36	  2.760	 88.282	  1.005	  1.494	  0.000
37	  2.760	 90.607	  1.005	  1.494	  0.000
38	  2.760	 92.933	  1.005	  1.494	  0.000
39	  2.760	 95.258	  1.005	  1.494	  0.000
40	  2.760	 97.584	  1.005	  1.494	  0.000
41	  2.760	 99.909	  1.005	  1.494	  0.000
42	  2.760	102.235	  1.005	  1.494	  0.000
0	  2.880	  4.740	  1.005	  1.496	  0.000
1	  2.880	  7.066	  1.005	  1.496	  0.000
2	  2.880	  9.391	  1.005	  1.496	  0.000
3	  2.880	 11.717	  1.005	  1.496	  0.000
4	  2.880	 14.042	  1.005	  1.496	  0.000
5	  2.880	 16.368	  1.005	  1.496	  0.000
6	  2.880	 18.693	  1.005	  1.496	  0.000
7	  2.880	 21.019	  1.005	  1.496	  0.000
8	  2.880	 23.345	  1.005	  1.496	  0.000
9	  2.880	 25.670	  1.005	  1.496	  0.000
10	  2.880	 27.996	  1.005	  1.496	  0.000
11	  2.880	 30.321	  1.005	  1.496	  0.000
12	  2.880	 32.647	  1.005	  1.496	  0.000
13	  2.880	 34.973	  1.005	  1.496	  0.000
14	  2.880	 37.298	  1.005	  1.496	  0.000
15	  2.880	 39.624	  1.005	  1.496	  0.000
16	  2.880	 41.949	  1.005	  1.496	  0.000
17	  2.880	 44.275	  1.005	  1.496	  0.000
18	  2.880	 46.600	  1.005	  1.496	  0.000
19	  2.880	 48.926	  1.005	  1.496	  0.000
20	  2.880	 51.252	  1.005	  1.496	  0.000
21	  2.880	 53.577	  1.005	  1.496	  0.000
22	  2.880	 55.903	  1.005	  1.496	  0.000
23	  2.880	 58.228	  1.005	  1.496	  0.000
24	  2.880	 60.554	  1.005	  1.496	  0.000
25	  2.880	 62.880	  1.005	  1.496	  0.000
26	  2.880	 65.205	  1.005	  1.496	  0.000
27	  2.880	 67.531	  1.005	  1.496	  0.000
28	  2.880	 69.856	  1.005	  1.496	  0.000
29	  2.880	 72.182	  1.005	  1.496	  0.000
30	  2.880	 74.507	  1.005	  1.496	  0.000
31	  2.880	 76.833	  1.005	  1.496	  0.000
32	  2.880	 79.159	  1.005	  1.496	  0.000
33	  2.880	 81.484	  1.005	  1.496	  0.000
34	  2.880	 83.810	  1.005	  1.496	  0.000
35	  2.880	 86.135	  1.005	  1.496	  0.000
36	  2.880	 88.461	  1.005	  1.496	  0.000
37	  2.880	 90.786	  1.005	  1.496	  0.000
38	  2.880	 93.112	  1.005	  1.496	  0.000
39	  2.880	 95.438	  1.005	  1.496	  0.000
40	  2.880	 97.763	  1.005	  1.496	  0.000
41	  2.880	100.089	  1.005	  1.496	  0.000
42	  2.880	102.414	  1.005	  1.496	  0.000
0	  3.000	  4.920	  1.005	  1.497	  0.000
1	  3.000	  7.245	  1.005	  1.497	  0.000
2	  3.000	  9.571	  1.005	  1.497	  0.000
3	  3.000	 11.896	  1.005	  1.497	  0.000
4	  3.000	 14.222	  1.005	  1.497	  0.000
5	  3.000	 16.547	  1.005	  1.497	  0.000
6	  3.000	 18.873	  1.005	  1.497	  0.000
7	  3.000	 21.199	  1.005	  1.497	  0.000
8	  3.000	 23.524	  1.005	  1.497	  0.000
9	  3.000	 25.850	  1.005	  1.497	  0.000
10	  3.000	 28.175	  1.005	  1.497	  0.000
11	  3.000	 30.501	  1.005	  1.497	  0.000
12	  3.000	 32.826	  1.005	  1.497	  0.000
13	  3.000	 35.152	  1.005	  1.497	  0.000
14	  3.000	 37.478	  1.005	  1.497	  0.000
15	  3.000	 39.803	  1.005	  1.497	  0.000
16	  3.000	 42.129	  1.005	  1.497	  0.000
17	  3.000	 44.454	  1.005	  1.497	  0.000
18	  3.000	 46.780	  1.005	  1.497	  0.000
19	  3.000	 49.106	  1.005	  1.497	  0.000
20	  3.000	 51.431	  1.005	  1.497	  0.000
21	  3.000	 53.757	  1.005	  1.497	  0.000
22	  3.000	 56.082	  1.005	  1.497	  0.000
23	  3.000	 58.408	  1.005	  1.497	  0.000
24	  3.000	 60.733	  1.005	  1.497	  0.000
25	  3.000	 63.059	  1.005	  1.497	  0.000
26	  3.000	 65.385	  1.005	  1.497	  0.000
27	  3.000	 67.710	  1.005	  1.497	  0.000
28	  3.000	 70.036	  1.005	  1.497	  0.000
29	  3.000	 72.361	  1.005	  1.497	  0.000
30	  3.000	 74.687	  1.005	  1.497	  0.000
31	  3.000	 77.013	  1.005	  1.497	  0.000
32	  3.000	 79.338	  1.005	  1.497	  0.000
33	  3.000	 81.664	  1.005	  1.497	  0.000
34	  3.000	 83.989	  1.005	  1.497	  0.000
35	  3.000	 86.315	  1.005	  1.497	  0.000
36	  3.000	 88.640	  1.005	  1.497	  0.000
37	  3.000	 90.966	  1.005	  1.497	  0.000
38	  3.000	 93.292	  1.005	  1.497	  0.000
39	  3.000	 95.617	  1.005	  1.497	  0.000
40	  3.000	 97.943	  1.005	  1.497	  0.000
41	  3.000	100.268	  1.005	  1.497	  0.000
42	  3.000	102.594	  1.005	  1.497	  0.000
