# id	 time	 x	 y	 vx	 vy
0	  0.000	  0.610	  1.000	  0.010	  0.010
1	  0.000	  1.829	  1.000	  0.010	  0.010
2	  0.000	  3.049	  1.000	  0.010	  0.010
3	  0.000	  4.268	  1.000	  0.010	  0.010
4	  0.000	  5.488	  1.000	  0.010	  0.010
5	  0.000	  6.707	  1.000	  0.010	  0.010
6	  0.000	  7.927	  1.000	  0.010	  0.010
7	  0.000	  9.146	  1.000	  0.010	  0.010
8	  0.000	 10.366	  1.000	  0.010	  0.010
9	  0.000	 11.585	  1.000	  0.010	  0.010
10	  0.000	 12.805	  1.000	  0.010	  0.010
11	  0.000	 14.024	  1.000	  0.010	  0.010
12	  0.000	 15.244	  1.000	  0.010	  0.010
13	  0.000	 16.463	  1.000	  0.010	  0.010
14	  0.000	 17.683	  1.000	  0.010	  0.010
15	  0.000	 18.902	  1.000	  0.010	  0.010
16	  0.000	 20.122	  1.000	  0.010	  0.010
17	  0.000	 21.341	  1.000	  0.010	  0.010
18	  0.000	 22.561	  1.000	  0.010	  0.010
19	  0.000	 23.780	  1.000	  0.010	  0.010
20	  0.000	 25.000	  1.000	  0.010	  0.010
21	  0.000	 26.220	  1.000	  0.010	  0.010
22	  0.000	 27.439	  1.000	  0.010	  0.010
23	  0.000	 28.659	  1.000	  0.010	  0.010
24	  0.000	 29.878	  1.000	  0.010	  0.010
25	  0.000	 31.098	  1.000	  0.010	  0.010
26	  0.000	 32.317	  1.000	  0.010	  0.010
27	  0.000	 33.537	  1.000	  0.010	  0.010
28	  0.000	 34.756	  1.000	  0.010	  0.010
29	  0.000	 35.976	  1.000	  0.010	  0.010
30	  0.000	 37.195	  1.000	  0.010	  0.010
31	  0.000	 38.415	  1.000	  0.010	  0.010
32	  0.000	 39.634	  1.000	  0.010	  0.010
33	  0.000	 40.854	  1.000	  0.010	  0.010
34	  0.000	 42.073	  1.000	  0.010	  0.010
35	  0.000	 43.293	  1.000	  0.010	  0.010
36	  0.000	 44.512	  1.000	  0.010	  0.010
37	  0.000	 45.732	  1.000	  0.010	  0.010
38	  0.000	 46.951	  1.000	  0.010	  0.010
39	  0.000	 48.171	  1.000	  0.010	  0.010
40	  0.000	 49.390	  1.000	  0.010	  0.010
41	  0.000	 50.610	  1.000	  0.010	  0.010
42	  0.000	 51.829	  1.000	  0.010	  0.010
43	  0.000	 53.049	  1.000	  0.010	  0.010
44	  0.000	 54.268	  1.000	  0.010	  0.010
45	  0.000	 55.488	  1.000	  0.010	  0.010
46	  0.000	 56.707	  1.000	  0.010	  0.010
47	  0.000	 57.927	  1.000	  0.010	  0.010
48	  0.000	 59.146	  1.000	  0.010	  0.010
49	  0.000	 60.366	  1.000	  0.010	  0.010
50	  0.000	 61.585	  1.000	  0.010	  0.010
51	  0.000	 62.805	  1.000	  0.010	  0.010
52	  0.000	 64.024	  1.000	  0.010	  0.010
53	  0.000	 65.244	  1.000	  0.010	  0.010
54	  0.000	 66.463	  1.000	  0.010	  0.010
55	  0.000	 67.683	  1.000	  0.010	  0.010
56	  0.000	 68.902	  1.000	  0.010	  0.010
57	  0.000	 70.122	  1.000	  0.010	  0.010
58	  0.000	 71.341	  1.000	  0.010	  0.010
59	  0.000	 72.561	  1.000	  0.010	  0.010
60	  0.000	 73.780	  1.000	  0.010	  0.010
61	  0.000	 75.000	  1.000	  0.010	  0.010
62	  0.000	 76.220	  1.000	  0.010	  0.010
63	  0.000	 77.439	  1.000	  0.010	  0.010
64	  0.000	 78.659	  1.000	  0.010	  0.010
65	  0.000	 79.878	  1.000	  0.010	  0.010
66	  0.000	 81.098	  1.000	  0.010	  0.010
67	  0.000	 82.317	  1.000	  0.010	  0.010
68	  0.000	 83.537	  1.000	  0.010	  0.010
69	  0.000	 84.756	  1.000	  0.010	  0.010
70	  0.000	 85.976	  1.000	  0.010	  0.010
71	  0.000	 87.195	  1.000	  0.010	  0.010
72	  0.000	 88.415	  1.000	  0.010	  0.010
73	  0.000	 89.634	  1.000	  0.010	  0.010
74	  0.000	 90.854	  1.000	  0.010	  0.010
75	  0.000	 92.073	  1.000	  0.010	  0.010
76	  0.000	 93.293	  1.000	  0.010	  0.010
77	  0.000	 94.512	  1.000	  0.010	  0.010
78	  0.000	 95.732	  1.000	  0.010	  0.010
79	  0.000	 96.951	  1.000	  0.010	  0.010
80	  0.000	 98.171	  1.000	  0.010	  0.010
81	  0.000	 99.390	  1.000	  0.010	  0.010
0	  0.120	  0.611	  1.001	 -0.025	  0.008
1	  0.120	  1.831	  1.001	 -0.025	  0.008
2	  0.120	  3.050	  1.001	 -0.025	  0.008
3	  0.120	  4.270	  1.001	 -0.025	  0.008
4	  0.120	  5.489	  1.001	 -0.025	  0.008
5	  0.120	  6.709	  1.001	 -0.025	  0.008
6	  0.120	  7.928	  1.001	 -0.025	  0.008
7	  0.120	  9.148	  1.001	 -0.025	  0.008
8	  0.120	 10.367	  1.001	 -0.025	  0.008
9	  0.120	 11.587	  1.001	 -0.025	  0.008
10	  0.120	 12.806	  1.001	 -0.025	  0.008
11	  0.120	 14.026	  1.001	 -0.025	  0.008
12	  0.120	 15.245	  1.001	 -0.025	  0.008
13	  0.120	 16.465	  1.001	 -0.025	  0.008
14	  0.120	 17.684	  1.001	 -0.025	  0.008
15	  0.120	 18.904	  1.001	 -0.025	  0.008
16	  0.120	 20.123	  1.001	 -0.025	  0.008
17	  0.120	 21.343	  1.001	 -0.025	  0.008
18	  0.120	 22.562	  1.001	 -0.025	  0.008
19	  0.120	 23.782	  1.001	 -0.025	  0.008
20	  0.120	 25.001	  1.001	 -0.025	  0.008
21	  0.120	 26.221	  1.001	 -0.025	  0.008
22	  0.120	 27.440	  1.001	 -0.025	  0.008
23	  0.120	 28.660	  1.001	 -0.025	  0.008
24	  0.120	 29.879	  1.001	 -0.025	  0.008
25	  0.120	 31.099	  1.001	 -0.025	  0.008
26	  0.120	 32.319	  1.001	 -0.025	  0.008
27	  0.120	 33.538	  1.001	 -0.025	  0.008
28	  0.120	 34.758	  1.001	 -0.025	  0.008
29	  0.120	 35.977	  1.001	 -0.025	  0.008
30	  0.120	 37.197	  1.001	 -0.025	  0.008
31	  0.120	 38.416	  1.001	 -0.025	  0.008
32	  0.120	 39.636	  1.001	 -0.025	  0.008
33	  0.120	 40.855	  1.001	 -0.025	  0.008
34	  0.120	 42.075	  1.001	 -0.025	  0.008
35	  0.120	 43.294	  1.001	 -0.025	  0.008
36	  0.120	 44.514	  1.001	 -0.025	  0.008
37	  0.120	 45.733	  1.001	 -0.025	  0.008
38	  0.120	 46.953	  1.001	 -0.025	  0.008
39	  0.120	 48.172	  1.001	 -0.025	  0.008
40	  0.120	 49.392	  1.001	 -0.025	  0.008
41	  0.120	 50.611	  1.001	 -0.025	  0.008
42	  0.120	 51.831	  1.001	 -0.025	  0.008
43	  0.120	 53.050	  1.001	 -0.025	  0.008
44	  0.120	 54.270	  1.001	 -0.025	  0.008
45	  0.120	 55.489	  1.001	 -0.025	  0.008
46	  0.120	 56.709	  1.001	 -0.025	  0.008
47	  0.120	 57.928	  1.001	 -0.025	  0.008
48	  0.120	 59.148	  1.001	 -0.025	  0.008
49	  0.120	 60.367	  1.001	 -0.025	  0.008
50	  0.120	 61.587	  1.001	 -0.025	  0.008
51	  0.120	 62.806	  1.001	 -0.025	  0.008
52	  0.120	 64.026	  1.001	 -0.025	  0.008
53	  0.120	 65.245	  1.001	 -0.025	  0.008
54	  0.120	 66.465	  1.001	 -0.025	  0.008
55	  0.120	 67.684	  1.001	 -0.025	  0.008
56	  0.120	 68.904	  1.001	 -0.025	  0.008
57	  0.120	 70.123	  1.001	 -0.025	  0.008
58	  0.120	 71.343	  1.001	 -0.025	  0.008
59	  0.120	 72.562	  1.001	 -0.025	  0.008
60	  0.120	 73.782	  1.001	 -0.025	  0.008
61	  0.120	 75.001	  1.001	 -0.025	  0.008
62	  0.120	 76.221	  1.001	 -0.025	  0.008
63	  0.120	 77.440	  1.001	 -0.025	  0.008
64	  0.120	 78.660	  1.001	 -0.025	  0.008
65	  0.120	 79.879	  1.001	 -0.025	  0.008
66	  0.120	 81.099	  1.001	 -0.025	  0.008
67	  0.120	 82.319	  1.001	 -0.025	  0.008
68	  0.120	 83.538	  1.001	 -0.025	  0.008
69	  0.120	 84.758	  1.001	 -0.025	  0.008
70	  0.120	 85.977	  1.001	 -0.025	  0.008
71	  0.120	 87.197	  1.001	 -0.025	  0.008
72	  0.120	 88.416	  1.001	 -0.025	  0.008
73	  0.120	 89.636	  1.001	 -0.025	  0.008
74	  0.120	 90.855	  1.001	 -0.025	  0.008
75	  0.120	 92.075	  1.001	 -0.025	  0.008
76	  0.120	 93.294	  1.001	 -0.025	  0.008
77	  0.120	 94.514	  1.001	 -0.025	  0.008
78	  0.120	 95.733	  1.001	 -0.025	  0.008
79	  0.120	 96.953	  1.001	 -0.025	  0.008
80	  0.120	 98.172	  1.001	 -0.025	  0.008
81	  0.120	 99.392	  1.001	 -0.025	  0.008
0	  0.240	  0.616	  1.002	 -0.066	  0.006
1	  0.240	  1.835	  1.002	 -0.066	  0.006
2	  0.240	  3.055	  1.002	 -0.066	  0.006
3	  0.240	  4.274	  1.002	 -0.066	  0.006
4	  0.240	  5.494	  1.002	 -0.066	  0.006
5	  0.240	  6.713	  1.002	 -0.066	  0.006
6	  0.240	  7.933	  1.002	 -0.066	  0.006
7	  0.240	  9.152	  1.002	 -0.066	  0.006
8	  0.240	 10.372	  1.002	 -0.066	  0.006
9	  0.240	 11.591	  1.002	 -0.066	  0.006
10	  0.240	 12.811	  1.002	 -0.066	  0.006
11	  0.240	 14.030	  1.002	 -0.066	  0.006
12	  0.240	 15.250	  1.002	 -0.066	  0.006
13	  0.240	 16.469	  1.002	 -0.066	  0.006
14	  0.240	 17.689	  1.002	 -0.066	  0.006
15	  0.240	 18.908	  1.002	 -0.066	  0.006
16	  0.240	 20.128	  1.002	 -0.066	  0.006
17	  0.240	 21.347	  1.002	 -0.066	  0.006
18	  0.240	 22.567	  1.002	 -0.066	  0.006
19	  0.240	 23.787	  1.002	 -0.066	  0.006
20	  0.240	 25.006	  1.002	 -0.066	  0.006
21	  0.240	 26.226	  1.002	 -0.066	  0.006
22	  0.240	 27.445	  1.002	 -0.066	  0.006
23	  0.240	 28.665	  1.002	 -0.066	  0.006
24	  0.240	 29.884	  1.002	 -0.066	  0.006
25	  0.240	 31.104	  1.002	 -0.066	  0.006
26	  0.240	 32.323	  1.002	 -0.066	  0.006
27	  0.240	 33.543	  1.002	 -0.066	  0.006
28	  0.240	 34.762	  1.002	 -0.066	  0.006
29	  0.240	 35.982	  1.002	 -0.066	  0.006
30	  0.240	 37.201	  1.002	 -0.066	  0.006
31	  0.240	 38.421	  1.002	 -0.066	  0.006
32	  0.240	 39.640	  1.002	 -0.066	  0.006
33	  0.240	 40.860	  1.002	 -0.066	  0.006
34	  0.240	 42.079	  1.002	 -0.066	  0.006
35	  0.240	 43.299	  1.002	 -0.066	  0.006
36	  0.240	 44.518	  1.002	 -0.066	  0.006
37	  0.240	 45.738	  1.002	 -0.066	  0.006
38	  0.240	 46.957	  1.002	 -0.066	  0.006
39	  0.240	 48.177	  1.002	 -0.066	  0.006
40	  0.240	 49.396	  1.002	 -0.066	  0.006
41	  0.240	 50.616	  1.002	 -0.066	  0.006
42	  0.240	 51.835	  1.002	 -0.066	  0.006
43	  0.240	 53.055	  1.002	 -0.066	  0.006
44	  0.240	 54.274	  1.002	 -0.066	  0.006
45	  0.240	 55.494	  1.002	 -0.066	  0.006
46	  0.240	 56.713	  1.002	 -0.066	  0.006
47	  0.240	 57.933	  1.002	 -0.066	  0.006
48	  0.240	 59.152	  1.002	 -0.066	  0.006
49	  0.240	 60.372	  1.002	 -0.066	  0.006
50	  0.240	 61.591	  1.002	 -0.066	  0.006
51	  0.240	 62.811	  1.002	 -0.066	  0.006
52	  0.240	 64.030	  1.002	 -0.066	  0.006
53	  0.240	 65.250	  1.002	 -0.066	  0.006
54	  0.240	 66.469	  1.002	 -0.066	  0.006
55	  0.240	 67.689	  1.002	 -0.066	  0.006
56	  0.240	 68.908	  1.002	 -0.066	  0.006
57	  0.240	 70.128	  1.002	 -0.066	  0.006
58	  0.240	 71.347	  1.002	 -0.066	  0.006
59	  0.240	 72.567	  1.002	 -0.066	  0.006
60	  0.240	 73.787	  1.002	 -0.066	  0.006
61	  0.240	 75.006	  1.002	 -0.066	  0.006
62	  0.240	 76.226	  1.002	 -0.066	  0.006
63	  0.240	 77.445	  1.002	 -0.066	  0.006
64	  0.240	 78.665	  1.002	 -0.066	  0.006
65	  0.240	 79.884	  1.002	 -0.066	  0.006
66	  0.240	 81.104	  1.002	 -0.066	  0.006
67	  0.240	 82.323	  1.002	 -0.066	  0.006
68	  0.240	 83.543	  1.002	 -0.066	  0.006
69	  0.240	 84.762	  1.002	 -0.066	  0.006
70	  0.240	 85.982	  1.002	 -0.066	  0.006
71	  0.240	 87.201	  1.002	 -0.066	  0.006
72	  0.240	 88.421	  1.002	 -0.066	  0.006
73	  0.240	 89.640	  1.002	 -0.066	  0.006
74	  0.240	 90.860	  1.002	 -0.066	  0.006
75	  0.240	 92.079	  1.002	 -0.066	  0.006
76	  0.240	 93.299	  1.002	 -0.066	  0.006
77	  0.240	 94.518	  1.002	 -0.066	  0.006
78	  0.240	 95.738	  1.002	 -0.066	  0.006
79	  0.240	 96.957	  1.002	 -0.066	  0.006
80	  0.240	 98.177	  1.002	 -0.066	  0.006
81	  0.240	 99.396	  1.002	 -0.066	  0.006
0	  0.360	  0.623	  1.003	 -0.112	  0.005
1	  0.360	  1.843	  1.003	 -0.112	  0.005
2	  0.360	  3.062	  1.003	 -0.112	  0.005
3	  0.360	  4.282	  1.003	 -0.112	  0.005
4	  0.360	  5.501	  1.003	 -0.112	  0.005
5	  0.360	  6.721	  1.003	 -0.112	  0.005
6	  0.360	  7.940	  1.003	 -0.112	  0.005
7	  0.360	  9.160	  1.003	 -0.112	  0.005
8	  0.360	 10.379	  1.003	 -0.112	  0.005
9	  0.360	 11.599	  1.003	 -0.112	  0.005
10	  0.360	 12.818	  1.003	 -0.112	  0.005
11	  0.360	 14.038	  1.003	 -0.112	  0.005
12	  0.360	 15.257	  1.003	 -0.112	  0.005
13	  0.360	 16.477	  1.003	 -0.112	  0.005
14	  0.360	 17.696	  1.003	 -0.112	  0.005
15	  0.360	 18.916	  1.003	 -0.112	  0.005
16	  0.360	 20.135	  1.003	 -0.112	  0.005
17	  0.360	 21.355	  1.003	 -0.112	  0.005
18	  0.360	 22.574	  1.003	 -0.112	  0.005
19	  0.360	 23.794	  1.003	 -0.112	  0.005
20	  0.360	 25.013	  1.003	 -0.112	  0.005
21	  0.360	 26.233	  1.003	 -0.112	  0.005
22	  0.360	 27.452	  1.003	 -0.112	  0.005
23	  0.360	 28.672	  1.003	 -0.112	  0.005
24	  0.360	 29.891	  1.003	 -0.112	  0.005
25	  0.360	 31.111	  1.003	 -0.112	  0.005
26	  0.360	 32.330	  1.003	 -0.112	  0.005
27	  0.360	 33.550	  1.003	 -0.112	  0.005
28	  0.360	 34.769	  1.003	 -0.112	  0.005
29	  0.360	 35.989	  1.003	 -0.112	  0.005
30	  0.360	 37.209	  1.003	 -0.112	  0.005
31	  0.360	 38.428	  1.003	 -0.112	  0.005
32	  0.360	 39.648	  1.003	 -0.112	  0.005
33	  0.360	 40.867	  1.003	 -0.112	  0.005
34	  0.360	 42.087	  1.003	 -0.112	  0.005
35	  0.360	 43.306	  1.003	 -0.112	  0.005
36	  0.360	 44.526	  1.003	 -0.112	  0.005
37	  0.360	 45.745	  1.003	 -0.112	  0.005
38	  0.360	 46.965	  1.003	 -0.112	  0.005
39	  0.360	 48.184	  1.003	 -0.112	  0.005
40	  0.360	 49.404	  1.003	 -0.112	  0.005
41	  0.360	 50.623	  1.003	 -0.112	  0.005
42	  0.360	 51.843	  1.003	 -0.112	  0.005
43	  0.360	 53.062	  1.003	 -0.112	  0.005
44	  0.360	 54.282	  1.003	 -0.112	  0.005
45	  0.360	 55.501	  1.003	 -0.112	  0.005
46	  0.360	 56.721	  1.003	 -0.112	  0.005
47	  0.360	 57.940	  1.003	 -0.112	  0.005
48	  0.360	 59.160	  1.003	 -0.112	  0.005
49	  0.360	 60.379	  1.003	 -0.112	  0.005
50	  0.360	 61.599	  1.003	 -0.112	  0.005
51	  0.360	 62.818	  1.003	 -0.112	  0.005
52	  0.360	 64.038	  1.003	 -0.112	  0.005
53	  0.360	 65.257	  1.003	 -0.112	  0.005
54	  0.360	 66.477	  1.003	 -0.112	  0.005
55	  0.360	 67.696	  1.003	 -0.112	  0.005
56	  0.360	 68.916	  1.003	 -0.112	  0.005
57	  0.360	 70.135	  1.003	 -0.112	  0.005
58	  0.360	 71.355	  1.003	 -0.112	  0.005
59	  0.360	 72.574	  1.003	 -0.112	  0.005
60	  0.360	 73.794	  1.003	 -0.112	  0.005
61	  0.360	 75.013	  1.003	 -0.112	  0.005
62	  0.360	 76.233	  1.003	 -0.112	  0.005
63	  0.360	 77.452	  1.003	 -0.112	  0.005
64	  0.360	 78.672	  1.003	 -0.112	  0.005
65	  0.360	 79.891	  1.003	 -0.112	  0.005
66	  0.360	 81.111	  1.003	 -0.112	  0.005
67	  0.360	 82.330	  1.003	 -0.112	  0.005
68	  0.360	 83.550	  1.003	 -0.112	  0.005
69	  0.360	 84.769	  1.003	 -0.112	  0.005
70	  0.360	 85.989	  1.003	 -0.112	  0.005
71	  0.360	 87.209	  1.003	 -0.112	  0.005
72	  0.360	 88.428	  1.003	 -0.112	  0.005
73	  0.360	 89.648	  1.003	 -0.112	  0.005
74	  0.360	 90.867	  1.003	 -0.112	  0.005
75	  0.360	 92.087	  1.003	 -0.112	  0.005
76	  0.360	 93.306	  1.003	 -0.112	  0.005
77	  0.360	 94.526	  1.003	 -0.112	  0.005
78	  0.360	 95.745	  1.003	 -0.112	  0.005
79	  0.360	 96.965	  1.003	 -0.112	  0.005
80	  0.360	 98.184	  1.003	 -0.112	  0.005
81	  0.360	 99.404	  1.003	 -0.112	  0.005
0	  0.480	  0.625	  1.003	 -0.149	  0.004
1	  0.480	  1.845	  1.003	 -0.149	  0.004
2	  0.480	  3.065	  1.003	 -0.149	  0.004
3	  0.480	  4.284	  1.003	 -0.149	  0.004
4	  0.480	  5.504	  1.003	 -0.149	  0.004
5	  0.480	  6.723	  1.003	 -0.149	  0.004
6	  0.480	  7.943	  1.003	 -0.149	  0.004
7	  0.480	  9.162	  1.003	 -0.149	  0.004
8	  0.480	 10.382	  1.003	 -0.149	  0.004
9	  0.480	 11.601	  1.003	 -0.149	  0.004
10	  0.480	 12.821	  1.003	 -0.149	  0.004
11	  0.480	 14.040	  1.003	 -0.149	  0.004
12	  0.480	 15.260	  1.003	 -0.149	  0.004
13	  0.480	 16.479	  1.003	 -0.149	  0.004
14	  0.480	 17.699	  1.003	 -0.149	  0.004
15	  0.480	 18.918	  1.003	 -0.149	  0.004
16	  0.480	 20.138	  1.003	 -0.149	  0.004
17	  0.480	 21.357	  1.003	 -0.149	  0.004
18	  0.480	 22.577	  1.003	 -0.149	  0.004
19	  0.480	 23.796	  1.003	 -0.149	  0.004
20	  0.480	 25.016	  1.003	 -0.149	  0.004
21	  0.480	 26.235	  1.003	 -0.149	  0.004
22	  0.480	 27.455	  1.003	 -0.149	  0.004
23	  0.480	 28.674	  1.003	 -0.149	  0.004
24	  0.480	 29.894	  1.003	 -0.149	  0.004
25	  0.480	 31.113	  1.003	 -0.149	  0.004
26	  0.480	 32.333	  1.003	 -0.149	  0.004
27	  0.480	 33.552	  1.003	 -0.149	  0.004
28	  0.480	 34.772	  1.003	 -0.149	  0.004
29	  0.480	 35.991	  1.003	 -0.149	  0.004
30	  0.480	 37.211	  1.003	 -0.149	  0.004
31	  0.480	 38.430	  1.003	 -0.149	  0.004
32	  0.480	 39.650	  1.003	 -0.149	  0.004
33	  0.480	 40.869	  1.003	 -0.149	  0.004
34	  0.480	 42.089	  1.003	 -0.149	  0.004
35	  0.480	 43.308	  1.003	 -0.149	  0.004
36	  0.480	 44.528	  1.003	 -0.149	  0.004
37	  0.480	 45.747	  1.003	 -0.149	  0.004
38	  0.480	 46.967	  1.003	 -0.149	  0.004
39	  0.480	 48.186	  1.003	 -0.149	  0.004
40	  0.480	 49.406	  1.003	 -0.149	  0.004
41	  0.480	 50.625	  1.003	 -0.149	  0.004
42	  0.480	 51.845	  1.003	 -0.149	  0.004
43	  0.480	 53.065	  1.003	 -0.149	  0.004
44	  0.480	 54.284	  1.003	 -0.149	  0.004
45	  0.480	 55.504	  1.003	 -0.149	  0.004
46	  0.480	 56.723	  1.003	 -0.149	  0.004
47	  0.480	 57.943	  1.003	 -0.149	  0.004
48	  0.480	 59.162	  1.003	 -0.149	  0.004
49	  0.480	 60.382	  1.003	 -0.149	  0.004
50	  0.480	 61.601	  1.003	 -0.149	  0.004
51	  0.480	 62.821	  1.003	 -0.149	  0.004
52	  0.480	 64.040	  1.003	 -0.149	  0.004
53	  0.480	 65.260	  1.003	 -0.149	  0.004
54	  0.480	 66.479	  1.003	 -0.149	  0.004
55	  0.480	 67.699	  1.003	 -0.149	  0.004
56	  0.480	 68.918	  1.003	 -0.149	  0.004
57	  0.480	 70.138	  1.003	 -0.149	  0.004
58	  0.480	 71.357	  1.003	 -0.149	  0.004
59	  0.480	 72.577	  1.003	 -0.149	  0.004
60	  0.480	 73.796	  1.003	 -0.149	  0.004
61	  0.480	 75.016	  1.003	 -0.149	  0.004
62	  0.480	 76.235	  1.003	 -0.149	  0.004
63	  0.480	 77.455	  1.003	 -0.149	  0.004
64	  0.480	 78.674	  1.003	 -0.149	  0.004
65	  0.480	 79.894	  1.003	 -0.149	  0.004
66	  0.480	 81.113	  1.003	 -0.149	  0.004
67	  0.480	 82.333	  1.003	 -0.149	  0.004
68	  0.480	 83.552	  1.003	 -0.149	  0.004
69	  0.480	 84.772	  1.003	 -0.149	  0.004
70	  0.480	 85.991	  1.003	 -0.149	  0.004
71	  0.480	 87.211	  1.003	 -0.149	  0.004
72	  0.480	 88.430	  1.003	 -0.149	  0.004
73	  0.480	 89.650	  1.003	 -0.149	  0.004
74	  0.480	 90.869	  1.003	 -0.149	  0.004
75	  0.480	 92.089	  1.003	 -0.149	  0.004
76	  0.480	 93.308	  1.003	 -0.149	  0.004
77	  0.480	 94.528	  1.003	 -0.149	  0.004
78	  0.480	 95.747	  1.003	 -0.149	  0.004
79	  0.480	 96.967	  1.003	 -0.149	  0.004
80	  0.480	 98.186	  1.003	 -0.149	  0.004
81	  0.480	 99.406	  1.003	 -0.149	  0.004
0	  0.600	  0.627	  1.004	  0.208	  0.003
1	  0.600	  1.847	  1.004	  0.208	  0.003
2	  0.600	  3.066	  1.004	  0.208	  0.003
3	  0.600	  4.286	  1.004	  0.208	  0.003
4	  0.600	  5.505	  1.004	  0.208	  0.003
5	  0.600	  6.725	  1.004	  0.208	  0.003
6	  0.600	  7.944	  1.004	  0.208	  0.003
7	  0.600	  9.164	  1.004	  0.208	  0.003
8	  0.600	 10.383	  1.004	  0.208	  0.003
9	  0.600	 11.603	  1.004	  0.208	  0.003
10	  0.600	 12.823	  1.004	  0.208	  0.003
11	  0.600	 14.042	  1.004	  0.208	  0.003
12	  0.600	 15.262	  1.004	  0.208	  0.003
13	  0.600	 16.481	  1.004	  0.208	  0.003
14	  0.600	 17.701	  1.004	  0.208	  0.003
15	  0.600	 18.920	  1.004	  0.208	  0.003
16	  0.600	 20.140	  1.004	  0.208	  0.003
17	  0.600	 21.359	  1.004	  0.208	  0.003
18	  0.600	 22.579	  1.004	  0.208	  0.003
19	  0.600	 23.798	  1.004	  0.208	  0.003
20	  0.600	 25.018	  1.004	  0.208	  0.003
21	  0.600	 26.237	  1.004	  0.208	  0.003
22	  0.600	 27.457	  1.004	  0.208	  0.003
23	  0.600	 28.676	  1.004	  0.208	  0.003
24	  0.600	 29.896	  1.004	  0.208	  0.003
25	  0.600	 31.115	  1.004	  0.208	  0.003
26	  0.600	 32.335	  1.004	  0.208	  0.003
27	  0.600	 33.554	  1.004	  0.208	  0.003
28	  0.600	 34.774	  1.004	  0.208	  0.003
29	  0.600	 35.993	  1.004	  0.208	  0.003
30	  0.600	 37.213	  1.004	  0.208	  0.003
31	  0.600	 38.432	  1.004	  0.208	  0.003
32	  0.600	 39.652	  1.004	  0.208	  0.003
33	  0.600	 40.871	  1.004	  0.208	  0.003
34	  0.600	 42.091	  1.004	  0.208	  0.003
35	  0.600	 43.310	  1.004	  0.208	  0.003
36	  0.600	 44.530	  1.004	  0.208	  0.003
37	  0.600	 45.749	  1.004	  0.208	  0.003
38	  0.600	 46.969	  1.004	  0.208	  0.003
39	  0.600	 48.188	  1.004	  0.208	  0.003
40	  0.600	 49.408	  1.004	  0.208	  0.003
41	  0.600	 50.627	  1.004	  0.208	  0.003
42	  0.600	 51.847	  1.004	  0.208	  0.003
43	  0.600	 53.066	  1.004	  0.208	  0.003
44	  0.600	 54.286	  1.004	  0.208	  0.003
45	  0.600	 55.505	  1.004	  0.208	  0.003
46	  0.600	 56.725	  1.004	  0.208	  0.003
47	  0.600	 57.944	  1.004	  0.208	  0.003
48	  0.600	 59.164	  1.004	  0.208	  0.003
49	  0.600	 60.383	  1.004	  0.208	  0.003
50	  0.600	 61.603	  1.004	  0.208	  0.003
51	  0.600	 62.823	  1.004	  0.208	  0.003
52	  0.600	 64.042	  1.004	  0.208	  0.003
53	  0.600	 65.262	  1.004	  0.208	  0.003
54	  0.600	 66.481	  1.004	  0.208	  0.003
55	  0.600	 67.701	  1.004	  0.208	  0.003
56	  0.600	 68.920	  1.004	  0.208	  0.003
57	  0.600	 70.140	  1.004	  0.208	  0.003
58	  0.600	 71.359	  1.004	  0.208	  0.003
59	  0.600	 72.579	  1.004	  0.208	  0.003
60	  0.600	 73.798	  1.004	  0.208	  0.003
61	  0.600	 75.018	  1.004	  0.208	  0.003
62	  0.600	 76.237	  1.004	  0.208	  0.003
63	  0.600	 77.457	  1.004	  0.208	  0.003
64	  0.600	 78.676	  1.004	  0.208	  0.003
65	  0.600	 79.896	  1.004	  0.208	  0.003
66	  0.600	 81.115	  1.004	  0.208	  0.003
67	  0.600	 82.335	  1.004	  0.208	  0.003
68	  0.600	 83.554	  1.004	  0.208	  0.003
69	  0.600	 84.774	  1.004	  0.208	  0.003
70	  0.600	 85.993	  1.004	  0.208	  0.003
71	  0.600	 87.213	  1.004	  0.208	  0.003
72	  0.600	 88.432	  1.004	  0.208	  0.003
73	  0.600	 89.652	  1.004	  0.208	  0.003
74	  0.600	 90.871	  1.004	  0.208	  0.003
75	  0.600	 92.091	  1.004	  0.208	  0.003
76	  0.600	 93.310	  1.004	  0.208	  0.003
77	  0.600	 94.530	  1.004	  0.208	  0.003
78	  0.600	 95.749	  1.004	  0.208	  0.003
79	  0.600	 96.969	  1.004	  0.208	  0.003
80	  0.600	 98.188	  1.004	  0.208	  0.003
81	  0.600	 99.408	  1.004	  0.208	  0.003
0	  0.720	  0.632	  1.004	  0.166	  0.002
1	  0.720	  1.852	  1.004	  0.166	  0.002
2	  0.720	  3.071	  1.004	  0.166	  0.002
3	  0.720	  4.291	  1.004	  0.166	  0.002
4	  0.720	  5.510	  1.004	  0.166	  0.002
5	  0.720	  6.730	  1.004	  0.166	  0.002
6	  0.720	  7.949	  1.004	  0.166	  0.002
7	  0.720	  9.169	  1.004	  0.166	  0.002
8	  0.720	 10.388	  1.004	  0.166	  0.002
9	  0.720	 11.608	  1.004	  0.166	  0.002
10	  0.720	 12.827	  1.004	  0.166	  0.002
11	  0.720	 14.047	  1.004	  0.166	  0.002
12	  0.720	 15.266	  1.004	  0.166	  0.002
13	  0.720	 16.486	  1.004	  0.166	  0.002
14	  0.720	 17.705	  1.004	  0.167	  0.002
15	  0.720	 18.925	  1.004	  0.166	  0.002
16	  0.720	 20.144	  1.004	  0.167	  0.002
17	  0.720	 21.364	  1.004	  0.166	  0.002
18	  0.720	 22.583	  1.004	  0.166	  0.002
19	  0.720	 23.803	  1.004	  0.166	  0.002
20	  0.720	 25.022	  1.004	  0.166	  0.002
21	  0.720	 26.242	  1.004	  0.166	  0.002
22	  0.720	 27.461	  1.004	  0.166	  0.002
23	  0.720	 28.681	  1.004	  0.166	  0.002
24	  0.720	 29.901	  1.004	  0.166	  0.002
25	  0.720	 31.120	  1.004	  0.166	  0.002
26	  0.720	 32.340	  1.004	  0.166	  0.002
27	  0.720	 33.559	  1.004	  0.166	  0.002
28	  0.720	 34.779	  1.004	  0.166	  0.002
29	  0.720	 35.998	  1.004	  0.166	  0.002
30	  0.720	 37.218	  1.004	  0.166	  0.002
31	  0.720	 38.437	  1.004	  0.166	  0.002
32	  0.720	 39.657	  1.004	  0.166	  0.002
33	  0.720	 40.876	  1.004	  0.166	  0.002
34	  0.720	 42.096	  1.004	  0.166	  0.002
35	  0.720	 43.315	  1.004	  0.166	  0.002
36	  0.720	 44.535	  1.004	  0.166	  0.002
37	  0.720	 45.754	  1.004	  0.166	  0.002
38	  0.720	 46.974	  1.004	  0.166	  0.002
39	  0.720	 48.193	  1.004	  0.166	  0.002
40	  0.720	 49.413	  1.004	  0.166	  0.002
41	  0.720	 50.632	  1.004	  0.166	  0.002
42	  0.720	 51.852	  1.004	  0.166	  0.002
43	  0.720	 53.071	  1.004	  0.166	  0.002
44	  0.720	 54.291	  1.004	  0.166	  0.002
45	  0.720	 55.510	  1.004	  0.166	  0.002
46	  0.720	 56.730	  1.004	  0.166	  0.002
47	  0.720	 57.949	  1.004	  0.166	  0.002
48	  0.720	 59.169	  1.004	  0.166	  0.002
49	  0.720	 60.388	  1.004	  0.166	  0.002
50	  0.720	 61.608	  1.004	  0.166	  0.002
51	  0.720	 62.827	  1.004	  0.166	  0.002
52	  0.720	 64.047	  1.004	  0.166	  0.002
53	  0.720	 65.266	  1.004	  0.166	  0.002
54	  0.720	 66.486	  1.004	  0.166	  0.002
55	  0.720	 67.705	  1.004	  0.167	  0.002
56	  0.720	 68.925	  1.004	  0.166	  0.002
57	  0.720	 70.144	  1.004	  0.167	  0.002
58	  0.720	 71.364	  1.004	  0.166	  0.002
59	  0.720	 72.583	  1.004	  0.166	  0.002
60	  0.720	 73.803	  1.004	  0.166	  0.002
61	  0.720	 75.022	  1.004	  0.166	  0.002
62	  0.720	 76.242	  1.004	  0.166	  0.002
63	  0.720	 77.461	  1.004	  0.166	  0.002
64	  0.720	 78.681	  1.004	  0.166	  0.002
65	  0.720	 79.901	  1.004	  0.166	  0.002
66	  0.720	 81.120	  1.004	  0.166	  0.002
67	  0.720	 82.340	  1.004	  0.166	  0.002
68	  0.720	 83.559	  1.004	  0.166	  0.002
69	  0.720	 84.779	  1.004	  0.166	  0.002
70	  0.720	 85.998	  1.004	  0.166	  0.002
71	  0.720	 87.218	  1.004	  0.166	  0.002
72	  0.720	 88.437	  1.004	  0.166	  0.002
73	  0.720	 89.657	  1.004	  0.166	  0.002
74	  0.720	 90.876	  1.004	  0.166	  0.002
75	  0.720	 92.096	  1.004	  0.166	  0.002
76	  0.720	 93.315	  1.004	  0.166	  0.002
77	  0.720	 94.535	  1.004	  0.166	  0.002
78	  0.720	 95.754	  1.004	  0.166	  0.002
79	  0.720	 96.974	  1.004	  0.166	  0.002
80	  0.720	 98.193	  1.004	  0.166	  0.002
81	  0.720	 99.413	  1.004	  0.166	  0.002
0	  0.840	  0.636	  1.004	  0.130	  0.002
1	  0.840	  1.855	  1.004	  0.124	  0.002
2	  0.840	  3.075	  1.004	  0.130	  0.002
3	  0.840	  4.294	  1.004	  0.124	  0.002
4	  0.840	  5.514	  1.004	  0.130	  0.002
5	  0.840	  6.733	  1.004	  0.125	  0.002
6	  0.840	  7.953	  1.004	  0.129	  0.002
7	  0.840	  9.172	  1.004	  0.125	  0.002
8	  0.840	 10.392	  1.004	  0.130	  0.002
9	  0.840	 11.611	  1.004	  0.124	  0.002
10	  0.840	 12.831	  1.004	  0.130	  0.002
11	  0.840	 14.050	  1.004	  0.125	  0.002
12	  0.840	 15.270	  1.004	  0.129	  0.002
13	  0.840	 16.489	  1.004	  0.125	  0.002
14	  0.840	 17.709	  1.004	  0.130	  0.002
15	  0.840	 18.928	  1.004	  0.123	  0.002
16	  0.840	 20.148	  1.004	  0.131	  0.002
17	  0.840	 21.367	  1.004	  0.125	  0.002
18	  0.840	 22.587	  1.004	  0.128	  0.002
19	  0.840	 23.807	  1.004	  0.127	  0.002
20	  0.840	 25.026	  1.004	  0.127	  0.002
21	  0.840	 26.246	  1.004	  0.127	  0.002
22	  0.840	 27.465	  1.004	  0.127	  0.002
23	  0.840	 28.685	  1.004	  0.127	  0.002
24	  0.840	 29.904	  1.004	  0.127	  0.002
25	  0.840	 31.124	  1.004	  0.128	  0.002
26	  0.840	 32.343	  1.004	  0.126	  0.002
27	  0.840	 33.563	  1.004	  0.128	  0.002
28	  0.840	 34.782	  1.004	  0.127	  0.002
29	  0.840	 36.002	  1.004	  0.127	  0.002
30	  0.840	 37.221	  1.004	  0.127	  0.002
31	  0.840	 38.441	  1.004	  0.127	  0.002
32	  0.840	 39.660	  1.004	  0.126	  0.002
33	  0.840	 40.880	  1.004	  0.128	  0.002
34	  0.840	 42.099	  1.004	  0.126	  0.002
35	  0.840	 43.319	  1.004	  0.128	  0.002
36	  0.840	 44.538	  1.004	  0.127	  0.002
37	  0.840	 45.758	  1.004	  0.127	  0.002
38	  0.840	 46.977	  1.004	  0.127	  0.002
39	  0.840	 48.197	  1.004	  0.128	  0.002
40	  0.840	 49.416	  1.004	  0.125	  0.002
41	  0.840	 50.636	  1.004	  0.130	  0.002
42	  0.840	 51.855	  1.004	  0.124	  0.002
43	  0.840	 53.075	  1.004	  0.130	  0.002
44	  0.840	 54.294	  1.004	  0.124	  0.002
45	  0.840	 55.514	  1.004	  0.130	  0.002
46	  0.840	 56.733	  1.004	  0.125	  0.002
47	  0.840	 57.953	  1.004	  0.129	  0.002
48	  0.840	 59.172	  1.004	  0.125	  0.002
49	  0.840	 60.392	  1.004	  0.130	  0.002
50	  0.840	 61.611	  1.004	  0.124	  0.002
51	  0.840	 62.831	  1.004	  0.130	  0.002
52	  0.840	 64.050	  1.004	  0.125	  0.002
53	  0.840	 65.270	  1.004	  0.129	  0.002
54	  0.840	 66.489	  1.004	  0.125	  0.002
55	  0.840	 67.709	  1.004	  0.130	  0.002
56	  0.840	 68.928	  1.004	  0.123	  0.002
57	  0.840	 70.148	  1.004	  0.131	  0.002
58	  0.840	 71.367	  1.004	  0.125	  0.002
59	  0.840	 72.587	  1.004	  0.128	  0.002
60	  0.840	 73.807	  1.004	  0.127	  0.002
61	  0.840	 75.026	  1.004	  0.127	  0.002
62	  0.840	 76.246	  1.004	  0.127	  0.002
63	  0.840	 77.465	  1.004	  0.127	  0.002
64	  0.840	 78.685	  1.004	  0.127	  0.002
65	  0.840	 79.904	  1.004	  0.127	  0.002
66	  0.840	 81.124	  1.004	  0.128	  0.002
67	  0.840	 82.343	  1.004	  0.126	  0.002
68	  0.840	 83.563	  1.004	  0.128	  0.002
69	  0.840	 84.782	  1.004	  0.127	  0.002
70	  0.840	 86.002	  1.004	  0.127	  0.002
71	  0.840	 87.221	  1.004	  0.127	  0.002
72	  0.840	 88.441	  1.004	  0.127	  0.002
73	  0.840	 89.660	  1.004	  0.126	  0.002
74	  0.840	 90.880	  1.004	  0.128	  0.002
75	  0.840	 92.099	  1.004	  0.126	  0.002
76	  0.840	 93.319	  1.004	  0.128	  0.002
77	  0.840	 94.538	  1.004	  0.127	  0.002
78	  0.840	 95.758	  1.004	  0.127	  0.002
79	  0.840	 96.977	  1.004	  0.127	  0.002
80	  0.840	 98.197	  1.004	  0.128	  0.002
81	  0.840	 99.416	  1.004	  0.125	  0.002
0	  0.960	  0.640	  1.004	  0.117	  0.001
1	  0.960	  1.857	  1.004	  0.058	  0.001
2	  0.960	  3.079	  1.004	  0.119	  0.001
3	  0.960	  4.296	  1.004	  0.061	  0.001
4	  0.960	  5.518	  1.004	  0.113	  0.001
5	  0.960	  6.736	  1.004	  0.067	  0.001
6	  0.960	  7.957	  1.004	  0.111	  0.001
7	  0.960	  9.174	  1.004	  0.064	  0.001
8	  0.960	 10.396	  1.004	  0.117	  0.001
9	  0.960	 11.613	  1.004	  0.061	  0.001
10	  0.960	 12.835	  1.004	  0.114	  0.001
11	  0.960	 14.053	  1.004	  0.066	  0.001
12	  0.960	 15.274	  1.004	  0.112	  0.001
13	  0.960	 16.491	  1.004	  0.063	  0.001
14	  0.960	 17.714	  1.004	  0.120	  0.001
15	  0.960	 18.930	  1.004	  0.054	  0.001
16	  0.960	 20.153	  1.004	  0.121	  0.001
17	  0.960	 21.370	  1.004	  0.065	  0.001
18	  0.960	 22.591	  1.004	  0.101	  0.001
19	  0.960	 23.810	  1.004	  0.086	  0.001
20	  0.960	 25.029	  1.004	  0.088	  0.001
21	  0.960	 26.249	  1.004	  0.089	  0.001
22	  0.960	 27.468	  1.004	  0.090	  0.001
23	  0.960	 28.688	  1.004	  0.090	  0.001
24	  0.960	 29.907	  1.004	  0.084	  0.001
25	  0.960	 31.127	  1.004	  0.098	  0.001
26	  0.960	 32.346	  1.004	  0.078	  0.001
27	  0.960	 33.566	  1.004	  0.098	  0.001
28	  0.960	 34.785	  1.004	  0.083	  0.001
29	  0.960	 36.005	  1.004	  0.092	  0.001
30	  0.960	 37.224	  1.004	  0.088	  0.001
31	  0.960	 38.444	  1.004	  0.092	  0.001
32	  0.960	 39.663	  1.004	  0.083	  0.001
33	  0.960	 40.883	  1.004	  0.098	  0.001
34	  0.960	 42.102	  1.004	  0.080	  0.001
35	  0.960	 43.322	  1.004	  0.095	  0.001
36	  0.960	 44.541	  1.004	  0.086	  0.001
37	  0.960	 45.761	  1.004	  0.091	  0.001
38	  0.960	 46.980	  1.004	  0.084	  0.001
39	  0.960	 48.201	  1.004	  0.102	  0.001
40	  0.960	 49.418	  1.004	  0.068	  0.001
41	  0.960	 50.640	  1.004	  0.117	  0.001
42	  0.960	 51.857	  1.004	  0.058	  0.001
43	  0.960	 53.079	  1.004	  0.119	  0.001
44	  0.960	 54.296	  1.004	  0.061	  0.001
45	  0.960	 55.518	  1.004	  0.113	  0.001
46	  0.960	 56.736	  1.004	  0.067	  0.001
47	  0.960	 57.957	  1.004	  0.111	  0.001
48	  0.960	 59.174	  1.004	  0.064	  0.001
49	  0.960	 60.396	  1.004	  0.117	  0.001
50	  0.960	 61.613	  1.004	  0.061	  0.001
51	  0.960	 62.835	  1.004	  0.114	  0.001
52	  0.960	 64.053	  1.004	  0.066	  0.001
53	  0.960	 65.274	  1.004	  0.112	  0.001
54	  0.960	 66.491	  1.004	  0.063	  0.001
55	  0.960	 67.714	  1.004	  0.120	  0.001
56	  0.960	 68.930	  1.004	  0.054	  0.001
57	  0.960	 70.153	  1.004	  0.121	  0.001
58	  0.960	 71.370	  1.004	  0.065	  0.001
59	  0.960	 72.591	  1.004	  0.101	  0.001
60	  0.960	 73.810	  1.004	  0.086	  0.001
61	  0.960	 75.029	  1.004	  0.088	  0.001
62	  0.960	 76.249	  1.004	  0.089	  0.001
63	  0.960	 77.468	  1.004	  0.090	  0.001
64	  0.960	 78.688	  1.004	  0.090	  0.001
65	  0.960	 79.907	  1.004	  0.084	  0.001
66	  0.960	 81.127	  1.004	  0.098	  0.001
67	  0.960	 82.346	  1.004	  0.078	  0.001
68	  0.960	 83.566	  1.004	  0.098	  0.001
69	  0.960	 84.785	  1.004	  0.083	  0.001
70	  0.960	 86.005	  1.004	  0.092	  0.001
71	  0.960	 87.224	  1.004	  0.088	  0.001
72	  0.960	 88.444	  1.004	  0.092	  0.001
73	  0.960	 89.663	  1.004	  0.083	  0.001
74	  0.960	 90.883	  1.004	  0.098	  0.001
75	  0.960	 92.102	  1.004	  0.080	  0.001
76	  0.960	 93.322	  1.004	  0.095	  0.001
77	  0.960	 94.541	  1.004	  0.086	  0.001
78	  0.960	 95.761	  1.004	  0.091	  0.001
79	  0.960	 96.980	  1.004	  0.084	  0.001
80	  0.960	 98.201	  1.004	  0.102	  0.001
81	  0.960	 99.418	  1.004	  0.068	  0.001
0	  1.080	  0.644	  1.004	  0.172	  0.001
1	  1.080	  1.861	  1.004	 -0.096	  0.001
2	  1.080	  3.084	  1.004	  0.214	  0.001
3	  1.080	  4.297	  1.004	 -0.103	  0.001
4	  1.080	  5.521	  1.004	  0.172	  0.001
5	  1.080	  6.739	  1.004	 -0.047	  0.001
6	  1.080	  7.959	  1.004	  0.150	  0.001
7	  1.080	  9.177	  1.004	 -0.066	  0.001
8	  1.080	 10.400	  1.004	  0.195	  0.001
9	  1.080	 11.615	  1.004	 -0.095	  0.001
10	  1.080	 12.839	  1.004	  0.180	  0.001
11	  1.080	 14.056	  1.004	 -0.058	  0.001
12	  1.080	 15.276	  1.004	  0.159	  0.001
13	  1.080	 16.493	  1.004	 -0.078	  0.001
14	  1.080	 17.719	  1.004	  0.211	  0.001
15	  1.080	 18.933	  1.004	 -0.133	  0.001
16	  1.080	 20.159	  1.004	  0.226	  0.001
17	  1.080	 21.372	  1.004	 -0.076	  0.001
18	  1.080	 22.593	  1.004	  0.095	  0.001
19	  1.080	 23.815	  1.004	  0.033	  0.001
20	  1.080	 25.036	  1.004	  0.050	  0.001
21	  1.080	 26.255	  1.004	  0.046	  0.001
22	  1.080	 27.475	  1.004	  0.046	  0.001
23	  1.080	 28.695	  1.004	  0.056	  0.001
24	  1.080	 29.911	  1.004	 -0.001	  0.001
25	  1.080	 31.133	  1.004	  0.137	  0.001
26	  1.080	 32.348	  1.004	 -0.056	  0.001
27	  1.080	 33.573	  1.004	  0.141	  0.001
28	  1.080	 34.789	  1.004	 -0.019	  0.001
29	  1.080	 36.009	  1.004	  0.084	  0.001
30	  1.080	 37.230	  1.004	  0.025	  0.001
31	  1.080	 38.448	  1.004	  0.083	  0.001
32	  1.080	 39.667	  1.004	 -0.014	  0.001
33	  1.080	 40.890	  1.004	  0.138	  0.001
34	  1.080	 42.105	  1.004	 -0.043	  0.001
35	  1.080	 43.327	  1.004	  0.115	  0.001
36	  1.080	 44.546	  1.004	  0.009	  0.001
37	  1.080	 45.764	  1.004	  0.077	  0.001
38	  1.080	 46.985	  1.004	  0.021	  0.001
39	  1.080	 48.203	  1.004	  0.090	  0.001
40	  1.080	 49.423	  1.004	 -0.028	  0.001
41	  1.080	 50.644	  1.004	  0.172	  0.001
42	  1.080	 51.861	  1.004	 -0.096	  0.001
43	  1.080	 53.084	  1.004	  0.214	  0.001
44	  1.080	 54.297	  1.004	 -0.103	  0.001
45	  1.080	 55.521	  1.004	  0.172	  0.001
46	  1.080	 56.739	  1.004	 -0.047	  0.001
47	  1.080	 57.959	  1.004	  0.150	  0.001
48	  1.080	 59.177	  1.004	 -0.066	  0.001
49	  1.080	 60.400	  1.004	  0.195	  0.001
50	  1.080	 61.615	  1.004	 -0.095	  0.001
51	  1.080	 62.839	  1.004	  0.180	  0.001
52	  1.080	 64.056	  1.004	 -0.058	  0.001
53	  1.080	 65.276	  1.004	  0.159	  0.001
54	  1.080	 66.493	  1.004	 -0.078	  0.001
55	  1.080	 67.719	  1.004	  0.211	  0.001
56	  1.080	 68.933	  1.004	 -0.133	  0.001
57	  1.080	 70.159	  1.004	  0.226	  0.001
58	  1.080	 71.372	  1.004	 -0.076	  0.001
59	  1.080	 72.593	  1.004	  0.095	  0.001
60	  1.080	 73.815	  1.004	  0.033	  0.001
61	  1.080	 75.036	  1.004	  0.050	  0.001
62	  1.080	 76.255	  1.004	  0.046	  0.001
63	  1.080	 77.475	  1.004	  0.046	  0.001
64	  1.080	 78.695	  1.004	  0.056	  0.001
65	  1.080	 79.911	  1.004	 -0.001	  0.001
66	  1.080	 81.133	  1.004	  0.137	  0.001
67	  1.080	 82.348	  1.004	 -0.056	  0.001
68	  1.080	 83.573	  1.004	  0.141	  0.001
69	  1.080	 84.789	  1.004	 -0.019	  0.001
70	  1.080	 86.009	  1.004	  0.084	  0.001
71	  1.080	 87.230	  1.004	  0.025	  0.001
72	  1.080	 88.448	  1.004	  0.083	  0.001
73	  1.080	 89.667	  1.004	 -0.014	  0.001
74	  1.080	 90.890	  1.004	  0.138	  0.001
75	  1.080	 92.105	  1.004	 -0.043	  0.001
76	  1.080	 93.327	  1.004	  0.115	  0.001
77	  1.080	 94.546	  1.004	  0.009	  0.001
78	  1.080	 95.764	  1.004	  0.077	  0.001
79	  1.080	 96.985	  1.004	  0.021	  0.001
80	  1.080	 98.203	  1.004	  0.090	  0.001
81	  1.080	 99.423	  1.004	 -0.028	  0.001
0	  1.200	  0.648	  1.005	  0.194	  0.001
1	  1.200	  1.862	  1.005	  0.121	  0.001
2	  1.200	  3.093	  1.005	  0.006	  0.001
3	  1.200	  4.304	  1.005	  0.024	  0.001
4	  1.200	  5.525	  1.005	 -0.145	  0.001
5	  1.200	  6.741	  1.005	  0.210	  0.001
6	  1.200	  7.965	  1.005	  0.216	  0.001
7	  1.200	  9.177	  1.005	  0.139	  0.001
8	  1.200	 10.405	  1.005	 -0.049	  0.001
9	  1.200	 11.616	  1.005	  0.080	  0.001
10	  1.200	 12.843	  1.005	 -0.132	  0.001
11	  1.200	 14.060	  1.005	  0.208	  0.001
12	  1.200	 15.284	  1.005	  0.239	  0.001
13	  1.200	 16.494	  1.005	  0.097	  0.001
14	  1.200	 17.725	  1.005	  0.011	  0.001
15	  1.200	 18.933	  1.005	 -0.079	  0.001
16	  1.200	 20.168	  1.005	  0.073	  0.001
17	  1.200	 21.375	  1.005	  0.133	  0.001
18	  1.200	 22.597	  1.005	  0.077	  0.001
19	  1.200	 23.819	  1.005	  0.002	  0.001
20	  1.200	 25.039	  1.005	  0.007	  0.001
21	  1.200	 26.261	  1.005	  0.022	  0.001
22	  1.200	 27.480	  1.005	  0.005	  0.001
23	  1.200	 28.699	  1.005	  0.036	  0.001
24	  1.200	 29.915	  1.005	 -0.104	  0.001
25	  1.200	 31.140	  1.005	  0.232	  0.001
26	  1.200	 32.350	  1.005	  0.106	  0.001
27	  1.200	 33.579	  1.005	 -0.112	  0.001
28	  1.200	 34.793	  1.005	 -0.166	  0.001
29	  1.200	 36.015	  1.005	  0.042	  0.001
30	  1.200	 37.234	  1.005	  0.008	  0.001
31	  1.200	 38.453	  1.005	  0.033	  0.001
32	  1.200	 39.670	  1.005	 -0.113	  0.001
33	  1.200	 40.897	  1.005	 -0.136	  0.001
34	  1.200	 42.107	  1.005	  0.156	  0.001
35	  1.200	 43.331	  1.005	  0.175	  0.001
36	  1.200	 44.549	  1.005	 -0.081	  0.001
37	  1.200	 45.769	  1.005	  0.028	  0.001
38	  1.200	 46.989	  1.005	  0.001	  0.001
39	  1.200	 48.208	  1.005	  0.029	  0.001
40	  1.200	 49.427	  1.005	 -0.069	  0.001
41	  1.200	 50.648	  1.005	  0.194	  0.001
42	  1.200	 51.862	  1.005	  0.121	  0.001
43	  1.200	 53.093	  1.005	  0.006	  0.001
44	  1.200	 54.304	  1.005	  0.024	  0.001
45	  1.200	 55.525	  1.005	 -0.145	  0.001
46	  1.200	 56.741	  1.005	  0.210	  0.001
47	  1.200	 57.965	  1.005	  0.216	  0.001
48	  1.200	 59.177	  1.005	  0.139	  0.001
49	  1.200	 60.405	  1.005	 -0.049	  0.001
50	  1.200	 61.616	  1.005	  0.080	  0.001
51	  1.200	 62.843	  1.005	 -0.132	  0.001
52	  1.200	 64.060	  1.005	  0.208	  0.001
53	  1.200	 65.284	  1.005	  0.239	  0.001
54	  1.200	 66.494	  1.005	  0.097	  0.001
55	  1.200	 67.725	  1.005	  0.011	  0.001
56	  1.200	 68.933	  1.005	 -0.079	  0.001
57	  1.200	 70.168	  1.005	  0.073	  0.001
58	  1.200	 71.375	  1.005	  0.133	  0.001
59	  1.200	 72.597	  1.005	  0.077	  0.001
60	  1.200	 73.819	  1.005	  0.002	  0.001
61	  1.200	 75.039	  1.005	  0.007	  0.001
62	  1.200	 76.261	  1.005	  0.022	  0.001
63	  1.200	 77.480	  1.005	  0.005	  0.001
64	  1.200	 78.699	  1.005	  0.036	  0.001
65	  1.200	 79.915	  1.005	 -0.104	  0.001
66	  1.200	 81.140	  1.005	  0.232	  0.001
67	  1.200	 82.350	  1.005	  0.106	  0.001
68	  1.200	 83.579	  1.005	 -0.112	  0.001
69	  1.200	 84.793	  1.005	 -0.166	  0.001
70	  1.200	 86.015	  1.005	  0.042	  0.001
71	  1.200	 87.234	  1.005	  0.008	  0.001
72	  1.200	 88.453	  1.005	  0.033	  0.001
73	  1.200	 89.670	  1.005	 -0.113	  0.001
74	  1.200	 90.897	  1.005	 -0.136	  0.001
75	  1.200	 92.107	  1.005	  0.156	  0.001
76	  1.200	 93.331	  1.005	  0.175	  0.001
77	  1.200	 94.549	  1.005	 -0.081	  0.001
78	  1.200	 95.769	  1.005	  0.028	  0.001
79	  1.200	 96.989	  1.005	  0.001	  0.001
80	  1.200	 98.208	  1.005	  0.029	  0.001
81	  1.200	 99.427	  1.005	 -0.069	  0.001
0	  1.320	  0.652	  1.005	 -0.155	  0.001
1	  1.320	  1.865	  1.005	 -0.124	  0.001
2	  1.320	  3.098	  1.005	 -0.124	  0.001
3	  1.320	  4.305	  1.005	  0.171	  0.001
4	  1.320	  5.530	  1.005	 -0.101	  0.001
5	  1.320	  6.744	  1.005	  0.057	  0.001
6	  1.320	  7.973	  1.005	 -0.022	  0.001
7	  1.320	  9.181	  1.005	 -0.144	  0.001
8	  1.320	 10.412	  1.005	  0.175	  0.001
9	  1.320	 11.620	  1.005	  0.177	  0.001
10	  1.320	 12.846	  1.005	 -0.043	  0.001
11	  1.320	 14.064	  1.005	  0.067	  0.001
12	  1.320	 15.294	  1.005	  0.065	  0.001
13	  1.320	 16.494	  1.005	  0.072	  0.001
14	  1.320	 17.733	  1.005	 -0.031	  0.001
15	  1.320	 18.931	  1.005	 -0.214	  0.001
16	  1.320	 20.177	  1.005	  0.094	  0.001
17	  1.320	 21.381	  1.005	 -0.159	  0.001
18	  1.320	 22.603	  1.005	  0.041	  0.001
19	  1.320	 23.822	  1.005	 -0.010	  0.001
20	  1.320	 25.041	  1.005	 -0.069	  0.001
21	  1.320	 26.263	  1.005	  0.039	  0.001
22	  1.320	 27.480	  1.005	 -0.049	  0.001
23	  1.320	 28.702	  1.005	  0.043	  0.001
24	  1.320	 29.917	  1.005	  0.095	  0.001
25	  1.320	 31.150	  1.005	  0.075	  0.001
26	  1.320	 32.353	  1.005	  0.131	  0.001
27	  1.320	 33.582	  1.005	  0.115	  0.001
28	  1.320	 34.796	  1.005	  0.005	  0.001
29	  1.320	 36.015	  1.005	  0.081	  0.001
30	  1.320	 37.235	  1.005	 -0.041	  0.001
31	  1.320	 38.455	  1.005	  0.027	  0.001
32	  1.320	 39.670	  1.005	  0.082	  0.001
33	  1.320	 40.903	  1.005	  0.086	  0.001
34	  1.320	 42.110	  1.005	 -0.093	  0.001
35	  1.320	 43.336	  1.005	  0.216	  0.001
36	  1.320	 44.553	  1.005	 -0.171	  0.001
37	  1.320	 45.773	  1.005	  0.008	  0.001
38	  1.320	 46.988	  1.005	 -0.076	  0.001
39	  1.320	 48.212	  1.005	  0.021	  0.001
40	  1.320	 49.432	  1.005	 -0.130	  0.001
41	  1.320	 50.652	  1.005	 -0.155	  0.001
42	  1.320	 51.865	  1.005	 -0.124	  0.001
43	  1.320	 53.098	  1.005	 -0.124	  0.001
44	  1.320	 54.305	  1.005	  0.171	  0.001
45	  1.320	 55.530	  1.005	 -0.101	  0.001
46	  1.320	 56.744	  1.005	  0.057	  0.001
47	  1.320	 57.973	  1.005	 -0.022	  0.001
48	  1.320	 59.181	  1.005	 -0.144	  0.001
49	  1.320	 60.412	  1.005	  0.175	  0.001
50	  1.320	 61.620	  1.005	  0.177	  0.001
51	  1.320	 62.846	  1.005	 -0.043	  0.001
52	  1.320	 64.064	  1.005	  0.067	  0.001
53	  1.320	 65.294	  1.005	  0.065	  0.001
54	  1.320	 66.494	  1.005	  0.072	  0.001
55	  1.320	 67.733	  1.005	 -0.031	  0.001
56	  1.320	 68.931	  1.005	 -0.214	  0.001
57	  1.320	 70.177	  1.005	  0.094	  0.001
58	  1.320	 71.381	  1.005	 -0.159	  0.001
59	  1.320	 72.603	  1.005	  0.041	  0.001
60	  1.320	 73.822	  1.005	 -0.010	  0.001
61	  1.320	 75.041	  1.005	 -0.069	  0.001
62	  1.320	 76.263	  1.005	  0.039	  0.001
63	  1.320	 77.480	  1.005	 -0.049	  0.001
64	  1.320	 78.702	  1.005	  0.043	  0.001
65	  1.320	 79.917	  1.005	  0.095	  0.001
66	  1.320	 81.150	  1.005	  0.075	  0.001
67	  1.320	 82.353	  1.005	  0.131	  0.001
68	  1.320	 83.582	  1.005	  0.115	  0.001
69	  1.320	 84.796	  1.005	  0.005	  0.001
70	  1.320	 86.015	  1.005	  0.081	  0.001
71	  1.320	 87.235	  1.005	 -0.041	  0.001
72	  1.320	 88.455	  1.005	  0.027	  0.001
73	  1.320	 89.670	  1.005	  0.082	  0.001
74	  1.320	 90.903	  1.005	  0.086	  0.001
75	  1.320	 92.110	  1.005	 -0.093	  0.001
76	  1.320	 93.336	  1.005	  0.216	  0.001
77	  1.320	 94.553	  1.005	 -0.171	  0.001
78	  1.320	 95.773	  1.005	  0.008	  0.001
79	  1.320	 96.988	  1.005	 -0.076	  0.001
80	  1.320	 98.212	  1.005	  0.021	  0.001
81	  1.320	 99.432	  1.005	 -0.130	  0.001
0	  1.440	  0.656	  1.005	 -0.069	  0.001
1	  1.440	  1.864	  1.005	 -0.141	  0.001
2	  1.440	  3.109	  1.005	 -0.042	  0.001
3	  1.440	  4.306	  1.005	 -0.260	  0.001
4	  1.440	  5.539	  1.005	  0.057	  0.001
5	  1.440	  6.745	  1.005	  0.110	  0.001
6	  1.440	  7.986	  1.005	  0.294	  0.001
7	  1.440	  9.171	  1.005	 -0.231	  0.001
8	  1.440	 10.416	  1.005	  0.172	  0.001
9	  1.440	 11.623	  1.005	 -0.128	  0.001
10	  1.440	 12.850	  1.005	  0.027	  0.001
11	  1.440	 14.069	  1.005	 -0.160	  0.001
12	  1.440	 15.315	  1.005	  0.788	  0.001
13	  1.440	 16.479	  1.005	 -0.775	  0.001
14	  1.440	 17.840	  1.005	  5.577	  0.001
15	  1.440	 18.833	  1.005	 -5.274	  0.001
16	  1.440	 20.205	  1.005	  1.064	  0.001
17	  1.440	 21.368	  1.005	 -0.619	  0.001
18	  1.440	 22.604	  1.005	  0.101	  0.001
19	  1.440	 23.826	  1.005	 -0.023	  0.001
20	  1.440	 25.046	  1.005	 -0.140	  0.001
21	  1.440	 26.267	  1.005	  0.039	  0.001
22	  1.440	 27.487	  1.005	 -0.122	  0.001
23	  1.440	 28.707	  1.005	  0.060	  0.001
24	  1.440	 29.923	  1.005	  0.178	  0.001
25	  1.440	 31.159	  1.005	 -0.003	  0.001
26	  1.440	 32.352	  1.005	 -0.305	  0.001
27	  1.440	 33.589	  1.005	  0.022	  0.001
28	  1.440	 34.794	  1.005	  0.138	  0.001
29	  1.440	 36.020	  1.005	  0.123	  0.001
30	  1.440	 37.240	  1.005	 -0.126	  0.001
31	  1.440	 38.462	  1.005	  0.066	  0.001
32	  1.440	 39.673	  1.005	  0.140	  0.001
33	  1.440	 40.913	  1.005	  0.116	  0.001
34	  1.440	 42.111	  1.005	 -0.141	  0.001
35	  1.440	 43.342	  1.005	  0.020	  0.001
36	  1.440	 44.553	  1.005	  0.041	  0.001
37	  1.440	 45.779	  1.005	  0.065	  0.001
38	  1.440	 46.993	  1.005	  0.194	  0.001
39	  1.440	 48.214	  1.005	  0.005	  0.001
40	  1.440	 49.436	  1.005	  0.226	  0.001
41	  1.440	 50.656	  1.005	 -0.069	  0.001
42	  1.440	 51.864	  1.005	 -0.141	  0.001
43	  1.440	 53.109	  1.005	 -0.042	  0.001
44	  1.440	 54.306	  1.005	 -0.260	  0.001
45	  1.440	 55.539	  1.005	  0.057	  0.001
46	  1.440	 56.745	  1.005	  0.110	  0.001
47	  1.440	 57.986	  1.005	  0.294	  0.001
48	  1.440	 59.171	  1.005	 -0.231	  0.001
49	  1.440	 60.416	  1.005	  0.172	  0.001
50	  1.440	 61.623	  1.005	 -0.128	  0.001
51	  1.440	 62.850	  1.005	  0.027	  0.001
52	  1.440	 64.069	  1.005	 -0.160	  0.001
53	  1.440	 65.315	  1.005	  0.788	  0.001
54	  1.440	 66.479	  1.005	 -0.775	  0.001
55	  1.440	 67.840	  1.005	  5.577	  0.001
56	  1.440	 68.833	  1.005	 -5.274	  0.001
57	  1.440	 70.205	  1.005	  1.064	  0.001
58	  1.440	 71.368	  1.005	 -0.619	  0.001
59	  1.440	 72.604	  1.005	  0.101	  0.001
60	  1.440	 73.826	  1.005	 -0.023	  0.001
61	  1.440	 75.046	  1.005	 -0.140	  0.001
62	  1.440	 76.267	  1.005	  0.039	  0.001
63	  1.440	 77.487	  1.005	 -0.122	  0.001
64	  1.440	 78.707	  1.005	  0.060	  0.001
65	  1.440	 79.923	  1.005	  0.178	  0.001
66	  1.440	 81.159	  1.005	 -0.003	  0.001
67	  1.440	 82.352	  1.005	 -0.305	  0.001
68	  1.440	 83.589	  1.005	  0.022	  0.001
69	  1.440	 84.794	  1.005	  0.138	  0.001
70	  1.440	 86.020	  1.005	  0.123	  0.001
71	  1.440	 87.240	  1.005	 -0.126	  0.001
72	  1.440	 88.462	  1.005	  0.066	  0.001
73	  1.440	 89.673	  1.005	  0.140	  0.001
74	  1.440	 90.913	  1.005	  0.116	  0.001
75	  1.440	 92.111	  1.005	 -0.141	  0.001
76	  1.440	 93.342	  1.005	  0.020	  0.001
77	  1.440	 94.553	  1.005	  0.041	  0.001
78	  1.440	 95.779	  1.005	  0.065	  0.001
79	  1.440	 96.993	  1.005	  0.194	  0.001
80	  1.440	 98.214	  1.005	  0.005	  0.001
81	  1.440	 99.436	  1.005	  0.226	  0.001
0	  1.560	  0.662	  1.005	  0.128	  0.000
1	  1.560	 27.774	  1.005	1239.514	  0.000
2	  1.560	  3.018	  1.005	 -5.527	  0.000
3	  1.560	 92.518	  1.005	4163.251	  0.000
4	  1.560	  5.124	  1.005	-22.924	  0.000
5	  1.560	  6.562	  1.005	-17.553	  0.000
6	  1.560	  8.678	  1.005	 36.805	  0.000
7	  1.560	  8.521	  1.005	-36.135	  0.000
8	  1.560	 10.750	  1.005	-526271.262	  0.000
9	  1.560	5152.518	  1.005	506447.001	  0.000
10	  1.560	 12.855	  1.005	  0.182	  0.000
11	  1.560	 14.062	  1.005	  4.546	  0.000
12	  1.560	-490.064	  1.005	501710.630	  0.000
13	  1.560	521.857	  1.005	24568.678	  0.000
14	  1.560	-9461.528	  1.005	-293471.241	  0.000
15	  1.560	-226.219	  1.005	-25479.413	  0.000
16	  1.560	-230.877	  1.005	-11081.638	  0.000
17	  1.560	272.665	  1.005	12066.223	  0.000
18	  1.560	 22.744	  1.005	  6.100	  0.000
19	  1.560	-48.567	  1.005	-3047.988	  0.000
20	  1.560	 36.172	  1.005	-602.130	  0.000
21	  1.560	-64.265	  1.005	-11615.768	  0.000
22	  1.560	 27.493	  1.005	-263133.671	  0.000
23	  1.560	 28.710	  1.005	 -0.060	  0.000
24	  1.560	 30.141	  1.005	 14.653	  0.000
25	  1.560	-68.277	  1.005	-4828.360	  0.000
26	  1.560	 32.055	  1.005	-10.696	  0.000
27	  1.560	-178.276	  1.005	440460.373	  0.000
28	  1.560	 38.512	  1.005	117.671	  0.000
29	  1.560	 47.460	  1.005	908.478	  0.000
30	  1.560	 35.997	  1.005	610280.716	  0.000
31	  1.560	 38.298	  1.005	-25.178	  0.000
32	  1.560	 39.675	  1.005	 -0.058	  0.000
33	  1.560	 41.003	  1.005	  4.667	  0.000
34	  1.560	 42.061	  1.005	391956.184	  0.000
35	  1.560	 43.177	  1.005	165.660	  0.000
36	  1.560	 44.547	  1.005	-10.243	  0.000
37	  1.560	 45.783	  1.005	 -0.122	  0.000
38	  1.560	 46.994	  1.005	193.397	  0.000
39	  1.560	 48.215	  1.005	-884.079	  0.000
40	  1.560	 49.442	  1.005	-1312.492	  0.000
41	  1.560	 50.662	  1.005	  0.128	  0.000
42	  1.560	 77.774	  1.005	1239.514	  0.000
43	  1.560	 53.018	  1.005	 -5.527	  0.000
44	  1.560	142.518	  1.005	4163.251	  0.000
45	  1.560	 55.124	  1.005	-22.835	  0.000
46	  1.560	 56.563	  1.005	-17.482	  0.000
47	  1.560	 58.678	  1.005	 36.805	  0.000
48	  1.560	 58.521	  1.005	-36.135	  0.000
49	  1.560	 60.750	  1.005	-526271.262	  0.000
50	  1.560	5202.518	  1.005	506447.001	  0.000
51	  1.560	 62.855	  1.005	  0.182	  0.000
52	  1.560	 64.062	  1.005	  4.546	  0.000
53	  1.560	-440.064	  1.005	501710.630	  0.000
54	  1.560	571.857	  1.005	24568.678	  0.000
55	  1.560	-9411.529	  1.005	-293471.308	  0.000
56	  1.560	-176.218	  1.005	-25479.267	  0.000
57	  1.560	-180.877	  1.005	-11081.638	  0.000
58	  1.560	322.665	  1.005	12066.223	  0.000
59	  1.560	 72.744	  1.005	  6.100	  0.000
60	  1.560	  1.433	  1.005	-3047.968	  0.000
61	  1.560	 86.172	  1.005	-602.131	  0.000
62	  1.560	-14.265	  1.005	-11615.768	  0.000
63	  1.560	 77.493	  1.005	-296638.264	  0.000
64	  1.560	 78.710	  1.005	 -0.060	  0.000
65	  1.560	 80.141	  1.005	 14.685	  0.000
66	  1.560	-18.273	  1.005	-4828.117	  0.000
67	  1.560	 82.055	  1.005	-10.697	  0.000
68	  1.560	294.653	  1.005	481906.665	  0.000
69	  1.560	 88.512	  1.005	117.668	  0.000
70	  1.560	 97.460	  1.005	908.479	  0.000
71	  1.560	 85.997	  1.005	610280.419	  0.000
72	  1.560	 88.298	  1.005	-25.178	  0.000
73	  1.560	 89.675	  1.005	 -0.058	  0.000
74	  1.560	 91.003	  1.005	  4.667	  0.000
75	  1.560	 92.061	  1.005	391958.104	  0.000
76	  1.560	 93.177	  1.005	165.660	  0.000
77	  1.560	 94.547	  1.005	-10.243	  0.000
78	  1.560	 95.783	  1.005	 -0.122	  0.000
79	  1.560	 96.994	  1.005	193.397	  0.000
80	  1.560	 98.215	  1.005	-884.079	  0.000
81	  1.560	 99.442	  1.005	-1312.492	  0.000
0	  1.680	-1570.302	  1.005	363233.770	  0.000
1	  1.680	5112.390	  1.005	517460.391	  0.000
2	  1.680	2694.055	  1.005	268693.602	  0.000
3	  1.680	-1705.967	  1.005	139961.142	  0.000
4	  1.680	7661.003	  1.005	120834.340	  0.000
5	  1.680	3761.363	  1.005	285816.679	  0.000
6	  1.680	-18626.806	  1.005	-114853.257	  0.000
7	  1.680	-10115.414	  1.005	-60861.281	  0.000
8	  1.680	-32399.088	  1.005	322477.835	  0.000
9	  1.680	34228.757	  1.005	-163731.663	  0.000
10	  1.680	-9066.681	  1.005	55093.245	  0.000
11	  1.680	26560.715	  1.005	344433.595	  0.000
12	  1.680	36039.971	  1.005	-31793.709	  0.000
13	  1.680	995.234	  1.005	99621.389	  0.000
14	  1.680	-364.827	  1.005	6964.352	  0.000
15	  1.680	-2859.561	  1.005	6945.138	  0.000
16	  1.680	15343.219	  1.005	301167.600	  0.000
17	  1.680	-338.957	  1.005	-6153.325	  0.000
18	  1.680	-29570.021	  1.005	-235461.059	  0.000
19	  1.680	20926.458	  1.005	440741.185	  0.000
20	  1.680	-7914.865	  1.005	-192873.336	  0.000
21	  1.680	-7888.885	  1.005	97560.899	  0.000
22	  1.680	-24470.055	  1.005	-157336.660	  0.000
23	  1.680	-47.990	  1.005	 93.127	  0.000
24	  1.680	-7992.859	  1.005	-45654.907	  0.000
25	  1.680	-729.673	  1.005	-16992.501	  0.000
26	  1.680	16027.724	  1.005	211025.538	  0.000
27	  1.680	46953.727	  1.005	342082.437	  0.000
28	  1.680	-46934.127	  1.005	-355783.485	  0.000
29	  1.680	361.780	  1.005	-267136.625	  0.000
30	  1.680	59943.186	  1.005	397534.192	  0.000
31	  1.680	-10877.768	  1.005	-546764.059	  0.000
32	  1.680	61874.012	  1.005	544116.089	  0.000
33	  1.680	2158.481	  1.005	-90625.085	  0.000
34	  1.680	13178.973	  1.005	-115870.833	  0.000
35	  1.680	676.462	  1.005	-23685.884	  0.000
36	  1.680	11134.304	  1.005	-261186.950	  0.000
37	  1.680	3623.147	  1.005	102001.162	  0.000
38	  1.680	-20267.092	  1.005	-193485.281	  0.000
39	  1.680	-4168.502	  1.005	-191827.866	  0.000
40	  1.680	-24120.949	  1.005	-344448.181	  0.000
41	  1.680	-1392.167	  1.005	736911.079	  0.000
42	  1.680	14586.620	  1.005	181226.033	  0.000
43	  1.680	-7227.401	  1.005	-90720.308	  0.000
44	  1.680	818.637	  1.005	272022.440	  0.000
45	  1.680	-6237.959	  1.005	-142424.077	  0.000
46	  1.680	416.870	  1.005	-23651.933	  0.000
47	  1.680	8953.825	  1.005	100586.111	  0.000
48	  1.680	-374.400	  1.005	-200248.644	  0.000
49	  1.680	-51883.973	  1.005	-217224.093	  0.000
50	  1.680	45360.132	  1.005	130741.786	  0.000
51	  1.680	1414.316	  1.005	-70884.219	  0.000
52	  1.680	-535.304	  1.005	72429.598	  0.000
53	  1.680	41407.513	  1.005	231969.987	  0.000
54	  1.680	-93.682	  1.005	5211.462	  0.000
55	  1.680	-20224.146	  1.005	-510531.816	  0.000
56	  1.680	-2011.662	  1.005	15288.586	  0.000
57	  1.680	-1048.133	  1.005	-8430.981	  0.000
58	  1.680	-4418.038	  1.005	1913.994	  0.000
59	  1.680	-29817.419	  1.005	-234106.671	  0.000
60	  1.680	32308.267	  1.005	324643.523	  0.000
61	  1.680	12999.306	  1.005	108517.570	  0.000
62	  1.680	-14767.325	  1.005	-147497.086	  0.000
63	  1.680	-28281.974	  1.005	-196140.577	  0.000
64	  1.680	-445.184	  1.005	-3243.617	  0.000
65	  1.680	-3989.433	  1.005	-7987.745	  0.000
66	  1.680	389.594	  1.005	4927.989	  0.000
67	  1.680	1550.367	  1.005	33322.642	  0.000
68	  1.680	23104.566	  1.005	-739587.467	  0.000
69	  1.680	-53928.166	  1.005	-397642.588	  0.000
70	  1.680	-28.615	  1.005	50379.168	  0.000
71	  1.680	61956.753	  1.005	443969.165	  0.000
72	  1.680	 24.674	  1.005	-196106.237	  0.000
73	  1.680	52548.168	  1.005	305232.970	  0.000
74	  1.680	3752.481	  1.005	-262395.677	  0.000
75	  1.680	3738.225	  1.005	1246.544	  0.000
76	  1.680	-12120.059	  1.005	-101144.994	  0.000
77	  1.680	18308.704	  1.005	12184.210	  0.000
78	  1.680	415.494	  1.005	2989.041	  0.000
79	  1.680	-7846.845	  1.005	150679.114	  0.000
80	  1.680	162.998	  1.005	475256.404	  0.000
81	  1.680	-5186.159	  1.005	-68932.347	  0.000
0	  1.800	732.166	  1.005	-214328.826	  0.000
1	  1.800	46645.181	  1.005	177413.394	  0.000
2	  1.800	12002.358	  1.005	262202.522	  0.000
3	  1.800	-10611.976	  1.005	511696.435	  0.000
4	  1.800	-584.823	  1.005	-270597.990	  0.000
5	  1.800	20865.608	  1.005	-29838.464	  0.000
6	  1.800	-15920.740	  1.005	2461.689	  0.000
7	  1.800	-16456.287	  1.005	-41040.820	  0.000
8	  1.800	-2540.975	  1.005	160085.877	  0.000
9	  1.800	70218.486	  1.005	210428.328	  0.000
10	  1.800	-8026.495	  1.005	-3854.293	  0.000
11	  1.800	57773.042	  1.005	215645.665	  0.000
12	  1.800	31028.866	  1.005	-173667.026	  0.000
13	  1.800	-54119.049	  1.005	-502202.330	  0.000
14	  1.800	9023.476	  1.005	160233.014	  0.000
15	  1.800	-14612.183	  1.005	-76929.889	  0.000
16	  1.800	12426.283	  1.005	26400.009	  0.000
17	  1.800	-7657.037	  1.005	-736572.021	  0.000
18	  1.800	-32665.026	  1.005	353433.605	  0.000
19	  1.800	55849.801	  1.005	-178878.252	  0.000
20	  1.800	-14655.869	  1.005	-655551.168	  0.000
21	  1.800	-18395.674	  1.005	-134012.509	  0.000
22	  1.800	-14041.839	  1.005	-157092.742	  0.000
23	  1.800	-11155.032	  1.005	9008.168	  0.000
24	  1.800	8180.940	  1.005	126724.794	  0.000
25	  1.800	3358.703	  1.005	-58808.563	  0.000
26	  1.800	30426.228	  1.005	90112.845	  0.000
27	  1.800	62886.350	  1.005	-380146.060	  0.000
28	  1.800	-81847.638	  1.005	-231705.630	  0.000
29	  1.800	-9338.037	  1.005	368203.494	  0.000
30	  1.800	102610.485	  1.005	-84881.991	  0.000
31	  1.800	-33372.847	  1.005	-36166.631	  0.000
32	  1.800	108285.356	  1.005	275098.000	  0.000
33	  1.800	-5722.986	  1.005	-29166.608	  0.000
34	  1.800	43121.507	  1.005	389553.810	  0.000
35	  1.800	30614.243	  1.005	539311.264	  0.000
36	  1.800	-16659.603	  1.005	-185711.048	  0.000
37	  1.800	6187.065	  1.005	-233429.805	  0.000
38	  1.800	-17348.679	  1.005	324390.294	  0.000
39	  1.800	-14809.758	  1.005	224244.657	  0.000
40	  1.800	-18554.402	  1.005	461627.479	  0.000
41	  1.800	63391.959	  1.005	-262106.600	  0.000
42	  1.800	19848.336	  1.005	2541.940	  0.000
43	  1.800	-488.874	  1.005	121477.220	  0.000
44	  1.800	41148.982	  1.005	-133848.008	  0.000
45	  1.800	26343.229	  1.005	447683.140	  0.000
46	  1.800	-1179.299	  1.005	13294.105	  0.000
47	  1.800	11953.186	  1.005	47751.933	  0.000
48	  1.800	-6001.300	  1.005	-481817.430	  0.000
49	  1.800	-46729.333	  1.005	505478.178	  0.000
50	  1.800	44306.344	  1.005	-334932.031	  0.000
51	  1.800	18125.340	  1.005	237874.890	  0.000
52	  1.800	7227.851	  1.005	56336.378	  0.000
53	  1.800	23790.043	  1.005	312958.758	  0.000
54	  1.800	-20648.549	  1.005	-202521.165	  0.000
55	  1.800	-72097.417	  1.005	-364937.350	  0.000
56	  1.800	22845.296	  1.005	389943.703	  0.000
57	  1.800	-11166.154	  1.005	-101974.914	  0.000
58	  1.800	-31927.334	  1.005	91257.731	  0.000
59	  1.800	-45550.508	  1.005	14928.241	  0.000
60	  1.800	36922.126	  1.005	 37.147	  0.000
61	  1.800	20191.638	  1.005	20802.648	  0.000
62	  1.800	-22712.071	  1.005	-220658.895	  0.000
63	  1.800	-26243.517	  1.005	197098.823	  0.000
64	  1.800	31927.667	  1.005	112126.950	  0.000
65	  1.800	-23020.346	  1.005	-615723.839	  0.000
66	  1.800	-63303.900	  1.005	-569657.135	  0.000
67	  1.800	3660.763	  1.005	-42389.690	  0.000
68	  1.800	-9262.911	  1.005	561617.549	  0.000
69	  1.800	-93139.595	  1.005	-237860.714	  0.000
70	  1.800	-32963.395	  1.005	-464894.333	  0.000
71	  1.800	83712.259	  1.005	-50971.688	  0.000
72	  1.800	-2932.794	  1.005	187.168	  0.000
73	  1.800	59715.912	  1.005	16616.509	  0.000
74	  1.800	-14420.276	  1.005	-36700.083	  0.000
75	  1.800	3143.471	  1.005	79303.787	  0.000
76	  1.800	-22852.206	  1.005	-75165.526	  0.000
77	  1.800	17942.910	  1.005	-13136.779	  0.000
78	  1.800	-41493.566	  1.005	-553687.258	  0.000
79	  1.800	-11806.838	  1.005	265604.343	  0.000
80	  1.800	35619.344	  1.005	197987.790	  0.000
81	  1.800	-45041.728	  1.005	-243573.558	  0.000
0	  1.920	-11421.088	  1.005	269220.312	  0.000
1	  1.920	67566.005	  1.005	457212.796	  0.000
2	  1.920	39198.458	  1.005	79184.531	  0.000
3	  1.920	10158.282	  1.005	88718.226	  0.000
4	  1.920	-19998.313	  1.005	133453.722	  0.000
5	  1.920	17238.120	  1.005	-76724.604	  0.000
6	  1.920	-29716.973	  1.005	4676.340	  0.000
7	  1.920	25375.007	  1.005	234606.224	  0.000
8	  1.920	6424.499	  1.005	74863.001	  0.000
9	  1.920	83068.038	  1.005	-130101.475	  0.000
10	  1.920	-14941.612	  1.005	-92433.081	  0.000
11	  1.920	59175.459	  1.005	-121892.435	  0.000
12	  1.920	48879.688	  1.005	-193298.025	  0.000
13	  1.920	-100446.150	  1.005	-171682.048	  0.000
14	  1.920	6537.563	  1.005	-434733.990	  0.000
15	  1.920	-2977.767	  1.005	-42731.970	  0.000
16	  1.920	-24142.400	  1.005	-262793.916	  0.000
17	  1.920	-72377.875	  1.005	-259026.352	  0.000
18	  1.920	-2314.305	  1.005	68378.939	  0.000
19	  1.920	62547.507	  1.005	171804.822	  0.000
20	  1.920	-67533.609	  1.005	-16897.961	  0.000
21	  1.920	-17496.695	  1.005	56415.451	  0.000
22	  1.920	7689.001	  1.005	1115418.060	  0.000
23	  1.920	-31164.727	  1.005	407224.141	  0.000
24	  1.920	7484.292	  1.005	-53526.396	  0.000
25	  1.920	-9058.697	  1.005	-1089612.804	  0.000
26	  1.920	38386.114	  1.005	35265.475	  0.000
27	  1.920	25128.093	  1.005	-209619.772	  0.000
28	  1.920	-92864.796	  1.005	-623.980	  0.000
29	  1.920	18906.403	  1.005	-40742.103	  0.000
30	  1.920	101150.961	  1.005	249020.214	  0.000
31	  1.920	-28746.256	  1.005	378078.640	  0.000
32	  1.920	137764.471	  1.005	191427.131	  0.000
33	  1.920	4346.732	  1.005	291079.620	  0.000
34	  1.920	65750.464	  1.005	-276834.830	  0.000
35	  1.920	44816.829	  1.005	-129795.506	  0.000
36	  1.920	-5207.967	  1.005	205334.524	  0.000
37	  1.920	1810.491	  1.005	71509.559	  0.000
38	  1.920	-14333.258	  1.005	49343.573	  0.000
39	  1.920	2465.529	  1.005	95218.496	  0.000
40	  1.920	14989.239	  1.005	100480.924	  0.000
41	  1.920	36232.619	  1.005	-181713.671	  0.000
42	  1.920	-3694.161	  1.005	-707743.226	  0.000
43	  1.920	-10368.677	  1.005	252775.303	  0.000
44	  1.920	31079.615	  1.005	40149.043	  0.000
45	  1.920	69023.502	  1.005	300624.618	  0.000
46	  1.920	-2370.104	  1.005	-11841.580	  0.000
47	  1.920	14691.694	  1.005	-5509.360	  0.000
48	  1.920	-41329.370	  1.005	-185321.724	  0.000
49	  1.920	-11143.986	  1.005	20902.072	  0.000
50	  1.920	61067.768	  1.005	693715.316	  0.000
51	  1.920	19920.040	  1.005	-534041.124	  0.000
52	  1.920	23014.306	  1.005	20661.896	  0.000
53	  1.920	40837.493	  1.005	93316.159	  0.000
54	  1.920	-8639.399	  1.005	314473.218	  0.000
55	  1.920	-86634.915	  1.005	74930.436	  0.000
56	  1.920	13593.333	  1.005	-246452.024	  0.000
57	  1.920	9020.042	  1.005	-156017.241	  0.000
58	  1.920	-33470.975	  1.005	-119239.306	  0.000
59	  1.920	-44840.569	  1.005	-31649.033	  0.000
60	  1.920	25370.250	  1.005	-247150.867	  0.000
61	  1.920	25999.258	  1.005	410779.861	  0.000
62	  1.920	-33347.145	  1.005	-298611.566	  0.000
63	  1.920	-22970.481	  1.005	-42185.347	  0.000
64	  1.920	40890.231	  1.005	77233.764	  0.000
65	  1.920	-11328.371	  1.005	-291981.761	  0.000
66	  1.920	-99022.721	  1.005	-894.463	  0.000
67	  1.920	13056.332	  1.005	18476.790	  0.000
68	  1.920	13122.814	  1.005	99578.196	  0.000
69	  1.920	-109744.571	  1.005	-18056.798	  0.000
70	  1.920	-61558.559	  1.005	36765.138	  0.000
71	  1.920	78880.283	  1.005	-32194.615	  0.000
72	  1.920	8188.499	  1.005	238126.953	  0.000
73	  1.920	58328.573	  1.005	-132640.203	  0.000
74	  1.920	-14379.360	  1.005	-43200.119	  0.000
75	  1.920	3617.819	  1.005	146973.050	  0.000
76	  1.920	-17010.736	  1.005	486326.300	  0.000
77	  1.920	52071.801	  1.005	9952.099	  0.000
78	  1.920	-52286.938	  1.005	672559.436	  0.000
79	  1.920	6529.923	  1.005	-688643.154	  0.000
80	  1.920	22712.522	  1.005	-291386.790	  0.000
81	  1.920	-56805.663	  1.005	-8683.146	  0.000
0	  2.040	9499.442	  1.005	63719.099	  0.000
1	  2.040	110197.379	  1.005	238362.541	  0.000
2	  2.040	26191.756	  1.005	-62593.477	  0.000
3	  2.040	-4157.114	  1.005	200893.281	  0.000
4	  2.040	-6621.752	  1.005	85670.664	  0.000
5	  2.040	23325.108	  1.005	-123137.975	  0.000
6	  2.040	-74757.317	  1.005	-204410.526	  0.000
7	  2.040	24304.104	  1.005	-220061.531	  0.000
8	  2.040	11881.029	  1.005	-1565.488	  0.000
9	  2.040	89005.492	  1.005	418514.375	  0.000
10	  2.040	10992.290	  1.005	478089.618	  0.000
11	  2.040	46447.270	  1.005	-77610.637	  0.000
12	  2.040	52542.081	  1.005	171840.838	  0.000
13	  2.040	-87736.954	  1.005	170020.391	  0.000
14	  2.040	5194.497	  1.005	461600.375	  0.000
15	  2.040	-21689.960	  1.005	-352301.727	  0.000
16	  2.040	-16044.395	  1.005	66785.298	  0.000
17	  2.040	-32729.153	  1.005	296656.183	  0.000
18	  2.040	-34746.009	  1.005	-222536.286	  0.000
19	  2.040	76788.094	  1.005	69646.223	  0.000
20	  2.040	-68118.509	  1.005	847.337	  0.000
21	  2.040	-55642.700	  1.005	-15950.983	  0.000
22	  2.040	118196.699	  1.005	728309.443	  0.000
23	  2.040	-73660.319	  1.005	-14894.214	  0.000
24	  2.040	48210.625	  1.005	409766.906	  0.000
25	  2.040	-103437.343	  1.005	-634553.061	  0.000
26	  2.040	30908.724	  1.005	-31113.414	  0.000
27	  2.040	39924.240	  1.005	234111.779	  0.000
28	  2.040	-79761.457	  1.005	-11404.774	  0.000
29	  2.040	13256.673	  1.005	-332804.167	  0.000
30	  2.040	128320.371	  1.005	91462.477	  0.000
31	  2.040	368.035	  1.005	111752.654	  0.000
32	  2.040	158169.573	  1.005	143840.398	  0.000
33	  2.040	32050.009	  1.005	-22129.176	  0.000
34	  2.040	50784.198	  1.005	214957.774	  0.000
35	  2.040	31083.133	  1.005	-64231.832	  0.000
36	  2.040	7619.790	  1.005	49371.204	  0.000
37	  2.040	19163.488	  1.005	155542.033	  0.000
38	  2.040	-44935.333	  1.005	233672.454	  0.000
39	  2.040	-39725.436	  1.005	-577035.798	  0.000
40	  2.040	-3287.823	  1.005	232419.942	  0.000
41	  2.040	45550.867	  1.005	33071.271	  0.000
42	  2.040	-78420.789	  1.005	-516988.764	  0.000
43	  2.040	-46868.016	  1.005	-406824.402	  0.000
44	  2.040	9333.368	  1.005	-256997.332	  0.000
45	  2.040	85140.446	  1.005	449711.832	  0.000
46	  2.040	47657.240	  1.005	10364.389	  0.000
47	  2.040	11014.621	  1.005	-46272.042	  0.000
48	  2.040	38975.987	  1.005	946180.809	  0.000
49	  2.040	-5286.208	  1.005	201286.339	  0.000
50	  2.040	123246.063	  1.005	144839.904	  0.000
51	  2.040	28923.953	  1.005	-325177.044	  0.000
52	  2.040	3089.803	  1.005	-320951.866	  0.000
53	  2.040	10149.677	  1.005	-324500.976	  0.000
54	  2.040	-19295.475	  1.005	-65427.105	  0.000
55	  2.040	-59630.242	  1.005	344073.824	  0.000
56	  2.040	-1438.553	  1.005	525182.560	  0.000
57	  2.040	-3358.731	  1.005	-186994.643	  0.000
58	  2.040	-11541.489	  1.005	208114.945	  0.000
59	  2.040	-45926.335	  1.005	-5299.307	  0.000
60	  2.040	6220.583	  1.005	42621.639	  0.000
61	  2.040	41834.236	  1.005	-84233.966	  0.000
62	  2.040	-28638.120	  1.005	575770.631	  0.000
63	  2.040	-25303.232	  1.005	-8021.892	  0.000
64	  2.040	35984.889	  1.005	-81046.241	  0.000
65	  2.040	-33315.435	  1.005	-153085.036	  0.000
66	  2.040	-98203.606	  1.005	1237.601	  0.000
67	  2.040	27087.978	  1.005	-547242.414	  0.000
68	  2.040	-7154.579	  1.005	-731808.561	  0.000
69	  2.040	-91861.536	  1.005	-94180.447	  0.000
70	  2.040	-70694.071	  1.005	-49829.830	  0.000
71	  2.040	75433.648	  1.005	-25011.575	  0.000
72	  2.040	9888.938	  1.005	-40858.048	  0.000
73	  2.040	56012.890	  1.005	-289136.976	  0.000
74	  2.040	-16355.386	  1.005	66132.196	  0.000
75	  2.040	16266.114	  1.005	9036.976	  0.000
76	  2.040	17130.335	  1.005	222799.744	  0.000
77	  2.040	82686.262	  1.005	-61203.254	  0.000
78	  2.040	17685.514	  1.005	479113.196	  0.000
79	  2.040	-55101.617	  1.005	212253.654	  0.000
80	  2.040	1252.086	  1.005	-115445.991	  0.000
81	  2.040	5277.451	  1.005	505485.017	  0.000
0	  2.160	13077.801	  1.005	16733.485	  0.000
1	  2.160	111581.792	  1.005	21423.684	  0.000
2	  2.160	15125.774	  1.005	-97217.349	  0.000
3	  2.160	-14691.565	  1.005	-449670.029	  0.000
4	  2.160	-38641.834	  1.005	136114.901	  0.000
5	  2.160	12014.843	  1.005	-63211.680	  0.000
6	  2.160	-85590.480	  1.005	81032.868	  0.000
7	  2.160	14258.239	  1.005	128567.209	  0.000
8	  2.160	-17955.268	  1.005	-100961.476	  0.000
9	  2.160	132789.939	  1.005	291981.037	  0.000
10	  2.160	56088.204	  1.005	20501.310	  0.000
11	  2.160	83468.155	  1.005	248717.172	  0.000
12	  2.160	42269.348	  1.005	-124281.948	  0.000
13	  2.160	-83917.488	  1.005	-78772.724	  0.000
14	  2.160	-12938.804	  1.005	364061.074	  0.000
15	  2.160	-44799.559	  1.005	-205195.535	  0.000
16	  2.160	-10327.485	  1.005	504683.928	  0.000
17	  2.160	-23304.920	  1.005	-419264.655	  0.000
18	  2.160	32887.296	  1.005	578500.500	  0.000
19	  2.160	65465.440	  1.005	-92793.792	  0.000
20	  2.160	-73441.746	  1.005	447349.799	  0.000
21	  2.160	-41157.784	  1.005	152524.597	  0.000
22	  2.160	180612.097	  1.005	331744.359	  0.000
23	  2.160	-69585.072	  1.005	-667747.963	  0.000
24	  2.160	72177.000	  1.005	91542.020	  0.000
25	  2.160	-165933.884	  1.005	-357955.589	  0.000
26	  2.160	48579.607	  1.005	80893.256	  0.000
27	  2.160	54732.019	  1.005	33760.562	  0.000
28	  2.160	-73069.796	  1.005	-577298.937	  0.000
29	  2.160	2841.694	  1.005	587305.353	  0.000
30	  2.160	124643.265	  1.005	4368.806	  0.000
31	  2.160	-11960.077	  1.005	-35438.702	  0.000
32	  2.160	163807.971	  1.005	13136.215	  0.000
33	  2.160	31102.814	  1.005	107742.565	  0.000
34	  2.160	62119.969	  1.005	-74339.044	  0.000
35	  2.160	54289.565	  1.005	265587.958	  0.000
36	  2.160	-4925.541	  1.005	-408719.027	  0.000
37	  2.160	32165.169	  1.005	62649.606	  0.000
38	  2.160	-20953.772	  1.005	154881.755	  0.000
39	  2.160	-81597.023	  1.005	131529.188	  0.000
40	  2.160	21083.154	  1.005	160060.758	  0.000
41	  2.160	19552.098	  1.005	-255963.818	  0.000
42	  2.160	-128947.150	  1.005	327843.122	  0.000
43	  2.160	-87789.235	  1.005	36123.029	  0.000
44	  2.160	-14419.957	  1.005	-156805.040	  0.000
45	  2.160	107140.597	  1.005	29463.799	  0.000
46	  2.160	61207.036	  1.005	664787.100	  0.000
47	  2.160	11156.625	  1.005	9705.687	  0.000
48	  2.160	85990.618	  1.005	84190.358	  0.000
49	  2.160	6664.290	  1.005	-182586.837	  0.000
50	  2.160	141999.574	  1.005	533767.257	  0.000
51	  2.160	1250.611	  1.005	-158368.734	  0.000
52	  2.160	-8844.605	  1.005	265790.958	  0.000
53	  2.160	32551.294	  1.005	256743.197	  0.000
54	  2.160	-20200.905	  1.005	-301607.535	  0.000
55	  2.160	-34452.348	  1.005	131989.063	  0.000
56	  2.160	53077.982	  1.005	374907.616	  0.000
57	  2.160	-20753.039	  1.005	-91521.547	  0.000
58	  2.160	19358.185	  1.005	355881.077	  0.000
59	  2.160	-53597.373	  1.005	-863229.802	  0.000
60	  2.160	19449.243	  1.005	-332751.240	  0.000
61	  2.160	34063.487	  1.005	-1880.320	  0.000
62	  2.160	-7380.877	  1.005	-4058.534	  0.000
63	  2.160	-22857.512	  1.005	1988.958	  0.000
64	  2.160	31134.167	  1.005	-97628.199	  0.000
65	  2.160	-35003.007	  1.005	154311.898	  0.000
66	  2.160	-99295.630	  1.005	52273.535	  0.000
67	  2.160	-6302.362	  1.005	-2746.029	  0.000
68	  2.160	-80778.077	  1.005	-512447.563	  0.000
69	  2.160	-78635.434	  1.005	46950.335	  0.000
70	  2.160	-65881.852	  1.005	-9607.671	  0.000
71	  2.160	46947.250	  1.005	-467782.596	  0.000
72	  2.160	7932.104	  1.005	-75806.312	  0.000
73	  2.160	57913.931	  1.005	389060.391	  0.000
74	  2.160	-72621.929	  1.005	-541307.257	  0.000
75	  2.160	13719.666	  1.005	-513114.883	  0.000
76	  2.160	20989.309	  1.005	-68890.194	  0.000
77	  2.160	104719.976	  1.005	-166550.633	  0.000
78	  2.160	55025.830	  1.005	116614.864	  0.000
79	  2.160	-44041.083	  1.005	38283.948	  0.000
80	  2.160	22977.069	  1.005	-87778.826	  0.000
81	  2.160	59533.286	  1.005	393537.809	  0.000
0	  2.280	14545.808	  1.005	10070.163	  0.000
1	  2.280	91606.933	  1.005	-391023.638	  0.000
2	  2.280	12094.167	  1.005	142414.354	  0.000
3	  2.280	-58994.730	  1.005	202178.691	  0.000
4	  2.280	-36458.744	  1.005	-15939.752	  0.000
5	  2.280	32274.956	  1.005	165113.420	  0.000
6	  2.280	-91212.025	  1.005	-23768.344	  0.000
7	  2.280	721.314	  1.005	1248.874	  0.000
8	  2.280	2062.010	  1.005	666670.104	  0.000
9	  2.280	146616.278	  1.005	-73154.705	  0.000
10	  2.280	52061.517	  1.005	-33178.984	  0.000
11	  2.280	108280.989	  1.005	166326.058	  0.000
12	  2.280	39334.342	  1.005	93947.962	  0.000
13	  2.280	-89297.107	  1.005	-24282.091	  0.000
14	  2.280	25909.089	  1.005	274089.531	  0.000
15	  2.280	-55086.195	  1.005	143735.300	  0.000
16	  2.280	-328.094	  1.005	-474126.360	  0.000
17	  2.280	-63391.986	  1.005	-241512.932	  0.000
18	  2.280	88036.223	  1.005	-382386.111	  0.000
19	  2.280	55633.022	  1.005	-70635.535	  0.000
20	  2.280	-151117.579	  1.005	-571868.060	  0.000
21	  2.280	-39900.127	  1.005	-221219.063	  0.000
22	  2.280	184692.228	  1.005	-143430.404	  0.000
23	  2.280	-81358.718	  1.005	108307.531	  0.000
24	  2.280	74818.742	  1.005	157.197	  0.000
25	  2.280	-184581.127	  1.005	121953.884	  0.000
26	  2.280	38857.933	  1.005	125018.262	  0.000
27	  2.280	66026.927	  1.005	-26830.661	  0.000
28	  2.280	-133160.736	  1.005	-331840.118	  0.000
29	  2.280	57862.328	  1.005	261015.601	  0.000
30	  2.280	136278.032	  1.005	217392.356	  0.000
31	  2.280	4713.455	  1.005	555909.996	  0.000
32	  2.280	164242.635	  1.005	61746.887	  0.000
33	  2.280	18137.260	  1.005	-368342.974	  0.000
34	  2.280	89675.353	  1.005	149490.448	  0.000
35	  2.280	58072.335	  1.005	76429.920	  0.000
36	  2.280	-40481.451	  1.005	-214729.147	  0.000
37	  2.280	23267.150	  1.005	89655.847	  0.000
38	  2.280	-10042.561	  1.005	-369317.715	  0.000
39	  2.280	-88585.078	  1.005	-217162.501	  0.000
40	  2.280	30351.018	  1.005	-69894.163	  0.000
41	  2.280	2509.144	  1.005	-170816.650	  0.000
42	  2.280	-127768.111	  1.005	-486777.081	  0.000
43	  2.280	-91696.664	  1.005	-290128.312	  0.000
44	  2.280	-10229.519	  1.005	34870.122	  0.000
45	  2.280	116806.224	  1.005	56525.781	  0.000
46	  2.280	82868.529	  1.005	31592.970	  0.000
47	  2.280	11185.042	  1.005	31378.046	  0.000
48	  2.280	76758.109	  1.005	-216517.886	  0.000
49	  2.280	-2210.285	  1.005	69450.983	  0.000
50	  2.280	152554.016	  1.005	160107.519	  0.000
51	  2.280	-10759.476	  1.005	-65357.597	  0.000
52	  2.280	-15360.127	  1.005	-2345.084	  0.000
53	  2.280	44026.866	  1.005	-116888.562	  0.000
54	  2.280	-35161.597	  1.005	-72022.115	  0.000
55	  2.280	-28020.350	  1.005	256528.264	  0.000
56	  2.280	84231.783	  1.005	-381246.570	  0.000
57	  2.280	36528.359	  1.005	470581.594	  0.000
58	  2.280	24607.790	  1.005	555801.732	  0.000
59	  2.280	-135401.417	  1.005	-548252.787	  0.000
60	  2.280	1596.528	  1.005	-99252.692	  0.000
61	  2.280	28984.008	  1.005	45984.840	  0.000
62	  2.280	-7222.563	  1.005	-40075.050	  0.000
63	  2.280	13328.806	  1.005	400740.983	  0.000
64	  2.280	34905.153	  1.005	30072.884	  0.000
65	  2.280	-47111.271	  1.005	-15129.659	  0.000
66	  2.280	-135027.076	  1.005	-327881.928	  0.000
67	  2.280	44068.599	  1.005	986228.530	  0.000
68	  2.280	-99156.623	  1.005	9148.296	  0.000
69	  2.280	-57095.598	  1.005	501488.383	  0.000
70	  2.280	-63855.798	  1.005	79689.172	  0.000
71	  2.280	63871.795	  1.005	366946.998	  0.000
72	  2.280	62044.604	  1.005	710451.619	  0.000
73	  2.280	65234.532	  1.005	-783767.343	  0.000
74	  2.280	-116251.687	  1.005	290888.553	  0.000
75	  2.280	8393.901	  1.005	15366.689	  0.000
76	  2.280	60305.885	  1.005	274717.488	  0.000
77	  2.280	63046.951	  1.005	-479942.973	  0.000
78	  2.280	36167.846	  1.005	7722.691	  0.000
79	  2.280	-69837.253	  1.005	-566079.637	  0.000
80	  2.280	1054.036	  1.005	-236743.023	  0.000
81	  2.280	69025.036	  1.005	-181367.879	  0.000
0	  2.400	14090.754	  1.005	-15456.472	  0.000
1	  2.400	78937.195	  1.005	254596.992	  0.000
2	  2.400	12958.176	  1.005	50993.730	  0.000
3	  2.400	-52647.758	  1.005	-78600.876	  0.000
4	  2.400	-29333.313	  1.005	185180.062	  0.000
5	  2.400	42250.921	  1.005	-47058.615	  0.000
6	  2.400	-83653.894	  1.005	79845.453	  0.000
7	  2.400	-9898.093	  1.005	-861812.202	  0.000
8	  2.400	72207.244	  1.005	477438.596	  0.000
9	  2.400	132281.429	  1.005	-169367.326	  0.000
10	  2.400	51819.606	  1.005	59995.428	  0.000
11	  2.400	124437.287	  1.005	369326.706	  0.000
12	  2.400	63484.686	  1.005	-87433.657	  0.000
13	  2.400	-43085.047	  1.005	368834.221	  0.000
14	  2.400	39131.577	  1.005	324510.154	  0.000
15	  2.400	-41191.398	  1.005	90791.029	  0.000
16	  2.400	-36101.882	  1.005	-87134.321	  0.000
17	  2.400	-52507.708	  1.005	87148.642	  0.000
18	  2.400	51129.522	  1.005	-95479.964	  0.000
19	  2.400	77053.177	  1.005	126451.360	  0.000
20	  2.400	-189243.837	  1.005	23718.873	  0.000
21	  2.400	-37824.147	  1.005	310368.447	  0.000
22	  2.400	182513.918	  1.005	-330773.934	  0.000
23	  2.400	-122352.099	  1.005	-261935.901	  0.000
24	  2.400	70563.355	  1.005	-19315.106	  0.000
25	  2.400	-129972.815	  1.005	504046.391	  0.000
26	  2.400	51263.481	  1.005	67095.557	  0.000
27	  2.400	64484.052	  1.005	9090.837	  0.000
28	  2.400	-166327.501	  1.005	-77017.271	  0.000
29	  2.400	68599.805	  1.005	-80587.234	  0.000
30	  2.400	154286.800	  1.005	50239.057	  0.000
31	  2.400	19578.608	  1.005	80053.460	  0.000
32	  2.400	120710.779	  1.005	-81628.297	  0.000
33	  2.400	35562.038	  1.005	20098.667	  0.000
34	  2.400	47736.967	  1.005	-186077.841	  0.000
35	  2.400	60794.130	  1.005	-62247.915	  0.000
36	  2.400	-36769.442	  1.005	-311703.827	  0.000
37	  2.400	19220.579	  1.005	-101710.097	  0.000
38	  2.400	-47977.334	  1.005	-130070.725	  0.000
39	  2.400	-87762.653	  1.005	279219.735	  0.000
40	  2.400	29257.069	  1.005	-1833.893	  0.000
41	  2.400	-14951.550	  1.005	680764.033	  0.000
42	  2.400	-148350.665	  1.005	583909.766	  0.000
43	  2.400	-116939.333	  1.005	6278.174	  0.000
44	  2.400	-6660.611	  1.005	-44128.397	  0.000
45	  2.400	127312.172	  1.005	-16612.781	  0.000
46	  2.400	92615.909	  1.005	208411.421	  0.000
47	  2.400	12150.495	  1.005	-148644.011	  0.000
48	  2.400	54178.817	  1.005	-155485.915	  0.000
49	  2.400	-8029.983	  1.005	224434.252	  0.000
50	  2.400	168381.631	  1.005	104032.501	  0.000
51	  2.400	-11117.350	  1.005	72320.433	  0.000
52	  2.400	-15157.342	  1.005	-57283.299	  0.000
53	  2.400	43426.107	  1.005	561056.927	  0.000
54	  2.400	-89712.603	  1.005	-509435.373	  0.000
55	  2.400	-10147.911	  1.005	51832.668	  0.000
56	  2.400	77300.202	  1.005	153451.654	  0.000
57	  2.400	82261.875	  1.005	291686.634	  0.000
58	  2.400	81597.297	  1.005	385917.876	  0.000
59	  2.400	-174652.839	  1.005	461964.313	  0.000
60	  2.400	-2690.163	  1.005	57756.658	  0.000
61	  2.400	49754.620	  1.005	432062.972	  0.000
62	  2.400	-12147.072	  1.005	43023.182	  0.000
63	  2.400	-14144.797	  1.005	-661565.406	  0.000
64	  2.400	20302.347	  1.005	-377452.860	  0.000
65	  2.400	-48538.773	  1.005	-193139.071	  0.000
66	  2.400	-168771.065	  1.005	-233153.430	  0.000
67	  2.400	98229.563	  1.005	-181638.430	  0.000
68	  2.400	-99096.025	  1.005	648.869	  0.000
69	  2.400	-70717.832	  1.005	-92387.260	  0.000
70	  2.400	-70370.429	  1.005	167693.199	  0.000
71	  2.400	54891.083	  1.005	-408221.698	  0.000
72	  2.400	125778.718	  1.005	59204.885	  0.000
73	  2.400	-7379.782	  1.005	-315868.763	  0.000
74	  2.400	-88453.155	  1.005	132415.087	  0.000
75	  2.400	-28879.262	  1.005	-141500.922	  0.000
76	  2.400	75584.629	  1.005	-648670.843	  0.000
77	  2.400	53317.188	  1.005	-25346.572	  0.000
78	  2.400	35081.242	  1.005	271471.316	  0.000
79	  2.400	-109400.182	  1.005	-245322.148	  0.000
80	  2.400	-20458.373	  1.005	-62588.374	  0.000
81	  2.400	107341.700	  1.005	172785.522	  0.000
0	  2.520	-45586.176	  1.005	-594931.143	  0.000
1	  2.520	77064.091	  1.005	-116856.530	  0.000
2	  2.520	15297.174	  1.005	287520.464	  0.000
3	  2.520	-57559.664	  1.005	-177387.176	  0.000
4	  2.520	-37348.778	  1.005	-367581.904	  0.000
5	  2.520	47569.191	  1.005	466089.855	  0.000
6	  2.520	-82047.287	  1.005	-103233.289	  0.000
7	  2.520	-93627.297	  1.005	-266779.573	  0.000
8	  2.520	113603.057	  1.005	454874.884	  0.000
9	  2.520	133740.260	  1.005	-117101.920	  0.000
10	  2.520	57632.874	  1.005	-4079.900	  0.000
11	  2.520	128245.930	  1.005	80967.952	  0.000
12	  2.520	18614.326	  1.005	75785.162	  0.000
13	  2.520	-26180.434	  1.005	56406.625	  0.000
14	  2.520	45361.460	  1.005	-298259.498	  0.000
15	  2.520	-55278.907	  1.005	-35620.351	  0.000
16	  2.520	-42251.235	  1.005	-1645.728	  0.000
17	  2.520	-60435.651	  1.005	16717.866	  0.000
18	  2.520	118004.879	  1.005	465541.269	  0.000
19	  2.520	85453.882	  1.005	39057.597	  0.000
20	  2.520	-180453.121	  1.005	374641.398	  0.000
21	  2.520	-5921.799	  1.005	220998.184	  0.000
22	  2.520	158911.129	  1.005	108284.149	  0.000
23	  2.520	-125595.450	  1.005	201741.784	  0.000
24	  2.520	84125.193	  1.005	98088.360	  0.000
25	  2.520	-75715.062	  1.005	394438.314	  0.000
26	  2.520	47112.176	  1.005	1787.863	  0.000
27	  2.520	44330.338	  1.005	-109668.088	  0.000
28	  2.520	-158895.852	  1.005	563551.071	  0.000
29	  2.520	122709.964	  1.005	385453.594	  0.000
30	  2.520	157915.728	  1.005	-337055.950	  0.000
31	  2.520	24753.874	  1.005	-79259.197	  0.000
32	  2.520	104212.439	  1.005	243895.602	  0.000
33	  2.520	27429.303	  1.005	-9896.455	  0.000
34	  2.520	42300.985	  1.005	52081.171	  0.000
35	  2.520	101576.007	  1.005	400323.724	  0.000
36	  2.520	-48831.011	  1.005	-4258.690	  0.000
37	  2.520	69905.732	  1.005	522451.463	  0.000
38	  2.520	-45638.885	  1.005	-169275.328	  0.000
39	  2.520	-101581.219	  1.005	175532.589	  0.000
40	  2.520	30847.880	  1.005	56810.457	  0.000
41	  2.520	49896.347	  1.005	409940.610	  0.000
42	  2.520	-105128.190	  1.005	85061.984	  0.000
43	  2.520	-118309.607	  1.005	-24147.407	  0.000
44	  2.520	-10868.187	  1.005	16535.098	  0.000
45	  2.520	125727.902	  1.005	-8132.201	  0.000
46	  2.520	112633.809	  1.005	-185053.564	  0.000
47	  2.520	16838.152	  1.005	69545.225	  0.000
48	  2.520	39931.472	  1.005	-65560.722	  0.000
49	  2.520	-13251.506	  1.005	-376040.774	  0.000
50	  2.520	161746.529	  1.005	-99758.526	  0.000
51	  2.520	-18992.127	  1.005	-82032.026	  0.000
52	  2.520	-16226.849	  1.005	16195.095	  0.000
53	  2.520	92927.115	  1.005	68835.423	  0.000
54	  2.520	-128434.811	  1.005	69085.207	  0.000
55	  2.520	-20086.187	  1.005	619893.610	  0.000
56	  2.520	64850.596	  1.005	-152954.361	  0.000
57	  2.520	108607.034	  1.005	68398.313	  0.000
58	  2.520	68126.580	  1.005	-356114.910	  0.000
59	  2.520	-170326.074	  1.005	-219177.535	  0.000
60	  2.520	-16332.207	  1.005	-38125.737	  0.000
61	  2.520	84797.478	  1.005	-675708.855	  0.000
62	  2.520	-7544.684	  1.005	33312.624	  0.000
63	  2.520	-84654.850	  1.005	-493321.402	  0.000
64	  2.520	-16117.308	  1.005	-221390.859	  0.000
65	  2.520	-57967.337	  1.005	-353723.103	  0.000
66	  2.520	-185095.985	  1.005	3988.540	  0.000
67	  2.520	150364.928	  1.005	427168.585	  0.000
68	  2.520	-112155.211	  1.005	291485.972	  0.000
69	  2.520	-77092.943	  1.005	124347.434	  0.000
70	  2.520	-129134.420	  1.005	-289868.763	  0.000
71	  2.520	31533.537	  1.005	-108735.389	  0.000
72	  2.520	116280.980	  1.005	-69956.183	  0.000
73	  2.520	-6392.052	  1.005	167566.175	  0.000
74	  2.520	-82456.724	  1.005	312142.937	  0.000
75	  2.520	-44534.958	  1.005	-547592.452	  0.000
76	  2.520	58115.856	  1.005	-61066.798	  0.000
77	  2.520	84882.741	  1.005	208823.143	  0.000
78	  2.520	51057.962	  1.005	-68311.254	  0.000
79	  2.520	-118590.408	  1.005	378743.286	  0.000
80	  2.520	3826.360	  1.005	152678.555	  0.000
81	  2.520	101073.343	  1.005	-38413.759	  0.000
0	  2.640	-53922.833	  1.005	98560.161	  0.000
1	  2.640	88193.541	  1.005	265864.511	  0.000
2	  2.640	13814.851	  1.005	-248033.055	  0.000
3	  2.640	-68267.348	  1.005	-434170.199	  0.000
4	  2.640	-45082.091	  1.005	295703.564	  0.000
5	  2.640	43134.399	  1.005	-107569.843	  0.000
6	  2.640	-69986.740	  1.005	599681.889	  0.000
7	  2.640	-107036.260	  1.005	-724835.275	  0.000
8	  2.640	130873.808	  1.005	-1010042.483	  0.000
9	  2.640	142630.692	  1.005	-89192.894	  0.000
10	  2.640	57217.868	  1.005	-2862.941	  0.000
11	  2.640	135707.445	  1.005	67183.093	  0.000
12	  2.640	31589.269	  1.005	344450.115	  0.000
13	  2.640	-40347.030	  1.005	126176.579	  0.000
14	  2.640	16620.110	  1.005	-193385.923	  0.000
15	  2.640	-54137.038	  1.005	2548.500	  0.000
16	  2.640	-39961.260	  1.005	140792.176	  0.000
17	  2.640	-103574.466	  1.005	-521698.321	  0.000
18	  2.640	126620.779	  1.005	15341.488	  0.000
19	  2.640	62664.640	  1.005	-93613.025	  0.000
20	  2.640	-181359.663	  1.005	-134750.795	  0.000
21	  2.640	2121.342	  1.005	38514.384	  0.000
22	  2.640	166695.470	  1.005	3376.032	  0.000
23	  2.640	-115481.148	  1.005	21207.913	  0.000
24	  2.640	87665.559	  1.005	-246283.679	  0.000
25	  2.640	-39846.776	  1.005	26676.491	  0.000
26	  2.640	55599.245	  1.005	266275.442	  0.000
27	  2.640	49102.244	  1.005	663615.958	  0.000
28	  2.640	-122343.546	  1.005	281404.736	  0.000
29	  2.640	160275.763	  1.005	-230744.575	  0.000
30	  2.640	154904.234	  1.005	88744.131	  0.000
31	  2.640	67968.573	  1.005	226967.283	  0.000
32	  2.640	87993.557	  1.005	83321.239	  0.000
33	  2.640	12321.679	  1.005	-184146.358	  0.000
34	  2.640	47827.772	  1.005	35293.478	  0.000
35	  2.640	140854.650	  1.005	-7529.750	  0.000
36	  2.640	-45364.961	  1.005	-22276.566	  0.000
37	  2.640	107914.701	  1.005	240318.292	  0.000
38	  2.640	-53784.129	  1.005	-11077.242	  0.000
39	  2.640	-94083.714	  1.005	-116727.573	  0.000
40	  2.640	34958.001	  1.005	211050.957	  0.000
41	  2.640	69515.126	  1.005	50273.495	  0.000
42	  2.640	-117808.716	  1.005	-151706.281	  0.000
43	  2.640	-78636.763	  1.005	230734.187	  0.000
44	  2.640	-16102.492	  1.005	102088.209	  0.000
45	  2.640	109180.970	  1.005	68325.888	  0.000
46	  2.640	94706.161	  1.005	-126772.683	  0.000
47	  2.640	1387.630	  1.005	919165.620	  0.000
48	  2.640	37332.153	  1.005	28270.834	  0.000
49	  2.640	21560.892	  1.005	808840.398	  0.000
50	  2.640	146071.005	  1.005	-327169.998	  0.000
51	  2.640	3552.923	  1.005	184655.580	  0.000
52	  2.640	-30686.481	  1.005	-223441.615	  0.000
53	  2.640	97714.389	  1.005	-41232.995	  0.000
54	  2.640	-151603.986	  1.005	-564560.136	  0.000
55	  2.640	42136.212	  1.005	347171.516	  0.000
56	  2.640	50290.793	  1.005	13058.437	  0.000
57	  2.640	29417.756	  1.005	-423987.572	  0.000
58	  2.640	66227.199	  1.005	162046.315	  0.000
59	  2.640	-191065.131	  1.005	-90125.094	  0.000
60	  2.640	-10421.065	  1.005	392478.008	  0.000
61	  2.640	22599.547	  1.005	-79746.479	  0.000
62	  2.640	-12166.001	  1.005	-730259.496	  0.000
63	  2.640	-90430.078	  1.005	314657.768	  0.000
64	  2.640	-10157.786	  1.005	-220640.055	  0.000
65	  2.640	-71567.388	  1.005	28131.427	  0.000
66	  2.640	-193059.074	  1.005	-264409.931	  0.000
67	  2.640	172396.179	  1.005	8703.119	  0.000
68	  2.640	-88215.305	  1.005	111974.687	  0.000
69	  2.640	-121780.400	  1.005	-331991.205	  0.000
70	  2.640	-152885.277	  1.005	-133085.478	  0.000
71	  2.640	27609.004	  1.005	-395301.796	  0.000
72	  2.640	104079.559	  1.005	7828.171	  0.000
73	  2.640	9558.212	  1.005	258602.452	  0.000
74	  2.640	-72830.193	  1.005	7957.567	  0.000
75	  2.640	-33601.884	  1.005	497075.576	  0.000
76	  2.640	38946.543	  1.005	-295133.380	  0.000
77	  2.640	63321.521	  1.005	-182386.142	  0.000
78	  2.640	67865.948	  1.005	365151.814	  0.000
79	  2.640	-104608.709	  1.005	-214936.247	  0.000
80	  2.640	20678.180	  1.005	298233.514	  0.000
81	  2.640	116827.491	  1.005	-73894.784	  0.000
0	  2.760	-68619.120	  1.005	-479455.623	  0.000
1	  2.760	105683.835	  1.005	-113589.499	  0.000
2	  2.760	-10247.234	  1.005	-173109.933	  0.000
3	  2.760	-78835.596	  1.005	305753.896	  0.000
4	  2.760	-58165.761	  1.005	103515.241	  0.000
5	  2.760	35039.136	  1.005	-736.175	  0.000
6	  2.760	-65191.577	  1.005	-342699.337	  0.000
7	  2.760	-183684.818	  1.005	-526655.164	  0.000
8	  2.760	28870.720	  1.005	-709765.969	  0.000
9	  2.760	144058.419	  1.005	57005.187	  0.000
10	  2.760	97450.039	  1.005	10892.715	  0.000
11	  2.760	137215.795	  1.005	196669.933	  0.000
12	  2.760	55621.190	  1.005	12148.157	  0.000
13	  2.760	-27273.579	  1.005	339284.239	  0.000
14	  2.760	26107.932	  1.005	128973.764	  0.000
15	  2.760	-53899.506	  1.005	-298253.648	  0.000
16	  2.760	-38583.097	  1.005	-43265.632	  0.000
17	  2.760	-126230.366	  1.005	-110295.904	  0.000
18	  2.760	127122.802	  1.005	621569.208	  0.000
19	  2.760	52883.738	  1.005	-65547.056	  0.000
20	  2.760	-181596.764	  1.005	169444.630	  0.000
21	  2.760	-517.001	  1.005	-92821.232	  0.000
22	  2.760	121689.612	  1.005	-572666.050	  0.000
23	  2.760	-134849.891	  1.005	-258379.437	  0.000
24	  2.760	71668.747	  1.005	-5634.297	  0.000
25	  2.760	-16738.134	  1.005	172053.081	  0.000
26	  2.760	77025.793	  1.005	-64608.483	  0.000
27	  2.760	89528.710	  1.005	329792.887	  0.000
28	  2.760	-139232.288	  1.005	-235258.152	  0.000
29	  2.760	170111.392	  1.005	-27892.711	  0.000
30	  2.760	117892.103	  1.005	-50123.826	  0.000
31	  2.760	52602.721	  1.005	-199850.974	  0.000
32	  2.760	35713.126	  1.005	133231.582	  0.000
33	  2.760	-6161.344	  1.005	-120409.444	  0.000
34	  2.760	48725.610	  1.005	-12602.655	  0.000
35	  2.760	144852.233	  1.005	-3416.941	  0.000
36	  2.760	-44936.548	  1.005	239346.274	  0.000
37	  2.760	135965.065	  1.005	357586.930	  0.000
38	  2.760	-32727.905	  1.005	243961.915	  0.000
39	  2.760	-98143.145	  1.005	14888.250	  0.000
40	  2.760	7928.198	  1.005	135432.734	  0.000
41	  2.760	70294.530	  1.005	3092.014	  0.000
42	  2.760	-144655.861	  1.005	-191567.779	  0.000
43	  2.760	-84356.015	  1.005	-64924.079	  0.000
44	  2.760	-6533.511	  1.005	40771.339	  0.000
45	  2.760	114192.749	  1.005	6420.890	  0.000
46	  2.760	128847.317	  1.005	442002.876	  0.000
47	  2.760	23859.556	  1.005	2332.558	  0.000
48	  2.760	25037.534	  1.005	37381.961	  0.000
49	  2.760	66148.826	  1.005	-254958.325	  0.000
50	  2.760	123434.539	  1.005	-93802.839	  0.000
51	  2.760	-22525.919	  1.005	-241614.581	  0.000
52	  2.760	-51693.893	  1.005	-90297.809	  0.000
53	  2.760	132786.004	  1.005	266555.421	  0.000
54	  2.760	-193366.761	  1.005	-58933.312	  0.000
55	  2.760	62947.938	  1.005	10255.703	  0.000
56	  2.760	101569.803	  1.005	496613.670	  0.000
57	  2.760	16456.242	  1.005	-52207.905	  0.000
58	  2.760	68238.071	  1.005	-411413.245	  0.000
59	  2.760	-197723.659	  1.005	-304825.692	  0.000
60	  2.760	30441.741	  1.005	230321.227	  0.000
61	  2.760	14741.179	  1.005	-35447.944	  0.000
62	  2.760	-87593.373	  1.005	-485375.869	  0.000
63	  2.760	-87497.289	  1.005	-4237.482	  0.000
64	  2.760	-25937.015	  1.005	56368.469	  0.000
65	  2.760	-70527.538	  1.005	241556.974	  0.000
66	  2.760	-195413.472	  1.005	-375088.677	  0.000
67	  2.760	180009.553	  1.005	196192.066	  0.000
68	  2.760	-78834.377	  1.005	18442.933	  0.000
69	  2.760	-135871.267	  1.005	-338194.078	  0.000
70	  2.760	-141650.528	  1.005	339760.922	  0.000
71	  2.760	-11198.048	  1.005	-122103.300	  0.000
72	  2.760	104448.975	  1.005	-12977.011	  0.000
73	  2.760	25600.597	  1.005	77416.247	  0.000
74	  2.760	-79853.976	  1.005	272242.637	  0.000
75	  2.760	9357.986	  1.005	274835.327	  0.000
76	  2.760	13442.886	  1.005	-123206.137	  0.000
77	  2.760	64142.816	  1.005	-302068.782	  0.000
78	  2.760	47667.560	  1.005	-228499.335	  0.000
79	  2.760	-104070.592	  1.005	113421.559	  0.000
80	  2.760	52463.117	  1.005	215157.883	  0.000
81	  2.760	144862.015	  1.005	176473.357	  0.000
0	  2.880	-94651.761	  1.005	30189.618	  0.000
1	  2.880	105394.986	  1.005	-575547.859	  0.000
2	  2.880	-19374.307	  1.005	-79963.954	  0.000
3	  2.880	-86591.437	  1.005	14782.767	  0.000
4	  2.880	-50448.044	  1.005	-52210.364	  0.000
5	  2.880	31498.409	  1.005	-504231.341	  0.000
6	  2.880	-66603.440	  1.005	156277.992	  0.000
7	  2.880	-209508.520	  1.005	5220.183	  0.000
8	  2.880	-38842.532	  1.005	-394608.530	  0.000
9	  2.880	94170.746	  1.005	-397999.722	  0.000
10	  2.880	98127.112	  1.005	3669.883	  0.000
11	  2.880	154420.281	  1.005	188746.916	  0.000
12	  2.880	-166.461	  1.005	-330220.693	  0.000
13	  2.880	-26425.375	  1.005	-164224.058	  0.000
14	  2.880	40556.580	  1.005	3735.890	  0.000
15	  2.880	-54938.341	  1.005	-11155.204	  0.000
16	  2.880	-43807.097	  1.005	-160695.273	  0.000
17	  2.880	-137431.819	  1.005	-494641.551	  0.000
18	  2.880	171521.398	  1.005	-145498.815	  0.000
19	  2.880	59507.319	  1.005	29145.059	  0.000
20	  2.880	-224282.458	  1.005	-385108.104	  0.000
21	  2.880	752.870	  1.005	35663.994	  0.000
22	  2.880	80165.079	  1.005	-207995.134	  0.000
23	  2.880	-142834.629	  1.005	-159060.020	  0.000
24	  2.880	71257.711	  1.005	-2502.481	  0.000
25	  2.880	-2618.176	  1.005	169410.964	  0.000
26	  2.880	71234.667	  1.005	-72911.829	  0.000
27	  2.880	88138.234	  1.005	-92861.469	  0.000
28	  2.880	-150141.930	  1.005	111879.408	  0.000
29	  2.880	171646.154	  1.005	-47852.603	  0.000
30	  2.880	116949.335	  1.005	33467.162	  0.000
31	  2.880	53621.839	  1.005	236966.700	  0.000
32	  2.880	30537.119	  1.005	61325.885	  0.000
33	  2.880	-701.604	  1.005	130250.440	  0.000
34	  2.880	56707.541	  1.005	370292.876	  0.000
35	  2.880	139364.207	  1.005	-177487.656	  0.000
36	  2.880	-75564.914	  1.005	-1129026.449	  0.000
37	  2.880	152850.272	  1.005	-69444.169	  0.000
38	  2.880	-41819.394	  1.005	-256038.691	  0.000
39	  2.880	-122756.456	  1.005	-312026.175	  0.000
40	  2.880	-24646.937	  1.005	158793.463	  0.000
41	  2.880	68673.684	  1.005	-186234.035	  0.000
42	  2.880	-121721.491	  1.005	194157.239	  0.000
43	  2.880	-100274.399	  1.005	-441973.627	  0.000
44	  2.880	-13140.724	  1.005	-135303.662	  0.000
45	  2.880	80828.643	  1.005	-249005.149	  0.000
46	  2.880	156285.902	  1.005	-539818.706	  0.000
47	  2.880	26204.828	  1.005	-4528.226	  0.000
48	  2.880	30420.938	  1.005	-239537.657	  0.000
49	  2.880	82789.335	  1.005	477767.443	  0.000
50	  2.880	121910.136	  1.005	86921.859	  0.000
51	  2.880	-14458.238	  1.005	317716.498	  0.000
52	  2.880	-60849.113	  1.005	-64842.458	  0.000
53	  2.880	105303.944	  1.005	-348189.728	  0.000
54	  2.880	-192593.068	  1.005	-112798.595	  0.000
55	  2.880	71615.480	  1.005	264483.094	  0.000
56	  2.880	135589.726	  1.005	186025.913	  0.000
57	  2.880	12194.439	  1.005	-97246.044	  0.000
58	  2.880	49750.688	  1.005	-323178.915	  0.000
59	  2.880	-197109.540	  1.005	366594.045	  0.000
60	  2.880	38585.343	  1.005	-513672.289	  0.000
61	  2.880	21363.544	  1.005	321075.937	  0.000
62	  2.880	-138122.243	  1.005	144588.531	  0.000
63	  2.880	-19169.586	  1.005	495127.363	  0.000
64	  2.880	-293.855	  1.005	1077503.209	  0.000
65	  2.880	-53569.760	  1.005	19231.066	  0.000
66	  2.880	-209599.168	  1.005	-8877.213	  0.000
67	  2.880	175435.422	  1.005	442499.434	  0.000
68	  2.880	-75743.790	  1.005	99726.013	  0.000
69	  2.880	-129896.710	  1.005	374741.635	  0.000
70	  2.880	-107647.812	  1.005	237929.907	  0.000
71	  2.880	22266.274	  1.005	505819.477	  0.000
72	  2.880	118465.544	  1.005	-22753.604	  0.000
73	  2.880	16011.863	  1.005	-397379.425	  0.000
74	  2.880	-57611.313	  1.005	10195.137	  0.000
75	  2.880	31703.866	  1.005	122790.291	  0.000
76	  2.880	1696.490	  1.005	-55637.697	  0.000
77	  2.880	65713.442	  1.005	16081.662	  0.000
78	  2.880	38630.192	  1.005	-343812.149	  0.000
79	  2.880	-104833.710	  1.005	-33909.715	  0.000
80	  2.880	48233.365	  1.005	-1208701.829	  0.000
81	  2.880	105872.517	  1.005	-333149.235	  0.000
0	  3.000	-102492.593	  1.005	82248.476	  0.000
1	  3.000	82590.476	  1.005	404127.452	  0.000
2	  3.000	-27628.311	  1.005	-8449.458	  0.000
3	  3.000	-62524.293	  1.005	774877.960	  0.000
4	  3.000	-86044.557	  1.005	-1121391.033	  0.000
5	  3.000	12630.643	  1.005	-117452.508	  0.000
6	  3.000	-49237.834	  1.005	-55365.826	  0.000
7	  3.000	-201211.632	  1.005	148149.180	  0.000
8	  3.000	-1887.733	  1.005	556348.265	  0.000
9	  3.000	69770.673	  1.005	-174550.532	  0.000
10	  3.000	108339.664	  1.005	293845.465	  0.000
11	  3.000	167564.222	  1.005	-35578.733	  0.000
12	  3.000	-2639.082	  1.005	50372.411	  0.000
13	  3.000	-41467.754	  1.005	-94913.020	  0.000
14	  3.000	75146.672	  1.005	402468.183	  0.000
15	  3.000	-66395.382	  1.005	-108779.140	  0.000
16	  3.000	-66375.141	  1.005	-402235.126	  0.000
17	  3.000	-168113.295	  1.005	268793.518	  0.000
18	  3.000	157841.237	  1.005	45381.733	  0.000
19	  3.000	56494.675	  1.005	-132902.257	  0.000
20	  3.000	-263389.622	  1.005	-199389.274	  0.000
21	  3.000	3271.691	  1.005	-1694.698	  0.000
22	  3.000	53748.239	  1.005	-127416.222	  0.000
23	  3.000	-142957.194	  1.005	-102930.953	  0.000
24	  3.000	75703.692	  1.005	372388.809	  0.000
25	  3.000	3787.572	  1.005	138888.242	  0.000
26	  3.000	88392.076	  1.005	184876.031	  0.000
27	  3.000	79691.691	  1.005	-320609.110	  0.000
28	  3.000	-153920.132	  1.005	-378759.714	  0.000
29	  3.000	183043.879	  1.005	106513.652	  0.000
30	  3.000	144556.781	  1.005	338122.592	  0.000
31	  3.000	78093.419	  1.005	166713.621	  0.000
32	  3.000	33564.477	  1.005	132864.974	  0.000
33	  3.000	13269.222	  1.005	84737.729	  0.000
34	  3.000	84785.786	  1.005	141110.953	  0.000
35	  3.000	122482.035	  1.005	-41103.383	  0.000
36	  3.000	-167571.962	  1.005	-499142.181	  0.000
37	  3.000	150940.111	  1.005	756.221	  0.000
38	  3.000	-41556.050	  1.005	-431856.813	  0.000
39	  3.000	-142447.336	  1.005	-57499.363	  0.000
40	  3.000	-30988.807	  1.005	-45516.284	  0.000
41	  3.000	89329.595	  1.005	-27838.134	  0.000
42	  3.000	-138850.267	  1.005	-514544.738	  0.000
43	  3.000	-120625.870	  1.005	-69555.805	  0.000
44	  3.000	-25995.319	  1.005	-82063.740	  0.000
45	  3.000	58177.930	  1.005	740527.928	  0.000
46	  3.000	111312.231	  1.005	35299.832	  0.000
47	  3.000	26129.281	  1.005	35754.438	  0.000
48	  3.000	5197.464	  1.005	-181501.631	  0.000
49	  3.000	132480.270	  1.005	268678.676	  0.000
50	  3.000	121693.535	  1.005	-35960.449	  0.000
51	  3.000	-23992.153	  1.005	-95390.456	  0.000
52	  3.000	-62613.578	  1.005	134527.072	  0.000
53	  3.000	75202.692	  1.005	-145291.397	  0.000
54	  3.000	-168347.798	  1.005	405464.513	  0.000
55	  3.000	96475.579	  1.005	-3485.844	  0.000
56	  3.000	123101.156	  1.005	-147482.257	  0.000
57	  3.000	29271.459	  1.005	130520.747	  0.000
58	  3.000	50383.690	  1.005	-209.349	  0.000
59	  3.000	-216709.127	  1.005	-190835.432	  0.000
60	  3.000	19763.508	  1.005	-62558.173	  0.000
61	  3.000	33515.195	  1.005	107607.370	  0.000
62	  3.000	-126198.541	  1.005	91727.381	  0.000
63	  3.000	2608.634	  1.005	39523.010	  0.000
64	  3.000	93719.186	  1.005	541434.102	  0.000
65	  3.000	-83539.307	  1.005	41961.581	  0.000
66	  3.000	-206603.019	  1.005	-263137.407	  0.000
67	  3.000	167090.734	  1.005	296769.886	  0.000
68	  3.000	-65945.258	  1.005	55602.281	  0.000
69	  3.000	-94397.511	  1.005	75119.849	  0.000
70	  3.000	-108502.932	  1.005	68618.431	  0.000
71	  3.000	65402.367	  1.005	209874.295	  0.000
72	  3.000	142706.376	  1.005	233587.913	  0.000
73	  3.000	-7360.830	  1.005	-1455.726	  0.000
74	  3.000	-34155.413	  1.005	357675.932	  0.000
75	  3.000	1771.094	  1.005	-114584.477	  0.000
76	  3.000	29292.725	  1.005	204594.054	  0.000
77	  3.000	65423.695	  1.005	-83768.971	  0.000
78	  3.000	48556.148	  1.005	12256.799	  0.000
79	  3.000	-113887.971	  1.005	-93825.104	  0.000
80	  3.000	-65663.080	  1.005	-679605.263	  0.000
81	  3.000	70988.939	  1.005	-251154.117	  0.000
