# id	 time	 x	 y	 vx	 vy
0	  0.000	  1.282	  1.000	  0.010	  0.010
1	  0.000	  3.846	  1.000	  0.010	  0.010
2	  0.000	  6.410	  1.000	  0.010	  0.010
3	  0.000	  8.974	  1.000	  0.010	  0.010
4	  0.000	 11.538	  1.000	  0.010	  0.010
5	  0.000	 14.103	  1.000	  0.010	  0.010
6	  0.000	 16.667	  1.000	  0.010	  0.010
7	  0.000	 19.231	  1.000	  0.010	  0.010
8	  0.000	 21.795	  1.000	  0.010	  0.010
9	  0.000	 24.359	  1.000	  0.010	  0.010
10	  0.000	 26.923	  1.000	  0.010	  0.010
11	  0.000	 29.487	  1.000	  0.010	  0.010
12	  0.000	 32.051	  1.000	  0.010	  0.010
13	  0.000	 34.615	  1.000	  0.010	  0.010
14	  0.000	 37.179	  1.000	  0.010	  0.010
15	  0.000	 39.744	  1.000	  0.010	  0.010
16	  0.000	 42.308	  1.000	  0.010	  0.010
17	  0.000	 44.872	  1.000	  0.010	  0.010
18	  0.000	 47.436	  1.000	  0.010	  0.010
19	  0.000	 50.000	  1.000	  0.010	  0.010
20	  0.000	 52.564	  1.000	  0.010	  0.010
21	  0.000	 55.128	  1.000	  0.010	  0.010
22	  0.000	 57.692	  1.000	  0.010	  0.010
23	  0.000	 60.256	  1.000	  0.010	  0.010
24	  0.000	 62.821	  1.000	  0.010	  0.010
25	  0.000	 65.385	  1.000	  0.010	  0.010
26	  0.000	 67.949	  1.000	  0.010	  0.010
27	  0.000	 70.513	  1.000	  0.010	  0.010
28	  0.000	 73.077	  1.000	  0.010	  0.010
29	  0.000	 75.641	  1.000	  0.010	  0.010
30	  0.000	 78.205	  1.000	  0.010	  0.010
31	  0.000	 80.769	  1.000	  0.010	  0.010
32	  0.000	 83.333	  1.000	  0.010	  0.010
33	  0.000	 85.897	  1.000	  0.010	  0.010
34	  0.000	 88.462	  1.000	  0.010	  0.010
35	  0.000	 91.026	  1.000	  0.010	  0.010
36	  0.000	 93.590	  1.000	  0.010	  0.010
37	  0.000	 96.154	  1.000	  0.010	  0.010
38	  0.000	 98.718	  1.000	  0.010	  0.010
0	  0.120	  1.302	  1.001	  0.331	  0.008
1	  0.120	  3.866	  1.001	  0.331	  0.008
2	  0.120	  6.430	  1.001	  0.331	  0.008
3	  0.120	  8.994	  1.001	  0.331	  0.008
4	  0.120	 11.558	  1.001	  0.331	  0.008
5	  0.120	 14.122	  1.001	  0.331	  0.008
6	  0.120	 16.686	  1.001	  0.331	  0.008
7	  0.120	 19.250	  1.001	  0.331	  0.008
8	  0.120	 21.814	  1.001	  0.331	  0.008
9	  0.120	 24.379	  1.001	  0.331	  0.008
10	  0.120	 26.943	  1.001	  0.331	  0.008
11	  0.120	 29.507	  1.001	  0.331	  0.008
12	  0.120	 32.071	  1.001	  0.331	  0.008
13	  0.120	 34.635	  1.001	  0.331	  0.008
14	  0.120	 37.199	  1.001	  0.331	  0.008
15	  0.120	 39.763	  1.001	  0.331	  0.008
16	  0.120	 42.327	  1.001	  0.331	  0.008
17	  0.120	 44.891	  1.001	  0.331	  0.008
18	  0.120	 47.456	  1.001	  0.331	  0.008
19	  0.120	 50.020	  1.001	  0.331	  0.008
20	  0.120	 52.584	  1.001	  0.331	  0.008
21	  0.120	 55.148	  1.001	  0.331	  0.008
22	  0.120	 57.712	  1.001	  0.331	  0.008
23	  0.120	 60.276	  1.001	  0.331	  0.008
24	  0.120	 62.840	  1.001	  0.331	  0.008
25	  0.120	 65.404	  1.001	  0.331	  0.008
26	  0.120	 67.968	  1.001	  0.331	  0.008
27	  0.120	 70.532	  1.001	  0.331	  0.008
28	  0.120	 73.097	  1.001	  0.331	  0.008
29	  0.120	 75.661	  1.001	  0.331	  0.008
30	  0.120	 78.225	  1.001	  0.331	  0.008
31	  0.120	 80.789	  1.001	  0.331	  0.008
32	  0.120	 83.353	  1.001	  0.331	  0.008
33	  0.120	 85.917	  1.001	  0.331	  0.008
34	  0.120	 88.481	  1.001	  0.331	  0.008
35	  0.120	 91.045	  1.001	  0.331	  0.008
36	  0.120	 93.609	  1.001	  0.331	  0.008
37	  0.120	 96.173	  1.001	  0.331	  0.008
38	  0.120	 98.738	  1.001	  0.331	  0.008
0	  0.240	  1.356	  1.002	  0.582	  0.006
1	  0.240	  3.920	  1.002	  0.582	  0.006
2	  0.240	  6.484	  1.002	  0.582	  0.006
3	  0.240	  9.048	  1.002	  0.582	  0.006
4	  0.240	 11.612	  1.002	  0.582	  0.006
5	  0.240	 14.176	  1.002	  0.582	  0.006
6	  0.240	 16.740	  1.002	  0.582	  0.006
7	  0.240	 19.305	  1.002	  0.582	  0.006
8	  0.240	 21.869	  1.002	  0.582	  0.006
9	  0.240	 24.433	  1.002	  0.582	  0.006
10	  0.240	 26.997	  1.002	  0.582	  0.006
11	  0.240	 29.561	  1.002	  0.582	  0.006
12	  0.240	 32.125	  1.002	  0.582	  0.006
13	  0.240	 34.689	  1.002	  0.582	  0.006
14	  0.240	 37.253	  1.002	  0.582	  0.006
15	  0.240	 39.817	  1.002	  0.582	  0.006
16	  0.240	 42.381	  1.002	  0.582	  0.006
17	  0.240	 44.946	  1.002	  0.582	  0.006
18	  0.240	 47.510	  1.002	  0.582	  0.006
19	  0.240	 50.074	  1.002	  0.582	  0.006
20	  0.240	 52.638	  1.002	  0.582	  0.006
21	  0.240	 55.202	  1.002	  0.582	  0.006
22	  0.240	 57.766	  1.002	  0.582	  0.006
23	  0.240	 60.330	  1.002	  0.582	  0.006
24	  0.240	 62.894	  1.002	  0.582	  0.006
25	  0.240	 65.458	  1.002	  0.582	  0.006
26	  0.240	 68.022	  1.002	  0.582	  0.006
27	  0.240	 70.587	  1.002	  0.582	  0.006
28	  0.240	 73.151	  1.002	  0.582	  0.006
29	  0.240	 75.715	  1.002	  0.582	  0.006
30	  0.240	 78.279	  1.002	  0.582	  0.006
31	  0.240	 80.843	  1.002	  0.582	  0.006
32	  0.240	 83.407	  1.002	  0.582	  0.006
33	  0.240	 85.971	  1.002	  0.582	  0.006
34	  0.240	 88.535	  1.002	  0.582	  0.006
35	  0.240	 91.099	  1.002	  0.582	  0.006
36	  0.240	 93.663	  1.002	  0.582	  0.006
37	  0.240	 96.228	  1.002	  0.582	  0.006
38	  0.240	 98.792	  1.002	  0.582	  0.006
0	  0.360	  1.437	  1.003	  0.780	  0.005
1	  0.360	  4.001	  1.003	  0.780	  0.005
2	  0.360	  6.565	  1.003	  0.780	  0.005
3	  0.360	  9.129	  1.003	  0.780	  0.005
4	  0.360	 11.693	  1.003	  0.780	  0.005
5	  0.360	 14.258	  1.003	  0.780	  0.005
6	  0.360	 16.822	  1.003	  0.780	  0.005
7	  0.360	 19.386	  1.003	  0.780	  0.005
8	  0.360	 21.950	  1.003	  0.780	  0.005
9	  0.360	 24.514	  1.003	  0.780	  0.005
10	  0.360	 27.078	  1.003	  0.780	  0.005
11	  0.360	 29.642	  1.003	  0.780	  0.005
12	  0.360	 32.206	  1.003	  0.780	  0.005
13	  0.360	 34.770	  1.003	  0.780	  0.005
14	  0.360	 37.334	  1.003	  0.780	  0.005
15	  0.360	 39.899	  1.003	  0.780	  0.005
16	  0.360	 42.463	  1.003	  0.780	  0.005
17	  0.360	 45.027	  1.003	  0.780	  0.005
18	  0.360	 47.591	  1.003	  0.780	  0.005
19	  0.360	 50.155	  1.003	  0.780	  0.005
20	  0.360	 52.719	  1.003	  0.780	  0.005
21	  0.360	 55.283	  1.003	  0.780	  0.005
22	  0.360	 57.847	  1.003	  0.780	  0.005
23	  0.360	 60.411	  1.003	  0.780	  0.005
24	  0.360	 62.976	  1.003	  0.780	  0.005
25	  0.360	 65.540	  1.003	  0.780	  0.005
26	  0.360	 68.104	  1.003	  0.780	  0.005
27	  0.360	 70.668	  1.003	  0.780	  0.005
28	  0.360	 73.232	  1.003	  0.780	  0.005
29	  0.360	 75.796	  1.003	  0.780	  0.005
30	  0.360	 78.360	  1.003	  0.780	  0.005
31	  0.360	 80.924	  1.003	  0.780	  0.005
32	  0.360	 83.488	  1.003	  0.780	  0.005
33	  0.360	 86.052	  1.003	  0.780	  0.005
34	  0.360	 88.617	  1.003	  0.780	  0.005
35	  0.360	 91.181	  1.003	  0.780	  0.005
36	  0.360	 93.745	  1.003	  0.780	  0.005
37	  0.360	 96.309	  1.003	  0.780	  0.005
38	  0.360	 98.873	  1.003	  0.780	  0.005
0	  0.480	  1.540	  1.003	  0.935	  0.004
1	  0.480	  4.104	  1.003	  0.935	  0.004
2	  0.480	  6.668	  1.003	  0.935	  0.004
3	  0.480	  9.232	  1.003	  0.935	  0.004
4	  0.480	 11.796	  1.003	  0.935	  0.004
5	  0.480	 14.360	  1.003	  0.935	  0.004
6	  0.480	 16.924	  1.003	  0.935	  0.004
7	  0.480	 19.488	  1.003	  0.935	  0.004
8	  0.480	 22.052	  1.003	  0.935	  0.004
9	  0.480	 24.616	  1.003	  0.935	  0.004
10	  0.480	 27.181	  1.003	  0.935	  0.004
11	  0.480	 29.745	  1.003	  0.935	  0.004
12	  0.480	 32.309	  1.003	  0.935	  0.004
13	  0.480	 34.873	  1.003	  0.935	  0.004
14	  0.480	 37.437	  1.003	  0.935	  0.004
15	  0.480	 40.001	  1.003	  0.935	  0.004
16	  0.480	 42.565	  1.003	  0.935	  0.004
17	  0.480	 45.129	  1.003	  0.935	  0.004
18	  0.480	 47.693	  1.003	  0.935	  0.004
19	  0.480	 50.257	  1.003	  0.935	  0.004
20	  0.480	 52.822	  1.003	  0.935	  0.004
21	  0.480	 55.386	  1.003	  0.935	  0.004
22	  0.480	 57.950	  1.003	  0.935	  0.004
23	  0.480	 60.514	  1.003	  0.935	  0.004
24	  0.480	 63.078	  1.003	  0.935	  0.004
25	  0.480	 65.642	  1.003	  0.935	  0.004
26	  0.480	 68.206	  1.003	  0.935	  0.004
27	  0.480	 70.770	  1.003	  0.935	  0.004
28	  0.480	 73.334	  1.003	  0.935	  0.004
29	  0.480	 75.899	  1.003	  0.935	  0.004
30	  0.480	 78.463	  1.003	  0.935	  0.004
31	  0.480	 81.027	  1.003	  0.935	  0.004
32	  0.480	 83.591	  1.003	  0.935	  0.004
33	  0.480	 86.155	  1.003	  0.935	  0.004
34	  0.480	 88.719	  1.003	  0.935	  0.004
35	  0.480	 91.283	  1.003	  0.935	  0.004
36	  0.480	 93.847	  1.003	  0.935	  0.004
37	  0.480	 96.411	  1.003	  0.935	  0.004
38	  0.480	 98.975	  1.003	  0.935	  0.004
0	  0.600	  1.659	  1.004	  1.057	  0.003
1	  0.600	  4.223	  1.004	  1.057	  0.003
2	  0.600	  6.787	  1.004	  1.057	  0.003
3	  0.600	  9.351	  1.004	  1.057	  0.003
4	  0.600	 11.915	  1.004	  1.057	  0.003
5	  0.600	 14.479	  1.004	  1.057	  0.003
6	  0.600	 17.043	  1.004	  1.057	  0.003
7	  0.600	 19.607	  1.004	  1.057	  0.003
8	  0.600	 22.172	  1.004	  1.057	  0.003
9	  0.600	 24.736	  1.004	  1.057	  0.003
10	  0.600	 27.300	  1.004	  1.057	  0.003
11	  0.600	 29.864	  1.004	  1.057	  0.003
12	  0.600	 32.428	  1.004	  1.057	  0.003
13	  0.600	 34.992	  1.004	  1.057	  0.003
14	  0.600	 37.556	  1.004	  1.057	  0.003
15	  0.600	 40.120	  1.004	  1.057	  0.003
16	  0.600	 42.684	  1.004	  1.057	  0.003
17	  0.600	 45.248	  1.004	  1.057	  0.003
18	  0.600	 47.813	  1.004	  1.057	  0.003
19	  0.600	 50.377	  1.004	  1.057	  0.003
20	  0.600	 52.941	  1.004	  1.057	  0.003
21	  0.600	 55.505	  1.004	  1.057	  0.003
22	  0.600	 58.069	  1.004	  1.057	  0.003
23	  0.600	 60.633	  1.004	  1.057	  0.003
24	  0.600	 63.197	  1.004	  1.057	  0.003
25	  0.600	 65.761	  1.004	  1.057	  0.003
26	  0.600	 68.325	  1.004	  1.057	  0.003
27	  0.600	 70.889	  1.004	  1.057	  0.003
28	  0.600	 73.454	  1.004	  1.057	  0.003
29	  0.600	 76.018	  1.004	  1.057	  0.003
30	  0.600	 78.582	  1.004	  1.057	  0.003
31	  0.600	 81.146	  1.004	  1.057	  0.003
32	  0.600	 83.710	  1.004	  1.057	  0.003
33	  0.600	 86.274	  1.004	  1.057	  0.003
34	  0.600	 88.838	  1.004	  1.057	  0.003
35	  0.600	 91.402	  1.004	  1.057	  0.003
36	  0.600	 93.966	  1.004	  1.057	  0.003
37	  0.600	 96.531	  1.004	  1.057	  0.003
38	  0.600	 99.095	  1.004	  1.057	  0.003
0	  0.720	  1.791	  1.004	  1.152	  0.002
1	  0.720	  4.355	  1.004	  1.152	  0.002
2	  0.720	  6.919	  1.004	  1.152	  0.002
3	  0.720	  9.483	  1.004	  1.152	  0.002
4	  0.720	 12.047	  1.004	  1.152	  0.002
5	  0.720	 14.612	  1.004	  1.152	  0.002
6	  0.720	 17.176	  1.004	  1.152	  0.002
7	  0.720	 19.740	  1.004	  1.152	  0.002
8	  0.720	 22.304	  1.004	  1.152	  0.002
9	  0.720	 24.868	  1.004	  1.152	  0.002
10	  0.720	 27.432	  1.004	  1.152	  0.002
11	  0.720	 29.996	  1.004	  1.152	  0.002
12	  0.720	 32.560	  1.004	  1.152	  0.002
13	  0.720	 35.124	  1.004	  1.152	  0.002
14	  0.720	 37.688	  1.004	  1.152	  0.002
15	  0.720	 40.253	  1.004	  1.152	  0.002
16	  0.720	 42.817	  1.004	  1.152	  0.002
17	  0.720	 45.381	  1.004	  1.152	  0.002
18	  0.720	 47.945	  1.004	  1.152	  0.002
19	  0.720	 50.509	  1.004	  1.152	  0.002
20	  0.720	 53.073	  1.004	  1.152	  0.002
21	  0.720	 55.637	  1.004	  1.152	  0.002
22	  0.720	 58.201	  1.004	  1.152	  0.002
23	  0.720	 60.765	  1.004	  1.152	  0.002
24	  0.720	 63.329	  1.004	  1.152	  0.002
25	  0.720	 65.894	  1.004	  1.152	  0.002
26	  0.720	 68.458	  1.004	  1.152	  0.002
27	  0.720	 71.022	  1.004	  1.152	  0.002
28	  0.720	 73.586	  1.004	  1.152	  0.002
29	  0.720	 76.150	  1.004	  1.152	  0.002
30	  0.720	 78.714	  1.004	  1.152	  0.002
31	  0.720	 81.278	  1.004	  1.152	  0.002
32	  0.720	 83.842	  1.004	  1.152	  0.002
33	  0.720	 86.406	  1.004	  1.152	  0.002
34	  0.720	 88.970	  1.004	  1.152	  0.002
35	  0.720	 91.535	  1.004	  1.152	  0.002
36	  0.720	 94.099	  1.004	  1.152	  0.002
37	  0.720	 96.663	  1.004	  1.152	  0.002
38	  0.720	 99.227	  1.004	  1.152	  0.002
0	  0.840	  1.934	  1.004	  1.227	  0.002
1	  0.840	  4.498	  1.004	  1.227	  0.002
2	  0.840	  7.062	  1.004	  1.227	  0.002
3	  0.840	  9.626	  1.004	  1.227	  0.002
4	  0.840	 12.190	  1.004	  1.227	  0.002
5	  0.840	 14.754	  1.004	  1.227	  0.002
6	  0.840	 17.318	  1.004	  1.227	  0.002
7	  0.840	 19.882	  1.004	  1.227	  0.002
8	  0.840	 22.446	  1.004	  1.227	  0.002
9	  0.840	 25.010	  1.004	  1.227	  0.002
10	  0.840	 27.575	  1.004	  1.227	  0.002
11	  0.840	 30.139	  1.004	  1.227	  0.002
12	  0.840	 32.703	  1.004	  1.227	  0.002
13	  0.840	 35.267	  1.004	  1.227	  0.002
14	  0.840	 37.831	  1.004	  1.227	  0.002
15	  0.840	 40.395	  1.004	  1.227	  0.002
16	  0.840	 42.959	  1.004	  1.227	  0.002
17	  0.840	 45.523	  1.004	  1.227	  0.002
18	  0.840	 48.087	  1.004	  1.227	  0.002
19	  0.840	 50.652	  1.004	  1.227	  0.002
20	  0.840	 53.216	  1.004	  1.227	  0.002
21	  0.840	 55.780	  1.004	  1.227	  0.002
22	  0.840	 58.344	  1.004	  1.227	  0.002
23	  0.840	 60.908	  1.004	  1.227	  0.002
24	  0.840	 63.472	  1.004	  1.227	  0.002
25	  0.840	 66.036	  1.004	  1.227	  0.002
26	  0.840	 68.600	  1.004	  1.227	  0.002
27	  0.840	 71.164	  1.004	  1.227	  0.002
28	  0.840	 73.728	  1.004	  1.227	  0.002
29	  0.840	 76.293	  1.004	  1.227	  0.002
30	  0.840	 78.857	  1.004	  1.227	  0.002
31	  0.840	 81.421	  1.004	  1.227	  0.002
32	  0.840	 83.985	  1.004	  1.227	  0.002
33	  0.840	 86.549	  1.004	  1.227	  0.002
34	  0.840	 89.113	  1.004	  1.227	  0.002
35	  0.840	 91.677	  1.004	  1.227	  0.002
36	  0.840	 94.241	  1.004	  1.227	  0.002
37	  0.840	 96.805	  1.004	  1.227	  0.002
38	  0.840	 99.369	  1.004	  1.227	  0.002
0	  0.960	  2.084	  1.004	  1.286	  0.001
1	  0.960	  4.648	  1.004	  1.286	  0.001
2	  0.960	  7.212	  1.004	  1.286	  0.001
3	  0.960	  9.776	  1.004	  1.286	  0.001
4	  0.960	 12.341	  1.004	  1.286	  0.001
5	  0.960	 14.905	  1.004	  1.286	  0.001
6	  0.960	 17.469	  1.004	  1.286	  0.001
7	  0.960	 20.033	  1.004	  1.286	  0.001
8	  0.960	 22.597	  1.004	  1.286	  0.001
9	  0.960	 25.161	  1.004	  1.286	  0.001
10	  0.960	 27.725	  1.004	  1.286	  0.001
11	  0.960	 30.289	  1.004	  1.286	  0.001
12	  0.960	 32.853	  1.004	  1.286	  0.001
13	  0.960	 35.418	  1.004	  1.286	  0.001
14	  0.960	 37.982	  1.004	  1.286	  0.001
15	  0.960	 40.546	  1.004	  1.286	  0.001
16	  0.960	 43.110	  1.004	  1.286	  0.001
17	  0.960	 45.674	  1.004	  1.286	  0.001
18	  0.960	 48.238	  1.004	  1.286	  0.001
19	  0.960	 50.802	  1.004	  1.286	  0.001
20	  0.960	 53.366	  1.004	  1.286	  0.001
21	  0.960	 55.930	  1.004	  1.286	  0.001
22	  0.960	 58.494	  1.004	  1.286	  0.001
23	  0.960	 61.059	  1.004	  1.286	  0.001
24	  0.960	 63.623	  1.004	  1.286	  0.001
25	  0.960	 66.187	  1.004	  1.286	  0.001
26	  0.960	 68.751	  1.004	  1.286	  0.001
27	  0.960	 71.315	  1.004	  1.286	  0.001
28	  0.960	 73.879	  1.004	  1.286	  0.001
29	  0.960	 76.443	  1.004	  1.286	  0.001
30	  0.960	 79.007	  1.004	  1.286	  0.001
31	  0.960	 81.571	  1.004	  1.286	  0.001
32	  0.960	 84.135	  1.004	  1.286	  0.001
33	  0.960	 86.700	  1.004	  1.286	  0.001
34	  0.960	 89.264	  1.004	  1.286	  0.001
35	  0.960	 91.828	  1.004	  1.286	  0.001
36	  0.960	 94.392	  1.004	  1.286	  0.001
37	  0.960	 96.956	  1.004	  1.286	  0.001
38	  0.960	 99.520	  1.004	  1.286	  0.001
0	  1.080	  2.241	  1.004	  1.332	  0.001
1	  1.080	  4.805	  1.004	  1.332	  0.001
2	  1.080	  7.369	  1.004	  1.332	  0.001
3	  1.080	  9.933	  1.004	  1.332	  0.001
4	  1.080	 12.498	  1.004	  1.332	  0.001
5	  1.080	 15.062	  1.004	  1.332	  0.001
6	  1.080	 17.626	  1.004	  1.332	  0.001
7	  1.080	 20.190	  1.004	  1.332	  0.001
8	  1.080	 22.754	  1.004	  1.332	  0.001
9	  1.080	 25.318	  1.004	  1.332	  0.001
10	  1.080	 27.882	  1.004	  1.332	  0.001
11	  1.080	 30.446	  1.004	  1.332	  0.001
12	  1.080	 33.010	  1.004	  1.332	  0.001
13	  1.080	 35.574	  1.004	  1.332	  0.001
14	  1.080	 38.139	  1.004	  1.332	  0.001
15	  1.080	 40.703	  1.004	  1.332	  0.001
16	  1.080	 43.267	  1.004	  1.332	  0.001
17	  1.080	 45.831	  1.004	  1.332	  0.001
18	  1.080	 48.395	  1.004	  1.332	  0.001
19	  1.080	 50.959	  1.004	  1.332	  0.001
20	  1.080	 53.523	  1.004	  1.332	  0.001
21	  1.080	 56.087	  1.004	  1.332	  0.001
22	  1.080	 58.651	  1.004	  1.332	  0.001
23	  1.080	 61.215	  1.004	  1.332	  0.001
24	  1.080	 63.780	  1.004	  1.332	  0.001
25	  1.080	 66.344	  1.004	  1.332	  0.001
26	  1.080	 68.908	  1.004	  1.332	  0.001
27	  1.080	 71.472	  1.004	  1.332	  0.001
28	  1.080	 74.036	  1.004	  1.332	  0.001
29	  1.080	 76.600	  1.004	  1.332	  0.001
30	  1.080	 79.164	  1.004	  1.332	  0.001
31	  1.080	 81.728	  1.004	  1.332	  0.001
32	  1.080	 84.292	  1.004	  1.332	  0.001
33	  1.080	 86.856	  1.004	  1.332	  0.001
34	  1.080	 89.421	  1.004	  1.332	  0.001
35	  1.080	 91.985	  1.004	  1.332	  0.001
36	  1.080	 94.549	  1.004	  1.332	  0.001
37	  1.080	 97.113	  1.004	  1.332	  0.001
38	  1.080	 99.677	  1.004	  1.332	  0.001
0	  1.200	  2.403	  1.005	  1.368	  0.001
1	  1.200	  4.967	  1.005	  1.368	  0.001
2	  1.200	  7.531	  1.005	  1.368	  0.001
3	  1.200	 10.095	  1.005	  1.368	  0.001
4	  1.200	 12.659	  1.005	  1.368	  0.001
5	  1.200	 15.224	  1.005	  1.368	  0.001
6	  1.200	 17.788	  1.005	  1.368	  0.001
7	  1.200	 20.352	  1.005	  1.368	  0.001
8	  1.200	 22.916	  1.005	  1.368	  0.001
9	  1.200	 25.480	  1.005	  1.368	  0.001
10	  1.200	 28.044	  1.005	  1.368	  0.001
11	  1.200	 30.608	  1.005	  1.368	  0.001
12	  1.200	 33.172	  1.005	  1.368	  0.001
13	  1.200	 35.736	  1.005	  1.368	  0.001
14	  1.200	 38.300	  1.005	  1.368	  0.001
15	  1.200	 40.865	  1.005	  1.368	  0.001
16	  1.200	 43.429	  1.005	  1.368	  0.001
17	  1.200	 45.993	  1.005	  1.368	  0.001
18	  1.200	 48.557	  1.005	  1.368	  0.001
19	  1.200	 51.121	  1.005	  1.368	  0.001
20	  1.200	 53.685	  1.005	  1.368	  0.001
21	  1.200	 56.249	  1.005	  1.368	  0.001
22	  1.200	 58.813	  1.005	  1.368	  0.001
23	  1.200	 61.377	  1.005	  1.368	  0.001
24	  1.200	 63.941	  1.005	  1.368	  0.001
25	  1.200	 66.506	  1.005	  1.368	  0.001
26	  1.200	 69.070	  1.005	  1.368	  0.001
27	  1.200	 71.634	  1.005	  1.368	  0.001
28	  1.200	 74.198	  1.005	  1.368	  0.001
29	  1.200	 76.762	  1.005	  1.368	  0.001
30	  1.200	 79.326	  1.005	  1.368	  0.001
31	  1.200	 81.890	  1.005	  1.368	  0.001
32	  1.200	 84.454	  1.005	  1.368	  0.001
33	  1.200	 87.018	  1.005	  1.368	  0.001
34	  1.200	 89.582	  1.005	  1.368	  0.001
35	  1.200	 92.147	  1.005	  1.368	  0.001
36	  1.200	 94.711	  1.005	  1.368	  0.001
37	  1.200	 97.275	  1.005	  1.368	  0.001
38	  1.200	 99.839	  1.005	  1.368	  0.001
0	  1.320	  2.569	  1.005	  1.396	  0.001
1	  1.320	  5.133	  1.005	  1.396	  0.001
2	  1.320	  7.697	  1.005	  1.396	  0.001
3	  1.320	 10.261	  1.005	  1.396	  0.001
4	  1.320	 12.825	  1.005	  1.396	  0.001
5	  1.320	 15.389	  1.005	  1.396	  0.001
6	  1.320	 17.953	  1.005	  1.396	  0.001
7	  1.320	 20.518	  1.005	  1.396	  0.001
8	  1.320	 23.082	  1.005	  1.396	  0.001
9	  1.320	 25.646	  1.005	  1.396	  0.001
10	  1.320	 28.210	  1.005	  1.396	  0.001
11	  1.320	 30.774	  1.005	  1.396	  0.001
12	  1.320	 33.338	  1.005	  1.396	  0.001
13	  1.320	 35.902	  1.005	  1.396	  0.001
14	  1.320	 38.466	  1.005	  1.396	  0.001
15	  1.320	 41.030	  1.005	  1.396	  0.001
16	  1.320	 43.594	  1.005	  1.396	  0.001
17	  1.320	 46.159	  1.005	  1.396	  0.001
18	  1.320	 48.723	  1.005	  1.396	  0.001
19	  1.320	 51.287	  1.005	  1.396	  0.001
20	  1.320	 53.851	  1.005	  1.396	  0.001
21	  1.320	 56.415	  1.005	  1.396	  0.001
22	  1.320	 58.979	  1.005	  1.396	  0.001
23	  1.320	 61.543	  1.005	  1.396	  0.001
24	  1.320	 64.107	  1.005	  1.396	  0.001
25	  1.320	 66.671	  1.005	  1.396	  0.001
26	  1.320	 69.235	  1.005	  1.396	  0.001
27	  1.320	 71.800	  1.005	  1.396	  0.001
28	  1.320	 74.364	  1.005	  1.396	  0.001
29	  1.320	 76.928	  1.005	  1.396	  0.001
30	  1.320	 79.492	  1.005	  1.396	  0.001
31	  1.320	 82.056	  1.005	  1.396	  0.001
32	  1.320	 84.620	  1.005	  1.396	  0.001
33	  1.320	 87.184	  1.005	  1.396	  0.001
34	  1.320	 89.748	  1.005	  1.396	  0.001
35	  1.320	 92.312	  1.005	  1.396	  0.001
36	  1.320	 94.877	  1.005	  1.396	  0.001
37	  1.320	 97.441	  1.005	  1.396	  0.001
38	  1.320	100.005	  1.005	  1.396	  0.001
0	  1.440	  2.738	  1.005	  1.419	  0.001
1	  1.440	  5.302	  1.005	  1.419	  0.001
2	  1.440	  7.866	  1.005	  1.419	  0.001
3	  1.440	 10.430	  1.005	  1.419	  0.001
4	  1.440	 12.994	  1.005	  1.419	  0.001
5	  1.440	 15.558	  1.005	  1.419	  0.001
6	  1.440	 18.122	  1.005	  1.419	  0.001
7	  1.440	 20.686	  1.005	  1.419	  0.001
8	  1.440	 23.250	  1.005	  1.419	  0.001
9	  1.440	 25.815	  1.005	  1.419	  0.001
10	  1.440	 28.379	  1.005	  1.419	  0.001
11	  1.440	 30.943	  1.005	  1.419	  0.001
12	  1.440	 33.507	  1.005	  1.419	  0.001
13	  1.440	 36.071	  1.005	  1.419	  0.001
14	  1.440	 38.635	  1.005	  1.419	  0.001
15	  1.440	 41.199	  1.005	  1.419	  0.001
16	  1.440	 43.763	  1.005	  1.419	  0.001
17	  1.440	 46.327	  1.005	  1.419	  0.001
18	  1.440	 48.892	  1.005	  1.419	  0.001
19	  1.440	 51.456	  1.005	  1.419	  0.001
20	  1.440	 54.020	  1.005	  1.419	  0.001
21	  1.440	 56.584	  1.005	  1.419	  0.001
22	  1.440	 59.148	  1.005	  1.419	  0.001
23	  1.440	 61.712	  1.005	  1.419	  0.001
24	  1.440	 64.276	  1.005	  1.419	  0.001
25	  1.440	 66.840	  1.005	  1.419	  0.001
26	  1.440	 69.404	  1.005	  1.419	  0.001
27	  1.440	 71.968	  1.005	  1.419	  0.001
28	  1.440	 74.533	  1.005	  1.419	  0.001
29	  1.440	 77.097	  1.005	  1.419	  0.001
30	  1.440	 79.661	  1.005	  1.419	  0.001
31	  1.440	 82.225	  1.005	  1.419	  0.001
32	  1.440	 84.789	  1.005	  1.419	  0.001
33	  1.440	 87.353	  1.005	  1.419	  0.001
34	  1.440	 89.917	  1.005	  1.419	  0.001
35	  1.440	 92.481	  1.005	  1.419	  0.001
36	  1.440	 95.045	  1.005	  1.419	  0.001
37	  1.440	 97.609	  1.005	  1.419	  0.001
38	  1.440	100.174	  1.005	  1.419	  0.001
0	  1.560	  2.909	  1.005	  1.436	  0.000
1	  1.560	  5.473	  1.005	  1.436	  0.000
2	  1.560	  8.037	  1.005	  1.436	  0.000
3	  1.560	 10.601	  1.005	  1.436	  0.000
4	  1.560	 13.165	  1.005	  1.436	  0.000
5	  1.560	 15.729	  1.005	  1.436	  0.000
6	  1.560	 18.294	  1.005	  1.436	  0.000
7	  1.560	 20.858	  1.005	  1.436	  0.000
8	  1.560	 23.422	  1.005	  1.436	  0.000
9	  1.560	 25.986	  1.005	  1.436	  0.000
10	  1.560	 28.550	  1.005	  1.436	  0.000
11	  1.560	 31.114	  1.005	  1.436	  0.000
12	  1.560	 33.678	  1.005	  1.436	  0.000
13	  1.560	 36.242	  1.005	  1.436	  0.000
14	  1.560	 38.806	  1.005	  1.436	  0.000
15	  1.560	 41.370	  1.005	  1.436	  0.000
16	  1.560	 43.935	  1.005	  1.436	  0.000
17	  1.560	 46.499	  1.005	  1.436	  0.000
18	  1.560	 49.063	  1.005	  1.436	  0.000
19	  1.560	 51.627	  1.005	  1.436	  0.000
20	  1.560	 54.191	  1.005	  1.436	  0.000
21	  1.560	 56.755	  1.005	  1.436	  0.000
22	  1.560	 59.319	  1.005	  1.436	  0.000
23	  1.560	 61.883	  1.005	  1.436	  0.000
24	  1.560	 64.447	  1.005	  1.436	  0.000
25	  1.560	 67.011	  1.005	  1.436	  0.000
26	  1.560	 69.576	  1.005	  1.436	  0.000
27	  1.560	 72.140	  1.005	  1.436	  0.000
28	  1.560	 74.704	  1.005	  1.436	  0.000
29	  1.560	 77.268	  1.005	  1.436	  0.000
30	  1.560	 79.832	  1.005	  1.436	  0.000
31	  1.560	 82.396	  1.005	  1.436	  0.000
32	  1.560	 84.960	  1.005	  1.436	  0.000
33	  1.560	 87.524	  1.005	  1.436	  0.000
34	  1.560	 90.088	  1.005	  1.436	  0.000
35	  1.560	 92.653	  1.005	  1.436	  0.000
36	  1.560	 95.217	  1.005	  1.436	  0.000
37	  1.560	 97.781	  1.005	  1.436	  0.000
38	  1.560	100.345	  1.005	  1.436	  0.000
0	  1.680	  3.082	  1.005	  1.450	  0.000
1	  1.680	  5.646	  1.005	  1.450	  0.000
2	  1.680	  8.210	  1.005	  1.450	  0.000
3	  1.680	 10.774	  1.005	  1.450	  0.000
4	  1.680	 13.338	  1.005	  1.450	  0.000
5	  1.680	 15.903	  1.005	  1.450	  0.000
6	  1.680	 18.467	  1.005	  1.450	  0.000
7	  1.680	 21.031	  1.005	  1.450	  0.000
8	  1.680	 23.595	  1.005	  1.450	  0.000
9	  1.680	 26.159	  1.005	  1.450	  0.000
10	  1.680	 28.723	  1.005	  1.450	  0.000
11	  1.680	 31.287	  1.005	  1.450	  0.000
12	  1.680	 33.851	  1.005	  1.450	  0.000
13	  1.680	 36.415	  1.005	  1.450	  0.000
14	  1.680	 38.979	  1.005	  1.450	  0.000
15	  1.680	 41.544	  1.005	  1.450	  0.000
16	  1.680	 44.108	  1.005	  1.450	  0.000
17	  1.680	 46.672	  1.005	  1.450	  0.000
18	  1.680	 49.236	  1.005	  1.450	  0.000
19	  1.680	 51.800	  1.005	  1.450	  0.000
20	  1.680	 54.364	  1.005	  1.450	  0.000
21	  1.680	 56.928	  1.005	  1.450	  0.000
22	  1.680	 59.492	  1.005	  1.450	  0.000
23	  1.680	 62.056	  1.005	  1.450	  0.000
24	  1.680	 64.621	  1.005	  1.450	  0.000
25	  1.680	 67.185	  1.005	  1.450	  0.000
26	  1.680	 69.749	  1.005	  1.450	  0.000
27	  1.680	 72.313	  1.005	  1.450	  0.000
28	  1.680	 74.877	  1.005	  1.450	  0.000
29	  1.680	 77.441	  1.005	  1.450	  0.000
30	  1.680	 80.005	  1.005	  1.450	  0.000
31	  1.680	 82.569	  1.005	  1.450	  0.000
32	  1.680	 85.133	  1.005	  1.450	  0.000
33	  1.680	 87.697	  1.005	  1.450	  0.000
34	  1.680	 90.262	  1.005	  1.450	  0.000
35	  1.680	 92.826	  1.005	  1.450	  0.000
36	  1.680	 95.390	  1.005	  1.450	  0.000
37	  1.680	 97.954	  1.005	  1.450	  0.000
38	  1.680	100.518	  1.005	  1.450	  0.000
0	  1.800	  3.257	  1.005	  1.461	  0.000
1	  1.800	  5.821	  1.005	  1.461	  0.000
2	  1.800	  8.385	  1.005	  1.461	  0.000
3	  1.800	 10.949	  1.005	  1.461	  0.000
4	  1.800	 13.513	  1.005	  1.461	  0.000
5	  1.800	 16.077	  1.005	  1.461	  0.000
6	  1.800	 18.641	  1.005	  1.461	  0.000
7	  1.800	 21.205	  1.005	  1.461	  0.000
8	  1.800	 23.769	  1.005	  1.461	  0.000
9	  1.800	 26.334	  1.005	  1.461	  0.000
10	  1.800	 28.898	  1.005	  1.461	  0.000
11	  1.800	 31.462	  1.005	  1.461	  0.000
12	  1.800	 34.026	  1.005	  1.461	  0.000
13	  1.800	 36.590	  1.005	  1.461	  0.000
14	  1.800	 39.154	  1.005	  1.461	  0.000
15	  1.800	 41.718	  1.005	  1.461	  0.000
16	  1.800	 44.282	  1.005	  1.461	  0.000
17	  1.800	 46.846	  1.005	  1.461	  0.000
18	  1.800	 49.411	  1.005	  1.461	  0.000
19	  1.800	 51.975	  1.005	  1.461	  0.000
20	  1.800	 54.539	  1.005	  1.461	  0.000
21	  1.800	 57.103	  1.005	  1.461	  0.000
22	  1.800	 59.667	  1.005	  1.461	  0.000
23	  1.800	 62.231	  1.005	  1.461	  0.000
24	  1.800	 64.795	  1.005	  1.461	  0.000
25	  1.800	 67.359	  1.005	  1.461	  0.000
26	  1.800	 69.923	  1.005	  1.461	  0.000
27	  1.800	 72.487	  1.005	  1.461	  0.000
28	  1.800	 75.052	  1.005	  1.461	  0.000
29	  1.800	 77.616	  1.005	  1.461	  0.000
30	  1.800	 80.180	  1.005	  1.461	  0.000
31	  1.800	 82.744	  1.005	  1.461	  0.000
32	  1.800	 85.308	  1.005	  1.461	  0.000
33	  1.800	 87.872	  1.005	  1.461	  0.000
34	  1.800	 90.436	  1.005	  1.461	  0.000
35	  1.800	 93.000	  1.005	  1.461	  0.000
36	  1.800	 95.564	  1.005	  1.461	  0.000
37	  1.800	 98.128	  1.005	  1.461	  0.000
38	  1.800	100.693	  1.005	  1.461	  0.000
0	  1.920	  3.432	  1.005	  1.469	  0.000
1	  1.920	  5.997	  1.005	  1.469	  0.000
2	  1.920	  8.561	  1.005	  1.469	  0.000
3	  1.920	 11.125	  1.005	  1.469	  0.000
4	  1.920	 13.689	  1.005	  1.469	  0.000
5	  1.920	 16.253	  1.005	  1.469	  0.000
6	  1.920	 18.817	  1.005	  1.469	  0.000
7	  1.920	 21.381	  1.005	  1.469	  0.000
8	  1.920	 23.945	  1.005	  1.469	  0.000
9	  1.920	 26.509	  1.005	  1.469	  0.000
10	  1.920	 29.073	  1.005	  1.469	  0.000
11	  1.920	 31.638	  1.005	  1.469	  0.000
12	  1.920	 34.202	  1.005	  1.469	  0.000
13	  1.920	 36.766	  1.005	  1.469	  0.000
14	  1.920	 39.330	  1.005	  1.469	  0.000
15	  1.920	 41.894	  1.005	  1.469	  0.000
16	  1.920	 44.458	  1.005	  1.469	  0.000
17	  1.920	 47.022	  1.005	  1.469	  0.000
18	  1.920	 49.586	  1.005	  1.469	  0.000
19	  1.920	 52.150	  1.005	  1.469	  0.000
20	  1.920	 54.715	  1.005	  1.469	  0.000
21	  1.920	 57.279	  1.005	  1.469	  0.000
22	  1.920	 59.843	  1.005	  1.469	  0.000
23	  1.920	 62.407	  1.005	  1.469	  0.000
24	  1.920	 64.971	  1.005	  1.469	  0.000
25	  1.920	 67.535	  1.005	  1.469	  0.000
26	  1.920	 70.099	  1.005	  1.469	  0.000
27	  1.920	 72.663	  1.005	  1.469	  0.000
28	  1.920	 75.227	  1.005	  1.469	  0.000
29	  1.920	 77.791	  1.005	  1.469	  0.000
30	  1.920	 80.356	  1.005	  1.469	  0.000
31	  1.920	 82.920	  1.005	  1.469	  0.000
32	  1.920	 85.484	  1.005	  1.469	  0.000
33	  1.920	 88.048	  1.005	  1.469	  0.000
34	  1.920	 90.612	  1.005	  1.469	  0.000
35	  1.920	 93.176	  1.005	  1.469	  0.000
36	  1.920	 95.740	  1.005	  1.469	  0.000
37	  1.920	 98.304	  1.005	  1.469	  0.000
38	  1.920	100.868	  1.005	  1.469	  0.000
0	  2.040	  3.609	  1.005	  1.476	  0.000
1	  2.040	  6.173	  1.005	  1.476	  0.000
2	  2.040	  8.737	  1.005	  1.476	  0.000
3	  2.040	 11.301	  1.005	  1.476	  0.000
4	  2.040	 13.866	  1.005	  1.476	  0.000
5	  2.040	 16.430	  1.005	  1.476	  0.000
6	  2.040	 18.994	  1.005	  1.476	  0.000
7	  2.040	 21.558	  1.005	  1.476	  0.000
8	  2.040	 24.122	  1.005	  1.476	  0.000
9	  2.040	 26.686	  1.005	  1.476	  0.000
10	  2.040	 29.250	  1.005	  1.476	  0.000
11	  2.040	 31.814	  1.005	  1.476	  0.000
12	  2.040	 34.378	  1.005	  1.476	  0.000
13	  2.040	 36.942	  1.005	  1.476	  0.000
14	  2.040	 39.507	  1.005	  1.476	  0.000
15	  2.040	 42.071	  1.005	  1.476	  0.000
16	  2.040	 44.635	  1.005	  1.476	  0.000
17	  2.040	 47.199	  1.005	  1.476	  0.000
18	  2.040	 49.763	  1.005	  1.476	  0.000
19	  2.040	 52.327	  1.005	  1.476	  0.000
20	  2.040	 54.891	  1.005	  1.476	  0.000
21	  2.040	 57.455	  1.005	  1.476	  0.000
22	  2.040	 60.019	  1.005	  1.476	  0.000
23	  2.040	 62.583	  1.005	  1.476	  0.000
24	  2.040	 65.148	  1.005	  1.476	  0.000
25	  2.040	 67.712	  1.005	  1.476	  0.000
26	  2.040	 70.276	  1.005	  1.476	  0.000
27	  2.040	 72.840	  1.005	  1.476	  0.000
28	  2.040	 75.404	  1.005	  1.476	  0.000
29	  2.040	 77.968	  1.005	  1.476	  0.000
30	  2.040	 80.532	  1.005	  1.476	  0.000
31	  2.040	 83.096	  1.005	  1.476	  0.000
32	  2.040	 85.660	  1.005	  1.476	  0.000
33	  2.040	 88.225	  1.005	  1.476	  0.000
34	  2.040	 90.789	  1.005	  1.476	  0.000
35	  2.040	 93.353	  1.005	  1.476	  0.000
36	  2.040	 95.917	  1.005	  1.476	  0.000
37	  2.040	 98.481	  1.005	  1.476	  0.000
38	  2.040	101.045	  1.005	  1.476	  0.000
0	  2.160	  3.787	  1.005	  1.481	  0.000
1	  2.160	  6.351	  1.005	  1.481	  0.000
2	  2.160	  8.915	  1.005	  1.481	  0.000
3	  2.160	 11.479	  1.005	  1.481	  0.000
4	  2.160	 14.043	  1.005	  1.481	  0.000
5	  2.160	 16.607	  1.005	  1.481	  0.000
6	  2.160	 19.171	  1.005	  1.481	  0.000
7	  2.160	 21.735	  1.005	  1.481	  0.000
8	  2.160	 24.299	  1.005	  1.481	  0.000
9	  2.160	 26.863	  1.005	  1.481	  0.000
10	  2.160	 29.428	  1.005	  1.481	  0.000
11	  2.160	 31.992	  1.005	  1.481	  0.000
12	  2.160	 34.556	  1.005	  1.481	  0.000
13	  2.160	 37.120	  1.005	  1.481	  0.000
14	  2.160	 39.684	  1.005	  1.481	  0.000
15	  2.160	 42.248	  1.005	  1.481	  0.000
16	  2.160	 44.812	  1.005	  1.481	  0.000
17	  2.160	 47.376	  1.005	  1.481	  0.000
18	  2.160	 49.940	  1.005	  1.481	  0.000
19	  2.160	 52.504	  1.005	  1.481	  0.000
20	  2.160	 55.069	  1.005	  1.481	  0.000
21	  2.160	 57.633	  1.005	  1.481	  0.000
22	  2.160	 60.197	  1.005	  1.481	  0.000
23	  2.160	 62.761	  1.005	  1.481	  0.000
24	  2.160	 65.325	  1.005	  1.481	  0.000
25	  2.160	 67.889	  1.005	  1.481	  0.000
26	  2.160	 70.453	  1.005	  1.481	  0.000
27	  2.160	 73.017	  1.005	  1.481	  0.000
28	  2.160	 75.581	  1.005	  1.481	  0.000
29	  2.160	 78.146	  1.005	  1.481	  0.000
30	  2.160	 80.710	  1.005	  1.481	  0.000
31	  2.160	 83.274	  1.005	  1.481	  0.000
32	  2.160	 85.838	  1.005	  1.481	  0.000
33	  2.160	 88.402	  1.005	  1.481	  0.000
34	  2.160	 90.966	  1.005	  1.481	  0.000
35	  2.160	 93.530	  1.005	  1.481	  0.000
36	  2.160	 96.094	  1.005	  1.481	  0.000
37	  2.160	 98.658	  1.005	  1.481	  0.000
38	  2.160	101.222	  1.005	  1.481	  0.000
0	  2.280	  3.964	  1.005	  1.485	  0.000
1	  2.280	  6.529	  1.005	  1.485	  0.000
2	  2.280	  9.093	  1.005	  1.485	  0.000
3	  2.280	 11.657	  1.005	  1.485	  0.000
4	  2.280	 14.221	  1.005	  1.485	  0.000
5	  2.280	 16.785	  1.005	  1.485	  0.000
6	  2.280	 19.349	  1.005	  1.485	  0.000
7	  2.280	 21.913	  1.005	  1.485	  0.000
8	  2.280	 24.477	  1.005	  1.485	  0.000
9	  2.280	 27.041	  1.005	  1.485	  0.000
10	  2.280	 29.606	  1.005	  1.485	  0.000
11	  2.280	 32.170	  1.005	  1.485	  0.000
12	  2.280	 34.734	  1.005	  1.485	  0.000
13	  2.280	 37.298	  1.005	  1.485	  0.000
14	  2.280	 39.862	  1.005	  1.485	  0.000
15	  2.280	 42.426	  1.005	  1.485	  0.000
16	  2.280	 44.990	  1.005	  1.485	  0.000
17	  2.280	 47.554	  1.005	  1.485	  0.000
18	  2.280	 50.118	  1.005	  1.485	  0.000
19	  2.280	 52.682	  1.005	  1.485	  0.000
20	  2.280	 55.247	  1.005	  1.485	  0.000
21	  2.280	 57.811	  1.005	  1.485	  0.000
22	  2.280	 60.375	  1.005	  1.485	  0.000
23	  2.280	 62.939	  1.005	  1.485	  0.000
24	  2.280	 65.503	  1.005	  1.485	  0.000
25	  2.280	 68.067	  1.005	  1.485	  0.000
26	  2.280	 70.631	  1.005	  1.485	  0.000
27	  2.280	 73.195	  1.005	  1.485	  0.000
28	  2.280	 75.759	  1.005	  1.485	  0.000
29	  2.280	 78.323	  1.005	  1.485	  0.000
30	  2.280	 80.888	  1.005	  1.485	  0.000
31	  2.280	 83.452	  1.005	  1.485	  0.000
32	  2.280	 86.016	  1.005	  1.485	  0.000
33	  2.280	 88.580	  1.005	  1.485	  0.000
34	  2.280	 91.144	  1.005	  1.485	  0.000
35	  2.280	 93.708	  1.005	  1.485	  0.000
36	  2.280	 96.272	  1.005	  1.485	  0.000
37	  2.280	 98.836	  1.005	  1.485	  0.000
38	  2.280	101.400	  1.005	  1.485	  0.000
0	  2.400	  4.143	  1.005	  1.488	  0.000
1	  2.400	  6.707	  1.005	  1.488	  0.000
2	  2.400	  9.271	  1.005	  1.488	  0.000
3	  2.400	 11.835	  1.005	  1.488	  0.000
4	  2.400	 14.399	  1.005	  1.488	  0.000
5	  2.400	 16.963	  1.005	  1.488	  0.000
6	  2.400	 19.528	  1.005	  1.488	  0.000
7	  2.400	 22.092	  1.005	  1.488	  0.000
8	  2.400	 24.656	  1.005	  1.488	  0.000
9	  2.400	 27.220	  1.005	  1.488	  0.000
10	  2.400	 29.784	  1.005	  1.488	  0.000
11	  2.400	 32.348	  1.005	  1.488	  0.000
12	  2.400	 34.912	  1.005	  1.488	  0.000
13	  2.400	 37.476	  1.005	  1.488	  0.000
14	  2.400	 40.040	  1.005	  1.488	  0.000
15	  2.400	 42.604	  1.005	  1.488	  0.000
16	  2.400	 45.169	  1.005	  1.488	  0.000
17	  2.400	 47.733	  1.005	  1.488	  0.000
18	  2.400	 50.297	  1.005	  1.488	  0.000
19	  2.400	 52.861	  1.005	  1.488	  0.000
20	  2.400	 55.425	  1.005	  1.488	  0.000
21	  2.400	 57.989	  1.005	  1.488	  0.000
22	  2.400	 60.553	  1.005	  1.488	  0.000
23	  2.400	 63.117	  1.005	  1.488	  0.000
24	  2.400	 65.681	  1.005	  1.488	  0.000
25	  2.400	 68.245	  1.005	  1.488	  0.000
26	  2.400	 70.810	  1.005	  1.488	  0.000
27	  2.400	 73.374	  1.005	  1.488	  0.000
28	  2.400	 75.938	  1.005	  1.488	  0.000
29	  2.400	 78.502	  1.005	  1.488	  0.000
30	  2.400	 81.066	  1.005	  1.488	  0.000
31	  2.400	 83.630	  1.005	  1.488	  0.000
32	  2.400	 86.194	  1.005	  1.488	  0.000
33	  2.400	 88.758	  1.005	  1.488	  0.000
34	  2.400	 91.322	  1.005	  1.488	  0.000
35	  2.400	 93.886	  1.005	  1.488	  0.000
36	  2.400	 96.451	  1.005	  1.488	  0.000
37	  2.400	 99.015	  1.005	  1.488	  0.000
38	  2.400	101.579	  1.005	  1.488	  0.000
0	  2.520	  4.322	  1.005	  1.491	  0.000
1	  2.520	  6.886	  1.005	  1.491	  0.000
2	  2.520	  9.450	  1.005	  1.491	  0.000
3	  2.520	 12.014	  1.005	  1.491	  0.000
4	  2.520	 14.578	  1.005	  1.491	  0.000
5	  2.520	 17.142	  1.005	  1.491	  0.000
6	  2.520	 19.706	  1.005	  1.491	  0.000
7	  2.520	 22.270	  1.005	  1.491	  0.000
8	  2.520	 24.834	  1.005	  1.491	  0.000
9	  2.520	 27.399	  1.005	  1.491	  0.000
10	  2.520	 29.963	  1.005	  1.491	  0.000
11	  2.520	 32.527	  1.005	  1.491	  0.000
12	  2.520	 35.091	  1.005	  1.491	  0.000
13	  2.520	 37.655	  1.005	  1.491	  0.000
14	  2.520	 40.219	  1.005	  1.491	  0.000
15	  2.520	 42.783	  1.005	  1.491	  0.000
16	  2.520	 45.347	  1.005	  1.491	  0.000
17	  2.520	 47.911	  1.005	  1.491	  0.000
18	  2.520	 50.475	  1.005	  1.491	  0.000
19	  2.520	 53.040	  1.005	  1.491	  0.000
20	  2.520	 55.604	  1.005	  1.491	  0.000
21	  2.520	 58.168	  1.005	  1.491	  0.000
22	  2.520	 60.732	  1.005	  1.491	  0.000
23	  2.520	 63.296	  1.005	  1.491	  0.000
24	  2.520	 65.860	  1.005	  1.491	  0.000
25	  2.520	 68.424	  1.005	  1.491	  0.000
26	  2.520	 70.988	  1.005	  1.491	  0.000
27	  2.520	 73.552	  1.005	  1.491	  0.000
28	  2.520	 76.117	  1.005	  1.491	  0.000
29	  2.520	 78.681	  1.005	  1.491	  0.000
30	  2.520	 81.245	  1.005	  1.491	  0.000
31	  2.520	 83.809	  1.005	  1.491	  0.000
32	  2.520	 86.373	  1.005	  1.491	  0.000
33	  2.520	 88.937	  1.005	  1.491	  0.000
34	  2.520	 91.501	  1.005	  1.491	  0.000
35	  2.520	 94.065	  1.005	  1.491	  0.000
36	  2.520	 96.629	  1.005	  1.491	  0.000
37	  2.520	 99.193	  1.005	  1.491	  0.000
38	  2.520	101.758	  1.005	  1.491	  0.000
0	  2.640	  4.501	  1.005	  1.493	  0.000
1	  2.640	  7.065	  1.005	  1.493	  0.000
2	  2.640	  9.629	  1.005	  1.493	  0.000
3	  2.640	 12.193	  1.005	  1.493	  0.000
4	  2.640	 14.757	  1.005	  1.493	  0.000
5	  2.640	 17.321	  1.005	  1.493	  0.000
6	  2.640	 19.885	  1.005	  1.493	  0.000
7	  2.640	 22.449	  1.005	  1.493	  0.000
8	  2.640	 25.013	  1.005	  1.493	  0.000
9	  2.640	 27.578	  1.005	  1.493	  0.000
10	  2.640	 30.142	  1.005	  1.493	  0.000
11	  2.640	 32.706	  1.005	  1.493	  0.000
12	  2.640	 35.270	  1.005	  1.493	  0.000
13	  2.640	 37.834	  1.005	  1.493	  0.000
14	  2.640	 40.398	  1.005	  1.493	  0.000
15	  2.640	 42.962	  1.005	  1.493	  0.000
16	  2.640	 45.526	  1.005	  1.493	  0.000
17	  2.640	 48.090	  1.005	  1.493	  0.000
18	  2.640	 50.654	  1.005	  1.493	  0.000
19	  2.640	 53.219	  1.005	  1.493	  0.000
20	  2.640	 55.783	  1.005	  1.493	  0.000
21	  2.640	 58.347	  1.005	  1.493	  0.000
22	  2.640	 60.911	  1.005	  1.493	  0.000
23	  2.640	 63.475	  1.005	  1.493	  0.000
24	  2.640	 66.039	  1.005	  1.493	  0.000
25	  2.640	 68.603	  1.005	  1.493	  0.000
26	  2.640	 71.167	  1.005	  1.493	  0.000
27	  2.640	 73.731	  1.005	  1.493	  0.000
28	  2.640	 76.296	  1.005	  1.493	  0.000
29	  2.640	 78.860	  1.005	  1.493	  0.000
30	  2.640	 81.424	  1.005	  1.493	  0.000
31	  2.640	 83.988	  1.005	  1.493	  0.000
32	  2.640	 86.552	  1.005	  1.493	  0.000
33	  2.640	 89.116	  1.005	  1.493	  0.000
34	  2.640	 91.680	  1.005	  1.493	  0.000
35	  2.640	 94.244	  1.005	  1.493	  0.000
36	  2.640	 96.808	  1.005	  1.493	  0.000
37	  2.640	 99.372	  1.005	  1.493	  0.000
38	  2.640	101.937	  1.005	  1.493	  0.000
0	  2.760	  4.680	  1.005	  1.494	  0.000
1	  2.760	  7.244	  1.005	  1.494	  0.000
2	  2.760	  9.808	  1.005	  1.494	  0.000
3	  2.760	 12.372	  1.005	  1.494	  0.000
4	  2.760	 14.936	  1.005	  1.494	  0.000
5	  2.760	 17.500	  1.005	  1.494	  0.000
6	  2.760	 20.064	  1.005	  1.494	  0.000
7	  2.760	 22.629	  1.005	  1.494	  0.000
8	  2.760	 25.193	  1.005	  1.494	  0.000
9	  2.760	 27.757	  1.005	  1.494	  0.000
10	  2.760	 30.321	  1.005	  1.494	  0.000
11	  2.760	 32.885	  1.005	  1.494	  0.000
12	  2.760	 35.449	  1.005	  1.494	  0.000
13	  2.760	 38.013	  1.005	  1.494	  0.000
14	  2.760	 40.577	  1.005	  1.494	  0.000
15	  2.760	 43.141	  1.005	  1.494	  0.000
16	  2.760	 45.706	  1.005	  1.494	  0.000
17	  2.760	 48.270	  1.005	  1.494	  0.000
18	  2.760	 50.834	  1.005	  1.494	  0.000
19	  2.760	 53.398	  1.005	  1.494	  0.000
20	  2.760	 55.962	  1.005	  1.494	  0.000
21	  2.760	 58.526	  1.005	  1.494	  0.000
22	  2.760	 61.090	  1.005	  1.494	  0.000
23	  2.760	 63.654	  1.005	  1.494	  0.000
24	  2.760	 66.218	  1.005	  1.494	  0.000
25	  2.760	 68.782	  1.005	  1.494	  0.000
26	  2.760	 71.347	  1.005	  1.494	  0.000
27	  2.760	 73.911	  1.005	  1.494	  0.000
28	  2.760	 76.475	  1.005	  1.494	  0.000
29	  2.760	 79.039	  1.005	  1.494	  0.000
30	  2.760	 81.603	  1.005	  1.494	  0.000
31	  2.760	 84.167	  1.005	  1.494	  0.000
32	  2.760	 86.731	  1.005	  1.494	  0.000
33	  2.760	 89.295	  1.005	  1.494	  0.000
34	  2.760	 91.859	  1.005	  1.494	  0.000
35	  2.760	 94.423	  1.005	  1.494	  0.000
36	  2.760	 96.988	  1.005	  1.494	  0.000
37	  2.760	 99.552	  1.005	  1.494	  0.000
38	  2.760	102.116	  1.005	  1.494	  0.000
0	  2.880	  4.859	  1.005	  1.496	  0.000
1	  2.880	  7.423	  1.005	  1.496	  0.000
2	  2.880	  9.987	  1.005	  1.496	  0.000
3	  2.880	 12.552	  1.005	  1.496	  0.000
4	  2.880	 15.116	  1.005	  1.496	  0.000
5	  2.880	 17.680	  1.005	  1.496	  0.000
6	  2.880	 20.244	  1.005	  1.496	  0.000
7	  2.880	 22.808	  1.005	  1.496	  0.000
8	  2.880	 25.372	  1.005	  1.496	  0.000
9	  2.880	 27.936	  1.005	  1.496	  0.000
10	  2.880	 30.500	  1.005	  1.496	  0.000
11	  2.880	 33.064	  1.005	  1.496	  0.000
12	  2.880	 35.628	  1.005	  1.496	  0.000
13	  2.880	 38.193	  1.005	  1.496	  0.000
14	  2.880	 40.757	  1.005	  1.496	  0.000
15	  2.880	 43.321	  1.005	  1.496	  0.000
16	  2.880	 45.885	  1.005	  1.496	  0.000
17	  2.880	 48.449	  1.005	  1.496	  0.000
18	  2.880	 51.013	  1.005	  1.496	  0.000
19	  2.880	 53.577	  1.005	  1.496	  0.000
20	  2.880	 56.141	  1.005	  1.496	  0.000
21	  2.880	 58.705	  1.005	  1.496	  0.000
22	  2.880	 61.270	  1.005	  1.496	  0.000
23	  2.880	 63.834	  1.005	  1.496	  0.000
24	  2.880	 66.398	  1.005	  1.496	  0.000
25	  2.880	 68.962	  1.005	  1.496	  0.000
26	  2.880	 71.526	  1.005	  1.496	  0.000
27	  2.880	 74.090	  1.005	  1.496	  0.000
28	  2.880	 76.654	  1.005	  1.496	  0.000
29	  2.880	 79.218	  1.005	  1.496	  0.000
30	  2.880	 81.782	  1.005	  1.496	  0.000
31	  2.880	 84.346	  1.005	  1.496	  0.000
32	  2.880	 86.911	  1.005	  1.496	  0.000
33	  2.880	 89.475	  1.005	  1.496	  0.000
34	  2.880	 92.039	  1.005	  1.496	  0.000
35	  2.880	 94.603	  1.005	  1.496	  0.000
36	  2.880	 97.167	  1.005	  1.496	  0.000
37	  2.880	 99.731	  1.005	  1.496	  0.000
38	  2.880	102.295	  1.005	  1.496	  0.000
0	  3.000	  5.039	  1.005	  1.497	  0.000
1	  3.000	  7.603	  1.005	  1.497	  0.000
2	  3.000	 10.167	  1.005	  1.497	  0.000
3	  3.000	 12.731	  1.005	  1.497	  0.000
4	  3.000	 15.295	  1.005	  1.497	  0.000
5	  3.000	 17.859	  1.005	  1.497	  0.000
6	  3.000	 20.423	  1.005	  1.497	  0.000
7	  3.000	 22.988	  1.005	  1.497	  0.000
8	  3.000	 25.552	  1.005	  1.497	  0.000
9	  3.000	 28.116	  1.005	  1.497	  0.000
10	  3.000	 30.680	  1.005	  1.497	  0.000
11	  3.000	 33.244	  1.005	  1.497	  0.000
12	  3.000	 35.808	  1.005	  1.497	  0.000
13	  3.000	 38.372	  1.005	  1.497	  0.000
14	  3.000	 40.936	  1.005	  1.497	  0.000
15	  3.000	 43.500	  1.005	  1.497	  0.000
16	  3.000	 46.064	  1.005	  1.497	  0.000
17	  3.000	 48.629	  1.005	  1.497	  0.000
18	  3.000	 51.193	  1.005	  1.497	  0.000
19	  3.000	 53.757	  1.005	  1.497	  0.000
20	  3.000	 56.321	  1.005	  1.497	  0.000
21	  3.000	 58.885	  1.005	  1.497	  0.000
22	  3.000	 61.449	  1.005	  1.497	  0.000
23	  3.000	 64.013	  1.005	  1.497	  0.000
24	  3.000	 66.577	  1.005	  1.497	  0.000
25	  3.000	 69.141	  1.005	  1.497	  0.000
26	  3.000	 71.705	  1.005	  1.497	  0.000
27	  3.000	 74.270	  1.005	  1.497	  0.000
28	  3.000	 76.834	  1.005	  1.497	  0.000
29	  3.000	 79.398	  1.005	  1.497	  0.000
30	  3.000	 81.962	  1.005	  1.497	  0.000
31	  3.000	 84.526	  1.005	  1.497	  0.000
32	  3.000	 87.090	  1.005	  1.497	  0.000
33	  3.000	 89.654	  1.005	  1.497	  0.000
34	  3.000	 92.218	  1.005	  1.497	  0.000
35	  3.000	 94.782	  1.005	  1.497	  0.000
36	  3.000	 97.346	  1.005	  1.497	  0.000
37	  3.000	 99.911	  1.005	  1.497	  0.000
38	  3.000	102.475	  1.005	  1.497	  0.000
