# id	 time	 x	 y	 vx	 vy
0	  0.000	  0.909	  1.000	  0.010	  0.010
1	  0.000	  2.727	  1.000	  0.010	  0.010
2	  0.000	  4.545	  1.000	  0.010	  0.010
3	  0.000	  6.364	  1.000	  0.010	  0.010
4	  0.000	  8.182	  1.000	  0.010	  0.010
5	  0.000	 10.000	  1.000	  0.010	  0.010
6	  0.000	 11.818	  1.000	  0.010	  0.010
7	  0.000	 13.636	  1.000	  0.010	  0.010
8	  0.000	 15.455	  1.000	  0.010	  0.010
9	  0.000	 17.273	  1.000	  0.010	  0.010
10	  0.000	 19.091	  1.000	  0.010	  0.010
11	  0.000	 20.909	  1.000	  0.010	  0.010
12	  0.000	 22.727	  1.000	  0.010	  0.010
13	  0.000	 24.545	  1.000	  0.010	  0.010
14	  0.000	 26.364	  1.000	  0.010	  0.010
15	  0.000	 28.182	  1.000	  0.010	  0.010
16	  0.000	 30.000	  1.000	  0.010	  0.010
17	  0.000	 31.818	  1.000	  0.010	  0.010
18	  0.000	 33.636	  1.000	  0.010	  0.010
19	  0.000	 35.455	  1.000	  0.010	  0.010
20	  0.000	 37.273	  1.000	  0.010	  0.010
21	  0.000	 39.091	  1.000	  0.010	  0.010
22	  0.000	 40.909	  1.000	  0.010	  0.010
23	  0.000	 42.727	  1.000	  0.010	  0.010
24	  0.000	 44.545	  1.000	  0.010	  0.010
25	  0.000	 46.364	  1.000	  0.010	  0.010
26	  0.000	 48.182	  1.000	  0.010	  0.010
27	  0.000	 50.000	  1.000	  0.010	  0.010
28	  0.000	 51.818	  1.000	  0.010	  0.010
29	  0.000	 53.636	  1.000	  0.010	  0.010
30	  0.000	 55.455	  1.000	  0.010	  0.010
31	  0.000	 57.273	  1.000	  0.010	  0.010
32	  0.000	 59.091	  1.000	  0.010	  0.010
33	  0.000	 60.909	  1.000	  0.010	  0.010
34	  0.000	 62.727	  1.000	  0.010	  0.010
35	  0.000	 64.545	  1.000	  0.010	  0.010
36	  0.000	 66.364	  1.000	  0.010	  0.010
37	  0.000	 68.182	  1.000	  0.010	  0.010
38	  0.000	 70.000	  1.000	  0.010	  0.010
39	  0.000	 71.818	  1.000	  0.010	  0.010
40	  0.000	 73.636	  1.000	  0.010	  0.010
41	  0.000	 75.455	  1.000	  0.010	  0.010
42	  0.000	 77.273	  1.000	  0.010	  0.010
43	  0.000	 79.091	  1.000	  0.010	  0.010
44	  0.000	 80.909	  1.000	  0.010	  0.010
45	  0.000	 82.727	  1.000	  0.010	  0.010
46	  0.000	 84.545	  1.000	  0.010	  0.010
47	  0.000	 86.364	  1.000	  0.010	  0.010
48	  0.000	 88.182	  1.000	  0.010	  0.010
49	  0.000	 90.000	  1.000	  0.010	  0.010
50	  0.000	 91.818	  1.000	  0.010	  0.010
51	  0.000	 93.636	  1.000	  0.010	  0.010
52	  0.000	 95.455	  1.000	  0.010	  0.010
53	  0.000	 97.273	  1.000	  0.010	  0.010
54	  0.000	 99.091	  1.000	  0.010	  0.010
0	  0.120	  0.929	  1.001	  0.330	  0.008
1	  0.120	  2.747	  1.001	  0.330	  0.008
2	  0.120	  4.565	  1.001	  0.330	  0.008
3	  0.120	  6.383	  1.001	  0.330	  0.008
4	  0.120	  8.201	  1.001	  0.330	  0.008
5	  0.120	 10.020	  1.001	  0.330	  0.008
6	  0.120	 11.838	  1.001	  0.330	  0.008
7	  0.120	 13.656	  1.001	  0.330	  0.008
8	  0.120	 15.474	  1.001	  0.330	  0.008
9	  0.120	 17.292	  1.001	  0.330	  0.008
10	  0.120	 19.110	  1.001	  0.330	  0.008
11	  0.120	 20.929	  1.001	  0.330	  0.008
12	  0.120	 22.747	  1.001	  0.330	  0.008
13	  0.120	 24.565	  1.001	  0.330	  0.008
14	  0.120	 26.383	  1.001	  0.330	  0.008
15	  0.120	 28.201	  1.001	  0.330	  0.008
16	  0.120	 30.020	  1.001	  0.330	  0.008
17	  0.120	 31.838	  1.001	  0.330	  0.008
18	  0.120	 33.656	  1.001	  0.330	  0.008
19	  0.120	 35.474	  1.001	  0.330	  0.008
20	  0.120	 37.292	  1.001	  0.330	  0.008
21	  0.120	 39.110	  1.001	  0.330	  0.008
22	  0.120	 40.929	  1.001	  0.330	  0.008
23	  0.120	 42.747	  1.001	  0.330	  0.008
24	  0.120	 44.565	  1.001	  0.330	  0.008
25	  0.120	 46.383	  1.001	  0.330	  0.008
26	  0.120	 48.201	  1.001	  0.330	  0.008
27	  0.120	 50.020	  1.001	  0.330	  0.008
28	  0.120	 51.838	  1.001	  0.330	  0.008
29	  0.120	 53.656	  1.001	  0.330	  0.008
30	  0.120	 55.474	  1.001	  0.330	  0.008
31	  0.120	 57.292	  1.001	  0.330	  0.008
32	  0.120	 59.110	  1.001	  0.330	  0.008
33	  0.120	 60.929	  1.001	  0.330	  0.008
34	  0.120	 62.747	  1.001	  0.330	  0.008
35	  0.120	 64.565	  1.001	  0.330	  0.008
36	  0.120	 66.383	  1.001	  0.330	  0.008
37	  0.120	 68.201	  1.001	  0.330	  0.008
38	  0.120	 70.020	  1.001	  0.330	  0.008
39	  0.120	 71.838	  1.001	  0.330	  0.008
40	  0.120	 73.656	  1.001	  0.330	  0.008
41	  0.120	 75.474	  1.001	  0.330	  0.008
42	  0.120	 77.292	  1.001	  0.330	  0.008
43	  0.120	 79.110	  1.001	  0.330	  0.008
44	  0.120	 80.929	  1.001	  0.330	  0.008
45	  0.120	 82.747	  1.001	  0.330	  0.008
46	  0.120	 84.565	  1.001	  0.330	  0.008
47	  0.120	 86.383	  1.001	  0.330	  0.008
48	  0.120	 88.201	  1.001	  0.330	  0.008
49	  0.120	 90.020	  1.001	  0.330	  0.008
50	  0.120	 91.838	  1.001	  0.330	  0.008
51	  0.120	 93.656	  1.001	  0.330	  0.008
52	  0.120	 95.474	  1.001	  0.330	  0.008
53	  0.120	 97.292	  1.001	  0.330	  0.008
54	  0.120	 99.110	  1.001	  0.330	  0.008
0	  0.240	  0.983	  1.002	  0.580	  0.006
1	  0.240	  2.801	  1.002	  0.580	  0.006
2	  0.240	  4.619	  1.002	  0.580	  0.006
3	  0.240	  6.437	  1.002	  0.580	  0.006
4	  0.240	  8.255	  1.002	  0.580	  0.006
5	  0.240	 10.073	  1.002	  0.580	  0.006
6	  0.240	 11.892	  1.002	  0.580	  0.006
7	  0.240	 13.710	  1.002	  0.580	  0.006
8	  0.240	 15.528	  1.002	  0.580	  0.006
9	  0.240	 17.346	  1.002	  0.580	  0.006
10	  0.240	 19.164	  1.002	  0.580	  0.006
11	  0.240	 20.983	  1.002	  0.580	  0.006
12	  0.240	 22.801	  1.002	  0.580	  0.006
13	  0.240	 24.619	  1.002	  0.580	  0.006
14	  0.240	 26.437	  1.002	  0.580	  0.006
15	  0.240	 28.255	  1.002	  0.580	  0.006
16	  0.240	 30.073	  1.002	  0.580	  0.006
17	  0.240	 31.892	  1.002	  0.580	  0.006
18	  0.240	 33.710	  1.002	  0.580	  0.006
19	  0.240	 35.528	  1.002	  0.580	  0.006
20	  0.240	 37.346	  1.002	  0.580	  0.006
21	  0.240	 39.164	  1.002	  0.580	  0.006
22	  0.240	 40.983	  1.002	  0.580	  0.006
23	  0.240	 42.801	  1.002	  0.580	  0.006
24	  0.240	 44.619	  1.002	  0.580	  0.006
25	  0.240	 46.437	  1.002	  0.580	  0.006
26	  0.240	 48.255	  1.002	  0.580	  0.006
27	  0.240	 50.073	  1.002	  0.580	  0.006
28	  0.240	 51.892	  1.002	  0.580	  0.006
29	  0.240	 53.710	  1.002	  0.580	  0.006
30	  0.240	 55.528	  1.002	  0.580	  0.006
31	  0.240	 57.346	  1.002	  0.580	  0.006
32	  0.240	 59.164	  1.002	  0.580	  0.006
33	  0.240	 60.983	  1.002	  0.580	  0.006
34	  0.240	 62.801	  1.002	  0.580	  0.006
35	  0.240	 64.619	  1.002	  0.580	  0.006
36	  0.240	 66.437	  1.002	  0.580	  0.006
37	  0.240	 68.255	  1.002	  0.580	  0.006
38	  0.240	 70.073	  1.002	  0.580	  0.006
39	  0.240	 71.892	  1.002	  0.580	  0.006
40	  0.240	 73.710	  1.002	  0.580	  0.006
41	  0.240	 75.528	  1.002	  0.580	  0.006
42	  0.240	 77.346	  1.002	  0.580	  0.006
43	  0.240	 79.164	  1.002	  0.580	  0.006
44	  0.240	 80.983	  1.002	  0.580	  0.006
45	  0.240	 82.801	  1.002	  0.580	  0.006
46	  0.240	 84.619	  1.002	  0.580	  0.006
47	  0.240	 86.437	  1.002	  0.580	  0.006
48	  0.240	 88.255	  1.002	  0.580	  0.006
49	  0.240	 90.073	  1.002	  0.580	  0.006
50	  0.240	 91.892	  1.002	  0.580	  0.006
51	  0.240	 93.710	  1.002	  0.580	  0.006
52	  0.240	 95.528	  1.002	  0.580	  0.006
53	  0.240	 97.346	  1.002	  0.580	  0.006
54	  0.240	 99.164	  1.002	  0.580	  0.006
0	  0.360	  1.064	  1.003	  0.777	  0.005
1	  0.360	  2.882	  1.003	  0.777	  0.005
2	  0.360	  4.700	  1.003	  0.777	  0.005
3	  0.360	  6.518	  1.003	  0.777	  0.005
4	  0.360	  8.336	  1.003	  0.777	  0.005
5	  0.360	 10.154	  1.003	  0.777	  0.005
6	  0.360	 11.973	  1.003	  0.777	  0.005
7	  0.360	 13.791	  1.003	  0.777	  0.005
8	  0.360	 15.609	  1.003	  0.777	  0.005
9	  0.360	 17.427	  1.003	  0.777	  0.005
10	  0.360	 19.245	  1.003	  0.777	  0.005
11	  0.360	 21.064	  1.003	  0.777	  0.005
12	  0.360	 22.882	  1.003	  0.777	  0.005
13	  0.360	 24.700	  1.003	  0.777	  0.005
14	  0.360	 26.518	  1.003	  0.777	  0.005
15	  0.360	 28.336	  1.003	  0.777	  0.005
16	  0.360	 30.154	  1.003	  0.777	  0.005
17	  0.360	 31.973	  1.003	  0.777	  0.005
18	  0.360	 33.791	  1.003	  0.777	  0.005
19	  0.360	 35.609	  1.003	  0.777	  0.005
20	  0.360	 37.427	  1.003	  0.777	  0.005
21	  0.360	 39.245	  1.003	  0.777	  0.005
22	  0.360	 41.064	  1.003	  0.777	  0.005
23	  0.360	 42.882	  1.003	  0.777	  0.005
24	  0.360	 44.700	  1.003	  0.777	  0.005
25	  0.360	 46.518	  1.003	  0.777	  0.005
26	  0.360	 48.336	  1.003	  0.777	  0.005
27	  0.360	 50.154	  1.003	  0.777	  0.005
28	  0.360	 51.973	  1.003	  0.777	  0.005
29	  0.360	 53.791	  1.003	  0.777	  0.005
30	  0.360	 55.609	  1.003	  0.777	  0.005
31	  0.360	 57.427	  1.003	  0.777	  0.005
32	  0.360	 59.245	  1.003	  0.777	  0.005
33	  0.360	 61.064	  1.003	  0.777	  0.005
34	  0.360	 62.882	  1.003	  0.777	  0.005
35	  0.360	 64.700	  1.003	  0.777	  0.005
36	  0.360	 66.518	  1.003	  0.777	  0.005
37	  0.360	 68.336	  1.003	  0.777	  0.005
38	  0.360	 70.154	  1.003	  0.777	  0.005
39	  0.360	 71.973	  1.003	  0.777	  0.005
40	  0.360	 73.791	  1.003	  0.777	  0.005
41	  0.360	 75.609	  1.003	  0.777	  0.005
42	  0.360	 77.427	  1.003	  0.777	  0.005
43	  0.360	 79.245	  1.003	  0.777	  0.005
44	  0.360	 81.064	  1.003	  0.777	  0.005
45	  0.360	 82.882	  1.003	  0.777	  0.005
46	  0.360	 84.700	  1.003	  0.777	  0.005
47	  0.360	 86.518	  1.003	  0.777	  0.005
48	  0.360	 88.336	  1.003	  0.777	  0.005
49	  0.360	 90.154	  1.003	  0.777	  0.005
50	  0.360	 91.973	  1.003	  0.777	  0.005
51	  0.360	 93.791	  1.003	  0.777	  0.005
52	  0.360	 95.609	  1.003	  0.777	  0.005
53	  0.360	 97.427	  1.003	  0.777	  0.005
54	  0.360	 99.245	  1.003	  0.777	  0.005
0	  0.480	  1.166	  1.003	  0.932	  0.004
1	  0.480	  2.984	  1.003	  0.932	  0.004
2	  0.480	  4.802	  1.003	  0.932	  0.004
3	  0.480	  6.620	  1.003	  0.932	  0.004
4	  0.480	  8.438	  1.003	  0.932	  0.004
5	  0.480	 10.257	  1.003	  0.932	  0.004
6	  0.480	 12.075	  1.003	  0.932	  0.004
7	  0.480	 13.893	  1.003	  0.932	  0.004
8	  0.480	 15.711	  1.003	  0.932	  0.004
9	  0.480	 17.529	  1.003	  0.932	  0.004
10	  0.480	 19.347	  1.003	  0.932	  0.004
11	  0.480	 21.166	  1.003	  0.932	  0.004
12	  0.480	 22.984	  1.003	  0.932	  0.004
13	  0.480	 24.802	  1.003	  0.932	  0.004
14	  0.480	 26.620	  1.003	  0.932	  0.004
15	  0.480	 28.438	  1.003	  0.932	  0.004
16	  0.480	 30.257	  1.003	  0.932	  0.004
17	  0.480	 32.075	  1.003	  0.932	  0.004
18	  0.480	 33.893	  1.003	  0.932	  0.004
19	  0.480	 35.711	  1.003	  0.932	  0.004
20	  0.480	 37.529	  1.003	  0.932	  0.004
21	  0.480	 39.347	  1.003	  0.932	  0.004
22	  0.480	 41.166	  1.003	  0.932	  0.004
23	  0.480	 42.984	  1.003	  0.932	  0.004
24	  0.480	 44.802	  1.003	  0.932	  0.004
25	  0.480	 46.620	  1.003	  0.932	  0.004
26	  0.480	 48.438	  1.003	  0.932	  0.004
27	  0.480	 50.257	  1.003	  0.932	  0.004
28	  0.480	 52.075	  1.003	  0.932	  0.004
29	  0.480	 53.893	  1.003	  0.932	  0.004
30	  0.480	 55.711	  1.003	  0.932	  0.004
31	  0.480	 57.529	  1.003	  0.932	  0.004
32	  0.480	 59.347	  1.003	  0.932	  0.004
33	  0.480	 61.166	  1.003	  0.932	  0.004
34	  0.480	 62.984	  1.003	  0.932	  0.004
35	  0.480	 64.802	  1.003	  0.932	  0.004
36	  0.480	 66.620	  1.003	  0.932	  0.004
37	  0.480	 68.438	  1.003	  0.932	  0.004
38	  0.480	 70.257	  1.003	  0.932	  0.004
39	  0.480	 72.075	  1.003	  0.932	  0.004
40	  0.480	 73.893	  1.003	  0.932	  0.004
41	  0.480	 75.711	  1.003	  0.932	  0.004
42	  0.480	 77.529	  1.003	  0.932	  0.004
43	  0.480	 79.347	  1.003	  0.932	  0.004
44	  0.480	 81.166	  1.003	  0.932	  0.004
45	  0.480	 82.984	  1.003	  0.932	  0.004
46	  0.480	 84.802	  1.003	  0.932	  0.004
47	  0.480	 86.620	  1.003	  0.932	  0.004
48	  0.480	 88.438	  1.003	  0.932	  0.004
49	  0.480	 90.257	  1.003	  0.932	  0.004
50	  0.480	 92.075	  1.003	  0.932	  0.004
51	  0.480	 93.893	  1.003	  0.932	  0.004
52	  0.480	 95.711	  1.003	  0.932	  0.004
53	  0.480	 97.529	  1.003	  0.932	  0.004
54	  0.480	 99.347	  1.003	  0.932	  0.004
0	  0.600	  1.284	  1.004	  1.053	  0.003
1	  0.600	  3.103	  1.004	  1.053	  0.003
2	  0.600	  4.921	  1.004	  1.053	  0.003
3	  0.600	  6.739	  1.004	  1.053	  0.003
4	  0.600	  8.557	  1.004	  1.053	  0.003
5	  0.600	 10.375	  1.004	  1.053	  0.003
6	  0.600	 12.193	  1.004	  1.053	  0.003
7	  0.600	 14.012	  1.004	  1.053	  0.003
8	  0.600	 15.830	  1.004	  1.053	  0.003
9	  0.600	 17.648	  1.004	  1.053	  0.003
10	  0.600	 19.466	  1.004	  1.053	  0.003
11	  0.600	 21.284	  1.004	  1.053	  0.003
12	  0.600	 23.103	  1.004	  1.053	  0.003
13	  0.600	 24.921	  1.004	  1.053	  0.003
14	  0.600	 26.739	  1.004	  1.053	  0.003
15	  0.600	 28.557	  1.004	  1.053	  0.003
16	  0.600	 30.375	  1.004	  1.053	  0.003
17	  0.600	 32.193	  1.004	  1.053	  0.003
18	  0.600	 34.012	  1.004	  1.053	  0.003
19	  0.600	 35.830	  1.004	  1.053	  0.003
20	  0.600	 37.648	  1.004	  1.053	  0.003
21	  0.600	 39.466	  1.004	  1.053	  0.003
22	  0.600	 41.284	  1.004	  1.053	  0.003
23	  0.600	 43.103	  1.004	  1.053	  0.003
24	  0.600	 44.921	  1.004	  1.053	  0.003
25	  0.600	 46.739	  1.004	  1.053	  0.003
26	  0.600	 48.557	  1.004	  1.053	  0.003
27	  0.600	 50.375	  1.004	  1.053	  0.003
28	  0.600	 52.193	  1.004	  1.053	  0.003
29	  0.600	 54.012	  1.004	  1.053	  0.003
30	  0.600	 55.830	  1.004	  1.053	  0.003
31	  0.600	 57.648	  1.004	  1.053	  0.003
32	  0.600	 59.466	  1.004	  1.053	  0.003
33	  0.600	 61.284	  1.004	  1.053	  0.003
34	  0.600	 63.103	  1.004	  1.053	  0.003
35	  0.600	 64.921	  1.004	  1.053	  0.003
36	  0.600	 66.739	  1.004	  1.053	  0.003
37	  0.600	 68.557	  1.004	  1.053	  0.003
38	  0.600	 70.375	  1.004	  1.053	  0.003
39	  0.600	 72.193	  1.004	  1.053	  0.003
40	  0.600	 74.012	  1.004	  1.053	  0.003
41	  0.600	 75.830	  1.004	  1.053	  0.003
42	  0.600	 77.648	  1.004	  1.053	  0.003
43	  0.600	 79.466	  1.004	  1.053	  0.003
44	  0.600	 81.284	  1.004	  1.053	  0.003
45	  0.600	 83.103	  1.004	  1.053	  0.003
46	  0.600	 84.921	  1.004	  1.053	  0.003
47	  0.600	 86.739	  1.004	  1.053	  0.003
48	  0.600	 88.557	  1.004	  1.053	  0.003
49	  0.600	 90.375	  1.004	  1.053	  0.003
50	  0.600	 92.193	  1.004	  1.053	  0.003
51	  0.600	 94.012	  1.004	  1.053	  0.003
52	  0.600	 95.830	  1.004	  1.053	  0.003
53	  0.600	 97.648	  1.004	  1.053	  0.003
54	  0.600	 99.466	  1.004	  1.053	  0.003
0	  0.720	  1.416	  1.004	  1.148	  0.002
1	  0.720	  3.234	  1.004	  1.148	  0.002
2	  0.720	  5.053	  1.004	  1.148	  0.002
3	  0.720	  6.871	  1.004	  1.148	  0.002
4	  0.720	  8.689	  1.004	  1.148	  0.002
5	  0.720	 10.507	  1.004	  1.148	  0.002
6	  0.720	 12.325	  1.004	  1.148	  0.002
7	  0.720	 14.143	  1.004	  1.148	  0.002
8	  0.720	 15.962	  1.004	  1.148	  0.002
9	  0.720	 17.780	  1.004	  1.148	  0.002
10	  0.720	 19.598	  1.004	  1.148	  0.002
11	  0.720	 21.416	  1.004	  1.148	  0.002
12	  0.720	 23.234	  1.004	  1.148	  0.002
13	  0.720	 25.053	  1.004	  1.148	  0.002
14	  0.720	 26.871	  1.004	  1.148	  0.002
15	  0.720	 28.689	  1.004	  1.148	  0.002
16	  0.720	 30.507	  1.004	  1.148	  0.002
17	  0.720	 32.325	  1.004	  1.148	  0.002
18	  0.720	 34.143	  1.004	  1.148	  0.002
19	  0.720	 35.962	  1.004	  1.148	  0.002
20	  0.720	 37.780	  1.004	  1.148	  0.002
21	  0.720	 39.598	  1.004	  1.148	  0.002
22	  0.720	 41.416	  1.004	  1.148	  0.002
23	  0.720	 43.234	  1.004	  1.148	  0.002
24	  0.720	 45.053	  1.004	  1.148	  0.002
25	  0.720	 46.871	  1.004	  1.148	  0.002
26	  0.720	 48.689	  1.004	  1.148	  0.002
27	  0.720	 50.507	  1.004	  1.148	  0.002
28	  0.720	 52.325	  1.004	  1.148	  0.002
29	  0.720	 54.143	  1.004	  1.148	  0.002
30	  0.720	 55.962	  1.004	  1.148	  0.002
31	  0.720	 57.780	  1.004	  1.148	  0.002
32	  0.720	 59.598	  1.004	  1.148	  0.002
33	  0.720	 61.416	  1.004	  1.148	  0.002
34	  0.720	 63.234	  1.004	  1.148	  0.002
35	  0.720	 65.053	  1.004	  1.148	  0.002
36	  0.720	 66.871	  1.004	  1.148	  0.002
37	  0.720	 68.689	  1.004	  1.148	  0.002
38	  0.720	 70.507	  1.004	  1.148	  0.002
39	  0.720	 72.325	  1.004	  1.148	  0.002
40	  0.720	 74.143	  1.004	  1.148	  0.002
41	  0.720	 75.962	  1.004	  1.148	  0.002
42	  0.720	 77.780	  1.004	  1.148	  0.002
43	  0.720	 79.598	  1.004	  1.148	  0.002
44	  0.720	 81.416	  1.004	  1.148	  0.002
45	  0.720	 83.234	  1.004	  1.148	  0.002
46	  0.720	 85.053	  1.004	  1.148	  0.002
47	  0.720	 86.871	  1.004	  1.148	  0.002
48	  0.720	 88.689	  1.004	  1.148	  0.002
49	  0.720	 90.507	  1.004	  1.148	  0.002
50	  0.720	 92.325	  1.004	  1.148	  0.002
51	  0.720	 94.143	  1.004	  1.148	  0.002
52	  0.720	 95.962	  1.004	  1.148	  0.002
53	  0.720	 97.780	  1.004	  1.148	  0.002
54	  0.720	 99.598	  1.004	  1.148	  0.002
0	  0.840	  1.558	  1.004	  1.222	  0.002
1	  0.840	  3.376	  1.004	  1.222	  0.002
2	  0.840	  5.195	  1.004	  1.222	  0.002
3	  0.840	  7.013	  1.004	  1.222	  0.002
4	  0.840	  8.831	  1.004	  1.222	  0.002
5	  0.840	 10.649	  1.004	  1.222	  0.002
6	  0.840	 12.467	  1.004	  1.222	  0.002
7	  0.840	 14.285	  1.004	  1.222	  0.002
8	  0.840	 16.104	  1.004	  1.222	  0.002
9	  0.840	 17.922	  1.004	  1.222	  0.002
10	  0.840	 19.740	  1.004	  1.222	  0.002
11	  0.840	 21.558	  1.004	  1.222	  0.002
12	  0.840	 23.376	  1.004	  1.222	  0.002
13	  0.840	 25.195	  1.004	  1.222	  0.002
14	  0.840	 27.013	  1.004	  1.222	  0.002
15	  0.840	 28.831	  1.004	  1.222	  0.002
16	  0.840	 30.649	  1.004	  1.222	  0.002
17	  0.840	 32.467	  1.004	  1.222	  0.002
18	  0.840	 34.285	  1.004	  1.222	  0.002
19	  0.840	 36.104	  1.004	  1.222	  0.002
20	  0.840	 37.922	  1.004	  1.222	  0.002
21	  0.840	 39.740	  1.004	  1.222	  0.002
22	  0.840	 41.558	  1.004	  1.222	  0.002
23	  0.840	 43.376	  1.004	  1.222	  0.002
24	  0.840	 45.195	  1.004	  1.222	  0.002
25	  0.840	 47.013	  1.004	  1.222	  0.002
26	  0.840	 48.831	  1.004	  1.222	  0.002
27	  0.840	 50.649	  1.004	  1.222	  0.002
28	  0.840	 52.467	  1.004	  1.222	  0.002
29	  0.840	 54.285	  1.004	  1.222	  0.002
30	  0.840	 56.104	  1.004	  1.222	  0.002
31	  0.840	 57.922	  1.004	  1.222	  0.002
32	  0.840	 59.740	  1.004	  1.222	  0.002
33	  0.840	 61.558	  1.004	  1.222	  0.002
34	  0.840	 63.376	  1.004	  1.222	  0.002
35	  0.840	 65.195	  1.004	  1.222	  0.002
36	  0.840	 67.013	  1.004	  1.222	  0.002
37	  0.840	 68.831	  1.004	  1.222	  0.002
38	  0.840	 70.649	  1.004	  1.222	  0.002
39	  0.840	 72.467	  1.004	  1.222	  0.002
40	  0.840	 74.285	  1.004	  1.222	  0.002
41	  0.840	 76.104	  1.004	  1.222	  0.002
42	  0.840	 77.922	  1.004	  1.222	  0.002
43	  0.840	 79.740	  1.004	  1.222	  0.002
44	  0.840	 81.558	  1.004	  1.222	  0.002
45	  0.840	 83.376	  1.004	  1.222	  0.002
46	  0.840	 85.195	  1.004	  1.222	  0.002
47	  0.840	 87.013	  1.004	  1.222	  0.002
48	  0.840	 88.831	  1.004	  1.222	  0.002
49	  0.840	 90.649	  1.004	  1.222	  0.002
50	  0.840	 92.467	  1.004	  1.222	  0.002
51	  0.840	 94.285	  1.004	  1.222	  0.002
52	  0.840	 96.104	  1.004	  1.222	  0.002
53	  0.840	 97.922	  1.004	  1.222	  0.002
54	  0.840	 99.740	  1.004	  1.222	  0.002
0	  0.960	  1.708	  1.004	  1.281	  0.001
1	  0.960	  3.526	  1.004	  1.281	  0.001
2	  0.960	  5.345	  1.004	  1.281	  0.001
3	  0.960	  7.163	  1.004	  1.281	  0.001
4	  0.960	  8.981	  1.004	  1.281	  0.001
5	  0.960	 10.799	  1.004	  1.281	  0.001
6	  0.960	 12.617	  1.004	  1.281	  0.001
7	  0.960	 14.436	  1.004	  1.281	  0.001
8	  0.960	 16.254	  1.004	  1.281	  0.001
9	  0.960	 18.072	  1.004	  1.281	  0.001
10	  0.960	 19.890	  1.004	  1.281	  0.001
11	  0.960	 21.708	  1.004	  1.281	  0.001
12	  0.960	 23.526	  1.004	  1.281	  0.001
13	  0.960	 25.345	  1.004	  1.281	  0.001
14	  0.960	 27.163	  1.004	  1.281	  0.001
15	  0.960	 28.981	  1.004	  1.281	  0.001
16	  0.960	 30.799	  1.004	  1.281	  0.001
17	  0.960	 32.617	  1.004	  1.281	  0.001
18	  0.960	 34.436	  1.004	  1.281	  0.001
19	  0.960	 36.254	  1.004	  1.281	  0.001
20	  0.960	 38.072	  1.004	  1.281	  0.001
21	  0.960	 39.890	  1.004	  1.281	  0.001
22	  0.960	 41.708	  1.004	  1.281	  0.001
23	  0.960	 43.526	  1.004	  1.281	  0.001
24	  0.960	 45.345	  1.004	  1.281	  0.001
25	  0.960	 47.163	  1.004	  1.281	  0.001
26	  0.960	 48.981	  1.004	  1.281	  0.001
27	  0.960	 50.799	  1.004	  1.281	  0.001
28	  0.960	 52.617	  1.004	  1.281	  0.001
29	  0.960	 54.436	  1.004	  1.281	  0.001
30	  0.960	 56.254	  1.004	  1.281	  0.001
31	  0.960	 58.072	  1.004	  1.281	  0.001
32	  0.960	 59.890	  1.004	  1.281	  0.001
33	  0.960	 61.708	  1.004	  1.281	  0.001
34	  0.960	 63.526	  1.004	  1.281	  0.001
35	  0.960	 65.345	  1.004	  1.281	  0.001
36	  0.960	 67.163	  1.004	  1.281	  0.001
37	  0.960	 68.981	  1.004	  1.281	  0.001
38	  0.960	 70.799	  1.004	  1.281	  0.001
39	  0.960	 72.617	  1.004	  1.281	  0.001
40	  0.960	 74.436	  1.004	  1.281	  0.001
41	  0.960	 76.254	  1.004	  1.281	  0.001
42	  0.960	 78.072	  1.004	  1.281	  0.001
43	  0.960	 79.890	  1.004	  1.281	  0.001
44	  0.960	 81.708	  1.004	  1.281	  0.001
45	  0.960	 83.526	  1.004	  1.281	  0.001
46	  0.960	 85.345	  1.004	  1.281	  0.001
47	  0.960	 87.163	  1.004	  1.281	  0.001
48	  0.960	 88.981	  1.004	  1.281	  0.001
49	  0.960	 90.799	  1.004	  1.281	  0.001
50	  0.960	 92.617	  1.004	  1.281	  0.001
51	  0.960	 94.436	  1.004	  1.281	  0.001
52	  0.960	 96.254	  1.004	  1.281	  0.001
53	  0.960	 98.072	  1.004	  1.281	  0.001
54	  0.960	 99.890	  1.004	  1.281	  0.001
0	  1.080	  1.865	  1.004	  1.327	  0.001
1	  1.080	  3.683	  1.004	  1.327	  0.001
2	  1.080	  5.501	  1.004	  1.327	  0.001
3	  1.080	  7.319	  1.004	  1.327	  0.001
4	  1.080	  9.137	  1.004	  1.327	  0.001
5	  1.080	 10.956	  1.004	  1.327	  0.001
6	  1.080	 12.774	  1.004	  1.327	  0.001
7	  1.080	 14.592	  1.004	  1.327	  0.001
8	  1.080	 16.410	  1.004	  1.327	  0.001
9	  1.080	 18.228	  1.004	  1.327	  0.001
10	  1.080	 20.046	  1.004	  1.327	  0.001
11	  1.080	 21.865	  1.004	  1.327	  0.001
12	  1.080	 23.683	  1.004	  1.327	  0.001
13	  1.080	 25.501	  1.004	  1.327	  0.001
14	  1.080	 27.319	  1.004	  1.327	  0.001
15	  1.080	 29.137	  1.004	  1.327	  0.001
16	  1.080	 30.956	  1.004	  1.327	  0.001
17	  1.080	 32.774	  1.004	  1.327	  0.001
18	  1.080	 34.592	  1.004	  1.327	  0.001
19	  1.080	 36.410	  1.004	  1.327	  0.001
20	  1.080	 38.228	  1.004	  1.327	  0.001
21	  1.080	 40.046	  1.004	  1.327	  0.001
22	  1.080	 41.865	  1.004	  1.327	  0.001
23	  1.080	 43.683	  1.004	  1.327	  0.001
24	  1.080	 45.501	  1.004	  1.327	  0.001
25	  1.080	 47.319	  1.004	  1.327	  0.001
26	  1.080	 49.137	  1.004	  1.327	  0.001
27	  1.080	 50.956	  1.004	  1.327	  0.001
28	  1.080	 52.774	  1.004	  1.327	  0.001
29	  1.080	 54.592	  1.004	  1.327	  0.001
30	  1.080	 56.410	  1.004	  1.327	  0.001
31	  1.080	 58.228	  1.004	  1.327	  0.001
32	  1.080	 60.046	  1.004	  1.327	  0.001
33	  1.080	 61.865	  1.004	  1.327	  0.001
34	  1.080	 63.683	  1.004	  1.327	  0.001
35	  1.080	 65.501	  1.004	  1.327	  0.001
36	  1.080	 67.319	  1.004	  1.327	  0.001
37	  1.080	 69.137	  1.004	  1.327	  0.001
38	  1.080	 70.956	  1.004	  1.327	  0.001
39	  1.080	 72.774	  1.004	  1.327	  0.001
40	  1.080	 74.592	  1.004	  1.327	  0.001
41	  1.080	 76.410	  1.004	  1.327	  0.001
42	  1.080	 78.228	  1.004	  1.327	  0.001
43	  1.080	 80.046	  1.004	  1.327	  0.001
44	  1.080	 81.865	  1.004	  1.327	  0.001
45	  1.080	 83.683	  1.004	  1.327	  0.001
46	  1.080	 85.501	  1.004	  1.327	  0.001
47	  1.080	 87.319	  1.004	  1.327	  0.001
48	  1.080	 89.137	  1.004	  1.327	  0.001
49	  1.080	 90.956	  1.004	  1.327	  0.001
50	  1.080	 92.774	  1.004	  1.327	  0.001
51	  1.080	 94.592	  1.004	  1.327	  0.001
52	  1.080	 96.410	  1.004	  1.327	  0.001
53	  1.080	 98.228	  1.004	  1.327	  0.001
54	  1.080	100.046	  1.004	  1.327	  0.001
0	  1.200	  2.026	  1.005	  1.363	  0.001
1	  1.200	  3.844	  1.005	  1.363	  0.001
2	  1.200	  5.662	  1.005	  1.363	  0.001
3	  1.200	  7.480	  1.005	  1.363	  0.001
4	  1.200	  9.299	  1.005	  1.363	  0.001
5	  1.200	 11.117	  1.005	  1.363	  0.001
6	  1.200	 12.935	  1.005	  1.363	  0.001
7	  1.200	 14.753	  1.005	  1.363	  0.001
8	  1.200	 16.571	  1.005	  1.363	  0.001
9	  1.200	 18.390	  1.005	  1.363	  0.001
10	  1.200	 20.208	  1.005	  1.363	  0.001
11	  1.200	 22.026	  1.005	  1.363	  0.001
12	  1.200	 23.844	  1.005	  1.363	  0.001
13	  1.200	 25.662	  1.005	  1.363	  0.001
14	  1.200	 27.480	  1.005	  1.363	  0.001
15	  1.200	 29.299	  1.005	  1.363	  0.001
16	  1.200	 31.117	  1.005	  1.363	  0.001
17	  1.200	 32.935	  1.005	  1.363	  0.001
18	  1.200	 34.753	  1.005	  1.363	  0.001
19	  1.200	 36.571	  1.005	  1.363	  0.001
20	  1.200	 38.390	  1.005	  1.363	  0.001
21	  1.200	 40.208	  1.005	  1.363	  0.001
22	  1.200	 42.026	  1.005	  1.363	  0.001
23	  1.200	 43.844	  1.005	  1.363	  0.001
24	  1.200	 45.662	  1.005	  1.363	  0.001
25	  1.200	 47.480	  1.005	  1.363	  0.001
26	  1.200	 49.299	  1.005	  1.363	  0.001
27	  1.200	 51.117	  1.005	  1.363	  0.001
28	  1.200	 52.935	  1.005	  1.363	  0.001
29	  1.200	 54.753	  1.005	  1.363	  0.001
30	  1.200	 56.571	  1.005	  1.363	  0.001
31	  1.200	 58.390	  1.005	  1.363	  0.001
32	  1.200	 60.208	  1.005	  1.363	  0.001
33	  1.200	 62.026	  1.005	  1.363	  0.001
34	  1.200	 63.844	  1.005	  1.363	  0.001
35	  1.200	 65.662	  1.005	  1.363	  0.001
36	  1.200	 67.480	  1.005	  1.363	  0.001
37	  1.200	 69.299	  1.005	  1.363	  0.001
38	  1.200	 71.117	  1.005	  1.363	  0.001
39	  1.200	 72.935	  1.005	  1.363	  0.001
40	  1.200	 74.753	  1.005	  1.363	  0.001
41	  1.200	 76.571	  1.005	  1.363	  0.001
42	  1.200	 78.390	  1.005	  1.363	  0.001
43	  1.200	 80.208	  1.005	  1.363	  0.001
44	  1.200	 82.026	  1.005	  1.363	  0.001
45	  1.200	 83.844	  1.005	  1.363	  0.001
46	  1.200	 85.662	  1.005	  1.363	  0.001
47	  1.200	 87.480	  1.005	  1.363	  0.001
48	  1.200	 89.299	  1.005	  1.363	  0.001
49	  1.200	 91.117	  1.005	  1.363	  0.001
50	  1.200	 92.935	  1.005	  1.363	  0.001
51	  1.200	 94.753	  1.005	  1.363	  0.001
52	  1.200	 96.571	  1.005	  1.363	  0.001
53	  1.200	 98.390	  1.005	  1.363	  0.001
54	  1.200	100.208	  1.005	  1.363	  0.001
0	  1.320	  2.191	  1.005	  1.391	  0.001
1	  1.320	  4.009	  1.005	  1.391	  0.001
2	  1.320	  5.828	  1.005	  1.391	  0.001
3	  1.320	  7.646	  1.005	  1.391	  0.001
4	  1.320	  9.464	  1.005	  1.391	  0.001
5	  1.320	 11.282	  1.005	  1.391	  0.001
6	  1.320	 13.100	  1.005	  1.391	  0.001
7	  1.320	 14.918	  1.005	  1.391	  0.001
8	  1.320	 16.737	  1.005	  1.391	  0.001
9	  1.320	 18.555	  1.005	  1.391	  0.001
10	  1.320	 20.373	  1.005	  1.391	  0.001
11	  1.320	 22.191	  1.005	  1.391	  0.001
12	  1.320	 24.009	  1.005	  1.391	  0.001
13	  1.320	 25.828	  1.005	  1.391	  0.001
14	  1.320	 27.646	  1.005	  1.391	  0.001
15	  1.320	 29.464	  1.005	  1.391	  0.001
16	  1.320	 31.282	  1.005	  1.391	  0.001
17	  1.320	 33.100	  1.005	  1.391	  0.001
18	  1.320	 34.918	  1.005	  1.391	  0.001
19	  1.320	 36.737	  1.005	  1.391	  0.001
20	  1.320	 38.555	  1.005	  1.391	  0.001
21	  1.320	 40.373	  1.005	  1.391	  0.001
22	  1.320	 42.191	  1.005	  1.391	  0.001
23	  1.320	 44.009	  1.005	  1.391	  0.001
24	  1.320	 45.828	  1.005	  1.391	  0.001
25	  1.320	 47.646	  1.005	  1.391	  0.001
26	  1.320	 49.464	  1.005	  1.391	  0.001
27	  1.320	 51.282	  1.005	  1.391	  0.001
28	  1.320	 53.100	  1.005	  1.391	  0.001
29	  1.320	 54.918	  1.005	  1.391	  0.001
30	  1.320	 56.737	  1.005	  1.391	  0.001
31	  1.320	 58.555	  1.005	  1.391	  0.001
32	  1.320	 60.373	  1.005	  1.391	  0.001
33	  1.320	 62.191	  1.005	  1.391	  0.001
34	  1.320	 64.009	  1.005	  1.391	  0.001
35	  1.320	 65.828	  1.005	  1.391	  0.001
36	  1.320	 67.646	  1.005	  1.391	  0.001
37	  1.320	 69.464	  1.005	  1.391	  0.001
38	  1.320	 71.282	  1.005	  1.391	  0.001
39	  1.320	 73.100	  1.005	  1.391	  0.001
40	  1.320	 74.918	  1.005	  1.391	  0.001
41	  1.320	 76.737	  1.005	  1.391	  0.001
42	  1.320	 78.555	  1.005	  1.391	  0.001
43	  1.320	 80.373	  1.005	  1.391	  0.001
44	  1.320	 82.191	  1.005	  1.391	  0.001
45	  1.320	 84.009	  1.005	  1.391	  0.001
46	  1.320	 85.828	  1.005	  1.391	  0.001
47	  1.320	 87.646	  1.005	  1.391	  0.001
48	  1.320	 89.464	  1.005	  1.391	  0.001
49	  1.320	 91.282	  1.005	  1.391	  0.001
50	  1.320	 93.100	  1.005	  1.391	  0.001
51	  1.320	 94.918	  1.005	  1.391	  0.001
52	  1.320	 96.737	  1.005	  1.391	  0.001
53	  1.320	 98.555	  1.005	  1.391	  0.001
54	  1.320	100.373	  1.005	  1.391	  0.001
0	  1.440	  2.359	  1.005	  1.414	  0.001
1	  1.440	  4.178	  1.005	  1.414	  0.001
2	  1.440	  5.996	  1.005	  1.414	  0.001
3	  1.440	  7.814	  1.005	  1.414	  0.001
4	  1.440	  9.632	  1.005	  1.414	  0.001
5	  1.440	 11.450	  1.005	  1.414	  0.001
6	  1.440	 13.268	  1.005	  1.414	  0.001
7	  1.440	 15.087	  1.005	  1.414	  0.001
8	  1.440	 16.905	  1.005	  1.414	  0.001
9	  1.440	 18.723	  1.005	  1.414	  0.001
10	  1.440	 20.541	  1.005	  1.414	  0.001
11	  1.440	 22.359	  1.005	  1.414	  0.001
12	  1.440	 24.178	  1.005	  1.414	  0.001
13	  1.440	 25.996	  1.005	  1.414	  0.001
14	  1.440	 27.814	  1.005	  1.414	  0.001
15	  1.440	 29.632	  1.005	  1.414	  0.001
16	  1.440	 31.450	  1.005	  1.414	  0.001
17	  1.440	 33.268	  1.005	  1.414	  0.001
18	  1.440	 35.087	  1.005	  1.414	  0.001
19	  1.440	 36.905	  1.005	  1.414	  0.001
20	  1.440	 38.723	  1.005	  1.414	  0.001
21	  1.440	 40.541	  1.005	  1.414	  0.001
22	  1.440	 42.359	  1.005	  1.414	  0.001
23	  1.440	 44.178	  1.005	  1.414	  0.001
24	  1.440	 45.996	  1.005	  1.414	  0.001
25	  1.440	 47.814	  1.005	  1.414	  0.001
26	  1.440	 49.632	  1.005	  1.414	  0.001
27	  1.440	 51.450	  1.005	  1.414	  0.001
28	  1.440	 53.268	  1.005	  1.414	  0.001
29	  1.440	 55.087	  1.005	  1.414	  0.001
30	  1.440	 56.905	  1.005	  1.414	  0.001
31	  1.440	 58.723	  1.005	  1.414	  0.001
32	  1.440	 60.541	  1.005	  1.414	  0.001
33	  1.440	 62.359	  1.005	  1.414	  0.001
34	  1.440	 64.178	  1.005	  1.414	  0.001
35	  1.440	 65.996	  1.005	  1.414	  0.001
36	  1.440	 67.814	  1.005	  1.414	  0.001
37	  1.440	 69.632	  1.005	  1.414	  0.001
38	  1.440	 71.450	  1.005	  1.414	  0.001
39	  1.440	 73.268	  1.005	  1.414	  0.001
40	  1.440	 75.087	  1.005	  1.414	  0.001
41	  1.440	 76.905	  1.005	  1.414	  0.001
42	  1.440	 78.723	  1.005	  1.414	  0.001
43	  1.440	 80.541	  1.005	  1.414	  0.001
44	  1.440	 82.359	  1.005	  1.414	  0.001
45	  1.440	 84.178	  1.005	  1.414	  0.001
46	  1.440	 85.996	  1.005	  1.414	  0.001
47	  1.440	 87.814	  1.005	  1.414	  0.001
48	  1.440	 89.632	  1.005	  1.414	  0.001
49	  1.440	 91.450	  1.005	  1.414	  0.001
50	  1.440	 93.268	  1.005	  1.414	  0.001
51	  1.440	 95.087	  1.005	  1.414	  0.001
52	  1.440	 96.905	  1.005	  1.414	  0.001
53	  1.440	 98.723	  1.005	  1.414	  0.001
54	  1.440	100.541	  1.005	  1.414	  0.001
0	  1.560	  2.530	  1.005	  1.431	  0.000
1	  1.560	  4.348	  1.005	  1.431	  0.000
2	  1.560	  6.166	  1.005	  1.431	  0.000
3	  1.560	  7.985	  1.005	  1.431	  0.000
4	  1.560	  9.803	  1.005	  1.431	  0.000
5	  1.560	 11.621	  1.005	  1.431	  0.000
6	  1.560	 13.439	  1.005	  1.431	  0.000
7	  1.560	 15.257	  1.005	  1.431	  0.000
8	  1.560	 17.075	  1.005	  1.431	  0.000
9	  1.560	 18.894	  1.005	  1.431	  0.000
10	  1.560	 20.712	  1.005	  1.431	  0.000
11	  1.560	 22.530	  1.005	  1.431	  0.000
12	  1.560	 24.348	  1.005	  1.431	  0.000
13	  1.560	 26.166	  1.005	  1.431	  0.000
14	  1.560	 27.985	  1.005	  1.431	  0.000
15	  1.560	 29.803	  1.005	  1.431	  0.000
16	  1.560	 31.621	  1.005	  1.431	  0.000
17	  1.560	 33.439	  1.005	  1.431	  0.000
18	  1.560	 35.257	  1.005	  1.431	  0.000
19	  1.560	 37.075	  1.005	  1.431	  0.000
20	  1.560	 38.894	  1.005	  1.431	  0.000
21	  1.560	 40.712	  1.005	  1.431	  0.000
22	  1.560	 42.530	  1.005	  1.431	  0.000
23	  1.560	 44.348	  1.005	  1.431	  0.000
24	  1.560	 46.166	  1.005	  1.431	  0.000
25	  1.560	 47.985	  1.005	  1.431	  0.000
26	  1.560	 49.803	  1.005	  1.431	  0.000
27	  1.560	 51.621	  1.005	  1.431	  0.000
28	  1.560	 53.439	  1.005	  1.431	  0.000
29	  1.560	 55.257	  1.005	  1.431	  0.000
30	  1.560	 57.075	  1.005	  1.431	  0.000
31	  1.560	 58.894	  1.005	  1.431	  0.000
32	  1.560	 60.712	  1.005	  1.431	  0.000
33	  1.560	 62.530	  1.005	  1.431	  0.000
34	  1.560	 64.348	  1.005	  1.431	  0.000
35	  1.560	 66.166	  1.005	  1.431	  0.000
36	  1.560	 67.985	  1.005	  1.431	  0.000
37	  1.560	 69.803	  1.005	  1.431	  0.000
38	  1.560	 71.621	  1.005	  1.431	  0.000
39	  1.560	 73.439	  1.005	  1.431	  0.000
40	  1.560	 75.257	  1.005	  1.431	  0.000
41	  1.560	 77.075	  1.005	  1.431	  0.000
42	  1.560	 78.894	  1.005	  1.431	  0.000
43	  1.560	 80.712	  1.005	  1.431	  0.000
44	  1.560	 82.530	  1.005	  1.431	  0.000
45	  1.560	 84.348	  1.005	  1.431	  0.000
46	  1.560	 86.166	  1.005	  1.431	  0.000
47	  1.560	 87.985	  1.005	  1.431	  0.000
48	  1.560	 89.803	  1.005	  1.431	  0.000
49	  1.560	 91.621	  1.005	  1.431	  0.000
50	  1.560	 93.439	  1.005	  1.431	  0.000
51	  1.560	 95.257	  1.005	  1.431	  0.000
52	  1.560	 97.075	  1.005	  1.431	  0.000
53	  1.560	 98.894	  1.005	  1.431	  0.000
54	  1.560	100.712	  1.005	  1.431	  0.000
0	  1.680	  2.703	  1.005	  1.445	  0.000
1	  1.680	  4.521	  1.005	  1.445	  0.000
2	  1.680	  6.339	  1.005	  1.445	  0.000
3	  1.680	  8.157	  1.005	  1.445	  0.000
4	  1.680	  9.975	  1.005	  1.445	  0.000
5	  1.680	 11.793	  1.005	  1.445	  0.000
6	  1.680	 13.612	  1.005	  1.445	  0.000
7	  1.680	 15.430	  1.005	  1.445	  0.000
8	  1.680	 17.248	  1.005	  1.445	  0.000
9	  1.680	 19.066	  1.005	  1.445	  0.000
10	  1.680	 20.884	  1.005	  1.445	  0.000
11	  1.680	 22.703	  1.005	  1.445	  0.000
12	  1.680	 24.521	  1.005	  1.445	  0.000
13	  1.680	 26.339	  1.005	  1.445	  0.000
14	  1.680	 28.157	  1.005	  1.445	  0.000
15	  1.680	 29.975	  1.005	  1.445	  0.000
16	  1.680	 31.793	  1.005	  1.445	  0.000
17	  1.680	 33.612	  1.005	  1.445	  0.000
18	  1.680	 35.430	  1.005	  1.445	  0.000
19	  1.680	 37.248	  1.005	  1.445	  0.000
20	  1.680	 39.066	  1.005	  1.445	  0.000
21	  1.680	 40.884	  1.005	  1.445	  0.000
22	  1.680	 42.703	  1.005	  1.445	  0.000
23	  1.680	 44.521	  1.005	  1.445	  0.000
24	  1.680	 46.339	  1.005	  1.445	  0.000
25	  1.680	 48.157	  1.005	  1.445	  0.000
26	  1.680	 49.975	  1.005	  1.445	  0.000
27	  1.680	 51.793	  1.005	  1.445	  0.000
28	  1.680	 53.612	  1.005	  1.445	  0.000
29	  1.680	 55.430	  1.005	  1.445	  0.000
30	  1.680	 57.248	  1.005	  1.445	  0.000
31	  1.680	 59.066	  1.005	  1.445	  0.000
32	  1.680	 60.884	  1.005	  1.445	  0.000
33	  1.680	 62.703	  1.005	  1.445	  0.000
34	  1.680	 64.521	  1.005	  1.445	  0.000
35	  1.680	 66.339	  1.005	  1.445	  0.000
36	  1.680	 68.157	  1.005	  1.445	  0.000
37	  1.680	 69.975	  1.005	  1.445	  0.000
38	  1.680	 71.793	  1.005	  1.445	  0.000
39	  1.680	 73.612	  1.005	  1.445	  0.000
40	  1.680	 75.430	  1.005	  1.445	  0.000
41	  1.680	 77.248	  1.005	  1.445	  0.000
42	  1.680	 79.066	  1.005	  1.445	  0.000
43	  1.680	 80.884	  1.005	  1.445	  0.000
44	  1.680	 82.703	  1.005	  1.445	  0.000
45	  1.680	 84.521	  1.005	  1.445	  0.000
46	  1.680	 86.339	  1.005	  1.445	  0.000
47	  1.680	 88.157	  1.005	  1.445	  0.000
48	  1.680	 89.975	  1.005	  1.445	  0.000
49	  1.680	 91.793	  1.005	  1.445	  0.000
50	  1.680	 93.612	  1.005	  1.445	  0.000
51	  1.680	 95.430	  1.005	  1.445	  0.000
52	  1.680	 97.248	  1.005	  1.445	  0.000
53	  1.680	 99.066	  1.005	  1.445	  0.000
54	  1.680	100.884	  1.005	  1.445	  0.000
0	  1.800	  2.876	  1.005	  1.455	  0.000
1	  1.800	  4.695	  1.005	  1.455	  0.000
2	  1.800	  6.513	  1.005	  1.455	  0.000
3	  1.800	  8.331	  1.005	  1.455	  0.000
4	  1.800	 10.149	  1.005	  1.455	  0.000
5	  1.800	 11.967	  1.005	  1.455	  0.000
6	  1.800	 13.786	  1.005	  1.455	  0.000
7	  1.800	 15.604	  1.005	  1.455	  0.000
8	  1.800	 17.422	  1.005	  1.455	  0.000
9	  1.800	 19.240	  1.005	  1.455	  0.000
10	  1.800	 21.058	  1.005	  1.455	  0.000
11	  1.800	 22.876	  1.005	  1.455	  0.000
12	  1.800	 24.695	  1.005	  1.455	  0.000
13	  1.800	 26.513	  1.005	  1.455	  0.000
14	  1.800	 28.331	  1.005	  1.455	  0.000
15	  1.800	 30.149	  1.005	  1.455	  0.000
16	  1.800	 31.967	  1.005	  1.455	  0.000
17	  1.800	 33.786	  1.005	  1.455	  0.000
18	  1.800	 35.604	  1.005	  1.455	  0.000
19	  1.800	 37.422	  1.005	  1.455	  0.000
20	  1.800	 39.240	  1.005	  1.455	  0.000
21	  1.800	 41.058	  1.005	  1.455	  0.000
22	  1.800	 42.876	  1.005	  1.455	  0.000
23	  1.800	 44.695	  1.005	  1.455	  0.000
24	  1.800	 46.513	  1.005	  1.455	  0.000
25	  1.800	 48.331	  1.005	  1.455	  0.000
26	  1.800	 50.149	  1.005	  1.455	  0.000
27	  1.800	 51.967	  1.005	  1.455	  0.000
28	  1.800	 53.786	  1.005	  1.455	  0.000
29	  1.800	 55.604	  1.005	  1.455	  0.000
30	  1.800	 57.422	  1.005	  1.455	  0.000
31	  1.800	 59.240	  1.005	  1.455	  0.000
32	  1.800	 61.058	  1.005	  1.455	  0.000
33	  1.800	 62.876	  1.005	  1.455	  0.000
34	  1.800	 64.695	  1.005	  1.455	  0.000
35	  1.800	 66.513	  1.005	  1.455	  0.000
36	  1.800	 68.331	  1.005	  1.455	  0.000
37	  1.800	 70.149	  1.005	  1.455	  0.000
38	  1.800	 71.967	  1.005	  1.455	  0.000
39	  1.800	 73.786	  1.005	  1.455	  0.000
40	  1.800	 75.604	  1.005	  1.455	  0.000
41	  1.800	 77.422	  1.005	  1.455	  0.000
42	  1.800	 79.240	  1.005	  1.455	  0.000
43	  1.800	 81.058	  1.005	  1.455	  0.000
44	  1.800	 82.876	  1.005	  1.455	  0.000
45	  1.800	 84.695	  1.005	  1.455	  0.000
46	  1.800	 86.513	  1.005	  1.455	  0.000
47	  1.800	 88.331	  1.005	  1.455	  0.000
48	  1.800	 90.149	  1.005	  1.455	  0.000
49	  1.800	 91.967	  1.005	  1.455	  0.000
50	  1.800	 93.786	  1.005	  1.455	  0.000
51	  1.800	 95.604	  1.005	  1.455	  0.000
52	  1.800	 97.422	  1.005	  1.455	  0.000
53	  1.800	 99.240	  1.005	  1.455	  0.000
54	  1.800	101.058	  1.005	  1.455	  0.000
0	  1.920	  3.052	  1.005	  1.464	  0.000
1	  1.920	  4.870	  1.005	  1.464	  0.000
2	  1.920	  6.688	  1.005	  1.464	  0.000
3	  1.920	  8.506	  1.005	  1.464	  0.000
4	  1.920	 10.324	  1.005	  1.464	  0.000
5	  1.920	 12.143	  1.005	  1.464	  0.000
6	  1.920	 13.961	  1.005	  1.464	  0.000
7	  1.920	 15.779	  1.005	  1.464	  0.000
8	  1.920	 17.597	  1.005	  1.464	  0.000
9	  1.920	 19.415	  1.005	  1.464	  0.000
10	  1.920	 21.233	  1.005	  1.464	  0.000
11	  1.920	 23.052	  1.005	  1.464	  0.000
12	  1.920	 24.870	  1.005	  1.464	  0.000
13	  1.920	 26.688	  1.005	  1.464	  0.000
14	  1.920	 28.506	  1.005	  1.464	  0.000
15	  1.920	 30.324	  1.005	  1.464	  0.000
16	  1.920	 32.143	  1.005	  1.464	  0.000
17	  1.920	 33.961	  1.005	  1.464	  0.000
18	  1.920	 35.779	  1.005	  1.464	  0.000
19	  1.920	 37.597	  1.005	  1.464	  0.000
20	  1.920	 39.415	  1.005	  1.464	  0.000
21	  1.920	 41.233	  1.005	  1.464	  0.000
22	  1.920	 43.052	  1.005	  1.464	  0.000
23	  1.920	 44.870	  1.005	  1.464	  0.000
24	  1.920	 46.688	  1.005	  1.464	  0.000
25	  1.920	 48.506	  1.005	  1.464	  0.000
26	  1.920	 50.324	  1.005	  1.464	  0.000
27	  1.920	 52.143	  1.005	  1.464	  0.000
28	  1.920	 53.961	  1.005	  1.464	  0.000
29	  1.920	 55.779	  1.005	  1.464	  0.000
30	  1.920	 57.597	  1.005	  1.464	  0.000
31	  1.920	 59.415	  1.005	  1.464	  0.000
32	  1.920	 61.233	  1.005	  1.464	  0.000
33	  1.920	 63.052	  1.005	  1.464	  0.000
34	  1.920	 64.870	  1.005	  1.464	  0.000
35	  1.920	 66.688	  1.005	  1.464	  0.000
36	  1.920	 68.506	  1.005	  1.464	  0.000
37	  1.920	 70.324	  1.005	  1.464	  0.000
38	  1.920	 72.143	  1.005	  1.464	  0.000
39	  1.920	 73.961	  1.005	  1.464	  0.000
40	  1.920	 75.779	  1.005	  1.464	  0.000
41	  1.920	 77.597	  1.005	  1.464	  0.000
42	  1.920	 79.415	  1.005	  1.464	  0.000
43	  1.920	 81.233	  1.005	  1.464	  0.000
44	  1.920	 83.052	  1.005	  1.464	  0.000
45	  1.920	 84.870	  1.005	  1.464	  0.000
46	  1.920	 86.688	  1.005	  1.464	  0.000
47	  1.920	 88.506	  1.005	  1.464	  0.000
48	  1.920	 90.324	  1.005	  1.464	  0.000
49	  1.920	 92.143	  1.005	  1.464	  0.000
50	  1.920	 93.961	  1.005	  1.464	  0.000
51	  1.920	 95.779	  1.005	  1.464	  0.000
52	  1.920	 97.597	  1.005	  1.464	  0.000
53	  1.920	 99.415	  1.005	  1.464	  0.000
54	  1.920	101.233	  1.005	  1.464	  0.000
0	  2.040	  3.228	  1.005	  1.470	  0.000
1	  2.040	  5.046	  1.005	  1.470	  0.000
2	  2.040	  6.864	  1.005	  1.470	  0.000
3	  2.040	  8.682	  1.005	  1.470	  0.000
4	  2.040	 10.500	  1.005	  1.470	  0.000
5	  2.040	 12.319	  1.005	  1.470	  0.000
6	  2.040	 14.137	  1.005	  1.470	  0.000
7	  2.040	 15.955	  1.005	  1.470	  0.000
8	  2.040	 17.773	  1.005	  1.470	  0.000
9	  2.040	 19.591	  1.005	  1.470	  0.000
10	  2.040	 21.409	  1.005	  1.470	  0.000
11	  2.040	 23.228	  1.005	  1.470	  0.000
12	  2.040	 25.046	  1.005	  1.470	  0.000
13	  2.040	 26.864	  1.005	  1.470	  0.000
14	  2.040	 28.682	  1.005	  1.470	  0.000
15	  2.040	 30.500	  1.005	  1.470	  0.000
16	  2.040	 32.319	  1.005	  1.470	  0.000
17	  2.040	 34.137	  1.005	  1.470	  0.000
18	  2.040	 35.955	  1.005	  1.470	  0.000
19	  2.040	 37.773	  1.005	  1.470	  0.000
20	  2.040	 39.591	  1.005	  1.470	  0.000
21	  2.040	 41.409	  1.005	  1.470	  0.000
22	  2.040	 43.228	  1.005	  1.470	  0.000
23	  2.040	 45.046	  1.005	  1.470	  0.000
24	  2.040	 46.864	  1.005	  1.470	  0.000
25	  2.040	 48.682	  1.005	  1.470	  0.000
26	  2.040	 50.500	  1.005	  1.470	  0.000
27	  2.040	 52.319	  1.005	  1.470	  0.000
28	  2.040	 54.137	  1.005	  1.470	  0.000
29	  2.040	 55.955	  1.005	  1.470	  0.000
30	  2.040	 57.773	  1.005	  1.470	  0.000
31	  2.040	 59.591	  1.005	  1.470	  0.000
32	  2.040	 61.409	  1.005	  1.470	  0.000
33	  2.040	 63.228	  1.005	  1.470	  0.000
34	  2.040	 65.046	  1.005	  1.470	  0.000
35	  2.040	 66.864	  1.005	  1.470	  0.000
36	  2.040	 68.682	  1.005	  1.470	  0.000
37	  2.040	 70.500	  1.005	  1.470	  0.000
38	  2.040	 72.319	  1.005	  1.470	  0.000
39	  2.040	 74.137	  1.005	  1.470	  0.000
40	  2.040	 75.955	  1.005	  1.470	  0.000
41	  2.040	 77.773	  1.005	  1.470	  0.000
42	  2.040	 79.591	  1.005	  1.470	  0.000
43	  2.040	 81.409	  1.005	  1.470	  0.000
44	  2.040	 83.228	  1.005	  1.470	  0.000
45	  2.040	 85.046	  1.005	  1.470	  0.000
46	  2.040	 86.864	  1.005	  1.470	  0.000
47	  2.040	 88.682	  1.005	  1.470	  0.000
48	  2.040	 90.500	  1.005	  1.470	  0.000
49	  2.040	 92.319	  1.005	  1.470	  0.000
50	  2.040	 94.137	  1.005	  1.470	  0.000
51	  2.040	 95.955	  1.005	  1.470	  0.000
52	  2.040	 97.773	  1.005	  1.470	  0.000
53	  2.040	 99.591	  1.005	  1.470	  0.000
54	  2.040	101.409	  1.005	  1.470	  0.000
0	  2.160	  3.404	  1.005	  1.476	  0.000
1	  2.160	  5.223	  1.005	  1.476	  0.000
2	  2.160	  7.041	  1.005	  1.476	  0.000
3	  2.160	  8.859	  1.005	  1.476	  0.000
4	  2.160	 10.677	  1.005	  1.476	  0.000
5	  2.160	 12.495	  1.005	  1.476	  0.000
6	  2.160	 14.313	  1.005	  1.476	  0.000
7	  2.160	 16.132	  1.005	  1.476	  0.000
8	  2.160	 17.950	  1.005	  1.476	  0.000
9	  2.160	 19.768	  1.005	  1.476	  0.000
10	  2.160	 21.586	  1.005	  1.476	  0.000
11	  2.160	 23.404	  1.005	  1.476	  0.000
12	  2.160	 25.223	  1.005	  1.476	  0.000
13	  2.160	 27.041	  1.005	  1.476	  0.000
14	  2.160	 28.859	  1.005	  1.476	  0.000
15	  2.160	 30.677	  1.005	  1.476	  0.000
16	  2.160	 32.495	  1.005	  1.476	  0.000
17	  2.160	 34.313	  1.005	  1.476	  0.000
18	  2.160	 36.132	  1.005	  1.476	  0.000
19	  2.160	 37.950	  1.005	  1.476	  0.000
20	  2.160	 39.768	  1.005	  1.476	  0.000
21	  2.160	 41.586	  1.005	  1.476	  0.000
22	  2.160	 43.404	  1.005	  1.476	  0.000
23	  2.160	 45.223	  1.005	  1.476	  0.000
24	  2.160	 47.041	  1.005	  1.476	  0.000
25	  2.160	 48.859	  1.005	  1.476	  0.000
26	  2.160	 50.677	  1.005	  1.476	  0.000
27	  2.160	 52.495	  1.005	  1.476	  0.000
28	  2.160	 54.313	  1.005	  1.476	  0.000
29	  2.160	 56.132	  1.005	  1.476	  0.000
30	  2.160	 57.950	  1.005	  1.476	  0.000
31	  2.160	 59.768	  1.005	  1.476	  0.000
32	  2.160	 61.586	  1.005	  1.476	  0.000
33	  2.160	 63.404	  1.005	  1.476	  0.000
34	  2.160	 65.223	  1.005	  1.476	  0.000
35	  2.160	 67.041	  1.005	  1.476	  0.000
36	  2.160	 68.859	  1.005	  1.476	  0.000
37	  2.160	 70.677	  1.005	  1.476	  0.000
38	  2.160	 72.495	  1.005	  1.476	  0.000
39	  2.160	 74.313	  1.005	  1.476	  0.000
40	  2.160	 76.132	  1.005	  1.476	  0.000
41	  2.160	 77.950	  1.005	  1.476	  0.000
42	  2.160	 79.768	  1.005	  1.476	  0.000
43	  2.160	 81.586	  1.005	  1.476	  0.000
44	  2.160	 83.404	  1.005	  1.476	  0.000
45	  2.160	 85.223	  1.005	  1.476	  0.000
46	  2.160	 87.041	  1.005	  1.476	  0.000
47	  2.160	 88.859	  1.005	  1.476	  0.000
48	  2.160	 90.677	  1.005	  1.476	  0.000
49	  2.160	 92.495	  1.005	  1.476	  0.000
50	  2.160	 94.313	  1.005	  1.476	  0.000
51	  2.160	 96.132	  1.005	  1.476	  0.000
52	  2.160	 97.950	  1.005	  1.476	  0.000
53	  2.160	 99.768	  1.005	  1.476	  0.000
54	  2.160	101.586	  1.005	  1.476	  0.000
0	  2.280	  3.582	  1.005	  1.480	  0.000
1	  2.280	  5.400	  1.005	  1.480	  0.000
2	  2.280	  7.218	  1.005	  1.480	  0.000
3	  2.280	  9.036	  1.005	  1.480	  0.000
4	  2.280	 10.854	  1.005	  1.480	  0.000
5	  2.280	 12.673	  1.005	  1.480	  0.000
6	  2.280	 14.491	  1.005	  1.480	  0.000
7	  2.280	 16.309	  1.005	  1.480	  0.000
8	  2.280	 18.127	  1.005	  1.480	  0.000
9	  2.280	 19.945	  1.005	  1.480	  0.000
10	  2.280	 21.764	  1.005	  1.480	  0.000
11	  2.280	 23.582	  1.005	  1.480	  0.000
12	  2.280	 25.400	  1.005	  1.480	  0.000
13	  2.280	 27.218	  1.005	  1.480	  0.000
14	  2.280	 29.036	  1.005	  1.480	  0.000
15	  2.280	 30.854	  1.005	  1.480	  0.000
16	  2.280	 32.673	  1.005	  1.480	  0.000
17	  2.280	 34.491	  1.005	  1.480	  0.000
18	  2.280	 36.309	  1.005	  1.480	  0.000
19	  2.280	 38.127	  1.005	  1.480	  0.000
20	  2.280	 39.945	  1.005	  1.480	  0.000
21	  2.280	 41.764	  1.005	  1.480	  0.000
22	  2.280	 43.582	  1.005	  1.480	  0.000
23	  2.280	 45.400	  1.005	  1.480	  0.000
24	  2.280	 47.218	  1.005	  1.480	  0.000
25	  2.280	 49.036	  1.005	  1.480	  0.000
26	  2.280	 50.854	  1.005	  1.480	  0.000
27	  2.280	 52.673	  1.005	  1.480	  0.000
28	  2.280	 54.491	  1.005	  1.480	  0.000
29	  2.280	 56.309	  1.005	  1.480	  0.000
30	  2.280	 58.127	  1.005	  1.480	  0.000
31	  2.280	 59.945	  1.005	  1.480	  0.000
32	  2.280	 61.764	  1.005	  1.480	  0.000
33	  2.280	 63.582	  1.005	  1.480	  0.000
34	  2.280	 65.400	  1.005	  1.480	  0.000
35	  2.280	 67.218	  1.005	  1.480	  0.000
36	  2.280	 69.036	  1.005	  1.480	  0.000
37	  2.280	 70.854	  1.005	  1.480	  0.000
38	  2.280	 72.673	  1.005	  1.480	  0.000
39	  2.280	 74.491	  1.005	  1.480	  0.000
40	  2.280	 76.309	  1.005	  1.480	  0.000
41	  2.280	 78.127	  1.005	  1.480	  0.000
42	  2.280	 79.945	  1.005	  1.480	  0.000
43	  2.280	 81.764	  1.005	  1.480	  0.000
44	  2.280	 83.582	  1.005	  1.480	  0.000
45	  2.280	 85.400	  1.005	  1.480	  0.000
46	  2.280	 87.218	  1.005	  1.480	  0.000
47	  2.280	 89.036	  1.005	  1.480	  0.000
48	  2.280	 90.854	  1.005	  1.480	  0.000
49	  2.280	 92.673	  1.005	  1.480	  0.000
50	  2.280	 94.491	  1.005	  1.480	  0.000
51	  2.280	 96.309	  1.005	  1.480	  0.000
52	  2.280	 98.127	  1.005	  1.480	  0.000
53	  2.280	 99.945	  1.005	  1.480	  0.000
54	  2.280	101.764	  1.005	  1.480	  0.000
0	  2.400	  3.759	  1.005	  1.483	  0.000
1	  2.400	  5.578	  1.005	  1.483	  0.000
2	  2.400	  7.396	  1.005	  1.483	  0.000
3	  2.400	  9.214	  1.005	  1.483	  0.000
4	  2.400	 11.032	  1.005	  1.483	  0.000
5	  2.400	 12.850	  1.005	  1.483	  0.000
6	  2.400	 14.669	  1.005	  1.483	  0.000
7	  2.400	 16.487	  1.005	  1.483	  0.000
8	  2.400	 18.305	  1.005	  1.483	  0.000
9	  2.400	 20.123	  1.005	  1.483	  0.000
10	  2.400	 21.941	  1.005	  1.483	  0.000
11	  2.400	 23.759	  1.005	  1.483	  0.000
12	  2.400	 25.578	  1.005	  1.483	  0.000
13	  2.400	 27.396	  1.005	  1.483	  0.000
14	  2.400	 29.214	  1.005	  1.483	  0.000
15	  2.400	 31.032	  1.005	  1.483	  0.000
16	  2.400	 32.850	  1.005	  1.483	  0.000
17	  2.400	 34.669	  1.005	  1.483	  0.000
18	  2.400	 36.487	  1.005	  1.483	  0.000
19	  2.400	 38.305	  1.005	  1.483	  0.000
20	  2.400	 40.123	  1.005	  1.483	  0.000
21	  2.400	 41.941	  1.005	  1.483	  0.000
22	  2.400	 43.759	  1.005	  1.483	  0.000
23	  2.400	 45.578	  1.005	  1.483	  0.000
24	  2.400	 47.396	  1.005	  1.483	  0.000
25	  2.400	 49.214	  1.005	  1.483	  0.000
26	  2.400	 51.032	  1.005	  1.483	  0.000
27	  2.400	 52.850	  1.005	  1.483	  0.000
28	  2.400	 54.669	  1.005	  1.483	  0.000
29	  2.400	 56.487	  1.005	  1.483	  0.000
30	  2.400	 58.305	  1.005	  1.483	  0.000
31	  2.400	 60.123	  1.005	  1.483	  0.000
32	  2.400	 61.941	  1.005	  1.483	  0.000
33	  2.400	 63.759	  1.005	  1.483	  0.000
34	  2.400	 65.578	  1.005	  1.483	  0.000
35	  2.400	 67.396	  1.005	  1.483	  0.000
36	  2.400	 69.214	  1.005	  1.483	  0.000
37	  2.400	 71.032	  1.005	  1.483	  0.000
38	  2.400	 72.850	  1.005	  1.483	  0.000
39	  2.400	 74.669	  1.005	  1.483	  0.000
40	  2.400	 76.487	  1.005	  1.483	  0.000
41	  2.400	 78.305	  1.005	  1.483	  0.000
42	  2.400	 80.123	  1.005	  1.483	  0.000
43	  2.400	 81.941	  1.005	  1.483	  0.000
44	  2.400	 83.759	  1.005	  1.483	  0.000
45	  2.400	 85.578	  1.005	  1.483	  0.000
46	  2.400	 87.396	  1.005	  1.483	  0.000
47	  2.400	 89.214	  1.005	  1.483	  0.000
48	  2.400	 91.032	  1.005	  1.483	  0.000
49	  2.400	 92.850	  1.005	  1.483	  0.000
50	  2.400	 94.669	  1.005	  1.483	  0.000
51	  2.400	 96.487	  1.005	  1.483	  0.000
52	  2.400	 98.305	  1.005	  1.483	  0.000
53	  2.400	100.123	  1.005	  1.483	  0.000
54	  2.400	101.941	  1.005	  1.483	  0.000
0	  2.520	  3.938	  1.005	  1.485	  0.000
1	  2.520	  5.756	  1.005	  1.485	  0.000
2	  2.520	  7.574	  1.005	  1.485	  0.000
3	  2.520	  9.392	  1.005	  1.485	  0.000
4	  2.520	 11.210	  1.005	  1.485	  0.000
5	  2.520	 13.028	  1.005	  1.485	  0.000
6	  2.520	 14.847	  1.005	  1.485	  0.000
7	  2.520	 16.665	  1.005	  1.485	  0.000
8	  2.520	 18.483	  1.005	  1.485	  0.000
9	  2.520	 20.301	  1.005	  1.485	  0.000
10	  2.520	 22.119	  1.005	  1.485	  0.000
11	  2.520	 23.938	  1.005	  1.485	  0.000
12	  2.520	 25.756	  1.005	  1.485	  0.000
13	  2.520	 27.574	  1.005	  1.485	  0.000
14	  2.520	 29.392	  1.005	  1.485	  0.000
15	  2.520	 31.210	  1.005	  1.485	  0.000
16	  2.520	 33.028	  1.005	  1.485	  0.000
17	  2.520	 34.847	  1.005	  1.485	  0.000
18	  2.520	 36.665	  1.005	  1.485	  0.000
19	  2.520	 38.483	  1.005	  1.485	  0.000
20	  2.520	 40.301	  1.005	  1.485	  0.000
21	  2.520	 42.119	  1.005	  1.485	  0.000
22	  2.520	 43.938	  1.005	  1.485	  0.000
23	  2.520	 45.756	  1.005	  1.485	  0.000
24	  2.520	 47.574	  1.005	  1.485	  0.000
25	  2.520	 49.392	  1.005	  1.485	  0.000
26	  2.520	 51.210	  1.005	  1.485	  0.000
27	  2.520	 53.028	  1.005	  1.485	  0.000
28	  2.520	 54.847	  1.005	  1.485	  0.000
29	  2.520	 56.665	  1.005	  1.485	  0.000
30	  2.520	 58.483	  1.005	  1.485	  0.000
31	  2.520	 60.301	  1.005	  1.485	  0.000
32	  2.520	 62.119	  1.005	  1.485	  0.000
33	  2.520	 63.938	  1.005	  1.485	  0.000
34	  2.520	 65.756	  1.005	  1.485	  0.000
35	  2.520	 67.574	  1.005	  1.485	  0.000
36	  2.520	 69.392	  1.005	  1.485	  0.000
37	  2.520	 71.210	  1.005	  1.485	  0.000
38	  2.520	 73.028	  1.005	  1.485	  0.000
39	  2.520	 74.847	  1.005	  1.485	  0.000
40	  2.520	 76.665	  1.005	  1.485	  0.000
41	  2.520	 78.483	  1.005	  1.485	  0.000
42	  2.520	 80.301	  1.005	  1.485	  0.000
43	  2.520	 82.119	  1.005	  1.485	  0.000
44	  2.520	 83.938	  1.005	  1.485	  0.000
45	  2.520	 85.756	  1.005	  1.485	  0.000
46	  2.520	 87.574	  1.005	  1.485	  0.000
47	  2.520	 89.392	  1.005	  1.485	  0.000
48	  2.520	 91.210	  1.005	  1.485	  0.000
49	  2.520	 93.028	  1.005	  1.485	  0.000
50	  2.520	 94.847	  1.005	  1.485	  0.000
51	  2.520	 96.665	  1.005	  1.485	  0.000
52	  2.520	 98.483	  1.005	  1.485	  0.000
53	  2.520	100.301	  1.005	  1.485	  0.000
54	  2.520	102.119	  1.005	  1.485	  0.000
0	  2.640	  4.116	  1.005	  1.487	  0.000
1	  2.640	  5.934	  1.005	  1.487	  0.000
2	  2.640	  7.752	  1.005	  1.487	  0.000
3	  2.640	  9.570	  1.005	  1.487	  0.000
4	  2.640	 11.389	  1.005	  1.487	  0.000
5	  2.640	 13.207	  1.005	  1.487	  0.000
6	  2.640	 15.025	  1.005	  1.487	  0.000
7	  2.640	 16.843	  1.005	  1.487	  0.000
8	  2.640	 18.661	  1.005	  1.487	  0.000
9	  2.640	 20.480	  1.005	  1.487	  0.000
10	  2.640	 22.298	  1.005	  1.487	  0.000
11	  2.640	 24.116	  1.005	  1.487	  0.000
12	  2.640	 25.934	  1.005	  1.487	  0.000
13	  2.640	 27.752	  1.005	  1.487	  0.000
14	  2.640	 29.570	  1.005	  1.487	  0.000
15	  2.640	 31.389	  1.005	  1.487	  0.000
16	  2.640	 33.207	  1.005	  1.487	  0.000
17	  2.640	 35.025	  1.005	  1.487	  0.000
18	  2.640	 36.843	  1.005	  1.487	  0.000
19	  2.640	 38.661	  1.005	  1.487	  0.000
20	  2.640	 40.480	  1.005	  1.487	  0.000
21	  2.640	 42.298	  1.005	  1.487	  0.000
22	  2.640	 44.116	  1.005	  1.487	  0.000
23	  2.640	 45.934	  1.005	  1.487	  0.000
24	  2.640	 47.752	  1.005	  1.487	  0.000
25	  2.640	 49.570	  1.005	  1.487	  0.000
26	  2.640	 51.389	  1.005	  1.487	  0.000
27	  2.640	 53.207	  1.005	  1.487	  0.000
28	  2.640	 55.025	  1.005	  1.487	  0.000
29	  2.640	 56.843	  1.005	  1.487	  0.000
30	  2.640	 58.661	  1.005	  1.487	  0.000
31	  2.640	 60.480	  1.005	  1.487	  0.000
32	  2.640	 62.298	  1.005	  1.487	  0.000
33	  2.640	 64.116	  1.005	  1.487	  0.000
34	  2.640	 65.934	  1.005	  1.487	  0.000
35	  2.640	 67.752	  1.005	  1.487	  0.000
36	  2.640	 69.570	  1.005	  1.487	  0.000
37	  2.640	 71.389	  1.005	  1.487	  0.000
38	  2.640	 73.207	  1.005	  1.487	  0.000
39	  2.640	 75.025	  1.005	  1.487	  0.000
40	  2.640	 76.843	  1.005	  1.487	  0.000
41	  2.640	 78.661	  1.005	  1.487	  0.000
42	  2.640	 80.480	  1.005	  1.487	  0.000
43	  2.640	 82.298	  1.005	  1.487	  0.000
44	  2.640	 84.116	  1.005	  1.487	  0.000
45	  2.640	 85.934	  1.005	  1.487	  0.000
46	  2.640	 87.752	  1.005	  1.487	  0.000
47	  2.640	 89.570	  1.005	  1.487	  0.000
48	  2.640	 91.389	  1.005	  1.487	  0.000
49	  2.640	 93.207	  1.005	  1.487	  0.000
50	  2.640	 95.025	  1.005	  1.487	  0.000
51	  2.640	 96.843	  1.005	  1.487	  0.000
52	  2.640	 98.661	  1.005	  1.487	  0.000
53	  2.640	100.480	  1.005	  1.487	  0.000
54	  2.640	102.298	  1.005	  1.487	  0.000
0	  2.760	  4.294	  1.005	  1.489	  0.000
1	  2.760	  6.113	  1.005	  1.489	  0.000
2	  2.760	  7.931	  1.005	  1.489	  0.000
3	  2.760	  9.749	  1.005	  1.489	  0.000
4	  2.760	 11.567	  1.005	  1.489	  0.000
5	  2.760	 13.385	  1.005	  1.489	  0.000
6	  2.760	 15.204	  1.005	  1.489	  0.000
7	  2.760	 17.022	  1.005	  1.489	  0.000
8	  2.760	 18.840	  1.005	  1.489	  0.000
9	  2.760	 20.658	  1.005	  1.489	  0.000
10	  2.760	 22.476	  1.005	  1.489	  0.000
11	  2.760	 24.294	  1.005	  1.489	  0.000
12	  2.760	 26.113	  1.005	  1.489	  0.000
13	  2.760	 27.931	  1.005	  1.489	  0.000
14	  2.760	 29.749	  1.005	  1.489	  0.000
15	  2.760	 31.567	  1.005	  1.489	  0.000
16	  2.760	 33.385	  1.005	  1.489	  0.000
17	  2.760	 35.204	  1.005	  1.489	  0.000
18	  2.760	 37.022	  1.005	  1.489	  0.000
19	  2.760	 38.840	  1.005	  1.489	  0.000
20	  2.760	 40.658	  1.005	  1.489	  0.000
21	  2.760	 42.476	  1.005	  1.489	  0.000
22	  2.760	 44.294	  1.005	  1.489	  0.000
23	  2.760	 46.113	  1.005	  1.489	  0.000
24	  2.760	 47.931	  1.005	  1.489	  0.000
25	  2.760	 49.749	  1.005	  1.489	  0.000
26	  2.760	 51.567	  1.005	  1.489	  0.000
27	  2.760	 53.385	  1.005	  1.489	  0.000
28	  2.760	 55.204	  1.005	  1.489	  0.000
29	  2.760	 57.022	  1.005	  1.489	  0.000
30	  2.760	 58.840	  1.005	  1.489	  0.000
31	  2.760	 60.658	  1.005	  1.489	  0.000
32	  2.760	 62.476	  1.005	  1.489	  0.000
33	  2.760	 64.294	  1.005	  1.489	  0.000
34	  2.760	 66.113	  1.005	  1.489	  0.000
35	  2.760	 67.931	  1.005	  1.489	  0.000
36	  2.760	 69.749	  1.005	  1.489	  0.000
37	  2.760	 71.567	  1.005	  1.489	  0.000
38	  2.760	 73.385	  1.005	  1.489	  0.000
39	  2.760	 75.204	  1.005	  1.489	  0.000
40	  2.760	 77.022	  1.005	  1.489	  0.000
41	  2.760	 78.840	  1.005	  1.489	  0.000
42	  2.760	 80.658	  1.005	  1.489	  0.000
43	  2.760	 82.476	  1.005	  1.489	  0.000
44	  2.760	 84.294	  1.005	  1.489	  0.000
45	  2.760	 86.113	  1.005	  1.489	  0.000
46	  2.760	 87.931	  1.005	  1.489	  0.000
47	  2.760	 89.749	  1.005	  1.489	  0.000
48	  2.760	 91.567	  1.005	  1.489	  0.000
49	  2.760	 93.385	  1.005	  1.489	  0.000
50	  2.760	 95.204	  1.005	  1.489	  0.000
51	  2.760	 97.022	  1.005	  1.489	  0.000
52	  2.760	 98.840	  1.005	  1.489	  0.000
53	  2.760	100.658	  1.005	  1.489	  0.000
54	  2.760	102.476	  1.005	  1.489	  0.000
0	  2.880	  4.473	  1.005	  1.490	  0.000
1	  2.880	  6.291	  1.005	  1.490	  0.000
2	  2.880	  8.110	  1.005	  1.490	  0.000
3	  2.880	  9.928	  1.005	  1.490	  0.000
4	  2.880	 11.746	  1.005	  1.490	  0.000
5	  2.880	 13.564	  1.005	  1.490	  0.000
6	  2.880	 15.382	  1.005	  1.490	  0.000
7	  2.880	 17.200	  1.005	  1.490	  0.000
8	  2.880	 19.019	  1.005	  1.490	  0.000
9	  2.880	 20.837	  1.005	  1.490	  0.000
10	  2.880	 22.655	  1.005	  1.490	  0.000
11	  2.880	 24.473	  1.005	  1.490	  0.000
12	  2.880	 26.291	  1.005	  1.490	  0.000
13	  2.880	 28.110	  1.005	  1.490	  0.000
14	  2.880	 29.928	  1.005	  1.490	  0.000
15	  2.880	 31.746	  1.005	  1.490	  0.000
16	  2.880	 33.564	  1.005	  1.490	  0.000
17	  2.880	 35.382	  1.005	  1.490	  0.000
18	  2.880	 37.200	  1.005	  1.490	  0.000
19	  2.880	 39.019	  1.005	  1.490	  0.000
20	  2.880	 40.837	  1.005	  1.490	  0.000
21	  2.880	 42.655	  1.005	  1.490	  0.000
22	  2.880	 44.473	  1.005	  1.490	  0.000
23	  2.880	 46.291	  1.005	  1.490	  0.000
24	  2.880	 48.110	  1.005	  1.490	  0.000
25	  2.880	 49.928	  1.005	  1.490	  0.000
26	  2.880	 51.746	  1.005	  1.490	  0.000
27	  2.880	 53.564	  1.005	  1.490	  0.000
28	  2.880	 55.382	  1.005	  1.490	  0.000
29	  2.880	 57.200	  1.005	  1.490	  0.000
30	  2.880	 59.019	  1.005	  1.490	  0.000
31	  2.880	 60.837	  1.005	  1.490	  0.000
32	  2.880	 62.655	  1.005	  1.490	  0.000
33	  2.880	 64.473	  1.005	  1.490	  0.000
34	  2.880	 66.291	  1.005	  1.490	  0.000
35	  2.880	 68.110	  1.005	  1.490	  0.000
36	  2.880	 69.928	  1.005	  1.490	  0.000
37	  2.880	 71.746	  1.005	  1.490	  0.000
38	  2.880	 73.564	  1.005	  1.490	  0.000
39	  2.880	 75.382	  1.005	  1.490	  0.000
40	  2.880	 77.200	  1.005	  1.490	  0.000
41	  2.880	 79.019	  1.005	  1.490	  0.000
42	  2.880	 80.837	  1.005	  1.490	  0.000
43	  2.880	 82.655	  1.005	  1.490	  0.000
44	  2.880	 84.473	  1.005	  1.490	  0.000
45	  2.880	 86.291	  1.005	  1.490	  0.000
46	  2.880	 88.110	  1.005	  1.490	  0.000
47	  2.880	 89.928	  1.005	  1.490	  0.000
48	  2.880	 91.746	  1.005	  1.490	  0.000
49	  2.880	 93.564	  1.005	  1.490	  0.000
50	  2.880	 95.382	  1.005	  1.490	  0.000
51	  2.880	 97.200	  1.005	  1.490	  0.000
52	  2.880	 99.019	  1.005	  1.490	  0.000
53	  2.880	100.837	  1.005	  1.490	  0.000
54	  2.880	102.655	  1.005	  1.490	  0.000
0	  3.000	  4.652	  1.005	  1.491	  0.000
1	  3.000	  6.470	  1.005	  1.491	  0.000
2	  3.000	  8.288	  1.005	  1.491	  0.000
3	  3.000	 10.107	  1.005	  1.491	  0.000
4	  3.000	 11.925	  1.005	  1.491	  0.000
5	  3.000	 13.743	  1.005	  1.491	  0.000
6	  3.000	 15.561	  1.005	  1.491	  0.000
7	  3.000	 17.379	  1.005	  1.491	  0.000
8	  3.000	 19.198	  1.005	  1.491	  0.000
9	  3.000	 21.016	  1.005	  1.491	  0.000
10	  3.000	 22.834	  1.005	  1.491	  0.000
11	  3.000	 24.652	  1.005	  1.491	  0.000
12	  3.000	 26.470	  1.005	  1.491	  0.000
13	  3.000	 28.288	  1.005	  1.491	  0.000
14	  3.000	 30.107	  1.005	  1.491	  0.000
15	  3.000	 31.925	  1.005	  1.491	  0.000
16	  3.000	 33.743	  1.005	  1.491	  0.000
17	  3.000	 35.561	  1.005	  1.491	  0.000
18	  3.000	 37.379	  1.005	  1.491	  0.000
19	  3.000	 39.198	  1.005	  1.491	  0.000
20	  3.000	 41.016	  1.005	  1.491	  0.000
21	  3.000	 42.834	  1.005	  1.491	  0.000
22	  3.000	 44.652	  1.005	  1.491	  0.000
23	  3.000	 46.470	  1.005	  1.491	  0.000
24	  3.000	 48.288	  1.005	  1.491	  0.000
25	  3.000	 50.107	  1.005	  1.491	  0.000
26	  3.000	 51.925	  1.005	  1.491	  0.000
27	  3.000	 53.743	  1.005	  1.491	  0.000
28	  3.000	 55.561	  1.005	  1.491	  0.000
29	  3.000	 57.379	  1.005	  1.491	  0.000
30	  3.000	 59.198	  1.005	  1.491	  0.000
31	  3.000	 61.016	  1.005	  1.491	  0.000
32	  3.000	 62.834	  1.005	  1.491	  0.000
33	  3.000	 64.652	  1.005	  1.491	  0.000
34	  3.000	 66.470	  1.005	  1.491	  0.000
35	  3.000	 68.288	  1.005	  1.491	  0.000
36	  3.000	 70.107	  1.005	  1.491	  0.000
37	  3.000	 71.925	  1.005	  1.491	  0.000
38	  3.000	 73.743	  1.005	  1.491	  0.000
39	  3.000	 75.561	  1.005	  1.491	  0.000
40	  3.000	 77.379	  1.005	  1.491	  0.000
41	  3.000	 79.198	  1.005	  1.491	  0.000
42	  3.000	 81.016	  1.005	  1.491	  0.000
43	  3.000	 82.834	  1.005	  1.491	  0.000
44	  3.000	 84.652	  1.005	  1.491	  0.000
45	  3.000	 86.470	  1.005	  1.491	  0.000
46	  3.000	 88.288	  1.005	  1.491	  0.000
47	  3.000	 90.107	  1.005	  1.491	  0.000
48	  3.000	 91.925	  1.005	  1.491	  0.000
49	  3.000	 93.743	  1.005	  1.491	  0.000
50	  3.000	 95.561	  1.005	  1.491	  0.000
51	  3.000	 97.379	  1.005	  1.491	  0.000
52	  3.000	 99.198	  1.005	  1.491	  0.000
53	  3.000	101.016	  1.005	  1.491	  0.000
54	  3.000	102.834	  1.005	  1.491	  0.000
