# id	 time	 x	 y	 vx	 vy
0	  0.000	  5.556	  1.000	  0.010	  0.010
1	  0.000	 16.667	  1.000	  0.010	  0.010
2	  0.000	 27.778	  1.000	  0.010	  0.010
3	  0.000	 38.889	  1.000	  0.010	  0.010
4	  0.000	 50.000	  1.000	  0.010	  0.010
5	  0.000	 61.111	  1.000	  0.010	  0.010
6	  0.000	 72.222	  1.000	  0.010	  0.010
7	  0.000	 83.333	  1.000	  0.010	  0.010
8	  0.000	 94.444	  1.000	  0.010	  0.010
0	  0.120	  5.575	  1.001	  0.331	  0.008
1	  0.120	 16.686	  1.001	  0.331	  0.008
2	  0.120	 27.797	  1.001	  0.331	  0.008
3	  0.120	 38.909	  1.001	  0.331	  0.008
4	  0.120	 50.020	  1.001	  0.331	  0.008
5	  0.120	 61.131	  1.001	  0.331	  0.008
6	  0.120	 72.242	  1.001	  0.331	  0.008
7	  0.120	 83.353	  1.001	  0.331	  0.008
8	  0.120	 94.464	  1.001	  0.331	  0.008
0	  0.240	  5.629	  1.002	  0.582	  0.006
1	  0.240	 16.740	  1.002	  0.582	  0.006
2	  0.240	 27.852	  1.002	  0.582	  0.006
3	  0.240	 38.963	  1.002	  0.582	  0.006
4	  0.240	 50.074	  1.002	  0.582	  0.006
5	  0.240	 61.185	  1.002	  0.582	  0.006
6	  0.240	 72.296	  1.002	  0.582	  0.006
7	  0.240	 83.407	  1.002	  0.582	  0.006
8	  0.240	 94.518	  1.002	  0.582	  0.006
0	  0.360	  5.711	  1.003	  0.780	  0.005
1	  0.360	 16.822	  1.003	  0.780	  0.005
2	  0.360	 27.933	  1.003	  0.780	  0.005
3	  0.360	 39.044	  1.003	  0.780	  0.005
4	  0.360	 50.155	  1.003	  0.780	  0.005
5	  0.360	 61.266	  1.003	  0.780	  0.005
6	  0.360	 72.377	  1.003	  0.780	  0.005
7	  0.360	 83.488	  1.003	  0.780	  0.005
8	  0.360	 94.599	  1.003	  0.780	  0.005
0	  0.480	  5.813	  1.003	  0.935	  0.004
1	  0.480	 16.924	  1.003	  0.935	  0.004
2	  0.480	 28.035	  1.003	  0.935	  0.004
3	  0.480	 39.146	  1.003	  0.935	  0.004
4	  0.480	 50.257	  1.003	  0.935	  0.004
5	  0.480	 61.369	  1.003	  0.935	  0.004
6	  0.480	 72.480	  1.003	  0.935	  0.004
7	  0.480	 83.591	  1.003	  0.935	  0.004
8	  0.480	 94.702	  1.003	  0.935	  0.004
0	  0.600	  5.932	  1.004	  1.057	  0.003
1	  0.600	 17.043	  1.004	  1.057	  0.003
2	  0.600	 28.154	  1.004	  1.057	  0.003
3	  0.600	 39.266	  1.004	  1.057	  0.003
4	  0.600	 50.377	  1.004	  1.057	  0.003
5	  0.600	 61.488	  1.004	  1.057	  0.003
6	  0.600	 72.599	  1.004	  1.057	  0.003
7	  0.600	 83.710	  1.004	  1.057	  0.003
8	  0.600	 94.821	  1.004	  1.057	  0.003
0	  0.720	  6.065	  1.004	  1.152	  0.002
1	  0.720	 17.176	  1.004	  1.152	  0.002
2	  0.720	 28.287	  1.004	  1.152	  0.002
3	  0.720	 39.398	  1.004	  1.152	  0.002
4	  0.720	 50.509	  1.004	  1.152	  0.002
5	  0.720	 61.620	  1.004	  1.152	  0.002
6	  0.720	 72.731	  1.004	  1.152	  0.002
7	  0.720	 83.842	  1.004	  1.152	  0.002
8	  0.720	 94.953	  1.004	  1.152	  0.002
0	  0.840	  6.207	  1.004	  1.227	  0.002
1	  0.840	 17.318	  1.004	  1.227	  0.002
2	  0.840	 28.429	  1.004	  1.227	  0.002
3	  0.840	 39.540	  1.004	  1.227	  0.002
4	  0.840	 50.652	  1.004	  1.227	  0.002
5	  0.840	 61.763	  1.004	  1.227	  0.002
6	  0.840	 72.874	  1.004	  1.227	  0.002
7	  0.840	 83.985	  1.004	  1.227	  0.002
8	  0.840	 95.096	  1.004	  1.227	  0.002
0	  0.960	  6.358	  1.004	  1.286	  0.001
1	  0.960	 17.469	  1.004	  1.286	  0.001
2	  0.960	 28.580	  1.004	  1.286	  0.001
3	  0.960	 39.691	  1.004	  1.286	  0.001
4	  0.960	 50.802	  1.004	  1.286	  0.001
5	  0.960	 61.913	  1.004	  1.286	  0.001
6	  0.960	 73.024	  1.004	  1.286	  0.001
7	  0.960	 84.135	  1.004	  1.286	  0.001
8	  0.960	 95.247	  1.004	  1.286	  0.001
0	  1.080	  6.515	  1.004	  1.332	  0.001
1	  1.080	 17.626	  1.004	  1.332	  0.001
2	  1.080	 28.737	  1.004	  1.332	  0.001
3	  1.080	 39.848	  1.004	  1.332	  0.001
4	  1.080	 50.959	  1.004	  1.332	  0.001
5	  1.080	 62.070	  1.004	  1.332	  0.001
6	  1.080	 73.181	  1.004	  1.332	  0.001
7	  1.080	 84.292	  1.004	  1.332	  0.001
8	  1.080	 95.404	  1.004	  1.332	  0.001
0	  1.200	  6.677	  1.005	  1.368	  0.001
1	  1.200	 17.788	  1.005	  1.368	  0.001
2	  1.200	 28.899	  1.005	  1.368	  0.001
3	  1.200	 40.010	  1.005	  1.368	  0.001
4	  1.200	 51.121	  1.005	  1.368	  0.001
5	  1.200	 62.232	  1.005	  1.368	  0.001
6	  1.200	 73.343	  1.005	  1.368	  0.001
7	  1.200	 84.454	  1.005	  1.368	  0.001
8	  1.200	 95.565	  1.005	  1.368	  0.001
0	  1.320	  6.842	  1.005	  1.396	  0.001
1	  1.320	 17.953	  1.005	  1.396	  0.001
2	  1.320	 29.065	  1.005	  1.396	  0.001
3	  1.320	 40.176	  1.005	  1.396	  0.001
4	  1.320	 51.287	  1.005	  1.396	  0.001
5	  1.320	 62.398	  1.005	  1.396	  0.001
6	  1.320	 73.509	  1.005	  1.396	  0.001
7	  1.320	 84.620	  1.005	  1.396	  0.001
8	  1.320	 95.731	  1.005	  1.396	  0.001
0	  1.440	  7.011	  1.005	  1.419	  0.001
1	  1.440	 18.122	  1.005	  1.419	  0.001
2	  1.440	 29.233	  1.005	  1.419	  0.001
3	  1.440	 40.345	  1.005	  1.419	  0.001
4	  1.440	 51.456	  1.005	  1.419	  0.001
5	  1.440	 62.567	  1.005	  1.419	  0.001
6	  1.440	 73.678	  1.005	  1.419	  0.001
7	  1.440	 84.789	  1.005	  1.419	  0.001
8	  1.440	 95.900	  1.005	  1.419	  0.001
0	  1.560	  7.182	  1.005	  1.436	  0.000
1	  1.560	 18.294	  1.005	  1.436	  0.000
2	  1.560	 29.405	  1.005	  1.436	  0.000
3	  1.560	 40.516	  1.005	  1.436	  0.000
4	  1.560	 51.627	  1.005	  1.436	  0.000
5	  1.560	 62.738	  1.005	  1.436	  0.000
6	  1.560	 73.849	  1.005	  1.436	  0.000
7	  1.560	 84.960	  1.005	  1.436	  0.000
8	  1.560	 96.071	  1.005	  1.436	  0.000
0	  1.680	  7.356	  1.005	  1.450	  0.000
1	  1.680	 18.467	  1.005	  1.450	  0.000
2	  1.680	 29.578	  1.005	  1.450	  0.000
3	  1.680	 40.689	  1.005	  1.450	  0.000
4	  1.680	 51.800	  1.005	  1.450	  0.000
5	  1.680	 62.911	  1.005	  1.450	  0.000
6	  1.680	 74.022	  1.005	  1.450	  0.000
7	  1.680	 85.133	  1.005	  1.450	  0.000
8	  1.680	 96.244	  1.005	  1.450	  0.000
0	  1.800	  7.530	  1.005	  1.461	  0.000
1	  1.800	 18.641	  1.005	  1.461	  0.000
2	  1.800	 29.752	  1.005	  1.461	  0.000
3	  1.800	 40.864	  1.005	  1.461	  0.000
4	  1.800	 51.975	  1.005	  1.461	  0.000
5	  1.800	 63.086	  1.005	  1.461	  0.000
6	  1.800	 74.197	  1.005	  1.461	  0.000
7	  1.800	 85.308	  1.005	  1.461	  0.000
8	  1.800	 96.419	  1.005	  1.461	  0.000
0	  1.920	  7.706	  1.005	  1.469	  0.000
1	  1.920	 18.817	  1.005	  1.469	  0.000
2	  1.920	 29.928	  1.005	  1.469	  0.000
3	  1.920	 41.039	  1.005	  1.469	  0.000
4	  1.920	 52.150	  1.005	  1.469	  0.000
5	  1.920	 63.262	  1.005	  1.469	  0.000
6	  1.920	 74.373	  1.005	  1.469	  0.000
7	  1.920	 85.484	  1.005	  1.469	  0.000
8	  1.920	 96.595	  1.005	  1.469	  0.000
0	  2.040	  7.883	  1.005	  1.476	  0.000
1	  2.040	 18.994	  1.005	  1.476	  0.000
2	  2.040	 30.105	  1.005	  1.476	  0.000
3	  2.040	 41.216	  1.005	  1.476	  0.000
4	  2.040	 52.327	  1.005	  1.476	  0.000
5	  2.040	 63.438	  1.005	  1.476	  0.000
6	  2.040	 74.549	  1.005	  1.476	  0.000
7	  2.040	 85.660	  1.005	  1.476	  0.000
8	  2.040	 96.772	  1.005	  1.476	  0.000
0	  2.160	  8.060	  1.005	  1.481	  0.000
1	  2.160	 19.171	  1.005	  1.481	  0.000
2	  2.160	 30.282	  1.005	  1.481	  0.000
3	  2.160	 41.393	  1.005	  1.481	  0.000
4	  2.160	 52.504	  1.005	  1.481	  0.000
5	  2.160	 63.616	  1.005	  1.481	  0.000
6	  2.160	 74.727	  1.005	  1.481	  0.000
7	  2.160	 85.838	  1.005	  1.481	  0.000
8	  2.160	 96.949	  1.005	  1.481	  0.000
0	  2.280	  8.238	  1.005	  1.485	  0.000
1	  2.280	 19.349	  1.005	  1.485	  0.000
2	  2.280	 30.460	  1.005	  1.485	  0.000
3	  2.280	 41.571	  1.005	  1.485	  0.000
4	  2.280	 52.682	  1.005	  1.485	  0.000
5	  2.280	 63.794	  1.005	  1.485	  0.000
6	  2.280	 74.905	  1.005	  1.485	  0.000
7	  2.280	 86.016	  1.005	  1.485	  0.000
8	  2.280	 97.127	  1.005	  1.485	  0.000
0	  2.400	  8.416	  1.005	  1.488	  0.000
1	  2.400	 19.528	  1.005	  1.488	  0.000
2	  2.400	 30.639	  1.005	  1.488	  0.000
3	  2.400	 41.750	  1.005	  1.488	  0.000
4	  2.400	 52.861	  1.005	  1.488	  0.000
5	  2.400	 63.972	  1.005	  1.488	  0.000
6	  2.400	 75.083	  1.005	  1.488	  0.000
7	  2.400	 86.194	  1.005	  1.488	  0.000
8	  2.400	 97.305	  1.005	  1.488	  0.000
0	  2.520	  8.595	  1.005	  1.491	  0.000
1	  2.520	 19.706	  1.005	  1.491	  0.000
2	  2.520	 30.817	  1.005	  1.491	  0.000
3	  2.520	 41.928	  1.005	  1.491	  0.000
4	  2.520	 53.040	  1.005	  1.491	  0.000
5	  2.520	 64.151	  1.005	  1.491	  0.000
6	  2.520	 75.262	  1.005	  1.491	  0.000
7	  2.520	 86.373	  1.005	  1.491	  0.000
8	  2.520	 97.484	  1.005	  1.491	  0.000
0	  2.640	  8.774	  1.005	  1.493	  0.000
1	  2.640	 19.885	  1.005	  1.493	  0.000
2	  2.640	 30.996	  1.005	  1.493	  0.000
3	  2.640	 42.107	  1.005	  1.493	  0.000
4	  2.640	 53.219	  1.005	  1.493	  0.000
5	  2.640	 64.330	  1.005	  1.493	  0.000
6	  2.640	 75.441	  1.005	  1.493	  0.000
7	  2.640	 86.552	  1.005	  1.493	  0.000
8	  2.640	 97.663	  1.005	  1.493	  0.000
0	  2.760	  8.953	  1.005	  1.494	  0.000
1	  2.760	 20.064	  1.005	  1.494	  0.000
2	  2.760	 31.176	  1.005	  1.494	  0.000
3	  2.760	 42.287	  1.005	  1.494	  0.000
4	  2.760	 53.398	  1.005	  1.494	  0.000
5	  2.760	 64.509	  1.005	  1.494	  0.000
6	  2.760	 75.620	  1.005	  1.494	  0.000
7	  2.760	 86.731	  1.005	  1.494	  0.000
8	  2.760	 97.842	  1.005	  1.494	  0.000
0	  2.880	  9.133	  1.005	  1.496	  0.000
1	  2.880	 20.244	  1.005	  1.496	  0.000
2	  2.880	 31.355	  1.005	  1.496	  0.000
3	  2.880	 42.466	  1.005	  1.496	  0.000
4	  2.880	 53.577	  1.005	  1.496	  0.000
5	  2.880	 64.688	  1.005	  1.496	  0.000
6	  2.880	 75.799	  1.005	  1.496	  0.000
7	  2.880	 86.911	  1.005	  1.496	  0.000
8	  2.880	 98.022	  1.005	  1.496	  0.000
0	  3.000	  9.312	  1.005	  1.497	  0.000
1	  3.000	 20.423	  1.005	  1.497	  0.000
2	  3.000	 31.535	  1.005	  1.497	  0.000
3	  3.000	 42.646	  1.005	  1.497	  0.000
4	  3.000	 53.757	  1.005	  1.497	  0.000
5	  3.000	 64.868	  1.005	  1.497	  0.000
6	  3.000	 75.979	  1.005	  1.497	  0.000
7	  3.000	 87.090	  1.005	  1.497	  0.000
8	  3.000	 98.201	  1.005	  1.497	  0.000
